mean, std
0.24427840113639832, 0.026058221235871315
0.21750274300575256, 0.03732579946517944
0.20030087232589722, 0.02290278673171997
0.17275261878967285, 0.009754272177815437
0.155632883310318, 0.02863050252199173
0.13547983765602112, 0.021354494616389275
0.1277298778295517, 0.013354596681892872
0.12216825038194656, 0.010307890363037586
0.11030566692352295, 0.00945815909653902
0.0959324985742569, 0.02079175040125847
0.08714309334754944, 0.019108911976218224
0.08479554951190948, 0.019276127219200134
0.07200642675161362, 0.004739173222333193
0.07709057629108429, 0.00760643882676959
0.0647551566362381, 0.012495058588683605
0.06724715977907181, 0.023223422467708588
0.062486741691827774, 0.009831526316702366
0.062359556555747986, 0.011616511270403862
0.05455952137708664, 0.0059225233271718025
0.05629294365644455, 0.008122813887894154
0.056261975318193436, 0.01133327279239893
0.05045353248715401, 0.009462397545576096
0.04696892201900482, 0.003761756233870983
0.05109904706478119, 0.002481070114299655
0.05122329294681549, 0.011337700299918652
0.04662517458200455, 0.01162522379308939
0.04880641773343086, 0.006884115748107433
0.05049527809023857, 0.012733022682368755
0.054621417075395584, 0.0038358510937541723
0.046390123665332794, 0.0072104050777852535
0.048476532101631165, 0.010023676790297031
0.04953929781913757, 0.012181219644844532
0.04588528722524643, 0.01155187375843525
0.06210055947303772, 0.010601873509585857
0.05209433659911156, 0.006285764742642641
0.04825892299413681, 0.006881156470626593
0.04986655339598656, 0.013659649528563023
0.05606143921613693, 0.01733388938009739
0.05252169445157051, 0.003913166467100382
0.05498475581407547, 0.010051656514406204
0.05929531529545784, 0.01647626794874668
0.05805782601237297, 0.005777179729193449
0.06693724542856216, 0.01734183356165886
0.07018344104290009, 0.018093988299369812
0.0691726952791214, 0.013224000111222267
0.07145731896162033, 0.010272587649524212
0.07142713665962219, 0.022361868992447853
0.08101356029510498, 0.006796362344175577
0.0796433836221695, 0.017097363248467445
0.07898977398872375, 0.01669912040233612
0.08841248601675034, 0.011964308097958565
0.08381670713424683, 0.008066127076745033
0.08726155757904053, 0.01481691375374794
0.0887957364320755, 0.009539791382849216
0.09195893257856369, 0.01400612760335207
0.08663070946931839, 0.01822429522871971
0.08949774503707886, 0.021788423880934715
0.08657792955636978, 0.009440670721232891
0.08573003858327866, 0.014830016531050205
0.08861778676509857, 0.020067043602466583
0.08713316917419434, 0.008142955601215363
0.08652763813734055, 0.011782386340200901
0.08015942573547363, 0.008876566775143147
0.0768701583147049, 0.010314852930605412
0.07398558408021927, 0.005724400281906128
0.06638088822364807, 0.005215026438236237
0.06932570040225983, 0.005836824420839548
0.06976434588432312, 0.0053558009676635265
0.060189854353666306, 0.01497133169323206
0.05963930860161781, 0.008668893948197365
0.05539806932210922, 0.006227447651326656
0.053452782332897186, 0.008569974452257156
0.05942666530609131, 0.006899072322994471
0.05322553589940071, 0.006265441421419382
0.054703570902347565, 0.0026088717859238386
0.05431373417377472, 0.00667924340814352
0.04826654866337776, 0.005222994368523359
0.04733705148100853, 0.0067530530504882336
0.04511168226599693, 0.006229943595826626
0.04268225282430649, 0.002694082446396351
0.042617954313755035, 0.004420347977429628
0.04132039472460747, 0.006877148523926735
0.03739279508590698, 0.010807015933096409
0.03972094506025314, 0.00922700297087431
0.031379908323287964, 0.003574095433577895
0.03483486920595169, 0.005552477668970823
0.04128943756222725, 0.006022187415510416
0.034529317170381546, 0.005668355617672205
0.03672507405281067, 0.0038630382623523474
0.03572198748588562, 0.008340594358742237
0.03168032318353653, 0.0029204627498984337
0.0413295216858387, 0.010737620294094086
0.03794078901410103, 0.006765680853277445
0.03340883180499077, 0.004899065941572189
0.04184462130069733, 0.003035862697288394
0.04008921608328819, 0.010673869401216507
0.03549659252166748, 0.005222718697041273
0.035443250089883804, 0.00652932608500123
0.04201232269406319, 0.00874978955835104
0.04773810878396034, 0.008488955907523632
0.03182455524802208, 0.007305040955543518
0.03709714114665985, 0.013291895389556885
0.03768747299909592, 0.01326692197471857
0.04027579724788666, 0.009202036075294018
0.03487040475010872, 0.0033923538867384195
0.03271222114562988, 0.009158377535641193
0.029925353825092316, 0.006324450485408306
0.029742535203695297, 0.0035305144265294075
0.029930897057056427, 0.009377891197800636
0.029906446114182472, 0.004037685692310333
0.033522021025419235, 0.009476135484874249
0.03588109835982323, 0.005529573652893305
0.03332063928246498, 0.01114451140165329
0.03414725139737129, 0.006906669586896896
0.03316836059093475, 0.006185850594192743
0.03995943441987038, 0.01372390054166317
0.02930743619799614, 0.006290488410741091
0.030073178932070732, 0.007307735271751881
0.05162625387310982, 0.010066128335893154
0.03468988463282585, 0.0020686800125986338
0.04207020625472069, 0.0024261351209133863
0.05072697997093201, 0.00946581456810236
0.03412666916847229, 0.010003013536334038
0.042376577854156494, 0.009310661815106869
0.035283878445625305, 0.009535910561680794
0.048219963908195496, 0.018077054992318153
0.046123065054416656, 0.006519736256450415
0.039663173258304596, 0.0079145273193717
0.04783541336655617, 0.01808047480881214
0.048858463764190674, 0.01755692809820175
0.045194048434495926, 0.030875416472554207
0.0491524338722229, 0.023910941556096077
0.044976890087127686, 0.008189117535948753
0.03914500027894974, 0.016391387209296227
0.03432615101337433, 0.010075205937027931
0.03466956689953804, 0.010675190947949886
0.036638520658016205, 0.01129024475812912
0.03746824711561203, 0.008668972179293633
0.030012065544724464, 0.00935372058302164
0.04060275852680206, 0.025543302297592163
0.03150787949562073, 0.005763216409832239
0.034117087721824646, 0.006638641934841871
0.029988227412104607, 0.012180760502815247
0.059162162244319916, 0.006867154035717249
0.027221232652664185, 0.0030339909717440605
0.04126306250691414, 0.013662056066095829
0.04345427826046944, 0.005859898868948221
0.047600697726011276, 0.01729647070169449
0.027251582592725754, 0.0041406420059502125
0.03574085235595703, 0.008589905686676502
0.0358855165541172, 0.01291272696107626
0.029427601024508476, 0.0050302790477871895
0.0459766760468483, 0.015858812257647514
0.040389105677604675, 0.015578502789139748
0.04980248212814331, 0.017048582434654236
0.059707608073949814, 0.020148081704974174
0.05058841407299042, 0.010200872085988522
0.03340637683868408, 0.003925767261534929
0.025216655805706978, 0.005633699707686901
0.049782752990722656, 0.0018528674263507128
0.05216190218925476, 0.008562822826206684
0.045147188007831573, 0.005662976298481226
0.027242962270975113, 0.005959917791187763
0.04459045082330704, 0.020551979541778564
0.035786934196949005, 0.009344933554530144
0.055251091718673706, 0.02469928376376629
0.034838832914829254, 0.009499059058725834
0.04176698625087738, 0.011438745073974133
0.03810746967792511, 0.011851027607917786
0.049330540001392365, 0.016723323613405228
0.04340231418609619, 0.012632680125534534
0.03661036863923073, 0.011229789815843105
0.03943885862827301, 0.008141877129673958
0.029721152037382126, 0.006762775592505932
0.06355893611907959, 0.011535516940057278
0.056079085916280746, 0.02186455950140953
0.05282970517873764, 0.017673727124929428
0.04581490159034729, 0.027744675055146217
0.03785861283540726, 0.0065873973071575165
0.03725999593734741, 0.006817757152020931
0.053287796676158905, 0.03295730799436569
0.03998996689915657, 0.008967774920165539
0.040604718029499054, 0.02053939923644066
0.030571158975362778, 0.0038804463110864162
0.04940523952245712, 0.016624070703983307
0.031264640390872955, 0.012508292682468891
0.0340176559984684, 0.0026052554603666067
0.051735952496528625, 0.011778571642935276
0.04911835864186287, 0.021135425195097923
0.048979949206113815, 0.025750383734703064
0.043094340711832047, 0.011549915187060833
0.057572461664676666, 0.02411501668393612
0.04645853489637375, 0.02938925102353096
0.04385159909725189, 0.003757857484742999
0.06858231127262115, 0.022109223529696465
0.043370071798563004, 0.007858953438699245
0.045362405478954315, 0.021799063310027122
0.05142809823155403, 0.02057673968374729
0.04465706646442413, 0.006259075831621885
0.053924255073070526, 0.01907636970281601
0.06711441278457642, 0.02099832147359848
0.045224353671073914, 0.017522579059004784
0.042948924005031586, 0.0075913965702056885
0.04825528711080551, 0.02486146055161953
0.03979451209306717, 0.010350006632506847
0.04538937658071518, 0.020386017858982086
0.03192713111639023, 0.006584444083273411
0.046894412487745285, 0.012219003401696682
0.0471174493432045, 0.013256022706627846
0.05928826332092285, 0.0133094796910882
0.048351459205150604, 0.016959376633167267
0.06565694510936737, 0.023626286536455154
0.04944133758544922, 0.01713712327182293
0.03617227077484131, 0.012062408030033112
0.035922788083553314, 0.007601429708302021
0.047527845948934555, 0.02524166740477085
0.03665310889482498, 0.007397266570478678
0.05579950660467148, 0.026992864906787872
0.04180378466844559, 0.012564243748784065
0.036668963730335236, 0.007194554433226585
0.05413487181067467, 0.028543097898364067
0.04428921639919281, 0.01343782339245081
0.045374795794487, 0.008716561831533909
0.042633507400751114, 0.011539850383996964
0.055714964866638184, 0.025506654754281044
0.0457741841673851, 0.014979044906795025
0.059975750744342804, 0.024397337809205055
0.034176651388406754, 0.010601530782878399
0.04874332994222641, 0.015585558488965034
0.05277891457080841, 0.023034369572997093
0.048313286155462265, 0.005985605996102095
0.034745678305625916, 0.006348595023155212
0.04914999008178711, 0.015709513798356056
0.05553343892097473, 0.030497049912810326
0.04906013607978821, 0.01112010981887579
0.07314947247505188, 0.01801176182925701
0.029565514996647835, 0.0033996361307799816
0.046751830726861954, 0.021487027406692505
0.03959387168288231, 0.009027214720845222
0.04752696305513382, 0.018009288236498833
0.037823282182216644, 0.01359599456191063
0.03176616132259369, 0.008029928430914879
0.032048195600509644, 0.010931926779448986
0.043159790337085724, 0.01620233990252018
0.039402350783348083, 0.008815103210508823
0.05277032405138016, 0.019982382655143738
0.033430065959692, 0.009609512984752655
0.058216989040374756, 0.019070466980338097
0.04872695356607437, 0.0164401326328516
0.05379083380103111, 0.026959195733070374
0.06249978393316269, 0.02122665010392666
0.04864294081926346, 0.022881999611854553
0.0400555282831192, 0.024483222514390945
0.04486314207315445, 0.015257786959409714
0.04502559453248978, 0.012871868908405304
0.04279429838061333, 0.01661236770451069
0.061062753200531006, 0.015937281772494316
0.0407019704580307, 0.015642106533050537
0.06761819124221802, 0.03220308944582939
0.06428050249814987, 0.022957954555749893
0.05565505474805832, 0.021137278527021408
0.045923974364995956, 0.010802863165736198
0.052982915192842484, 0.017346521839499474
0.0559455081820488, 0.01775737665593624
0.055326543748378754, 0.026605797931551933
0.04770763963460922, 0.02295432984828949
0.04130718857049942, 0.012829959392547607
0.038249462842941284, 0.015141163021326065
0.07393564283847809, 0.018675440922379494
0.05137976258993149, 0.016682371497154236
0.057585835456848145, 0.03149699792265892
0.039166368544101715, 0.01826559193432331
0.03024318441748619, 0.00608487194404006
0.028651688247919083, 0.006138836964964867
0.06898602843284607, 0.028801290318369865
0.044866204261779785, 0.014277606271207333
0.06502863019704819, 0.03156096860766411
0.06212607026100159, 0.03065602295100689
0.04405352473258972, 0.007491298485547304
0.04268169403076172, 0.027901457622647285
0.06876015663146973, 0.010349548421800137
0.05045858398079872, 0.022988202050328255
0.039007287472486496, 0.010461987927556038
0.06442181020975113, 0.020212935283780098
0.03697902709245682, 0.004002052824944258
0.038775570690631866, 0.008763588964939117
0.03527916222810745, 0.011593617498874664
0.05682824179530144, 0.027045147493481636
0.04663403332233429, 0.019529419019818306
0.050343312323093414, 0.023181365802884102
0.04144720360636711, 0.017063667997717857
0.07480698823928833, 0.009865565225481987
0.05397754907608032, 0.02011999860405922
0.0706867054104805, 0.030591150745749474
0.06908770650625229, 0.023921597748994827
0.05678195878863335, 0.01439956109970808
0.07307857275009155, 0.04153017699718475
0.058411531150341034, 0.012030177749693394
0.0938778817653656, 0.04056679457426071
0.08804917335510254, 0.02148582972586155
0.06221119686961174, 0.01412817183881998
0.05666506290435791, 0.024605942890048027
0.059509292244911194, 0.006101871840655804
0.05728931352496147, 0.01998281106352806
0.034574128687381744, 0.008369188755750656
0.04183793067932129, 0.001725928857922554
0.06180755794048309, 0.03597161918878555
0.05782270058989525, 0.015562420710921288
0.044754818081855774, 0.01089897844940424
0.05332900583744049, 0.024278366938233376
0.04453631117939949, 0.005673328880220652
0.06822413951158524, 0.02909177355468273
0.0566902756690979, 0.02828686498105526
0.06981593370437622, 0.02540844865143299
0.0546410009264946, 0.019203629344701767
0.05442432314157486, 0.015325232408940792
0.08598563075065613, 0.030294150114059448
0.06177259236574173, 0.01335116382688284
0.06168216094374657, 0.029757510870695114
0.04557402804493904, 0.009968857280910015
0.05228889733552933, 0.020157961174845695
0.0644506961107254, 0.03591104596853256
0.04771776497364044, 0.0267645251005888
0.05219196528196335, 0.012036412954330444
0.05764865130186081, 0.02152520790696144
0.05806494504213333, 0.012110400013625622
0.07236453890800476, 0.031786348670721054
0.050827283412218094, 0.016310160979628563
0.051343608647584915, 0.013776283711194992
0.06732107698917389, 0.030751850455999374
0.052294302731752396, 0.017223939299583435
0.04240439087152481, 0.017631150782108307
0.05499859154224396, 0.019039366394281387
0.0609542541205883, 0.01694963313639164
0.055750779807567596, 0.00429612398147583
0.07510939240455627, 0.030717704445123672
0.06931573152542114, 0.02540004253387451
0.08550293743610382, 0.044642094522714615
0.07040039449930191, 0.02928023599088192
0.05428806692361832, 0.03501245751976967
0.055767275393009186, 0.02116275765001774
0.04010201245546341, 0.009600076824426651
0.04992908984422684, 0.018253210932016373
0.06897211819887161, 0.033046238124370575
0.0792045146226883, 0.030328812077641487
0.07408256083726883, 0.04671946540474892
0.0613398477435112, 0.02518192119896412
0.06655587255954742, 0.02223396673798561
0.08286485821008682, 0.02769116312265396
0.05432309955358505, 0.020529337227344513
0.06769142299890518, 0.017520925030112267
0.036165956407785416, 0.017838960513472557
0.045427702367305756, 0.008334660902619362
0.03897714614868164, 0.0049950843676924706
0.04703548178076744, 0.009033551439642906
0.040916670113801956, 0.020379841327667236
0.05210145562887192, 0.016193194314837456
0.06952150166034698, 0.022663291543722153
0.0585174486041069, 0.02718341536819935
0.05373368039727211, 0.013559657149016857
0.05633123219013214, 0.02437746338546276
0.051990896463394165, 0.006605952046811581
0.06954960525035858, 0.021272722631692886
0.07745008170604706, 0.03061816282570362
0.04513813555240631, 0.014042643830180168
0.06086690351366997, 0.017740923911333084
0.05890381336212158, 0.02035149373114109
0.04837343096733093, 0.024617955088615417
0.07527957856655121, 0.025392387062311172
0.0690484270453453, 0.021204883232712746
0.04929543286561966, 0.030209440737962723
0.07281959056854248, 0.02529192343354225
0.055637992918491364, 0.021633420139551163
0.051909081637859344, 0.00767525564879179
0.03839069604873657, 0.01566270738840103
0.06025044620037079, 0.03056325577199459
0.0446658656001091, 0.021254749968647957
0.0537964403629303, 0.01761307753622532
0.03199465945363045, 0.009078657254576683
0.06293114274740219, 0.013480533845722675
0.06618170440196991, 0.034969501197338104
0.0670880526304245, 0.010275227949023247
0.05894989147782326, 0.028471944853663445
0.054425813257694244, 0.022556358948349953
0.0504353903234005, 0.012447597458958626
0.05102398246526718, 0.019860299304127693
0.05895332619547844, 0.026096489280462265
0.03044060245156288, 0.006158707197755575
0.07532940804958344, 0.03862224519252777
0.047179024666547775, 0.011832711286842823
0.06334789097309113, 0.022264663130044937
0.06968997418880463, 0.03098136931657791
0.07135605812072754, 0.009553978219628334
0.05413251742720604, 0.01897512935101986
0.06490261852741241, 0.02201124280691147
0.06593477725982666, 0.02529534511268139
0.06665597856044769, 0.03508908301591873
0.03580807149410248, 0.016775401309132576
0.04510258883237839, 0.007918920367956161
0.061494380235672, 0.04427269101142883
0.05933097377419472, 0.013582371175289154
0.03809228539466858, 0.00904611311852932
0.04608181491494179, 0.005121819209307432
0.057786352932453156, 0.023975864052772522
0.056602101773023605, 0.03787336125969887
0.05767658352851868, 0.014396204613149166
0.0641368106007576, 0.03929435461759567
0.049884915351867676, 0.020742790773510933
0.06722910702228546, 0.025590039789676666
0.06840360164642334, 0.011639527976512909
0.054559819400310516, 0.019642909988760948
0.07284989953041077, 0.03496057167649269
0.09584823250770569, 0.013426462188363075
0.06785429269075394, 0.037290219217538834
0.0802040547132492, 0.03768908232450485
0.07354585826396942, 0.030225377529859543
0.06540564447641373, 0.023479310795664787
0.0679626613855362, 0.03415737301111221
0.06070421636104584, 0.030724529176950455
0.06333845108747482, 0.04722502455115318
0.04690271243453026, 0.0118255615234375
0.07559553533792496, 0.04266044870018959
0.06687050312757492, 0.042231760919094086
0.05566108226776123, 0.020749107003211975
0.07491585612297058, 0.007897586561739445
0.04610242694616318, 0.011558719910681248
0.062440354377031326, 0.022769324481487274
0.03927256166934967, 0.016500068828463554
0.042203351855278015, 0.006282319780439138
0.07981027662754059, 0.03238194063305855
0.050528526306152344, 0.025627678260207176
0.0649949312210083, 0.018278023228049278
0.04711223393678665, 0.01281756442040205
0.08616654574871063, 0.03895052149891853
0.06498319655656815, 0.023565977811813354
0.0786525085568428, 0.027063248679041862
0.05013599246740341, 0.021494075655937195
0.0713907927274704, 0.035207584500312805
0.0444125197827816, 0.016033384948968887
0.09098124504089355, 0.04793763905763626
0.0726155936717987, 0.01633254624903202
0.08307753503322601, 0.046194352209568024
0.06039226055145264, 0.020870093256235123
0.062264878302812576, 0.017071733251214027
0.08545286953449249, 0.024061007425189018
0.055451422929763794, 0.01355204451829195
0.06443094462156296, 0.026538759469985962
0.057586655020713806, 0.037682656198740005
0.05683157593011856, 0.01628163456916809
0.07861052453517914, 0.017641494050621986
0.06505227833986282, 0.038050055503845215
0.03918711096048355, 0.008206050843000412
0.05675694718956947, 0.008919068612158298
0.07473772019147873, 0.04369222745299339
0.07803941518068314, 0.02831486612558365
0.04891166836023331, 0.01572234183549881
0.04884638264775276, 0.01862097904086113
0.0539151094853878, 0.017862429842352867
0.06092597544193268, 0.026442036032676697
0.09705489128828049, 0.04866106063127518
0.07038290798664093, 0.029350966215133667
0.0691336840391159, 0.019270606338977814
0.06725122034549713, 0.02026383951306343
0.07131077349185944, 0.01884114183485508
0.09515497088432312, 0.02926444076001644
0.07103261351585388, 0.014488190412521362
0.03688623383641243, 0.005569202825427055
0.07169865071773529, 0.036172278225421906
0.07391376048326492, 0.02013738453388214
0.08879827708005905, 0.01357940211892128
0.0433407798409462, 0.017576195299625397
0.03245069459080696, 0.00804915837943554
0.08520615100860596, 0.019530920311808586
0.08114852011203766, 0.026029348373413086
0.06376947462558746, 0.03753700852394104
0.0414496473968029, 0.009462017565965652
0.057947736233472824, 0.02469714730978012
0.0820593610405922, 0.04446408897638321
0.06917084753513336, 0.023405060172080994
0.0885457769036293, 0.04579582437872887
0.053251493722200394, 0.02458677627146244
0.04635992273688316, 0.021964432671666145
0.06549641489982605, 0.042064107954502106
0.05830337107181549, 0.021031420677900314
0.08196213841438293, 0.055880751460790634
0.06604310125112534, 0.011954400688409805
0.06451918929815292, 0.00784371979534626
0.06167755275964737, 0.024133585393428802
0.0831587016582489, 0.031814321875572205
0.049420662224292755, 0.035614967346191406
0.048224449157714844, 0.013416951522231102
0.048928167670965195, 0.009742554277181625
0.06461471319198608, 0.010168359614908695
0.08200879395008087, 0.010720537044107914
0.09270921349525452, 0.01635083183646202
0.10617440938949585, 0.05180804058909416
0.08203743398189545, 0.026307908818125725
0.06094326451420784, 0.006623572204262018
0.07960391044616699, 0.0465736947953701
0.059400998055934906, 0.022444643080234528
0.04499611631035805, 0.016460342332720757
0.0554395467042923, 0.03341216221451759
0.07587727904319763, 0.025733470916748047
0.05837628245353699, 0.02054695226252079
0.05176423490047455, 0.005496640224009752
0.0632740780711174, 0.01938479207456112
0.0666375383734703, 0.007125077303498983
0.06366483867168427, 0.02578921616077423
0.06646919995546341, 0.020821673795580864
0.07780492305755615, 0.02168281562626362
0.09349554777145386, 0.0233245138078928
0.06046794354915619, 0.020820312201976776
0.052403390407562256, 0.020129572600126266
0.04025956988334656, 0.012400020845234394
0.0495256632566452, 0.013070639222860336
0.05396704003214836, 0.022485561668872833
0.05303896218538284, 0.02066267468035221
0.07519810646772385, 0.02437610924243927
0.07099434733390808, 0.022531699389219284
0.0641050785779953, 0.006709379144012928
0.09634135663509369, 0.06904463469982147
0.06855255365371704, 0.022659527137875557
0.04713229089975357, 0.011740821413695812
0.09546928107738495, 0.05856688320636749
0.05471805855631828, 0.016968702897429466
0.05093241482973099, 0.027163377031683922
0.06364578008651733, 0.016192903742194176
0.0861462876200676, 0.011096873320639133
0.0524277463555336, 0.024523094296455383
0.04005454480648041, 0.018393361940979958
0.06173589080572128, 0.023059174418449402
0.04816241189837456, 0.01871202141046524
0.08178655803203583, 0.028844870626926422
0.08376692235469818, 0.034527089446783066
0.08808570355176926, 0.049508798867464066
0.07529965043067932, 0.03247349336743355
0.06701265275478363, 0.014100948348641396
0.07690604776144028, 0.01325961947441101
0.06796789914369583, 0.02099619060754776
0.052131105214357376, 0.010620338842272758
0.05731124058365822, 0.012529316358268261
0.06402818858623505, 0.025944484397768974
0.06112118810415268, 0.018781904131174088
0.07322046160697937, 0.015068450011312962
0.07731039822101593, 0.02357206866145134
0.08127899467945099, 0.05401426926255226
0.06030125170946121, 0.012377501465380192
0.06672470271587372, 0.03171638399362564
0.05583915859460831, 0.014807097613811493
0.0840822160243988, 0.016390636563301086
0.07215244323015213, 0.0069252667017281055
0.038391418755054474, 0.00767266470938921
0.09195086359977722, 0.00956396572291851
0.04631111025810242, 0.01161955390125513
0.04470177739858627, 0.0070189605467021465
0.04989740997552872, 0.013272303156554699
0.05942930281162262, 0.008387500420212746
0.06723050773143768, 0.01653156988322735
0.057940442115068436, 0.02984013967216015
0.05632615089416504, 0.024871109053492546
0.07740850746631622, 0.024147985503077507
0.058098867535591125, 0.02575182355940342
0.07459936290979385, 0.016799628734588623
0.0509725958108902, 0.011514460667967796
0.05515115708112717, 0.008557626977562904
0.09103138744831085, 0.04219936951994896
0.06885647028684616, 0.04273074492812157
0.06959716975688934, 0.01927022449672222
0.05495551973581314, 0.005423282273113728
0.06995658576488495, 0.0558621808886528
0.07206761837005615, 0.020438438281416893
0.04321541637182236, 0.006999848876148462
0.07088233530521393, 0.05504361912608147
0.07832920551300049, 0.03225541114807129
0.057251740247011185, 0.010498044081032276
0.06501222401857376, 0.013004525564610958
0.06727653741836548, 0.02728203684091568
0.07722042500972748, 0.022686293348670006
0.061191849410533905, 0.014612249098718166
0.054150767624378204, 0.020318107679486275
0.04914113134145737, 0.012801981531083584
0.08357703685760498, 0.030993539839982986
0.05800095945596695, 0.018222300335764885
0.055569980293512344, 0.01096245925873518
0.0485215038061142, 0.023261232301592827
0.06855326145887375, 0.03296235203742981
0.07129599153995514, 0.03046267479658127
0.06632866710424423, 0.009355437941849232
0.054655492305755615, 0.01372555736452341
0.06436333060264587, 0.01240461878478527
0.07019023597240448, 0.04051292687654495
0.06520739197731018, 0.023647895082831383
0.05860794335603714, 0.008491462096571922
0.06101982295513153, 0.018124356865882874
0.10669633001089096, 0.027291787788271904
0.07200508564710617, 0.03262894228100777
0.07560955733060837, 0.042258381843566895
0.06821278482675552, 0.011843154206871986
0.08183279633522034, 0.04955718666315079
0.06790158152580261, 0.01671230047941208
0.0606999546289444, 0.01444169320166111
0.0811646357178688, 0.0372675284743309
0.09028096497058868, 0.032943762838840485
0.08725811541080475, 0.0292458888143301
0.08115200698375702, 0.027132118120789528
0.06932676583528519, 0.025397783145308495
0.08867225050926208, 0.024194037541747093
0.04934685304760933, 0.017507806420326233
0.08928360044956207, 0.03835757449269295
0.06488719582557678, 0.022218141704797745
0.056627094745635986, 0.014734245836734772
0.06633473932743073, 0.02343820035457611
0.07373841106891632, 0.008217297494411469
0.05544116348028183, 0.026430701836943626
0.05887004733085632, 0.023168884217739105
0.04658731073141098, 0.013461497612297535
0.06561516970396042, 0.029004961252212524
0.06487174332141876, 0.018159423023462296
0.08023818582296371, 0.024309873580932617
0.07349468022584915, 0.012145563028752804
0.05217864364385605, 0.01607608050107956
0.09127655625343323, 0.04898839816451073
0.10165154933929443, 0.03979339823126793
0.07621301710605621, 0.029696404933929443
0.09320087730884552, 0.028963472694158554
0.10348808765411377, 0.0545194186270237
0.09875451773405075, 0.049248144030570984
0.09797067940235138, 0.028505617752671242
0.08764959126710892, 0.020960364490747452
0.11089280247688293, 0.06567573547363281
0.09830605238676071, 0.020037615671753883
0.09538892656564713, 0.04216965287923813
0.0836968794465065, 0.05897176265716553
0.08802607655525208, 0.05484366789460182
0.07751089334487915, 0.050735559314489365
0.05671364814043045, 0.02014264278113842
0.06695014238357544, 0.017918050289154053
0.07348170876502991, 0.0384204164147377
0.08356962352991104, 0.02042943798005581
0.05260568857192993, 0.015208177268505096
0.07096289843320847, 0.023980746045708656
0.0637243390083313, 0.02564319223165512
0.046582333743572235, 0.015176486223936081
0.07596620172262192, 0.04866505414247513
0.05884639918804169, 0.01229043211787939
0.03858758881688118, 0.005503356456756592
0.06818785518407822, 0.02118895761668682
0.07219794392585754, 0.02646874450147152
0.0672120600938797, 0.036220598965883255
0.07481083273887634, 0.008553965948522091
0.07563955336809158, 0.011547595262527466
0.05705462768673897, 0.028325259685516357
0.060012336820364, 0.030966810882091522
0.06816720962524414, 0.028555266559123993
0.06706347316503525, 0.03547607362270355
0.06625811755657196, 0.02371254563331604
0.050309620797634125, 0.016642248257994652
0.06775027513504028, 0.017869211733341217
0.033016666769981384, 0.007165268529206514
0.08026356250047684, 0.03637158125638962
0.08063954859972, 0.03495262563228607
0.08131707459688187, 0.046831998974084854
0.06927606463432312, 0.020809588953852654
0.08252974599599838, 0.029919398948550224
0.05293156951665878, 0.011953728273510933
0.0794028639793396, 0.03131787106394768
0.08545713126659393, 0.03663143515586853
0.03721652552485466, 0.006743342615664005
0.07501295208930969, 0.021672377362847328
0.09281397610902786, 0.04324404150247574
0.0966498851776123, 0.013965935446321964
0.10398948192596436, 0.0400126576423645
0.061958953738212585, 0.019007984548807144
0.06966870278120041, 0.008310231380164623
0.09587675333023071, 0.05026844143867493
0.07155986875295639, 0.0241103395819664
0.08248061686754227, 0.03450792655348778
0.048015296459198, 0.008437572047114372
0.08897428959608078, 0.02241293527185917
0.08542776852846146, 0.020932594314217567
0.06763647496700287, 0.04274095222353935
0.10635001212358475, 0.0346304215490818
0.06657537072896957, 0.01500460971146822
0.10259873420000076, 0.056539617478847504
0.09786877036094666, 0.014871075749397278
0.06940821558237076, 0.02289760671555996
0.05399751290678978, 0.021116076037287712
0.07234616577625275, 0.02776366099715233
0.09309379756450653, 0.04641302675008774
0.04919974505901337, 0.015175516717135906
0.06662840396165848, 0.0261031873524189
0.06905071437358856, 0.0030851480551064014
0.07798781245946884, 0.024116424843668938
0.04302971810102463, 0.006467020604759455
0.06569792330265045, 0.011510588228702545
0.04921483248472214, 0.012980652041733265
0.058583058416843414, 0.026794062927365303
0.10558339208364487, 0.04023881256580353
0.10257698595523834, 0.03055746853351593
0.08563782274723053, 0.02666741982102394
0.09263633191585541, 0.020689556375145912
0.05489988997578621, 0.019698917865753174
0.0784720852971077, 0.029692208394408226
0.06485094130039215, 0.03170304745435715
0.06724907457828522, 0.02155832014977932
0.06583313643932343, 0.00885618757456541
0.07355420291423798, 0.02186536230146885
0.10175958275794983, 0.04050757735967636
0.06549946963787079, 0.021642116829752922
0.08775848150253296, 0.055392786860466
0.11108160763978958, 0.019409507513046265
0.06674433499574661, 0.01666552759706974
0.09310299158096313, 0.03534861281514168
0.09844739735126495, 0.02979256771504879
0.07696595788002014, 0.026013769209384918
0.10046690702438354, 0.02758793905377388
0.05032926797866821, 0.008789694868028164
0.08036594092845917, 0.04792957007884979
0.06757912039756775, 0.02430698834359646
0.07078112661838531, 0.03885240852832794
0.08484797924757004, 0.02866538055241108
0.04230847954750061, 0.01209191419184208
0.04167043790221214, 0.007607620675116777
0.049740057438611984, 0.010616444051265717
0.05992908030748367, 0.010609915480017662
0.08160332590341568, 0.03154401108622551
0.07734586298465729, 0.02541942708194256
0.06351126730442047, 0.02531992271542549
0.05719155818223953, 0.023894062265753746
0.0966242104768753, 0.010525554418563843
0.04964732006192207, 0.016804713755846024
0.04912612587213516, 0.021674297749996185
0.08489842712879181, 0.052007969468832016
0.06512579321861267, 0.017684198915958405
0.10035187005996704, 0.04260064661502838
0.0851118192076683, 0.012956627644598484
0.06762148439884186, 0.014494399540126324
0.06776585429906845, 0.02904810942709446
0.07077489793300629, 0.0421505831182003
0.11987482756376266, 0.03922603279352188
0.04789140820503235, 0.01030644029378891
0.09230636060237885, 0.03343355283141136
0.07698714733123779, 0.022187625989317894
0.09274603426456451, 0.048572733998298645
0.07294352352619171, 0.012704781256616116
0.07795026153326035, 0.02341892197728157
0.063746877014637, 0.0327182337641716
0.05482098460197449, 0.012100348249077797
0.059309132397174835, 0.019549237564206123
0.049730125814676285, 0.02196427620947361
0.0627647414803505, 0.009236913174390793
0.04309094697237015, 0.011133608408272266
0.07282200455665588, 0.012787269428372383
0.04622839391231537, 0.007077760063111782
0.0769655853509903, 0.0239980760961771
0.06291905790567398, 0.02971290424466133
0.07830449938774109, 0.02282607927918434
0.04675520211458206, 0.01046206708997488
0.05360737070441246, 0.020898230373859406
0.10368065536022186, 0.045392271131277084
0.04911734536290169, 0.007831361144781113
0.10659345239400864, 0.011688612401485443
0.102589912712574, 0.028084222227334976
0.07305750995874405, 0.02944336086511612
0.052039243280887604, 0.013349752873182297
0.04542756825685501, 0.015879761427640915
0.08500847965478897, 0.01867431402206421
0.05360417068004608, 0.014091428369283676
0.054233767092227936, 0.023462345823645592
0.12290569394826889, 0.013078713789582253
0.0481618270277977, 0.0018106880597770214
0.10102137923240662, 0.062239523977041245
0.04797167330980301, 0.01568903587758541
0.08410172164440155, 0.0407819040119648
0.06929042935371399, 0.025299645960330963
0.08403591066598892, 0.0402313694357872
0.055196043103933334, 0.006717136595398188
0.095301553606987, 0.015739716589450836
0.09519881755113602, 0.05132737010717392
0.06324819475412369, 0.022375863045454025
0.06821506470441818, 0.024331972002983093
0.099473737180233, 0.035290367901325226
0.119788758456707, 0.02203095518052578
0.08497598022222519, 0.028941012918949127
0.09075064957141876, 0.02372690849006176
0.11660104990005493, 0.03646228089928627
0.07453770190477371, 0.02007293328642845
0.0844128206372261, 0.046197425574064255
0.08233363181352615, 0.01921788975596428
0.05982092767953873, 0.017583688721060753
0.05106676369905472, 0.014749862253665924
0.05930572375655174, 0.012185230851173401
0.0795668214559555, 0.051379360258579254
0.060560256242752075, 0.03261468559503555
0.06341977417469025, 0.016699833795428276
0.08385998755693436, 0.022604968398809433
0.06535094976425171, 0.011295231990516186
0.0858382061123848, 0.02678069844841957
0.05918975919485092, 0.008742877282202244
0.08915922790765762, 0.04712144285440445
0.062295347452163696, 0.02565556764602661
0.07172947376966476, 0.014654243364930153
0.05950082093477249, 0.013226042501628399
0.05128082260489464, 0.01426240149885416
0.08137363940477371, 0.01926570013165474
0.05231878161430359, 0.019137755036354065
0.07763086259365082, 0.03427571803331375
0.0629071444272995, 0.010940909385681152
0.12363620102405548, 0.024786604568362236
0.07853235304355621, 0.03474932536482811
0.09478514641523361, 0.020289532840251923
0.06879570335149765, 0.021700803190469742
0.06289040297269821, 0.013886500149965286
0.07118213921785355, 0.0268779955804348
0.05509454384446144, 0.01489434763789177
0.072943776845932, 0.024167705327272415
0.05639377236366272, 0.021806448698043823
0.06928862631320953, 0.04919152334332466
0.0816979855298996, 0.033285852521657944
0.11906575411558151, 0.034829627722501755
0.08001156151294708, 0.01984800584614277
0.08313322067260742, 0.01829315349459648
0.06295622885227203, 0.01076063048094511
0.06116095930337906, 0.03277833014726639
0.0861668735742569, 0.03424542024731636
0.0652005523443222, 0.029482614248991013
0.09400185942649841, 0.0542864054441452
0.06341347098350525, 0.018920600414276123
0.07058447599411011, 0.017904458567500114
0.06652934849262238, 0.02978285774588585
0.06634862720966339, 0.0220786239951849
0.07346412539482117, 0.012855780310928822
0.05962282046675682, 0.020675374194979668
0.05202408879995346, 0.017754411324858665
0.07781689614057541, 0.03236570209264755
0.07007305324077606, 0.028367208316922188
0.04057886451482773, 0.010607329197227955
0.08556869626045227, 0.04693276435136795
0.07234395295381546, 0.012904370203614235
0.07369508594274521, 0.007721489295363426
0.08205248415470123, 0.007192246150225401
0.07205206155776978, 0.0338384211063385
0.05088125169277191, 0.020521124824881554
0.07172028720378876, 0.024575984105467796
0.10546344518661499, 0.0190736036747694
0.08147446811199188, 0.04160439595580101
0.09329204261302948, 0.01747513934969902
0.11169601231813431, 0.02878614328801632
0.04215738922357559, 0.017668845131993294
0.052148059010505676, 0.019808121025562286
0.07089917361736298, 0.017097894102334976
0.07183347642421722, 0.03077700361609459
0.0801338329911232, 0.026878798380494118
0.0602291002869606, 0.0338783897459507
0.08868628740310669, 0.021713458001613617
0.08325164765119553, 0.02224794216454029
0.09165436774492264, 0.03905779868364334
0.10181505978107452, 0.050109896808862686
0.10700076073408127, 0.014745299704372883
0.05023077130317688, 0.014050819911062717
0.0652548149228096, 0.01568216271698475
0.10422180593013763, 0.051163990050554276
0.08044765889644623, 0.01339256763458252
0.09603838622570038, 0.04031822830438614
0.07698933035135269, 0.020668158307671547
0.08553041517734528, 0.039455607533454895
0.08664263039827347, 0.04392710328102112
0.09190480411052704, 0.03681815043091774
0.10213304311037064, 0.0655987560749054
0.08284294605255127, 0.039889100939035416
0.07502923905849457, 0.022031858563423157
0.06791213899850845, 0.020236991345882416
0.11109776794910431, 0.009394432418048382
0.10004255175590515, 0.019520189613103867
0.09482233971357346, 0.027207210659980774
0.07656516134738922, 0.04159605875611305
0.0921131819486618, 0.038317617028951645
0.08752265572547913, 0.02344575896859169
0.08367474377155304, 0.025826238095760345
0.07560914754867554, 0.027301166206598282
0.1380932629108429, 0.04445502161979675
0.080750972032547, 0.04641182720661163
0.09971190243959427, 0.05571186542510986
0.07788284868001938, 0.029913591220974922
0.0573376789689064, 0.02251606620848179
0.0896923840045929, 0.03136277198791504
0.10929229110479355, 0.031883854418992996
0.056464001536369324, 0.0045457566156983376
0.12034620344638824, 0.04735409840941429
0.09701301157474518, 0.0355767086148262
0.08163052052259445, 0.024450264871120453
0.09370194375514984, 0.026900986209511757
0.09654508531093597, 0.0389334112405777
0.09283541887998581, 0.017789073288440704
0.07118469476699829, 0.037911199033260345
0.07746434211730957, 0.029088713228702545
0.10150571167469025, 0.05109405890107155
0.07178261131048203, 0.043854985386133194
0.06788548827171326, 0.028791507706046104
0.08293680846691132, 0.0514710359275341
0.08021096885204315, 0.03432755172252655
0.052955493330955505, 0.01209497731178999
0.06088494136929512, 0.017781050875782967
0.09734755754470825, 0.03921528160572052
0.10693356394767761, 0.021308572962880135
0.06555704772472382, 0.015328288078308105
0.07494376599788666, 0.04534868896007538
0.05415141582489014, 0.018911229446530342
0.0394723042845726, 0.009950228966772556
0.09694193303585052, 0.030451148748397827
0.11401668936014175, 0.056323934346437454
0.11671214550733566, 0.054727036505937576
0.06598605960607529, 0.01678411290049553
0.07057623565196991, 0.018686635419726372
0.06694148480892181, 0.024145185947418213
0.09832879900932312, 0.048388510942459106
0.08629452437162399, 0.029722504317760468
0.0555255152285099, 0.00695923762395978
0.08563254773616791, 0.031123152002692223
0.09903255105018616, 0.0366501547396183
0.1000092476606369, 0.05004473775625229
0.09218393266201019, 0.055272426456213
0.09355910122394562, 0.04041013494133949
0.06293029338121414, 0.02656501904129982
0.07990549504756927, 0.016524849459528923
0.09757976233959198, 0.05357616767287254
0.06911115348339081, 0.023472905158996582
0.06797744333744049, 0.020253067836165428
0.05186965689063072, 0.004123436287045479
0.08091145753860474, 0.04877208173274994
0.09566430747509003, 0.028812000527977943
0.07135740667581558, 0.02780645526945591
0.07951048761606216, 0.014607414603233337
0.08684069663286209, 0.023208890110254288
0.09365064650774002, 0.024746717885136604
0.08513128012418747, 0.022088028490543365
0.11462332308292389, 0.040697645395994186
0.1475975215435028, 0.0702681764960289
0.08885668963193893, 0.02990339696407318
0.11474509537220001, 0.07863542437553406
0.12389269471168518, 0.04685817286372185
0.08887921273708344, 0.03723696246743202
0.107908234000206, 0.03155020996928215
0.10448665916919708, 0.0199129581451416
0.1160603016614914, 0.071584552526474
0.1271519958972931, 0.015468363650143147
0.09729567170143127, 0.04445450380444527
0.06197839975357056, 0.021736370399594307
0.0678209587931633, 0.012320230714976788
0.07806819677352905, 0.019065717235207558
0.06438764929771423, 0.02726396732032299
0.09913352876901627, 0.02345593273639679
0.0953647792339325, 0.02267664484679699
0.076104536652565, 0.027811197564005852
0.091746486723423, 0.04131074622273445
0.11609058827161789, 0.05971677228808403
0.08621549606323242, 0.02227330207824707
0.08150354027748108, 0.02776547148823738
0.07586698979139328, 0.01925033889710903
0.07846630364656448, 0.018024925142526627
0.08286415040493011, 0.031051702797412872
0.07586207985877991, 0.02078552357852459
0.08589667081832886, 0.022978177294135094
0.09899453818798065, 0.023501915857195854
0.08471637219190598, 0.0347941592335701
0.09607183933258057, 0.06692352890968323
0.10573424398899078, 0.02566143497824669
0.12411502003669739, 0.06672743707895279
0.10829910635948181, 0.06679978221654892
0.10767992585897446, 0.01195321511477232
0.07517385482788086, 0.02378346025943756
0.09318095445632935, 0.03851548209786415
0.09417255967855453, 0.05949182063341141
0.13411714136600494, 0.05014966428279877
0.13312795758247375, 0.03683292865753174
0.060731567442417145, 0.009601401165127754
0.07988268882036209, 0.028234051540493965
0.12415273487567902, 0.05769889056682587
0.09688112139701843, 0.034060969948768616
0.13143351674079895, 0.06365625560283661
0.09526854753494263, 0.018397685140371323
0.06805876642465591, 0.026506047695875168
0.07404523342847824, 0.03076349012553692
0.09254302084445953, 0.031792595982551575
0.0770566314458847, 0.012860538437962532
0.06283462792634964, 0.012442313134670258
0.06529608368873596, 0.011972067877650261
0.07826100289821625, 0.01869228109717369
0.05306380242109299, 0.00733948964625597
0.07993488013744354, 0.0217159204185009
0.07044234126806259, 0.02818615548312664
0.1405792236328125, 0.06388360261917114
0.09707507491111755, 0.050477154552936554
0.06588997691869736, 0.006906373891979456
0.1011437401175499, 0.025547092780470848
0.08181753754615784, 0.03156553581357002
0.09410089254379272, 0.05201226845383644
0.05313524603843689, 0.007784869987517595
0.13583430647850037, 0.04912947118282318
0.10055932402610779, 0.03955719619989395
0.11378958821296692, 0.03949490562081337
0.07718247175216675, 0.040154941380023956
0.08819674700498581, 0.013161770068109035
0.09285851567983627, 0.027493305504322052
0.06816194951534271, 0.013372995890676975
0.06504659354686737, 0.02161720208823681
0.06802888959646225, 0.01969580166041851
0.08688151836395264, 0.027357274666428566
0.1309807151556015, 0.0348837673664093
0.06977900862693787, 0.006908365525305271
0.0671711415052414, 0.02802673541009426
0.06731189787387848, 0.037244752049446106
0.06890270859003067, 0.03092019073665142
0.07237683236598969, 0.03141023963689804
0.15579508244991302, 0.025506004691123962
0.10535478591918945, 0.03272183611989021
0.06865058839321136, 0.024269117042422295
0.08513832092285156, 0.03661370277404785
0.08176937699317932, 0.029633624479174614
0.07159481942653656, 0.019978374242782593
0.08444672077894211, 0.0285191610455513
0.08098267018795013, 0.024458004161715508
0.10409748554229736, 0.028791014105081558
0.10967394709587097, 0.022247783839702606
0.09419499337673187, 0.050438061356544495
0.07860540598630905, 0.025513220578432083
0.05801064893603325, 0.01586269587278366
0.07642030715942383, 0.010323666036128998
0.12228633463382721, 0.05746199190616608
0.09348739683628082, 0.020482785999774933
0.08021626621484756, 0.025828491896390915
0.056926991790533066, 0.011891470290720463
0.10767684876918793, 0.015324296429753304
0.06427621841430664, 0.011670914478600025
0.10959818214178085, 0.02141011692583561
0.08165132999420166, 0.030156582593917847
0.07527530938386917, 0.01415262371301651
0.08038656413555145, 0.017141198739409447
0.06976652145385742, 0.022985532879829407
0.10144120454788208, 0.017916301265358925
0.06987906992435455, 0.017500458285212517
0.09463939070701599, 0.0389874204993248
0.08141425251960754, 0.008760391734540462
0.06122535094618797, 0.01807091385126114
0.11363960802555084, 0.02595764957368374
0.0921429693698883, 0.0424596406519413
0.09928901493549347, 0.02876649610698223
0.11989976465702057, 0.05805443972349167
0.08563171327114105, 0.027280807495117188
0.09025608003139496, 0.03482912480831146
0.09712007641792297, 0.014873405918478966
0.07915501296520233, 0.02958005666732788
0.09135865420103073, 0.01284283958375454
0.06427334994077682, 0.026827042922377586
0.07768045365810394, 0.039107441902160645
0.11764469742774963, 0.03393616899847984
0.08677640557289124, 0.05481145158410072
0.12166120857000351, 0.03296516835689545
0.09235930442810059, 0.03989078104496002
0.10360883921384811, 0.049381326884031296
0.08672972023487091, 0.022543417289853096
0.1014043539762497, 0.04675285518169403
0.10270601511001587, 0.0470016747713089
0.07076135277748108, 0.01543443463742733
0.06910631060600281, 0.019934482872486115
0.07928086817264557, 0.012990405783057213
0.07914704829454422, 0.021403983235359192
0.08339446783065796, 0.025633521378040314
0.08196189999580383, 0.02767358161509037
0.06549330055713654, 0.02363722398877144
0.0967649295926094, 0.04433007910847664
0.09627021849155426, 0.01774350181221962
0.09580613672733307, 0.015905186533927917
0.11554337292909622, 0.049174677580595016
0.09290192276239395, 0.02309245988726616
0.10008418560028076, 0.0378081351518631
0.09386290609836578, 0.027681710198521614
0.11493215709924698, 0.04426119476556778
0.15398484468460083, 0.03565599396824837
0.11798117309808731, 0.06434067338705063
0.08520342409610748, 0.053879979997873306
0.10380703955888748, 0.029224837198853493
0.13584375381469727, 0.03084620088338852
0.10394663363695145, 0.037612978368997574
0.10480307042598724, 0.026698151603341103
0.15171009302139282, 0.04679666459560394
0.1398286372423172, 0.04070797190070152
0.1109778881072998, 0.04828141629695892
0.10168734937906265, 0.027397001162171364
0.12085072696208954, 0.05640576034784317
0.13044583797454834, 0.03090011514723301
0.08078065514564514, 0.05519215762615204
0.12278812378644943, 0.033959437161684036
0.12867403030395508, 0.052149493247270584
0.0805598795413971, 0.014386788941919804
0.10709875822067261, 0.028391966596245766
0.08726923912763596, 0.014854426495730877
0.07991360872983932, 0.033652499318122864
0.07472340762615204, 0.01503924373537302
0.06800319254398346, 0.03411754220724106
0.08164969086647034, 0.014063723385334015
0.10005209594964981, 0.07120610028505325
0.06183093041181564, 0.017615513876080513
0.06468653678894043, 0.03766237944364548
0.09596511721611023, 0.04260154068470001
0.11871770024299622, 0.015106516890227795
0.08659931272268295, 0.006079512182623148
0.11696295440196991, 0.029111353680491447
0.09274600446224213, 0.03689980506896973
0.09141373634338379, 0.0340123176574707
0.09819377958774567, 0.0440460629761219
0.08743737637996674, 0.023728687316179276
0.08217363059520721, 0.029892820864915848
0.06678678095340729, 0.009323918260633945
0.10262680053710938, 0.04925716668367386
0.07153243571519852, 0.022241055965423584
0.0840301364660263, 0.02509060874581337
0.08087025582790375, 0.04056220501661301
0.13166867196559906, 0.031136404722929
0.1333121955394745, 0.04853105545043945
0.15760967135429382, 0.017681686207652092
0.12108596414327621, 0.044225722551345825
0.08727036416530609, 0.023633265867829323
0.10949593782424927, 0.04454413056373596
0.109552763402462, 0.06237342581152916
0.10965621471405029, 0.04855293780565262
0.14212694764137268, 0.048473700881004333
0.0637294203042984, 0.0212953370064497
0.09834006428718567, 0.029787076637148857
0.11275598406791687, 0.013856847770512104
0.1304507553577423, 0.05896198749542236
0.10261374711990356, 0.022673126310110092
0.10794276744127274, 0.06949078291654587
0.10142925381660461, 0.030837250873446465
0.12549594044685364, 0.04601144790649414
0.12360462546348572, 0.021331146359443665
0.07735954225063324, 0.016465988010168076
0.0895235612988472, 0.03551610931754112
0.12299291789531708, 0.05501123145222664
0.0639844536781311, 0.013323470018804073
0.0787326991558075, 0.024417661130428314
0.0679086446762085, 0.014653519727289677
0.07575521618127823, 0.03998237103223801
0.08241063356399536, 0.018975066021084785
0.06994576752185822, 0.005122424568980932
0.08921791613101959, 0.03180302307009697
0.13941840827465057, 0.024399423971772194
0.07205583155155182, 0.04757042974233627
0.07386846840381622, 0.032338839024305344
0.13657055795192719, 0.07013533264398575
0.10173540562391281, 0.03308095037937164
0.1076931282877922, 0.053235068917274475
0.1064133495092392, 0.03778481110930443
0.07414074242115021, 0.02054240182042122
0.0796002671122551, 0.01221496518701315
0.10118570923805237, 0.042745474725961685
0.13769644498825073, 0.02435430884361267
0.10672035068273544, 0.040869537740945816
0.11539886891841888, 0.047439973801374435
0.10873273015022278, 0.018515147268772125
0.11935754865407944, 0.08273106813430786
0.1427088975906372, 0.05763111263513565
0.11022752523422241, 0.036986593157052994
0.08520087599754333, 0.02665443904697895
0.070238396525383, 0.011774838902056217
0.07408738136291504, 0.017733076587319374
0.0679035633802414, 0.017422867938876152
0.07053656131029129, 0.026257917284965515
0.06122384965419769, 0.016676848754286766
0.07873540371656418, 0.0390191487967968
0.07999322563409805, 0.016117753461003304
0.08599250018596649, 0.026149753481149673
0.0839051902294159, 0.023372460156679153
0.08174832910299301, 0.01717028208076954
0.11095838248729706, 0.045807845890522
0.09508875012397766, 0.03404003381729126
0.10484298318624496, 0.056154053658246994
0.12328024208545685, 0.008560714311897755
0.1059003621339798, 0.014958334155380726
0.09855654835700989, 0.0412771999835968
0.08912131190299988, 0.015285029076039791
0.11015939712524414, 0.026164675131440163
0.10987811535596848, 0.013208401389420033
0.17126962542533875, 0.08502510190010071
0.10340902209281921, 0.038214899599552155
0.11610949784517288, 0.03832295909523964
0.1339361071586609, 0.05240456387400627
0.08314192295074463, 0.026589902117848396
0.1151217371225357, 0.04450482502579689
0.11752396821975708, 0.0319879874587059
0.09824597090482712, 0.08261837810277939
0.1348879039287567, 0.050126511603593826
0.07114465534687042, 0.009996793232858181
0.12489143013954163, 0.04231586679816246
0.0925360918045044, 0.041136156767606735
0.08052675426006317, 0.03384281322360039
0.06087134778499603, 0.023764563724398613
0.08231300115585327, 0.022397669032216072
0.09655429422855377, 0.025601055473089218
0.09752119332551956, 0.049020376056432724
0.06718839704990387, 0.021562447771430016
0.05973440036177635, 0.00658835144713521
0.09359083324670792, 0.01085219718515873
0.0692860558629036, 0.022215381264686584
0.11270131915807724, 0.04306497797369957
0.06288668513298035, 0.012583980336785316
0.07794804871082306, 0.022343603894114494
0.10344754904508591, 0.025105150416493416
0.12351470440626144, 0.06684382259845734
0.11689788103103638, 0.0673774927854538
0.0961398184299469, 0.03448188304901123
0.07571037113666534, 0.011798523366451263
0.09710296243429184, 0.04896930605173111
0.07049348205327988, 0.021307796239852905
0.14115679264068604, 0.06051402539014816
0.11436004936695099, 0.026177799329161644
0.09578929841518402, 0.026161793619394302
0.07705840468406677, 0.03026246279478073
0.06766305863857269, 0.012056080624461174
0.08618837594985962, 0.031088775023818016
0.09778610616922379, 0.04041352868080139
0.10295002907514572, 0.016351589933037758
0.08389726281166077, 0.037151359021663666
0.09605742990970612, 0.05144118890166283
0.11773665249347687, 0.06678552180528641
0.09975573420524597, 0.03457688167691231
0.07285620272159576, 0.02078387700021267
0.07262872159481049, 0.013447005301713943
0.07762916386127472, 0.026512375101447105
0.10299274325370789, 0.03484293445944786
0.09291474521160126, 0.020097898319363594
0.08487391471862793, 0.02665204554796219
0.07321376353502274, 0.009739473462104797
0.06703696399927139, 0.02845834568142891
0.0688566192984581, 0.021110566332936287
0.08452419191598892, 0.03031957894563675
0.09025811403989792, 0.014168813824653625
0.1186378225684166, 0.03938636928796768
0.0691061019897461, 0.014533559791743755
0.09006920456886292, 0.04013312980532646
0.0972072184085846, 0.03615026921033859
0.10324865579605103, 0.0356503427028656
0.08683259040117264, 0.04445955157279968
0.10364843159914017, 0.014623451046645641
0.07992114126682281, 0.033610835671424866
0.09758056700229645, 0.02406254969537258
0.10996254533529282, 0.012166938744485378
0.0655006468296051, 0.03732193633913994
0.11007876694202423, 0.08670760691165924
0.11226903647184372, 0.054590195417404175
0.10009973496198654, 0.008869193494319916
0.09941761195659637, 0.05714959278702736
0.11654751002788544, 0.041513845324516296
0.10982857644557953, 0.03357744216918945
0.06698375940322876, 0.020853381603956223
0.11512208729982376, 0.037494365125894547
0.08009599149227142, 0.02485078200697899
0.12437935173511505, 0.0510881133377552
0.12250122427940369, 0.047621000558137894
0.12324314564466476, 0.0422721728682518
0.08814051747322083, 0.02661171369254589
0.1706753373146057, 0.06386808305978775
0.14567530155181885, 0.047101881355047226
0.10202144831418991, 0.050776757299900055
0.1288333535194397, 0.056705351918935776
0.0862898975610733, 0.05406594276428223
0.10470657050609589, 0.019063036888837814
0.11347509920597076, 0.02079377882182598
0.10686976462602615, 0.05325000733137131
0.13391372561454773, 0.03734573721885681
0.11216609179973602, 0.029535096138715744
0.10044154524803162, 0.009920638985931873
0.09894946217536926, 0.027426039800047874
0.13309745490550995, 0.03450961038470268
0.1285826563835144, 0.06323855370283127
0.12416401505470276, 0.021046841517090797
0.09838743507862091, 0.04258481413125992
0.11634983122348785, 0.03910386934876442
0.08785966038703918, 0.02629195712506771
0.09944077581167221, 0.023433387279510498
0.13605235517024994, 0.045408885926008224
0.06474146991968155, 0.008231032639741898
0.09308862686157227, 0.05136138200759888
0.0950348749756813, 0.013882575556635857
0.09983570873737335, 0.0375453382730484
0.11363892257213593, 0.033269017934799194
0.08912721276283264, 0.017382768914103508
0.0898372083902359, 0.021610205993056297
0.18555745482444763, 0.0597674623131752
0.06802823394536972, 0.016672352328896523
0.13872380554676056, 0.04400582239031792
0.1363482028245926, 0.04278051108121872
0.12692990899085999, 0.05963250249624252
0.10189242660999298, 0.03204575926065445
0.1187131404876709, 0.05540730804204941
0.07403334975242615, 0.0421866774559021
0.10231614112854004, 0.006662384606897831
0.10085488855838776, 0.014349876902997494
0.12998856604099274, 0.05296439677476883
0.17870470881462097, 0.0735645592212677
0.11593995988368988, 0.0268477164208889
0.09253697097301483, 0.033040232956409454
0.09712757170200348, 0.03749065846204758
0.08239367604255676, 0.03181440010666847
0.0991746038198471, 0.052028343081474304
0.11337272822856903, 0.04075336828827858
0.05788291618227959, 0.006074140779674053
0.07856463640928268, 0.019609296694397926
0.10998449474573135, 0.050357647240161896
0.08592122048139572, 0.040775176137685776
0.059869930148124695, 0.009560555219650269
0.08116355538368225, 0.017983822152018547
0.06733337789773941, 0.00891571119427681
0.09847544878721237, 0.02891080267727375
0.08518347144126892, 0.018843133002519608
0.09894698858261108, 0.02744302712380886
0.07390262931585312, 0.031363263726234436
0.06991711258888245, 0.01498044840991497
0.09318841248750687, 0.013677260838449001
0.0751035138964653, 0.02233261615037918
0.11265107989311218, 0.06320275366306305
0.0903412252664566, 0.008332817815244198
0.09275500476360321, 0.03445852920413017
0.15187321603298187, 0.04698289930820465
0.09328562021255493, 0.01468990184366703
0.09877641499042511, 0.016204632818698883
0.09665820747613907, 0.0147638451308012
0.08809277415275574, 0.013278267346322536
0.10378727316856384, 0.05686739459633827
0.10516471415758133, 0.026126503944396973
0.08629173785448074, 0.01738566905260086
0.12655171751976013, 0.018376553431153297
0.1641259789466858, 0.05552004277706146
0.10109387338161469, 0.024051181972026825
0.12156448513269424, 0.02830311469733715
0.06618662923574448, 0.01076620165258646
0.10818751156330109, 0.06542010605335236
0.11238817870616913, 0.04384732246398926
0.1431272327899933, 0.03716211020946503
0.13025040924549103, 0.03851057589054108
0.09291158616542816, 0.04649918153882027
0.09513721615076065, 0.023196091875433922
0.0761445164680481, 0.02226494811475277
0.08966152369976044, 0.042967259883880615
0.092068612575531, 0.02300201915204525
0.09146462380886078, 0.04582568630576134
0.10094040632247925, 0.061911702156066895
0.11710180342197418, 0.05354580655694008
0.09488102793693542, 0.01952587254345417
0.10704576969146729, 0.04238644614815712
0.12957343459129333, 0.036183517426252365
0.061650123447179794, 0.02081463485956192
0.06618628650903702, 0.022091707214713097
0.0722963884472847, 0.022995004430413246
0.08878734707832336, 0.021888799965381622
0.12219338864088058, 0.0517759695649147
0.09517911076545715, 0.0384502038359642
0.08643007278442383, 0.032862644642591476
0.06590738147497177, 0.01634019985795021
0.09395122528076172, 0.04054102301597595
0.07558437436819077, 0.013709808699786663
0.14377343654632568, 0.056869640946388245
0.11188377439975739, 0.0464971549808979
0.07174773514270782, 0.02191340923309326
0.1430327594280243, 0.036733079701662064
0.07816539704799652, 0.013455566018819809
0.11137595772743225, 0.0354563407599926
0.08629414439201355, 0.01599912904202938
0.11757364869117737, 0.05506228283047676
0.12597990036010742, 0.038877177983522415
0.07122060656547546, 0.016378842294216156
0.07305793464183807, 0.03657132759690285
0.09834466874599457, 0.051837172359228134
0.12054480612277985, 0.020973334088921547
0.05480822175741196, 0.015396453440189362
0.10156036913394928, 0.05453561991453171
0.09002552181482315, 0.035016562789678574
0.07540222257375717, 0.033539753407239914
0.06481762230396271, 0.03709472343325615
0.08892914652824402, 0.024197911843657494
0.07897771149873734, 0.01589105650782585
0.10416042804718018, 0.013750677928328514
0.09613282978534698, 0.02526608668267727
0.058285415172576904, 0.02858787402510643
0.09588894248008728, 0.012831124477088451
0.08218125998973846, 0.024103263393044472
0.07580336183309555, 0.028047721832990646
0.11516007781028748, 0.07313647121191025
0.12587526440620422, 0.06705302000045776
0.13005129992961884, 0.030293498188257217
0.10764150321483612, 0.032902877777814865
0.11748871207237244, 0.06962411105632782
0.09486563503742218, 0.031663499772548676
0.11524895578622818, 0.04747047647833824
0.1035095751285553, 0.038271382451057434
0.10593019425868988, 0.06257542967796326
0.11094062030315399, 0.033048875629901886
0.12876386940479279, 0.05944885313510895
0.10053210705518723, 0.023236282169818878
0.17368683218955994, 0.059486567974090576
0.12630817294120789, 0.07232082635164261
0.1245020255446434, 0.05931118503212929
0.12446574866771698, 0.016396310180425644
0.09566573798656464, 0.048606760799884796
0.1038232073187828, 0.04750080034136772
0.0879405215382576, 0.020736586302518845
0.08547307550907135, 0.05930796265602112
0.09650363773107529, 0.045445967465639114
0.07135418057441711, 0.022692840546369553
0.1436733901500702, 0.06096858158707619
0.09227992594242096, 0.025680702179670334
0.10245556384325027, 0.018956635147333145
0.10844819247722626, 0.031316883862018585
0.15328088402748108, 0.07537102699279785
0.12184376269578934, 0.029262304306030273
0.10669877380132675, 0.03585849702358246
0.100010946393013, 0.046571437269449234
0.13282421231269836, 0.021008847281336784
0.12329835444688797, 0.028371501713991165
0.10968545079231262, 0.07166356593370438
0.1318616271018982, 0.04040959104895592
0.1374923139810562, 0.06247512623667717
0.08381426334381104, 0.06305309385061264
0.09207281470298767, 0.025732267647981644
0.07990903407335281, 0.01362231932580471
0.056249283254146576, 0.01749187335371971
0.06953586637973785, 0.019620075821876526
0.1152142658829689, 0.038021404296159744
0.12844234704971313, 0.033195119351148605
0.09954215586185455, 0.03283178433775902
0.1208716481924057, 0.028868529945611954
0.10305789858102798, 0.03942578658461571
0.11226913332939148, 0.0927915945649147
0.11364781856536865, 0.015837430953979492
0.10065995156764984, 0.012441199272871017
0.11442805081605911, 0.0568089634180069
0.087368443608284, 0.028680531308054924
0.07274084538221359, 0.023831969127058983
0.12090480327606201, 0.04014945402741432
0.09837205708026886, 0.02592449076473713
0.11798258870840073, 0.03884284943342209
0.0849062129855156, 0.011597659438848495
0.11778459697961807, 0.05325947701931
0.09007526934146881, 0.019617581740021706
0.13270679116249084, 0.039182353764772415
0.10479876399040222, 0.05140644684433937
0.16361740231513977, 0.06939912587404251
0.08013266324996948, 0.007653901353478432
0.10520593822002411, 0.015515471808612347
0.11212623864412308, 0.03647121042013168
0.10812937468290329, 0.04200861603021622
0.07228326797485352, 0.03820038214325905
0.09158166497945786, 0.05139658972620964
0.11409749835729599, 0.030504824593663216
0.13747544586658478, 0.041058119386434555
0.0987403392791748, 0.01828618161380291
0.11941748112440109, 0.03708190843462944
0.15402847528457642, 0.03217466175556183
0.11633143573999405, 0.05509098991751671
0.07396210730075836, 0.032208722084760666
0.08435754477977753, 0.026413025334477425
0.12980546057224274, 0.03959517553448677
0.09913421422243118, 0.033841367810964584
0.09425891190767288, 0.03059951774775982
0.11621148139238358, 0.047670356929302216
0.0984751433134079, 0.021760232746601105
0.11653757095336914, 0.033205993473529816
0.09788629412651062, 0.048039522022008896
0.09880274534225464, 0.024164563044905663
0.11539378017187119, 0.04236307740211487
0.09517276287078857, 0.022156089544296265
0.0965832844376564, 0.03344697877764702
0.12093914300203323, 0.02564333751797676
0.09319838881492615, 0.019328074529767036
0.12831300497055054, 0.06567491590976715
0.09864111244678497, 0.03786114975810051
0.10622698813676834, 0.008197898045182228
0.08057209104299545, 0.03732628747820854
0.10185286402702332, 0.015677347779273987
0.12187112867832184, 0.02401074767112732
0.10707006603479385, 0.061127230525016785
0.0861072987318039, 0.0549251027405262
0.11799556016921997, 0.03145862743258476
0.10117335617542267, 0.011992355808615685
0.10848361253738403, 0.027683330699801445
0.11326505243778229, 0.02623218670487404
0.0893123596906662, 0.027219204232096672
0.11021145433187485, 0.06374317407608032
0.13099800050258636, 0.03849904239177704
0.08752883970737457, 0.032841283828020096
0.15560081601142883, 0.06917642802000046
0.08054819703102112, 0.02446865849196911
0.12966862320899963, 0.013318844139575958
0.12728501856327057, 0.051179107278585434
0.09008871763944626, 0.03492593765258789
0.10053512454032898, 0.04945342242717743
0.11868515610694885, 0.026590071618556976
0.10597938299179077, 0.04380914941430092
0.12180200219154358, 0.07617014646530151
0.12745873630046844, 0.056888360530138016
