mean, std
0.4065442681312561, 0.05253731086850166
0.29297906160354614, 0.08236198872327805
0.21812042593955994, 0.05866163969039917
0.15776625275611877, 0.01466368231922388
0.15377651154994965, 0.016269246116280556
0.1300365924835205, 0.01812371425330639
0.11584759503602982, 0.004784025251865387
0.12386453151702881, 0.016761455684900284
0.11969932168722153, 0.02059091255068779
0.0999748632311821, 0.029944492504000664
0.0892801359295845, 0.029693685472011566
0.10454578697681427, 0.0318634919822216
0.06454846262931824, 0.009253515861928463
0.0613274909555912, 0.007192201446741819
0.054760631173849106, 0.0011806217953562737
0.07602836191654205, 0.038240864872932434
0.056296419352293015, 0.010748758912086487
0.05005977302789688, 0.007424151059240103
0.05193895846605301, 0.012302159331738949
0.05075406655669212, 0.01842343434691429
0.06595679372549057, 0.016271691769361496
0.03951378911733627, 0.005832162220031023
0.03900531679391861, 0.00712554669007659
0.05930861458182335, 0.02863486483693123
0.04478328302502632, 0.009131170809268951
0.04092051833868027, 0.004518812522292137
0.03408671170473099, 0.010588306002318859
0.033647846430540085, 0.006140406243503094
0.043320801109075546, 0.0064776246435940266
0.03954795002937317, 0.008476651273667812
0.04615360125899315, 0.005918143782764673
0.06093572825193405, 0.01266110222786665
0.03858370706439018, 0.008946940302848816
0.04253535345196724, 0.007629341445863247
0.038813553750514984, 0.0086002666503191
0.035421907901763916, 0.00636503379791975
0.05177644267678261, 0.023099856451153755
0.04554681107401848, 0.011919558979570866
0.04518269747495651, 0.009867483749985695
0.05811000615358353, 0.01672632060945034
0.050947848707437515, 0.01497014332562685
0.049897700548172, 0.014524303376674652
0.04612593352794647, 0.022789686918258667
0.05419330298900604, 0.01499150600284338
0.055238988250494, 0.014718170277774334
0.05077249929308891, 0.010247811675071716
0.053181227296590805, 0.014133947901427746
0.04469643160700798, 0.007990963757038116
0.044700466096401215, 0.0067819044925272465
0.07213194668292999, 0.01650092750787735
0.049242787063121796, 0.0031636133790016174
0.05955778807401657, 0.016286151483654976
0.05881473794579506, 0.01741102896630764
0.06773245334625244, 0.03276165947318077
0.05988318473100662, 0.02786277048289776
0.0552443191409111, 0.03811677545309067
0.06089890003204346, 0.02751103788614273
0.057917095720767975, 0.024116503074765205
0.07306370139122009, 0.024117227643728256
0.057541150599718094, 0.02293018065392971
0.051118940114974976, 0.01730266585946083
0.05259544029831886, 0.02855733409523964
0.05354926735162735, 0.022211706265807152
0.06684855371713638, 0.039715129882097244
0.061764270067214966, 0.028096571564674377
0.07833931595087051, 0.019924232736229897
0.06875587999820709, 0.025457270443439484
0.09412135928869247, 0.050949353724718094
0.07300755381584167, 0.04658094793558121
0.09503477066755295, 0.03694051504135132
0.09820179641246796, 0.02452121675014496
0.1347905546426773, 0.044934555888175964
0.11127084493637085, 0.022512303665280342
0.08662812411785126, 0.019712325185537338
0.11401723325252533, 0.02480139397084713
0.09969653189182281, 0.031051887199282646
0.10775864124298096, 0.04393472895026207
0.11341357231140137, 0.03518912196159363
0.1394466608762741, 0.07312986999750137
0.08966973423957825, 0.04441934823989868
0.12197212874889374, 0.054907336831092834
0.1265960931777954, 0.05172685161232948
0.09931759536266327, 0.05539796128869057
0.07810269296169281, 0.02548990026116371
0.10276399552822113, 0.05520845949649811
0.13317063450813293, 0.030394921079277992
0.1044427827000618, 0.04814146086573601
0.13980306684970856, 0.0798056572675705
0.13421742618083954, 0.04044393077492714
0.1391187608242035, 0.08806474506855011
0.12043824791908264, 0.02461339719593525
0.13301721215248108, 0.04215927794575691
0.15507440268993378, 0.06106192246079445
0.14724484086036682, 0.07978453487157822
0.14682596921920776, 0.027155905961990356
0.14187437295913696, 0.08725117146968842
0.162129744887352, 0.0482984334230423
0.15017759799957275, 0.06526942551136017
0.18306279182434082, 0.05515500158071518
0.19287815690040588, 0.07937710732221603
0.14094333350658417, 0.03929959610104561
0.08901187777519226, 0.04030181095004082
0.13341210782527924, 0.09445015341043472
0.20073644816875458, 0.06213005632162094
0.12652724981307983, 0.059622835367918015
0.09834907948970795, 0.027763143181800842
0.09856106340885162, 0.043931443244218826
0.121079221367836, 0.01863938756287098
0.12656228244304657, 0.06626616418361664
0.11396649479866028, 0.02760312333703041
0.11695758998394012, 0.08752475678920746
0.11792562156915665, 0.02950536087155342
0.19018201529979706, 0.10720839351415634
0.11152846366167068, 0.05442698672413826
0.2162078320980072, 0.026823731139302254
0.18326696753501892, 0.08398332446813583
0.11124406009912491, 0.06260696798563004
0.1438814401626587, 0.08014240860939026
0.22172844409942627, 0.03536534309387207
0.10465190559625626, 0.039756231009960175
0.11852602660655975, 0.026293523609638214
0.19987136125564575, 0.11698762327432632
0.11972404271364212, 0.06951039284467697
0.14517277479171753, 0.059773851186037064
0.15029801428318024, 0.10431042313575745
0.19456274807453156, 0.09622371941804886
0.26227933168411255, 0.08873774856328964
0.16518042981624603, 0.0764574408531189
0.18596073985099792, 0.13022544980049133
0.2799527049064636, 0.14187020063400269
0.2814757227897644, 0.18411022424697876
0.29629838466644287, 0.17555123567581177
0.24555298686027527, 0.15334942936897278
0.2211151421070099, 0.09292031824588776
0.16473451256752014, 0.12140876054763794
0.16265596449375153, 0.0537630058825016
0.19785261154174805, 0.08777756243944168
0.1961103081703186, 0.08377216011285782
0.19635888934135437, 0.12527655065059662
0.16973420977592468, 0.16563108563423157
0.14078445732593536, 0.06110410764813423
0.1604587435722351, 0.0689481645822525
0.06652677059173584, 0.03689827769994736
0.24798858165740967, 0.1049465462565422
0.11864325404167175, 0.03302161768078804
0.15345053374767303, 0.11626149713993073
0.2049569934606552, 0.11696866899728775
0.21588629484176636, 0.13908790051937103
0.07982476055622101, 0.025889644399285316
0.12598270177841187, 0.033745743334293365
0.12866678833961487, 0.08116023987531662
0.07790358364582062, 0.022033270448446274
0.1551799774169922, 0.040568213909864426
0.2070206254720688, 0.09710883349180222
0.21084582805633545, 0.07389909774065018
0.1806054413318634, 0.09569534659385681
0.18061202764511108, 0.08145162463188171
0.11533524096012115, 0.05772589519619942
0.09207114577293396, 0.05423480272293091
0.1484837532043457, 0.06771460920572281
0.15957948565483093, 0.06659474223852158
0.15962721407413483, 0.04408562555909157
0.1189032793045044, 0.04561185464262962
0.17766807973384857, 0.1389741450548172
0.2218630611896515, 0.10616634786128998
0.3198612928390503, 0.09483467787504196
0.13254666328430176, 0.08693105727434158
0.12782138586044312, 0.03762955963611603
0.1757071167230606, 0.13729536533355713
0.239336758852005, 0.09521691501140594
0.14264526963233948, 0.10878708958625793
0.17467838525772095, 0.055927470326423645
0.1599312275648117, 0.06171806529164314
0.18215332925319672, 0.08422073721885681
0.16118232905864716, 0.03659496456384659
0.2762156128883362, 0.17677240073680878
0.2225888967514038, 0.06195497140288353
0.241371288895607, 0.16469284892082214
0.24606826901435852, 0.0893670916557312
0.2509004473686218, 0.06604733318090439
0.2931559085845947, 0.17088687419891357
0.24284683167934418, 0.06137509271502495
0.1576726734638214, 0.093344546854496
0.13478043675422668, 0.03465868532657623
0.1599496304988861, 0.058948714286088943
0.12427087873220444, 0.06475299596786499
0.12649200856685638, 0.056837476789951324
0.2641701102256775, 0.06972571462392807
0.22093918919563293, 0.0573330782353878
0.23636683821678162, 0.16474401950836182
0.1562650203704834, 0.04390756040811539
0.25358065962791443, 0.036204978823661804
0.1540793627500534, 0.09409388899803162
0.21404734253883362, 0.07199697196483612
0.2379552721977234, 0.11602994054555893
0.24774020910263062, 0.11379620432853699
0.22094914317131042, 0.105213962495327
0.2586825489997864, 0.11751393228769302
0.2804480791091919, 0.14545413851737976
0.18914219737052917, 0.09692838042974472
0.2787551283836365, 0.1179840937256813
0.21316665410995483, 0.08483212441205978
0.1446906477212906, 0.06502490490674973
0.2516237497329712, 0.08593752235174179
0.18194636702537537, 0.0515880361199379
0.16126301884651184, 0.03770362213253975
0.0989159643650055, 0.0543949156999588
0.12500068545341492, 0.010482453741133213
0.18268081545829773, 0.0528654009103775
0.2676903009414673, 0.11502630263566971
0.2127498984336853, 0.10516826808452606
0.22777999937534332, 0.1266835331916809
0.1999901980161667, 0.11886482685804367
0.2004137933254242, 0.045713745057582855
0.13976599276065826, 0.09622955322265625
0.18055613338947296, 0.09365542978048325
0.23643414676189423, 0.09621399641036987
0.2139936238527298, 0.16009213030338287
0.1297009289264679, 0.01439073495566845
0.1961173713207245, 0.03614462912082672
0.21066679060459137, 0.1718573123216629
0.16431817412376404, 0.03939644247293472
0.15540383756160736, 0.034786392003297806
0.08626887947320938, 0.03272395581007004
0.21715140342712402, 0.07746289670467377
0.2084166705608368, 0.06964443624019623
0.21720820665359497, 0.11053205281496048
0.14272180199623108, 0.08596652001142502
0.1714707463979721, 0.023138271644711494
0.18236182630062103, 0.0872252956032753
0.14272359013557434, 0.07107064127922058
0.10812577605247498, 0.04320909082889557
0.1692827045917511, 0.06991011649370193
0.20464247465133667, 0.056970540434122086
0.10689565539360046, 0.08066767454147339
0.14532947540283203, 0.10656493902206421
0.11651048064231873, 0.04151365906000137
0.18130159378051758, 0.07003030180931091
0.14836934208869934, 0.043904859572649
0.14562276005744934, 0.014860088005661964
0.1305065155029297, 0.06280625611543655
0.1187828779220581, 0.02974322997033596
0.13702401518821716, 0.06469057500362396
0.17762650549411774, 0.06903672963380814
0.177924245595932, 0.1368333399295807
0.19814078509807587, 0.06677767634391785
0.14479146897792816, 0.050841741263866425
0.13776671886444092, 0.047646794468164444
0.1840527355670929, 0.0772680938243866
0.2033763974905014, 0.12426941096782684
0.18889355659484863, 0.07177213579416275
0.1095525324344635, 0.034447081387043
0.1394895613193512, 0.09127749502658844
0.16460683941841125, 0.055844344198703766
0.12361586093902588, 0.06674440950155258
0.19058874249458313, 0.10656547546386719
0.25774338841438293, 0.02542688697576523
0.2650291323661804, 0.1494329869747162
0.2289969027042389, 0.16394837200641632
0.25037404894828796, 0.13629679381847382
0.26371288299560547, 0.10435133427381516
0.23325178027153015, 0.07723326981067657
0.1844533085823059, 0.08547654002904892
0.1216731071472168, 0.08102581650018692
0.2064967155456543, 0.0834699273109436
0.15769487619400024, 0.07515149563550949
0.17072530090808868, 0.034889839589595795
0.15325042605400085, 0.10069076716899872
0.23126929998397827, 0.06500470638275146
0.1645156741142273, 0.06757607311010361
0.1883050799369812, 0.07086291909217834
0.1566447913646698, 0.09350505471229553
0.13484863936901093, 0.09079048037528992
0.11770566552877426, 0.024040022864937782
0.22979141771793365, 0.16715309023857117
0.1636902540922165, 0.08106666803359985
0.21888139843940735, 0.10571886599063873
0.15007171034812927, 0.10387995094060898
0.15539073944091797, 0.035733193159103394
0.14980512857437134, 0.11071773618459702
0.23861642181873322, 0.10418660938739777
0.22499284148216248, 0.11680147796869278
0.12310736626386642, 0.011838703416287899
0.2058432400226593, 0.10098487883806229
0.14752066135406494, 0.07064570486545563
0.0753667801618576, 0.024964645504951477
0.153655543923378, 0.057370781898498535
0.16382497549057007, 0.09399333596229553
0.15744756162166595, 0.04694123938679695
0.12229633331298828, 0.016435733065009117
0.1566385179758072, 0.06562001258134842
0.2886348366737366, 0.14714474976062775
0.12703388929367065, 0.027172036468982697
0.2114935964345932, 0.10123198479413986
0.2647723853588104, 0.10751348733901978
0.22456112504005432, 0.10664311051368713
0.28050360083580017, 0.1881643682718277
0.25647732615470886, 0.08440938591957092
0.38509756326675415, 0.19270874559879303
0.3168852627277374, 0.12820343673229218
0.28664469718933105, 0.12575840950012207
0.24059416353702545, 0.07540568709373474
0.224355086684227, 0.0912686362862587
0.15571632981300354, 0.07083328068256378
0.1594027578830719, 0.05494223162531853
0.2087583839893341, 0.06068000942468643
0.21285223960876465, 0.15943315625190735
0.14684255421161652, 0.02997863106429577
0.2233296036720276, 0.04629071056842804
0.20969367027282715, 0.09572699666023254
0.13710840046405792, 0.035073842853307724
0.19169341027736664, 0.10495457053184509
0.1663547307252884, 0.07209935039281845
0.16370859742164612, 0.09443947672843933
0.15633821487426758, 0.038925908505916595
0.16372881829738617, 0.09719670563936234
0.2597714066505432, 0.12340880930423737
0.2025785893201828, 0.1310672163963318
0.18623000383377075, 0.051587190479040146
0.1107838898897171, 0.04338415339589119
0.12693539261817932, 0.06342624872922897
0.24986612796783447, 0.08911999315023422
0.13976100087165833, 0.09596782177686691
0.14746683835983276, 0.05358157306909561
0.14561766386032104, 0.08450335264205933
0.16996616125106812, 0.052762556821107864
0.22394245862960815, 0.11586334556341171
0.16962257027626038, 0.0670514702796936
0.12241657078266144, 0.026026476174592972
0.2530757784843445, 0.09423454850912094
0.19013822078704834, 0.09354103356599808
0.1148332953453064, 0.03804910182952881
0.13992546498775482, 0.090518519282341
0.22006221115589142, 0.08773688971996307
0.10874976962804794, 0.051216647028923035
0.22399203479290009, 0.13166125118732452
0.24563202261924744, 0.13198153674602509
0.34166449308395386, 0.16971029341220856
0.22368891537189484, 0.11783211678266525
0.23405826091766357, 0.1623983383178711
0.18705397844314575, 0.0682818815112114
0.10241854935884476, 0.04281333461403847
0.11989947408437729, 0.06922802329063416
0.2453322410583496, 0.0713210329413414
0.2241629809141159, 0.1266586184501648
0.21325530111789703, 0.15170828998088837
0.15724870562553406, 0.07945699244737625
0.16212338209152222, 0.061982639133930206
0.1891757994890213, 0.0778118297457695
0.14518500864505768, 0.03785737231373787
0.19848260283470154, 0.08913704752922058
0.06820793449878693, 0.02732570469379425
0.12092025578022003, 0.030809316784143448
0.13799718022346497, 0.0366901271045208
0.1285811811685562, 0.040135063230991364
0.09859945625066757, 0.01967538520693779
0.1712285578250885, 0.04719161614775658
0.19787484407424927, 0.09481964260339737
0.15544188022613525, 0.081013523042202
0.18535616993904114, 0.05817059800028801
0.19656097888946533, 0.13601531088352203
0.14774975180625916, 0.03054063580930233
0.2507566213607788, 0.11030282825231552
0.20141449570655823, 0.14343011379241943
0.13498461246490479, 0.03903264179825783
0.11184651404619217, 0.057076629251241684
0.14439985156059265, 0.0579863041639328
0.1639401912689209, 0.0691813975572586
0.22128883004188538, 0.0897248163819313
0.23819217085838318, 0.08619718253612518
0.15116244554519653, 0.07161889225244522
0.2743053436279297, 0.08137209713459015
0.15242716670036316, 0.0525367371737957
0.12145312875509262, 0.043496206402778625
0.15109458565711975, 0.09110218286514282
0.16267997026443481, 0.0683743804693222
0.11124983429908752, 0.050210755318403244
0.20441003143787384, 0.0706651359796524
0.09073444455862045, 0.04219549894332886
0.1797681450843811, 0.09924382716417313
0.21927668154239655, 0.06126655638217926
0.24504761397838593, 0.14687411487102509
0.17691703140735626, 0.10791708528995514
0.1774177849292755, 0.08584707230329514
0.11886322498321533, 0.022151939570903778
0.16153758764266968, 0.09977617859840393
0.16091755032539368, 0.06744465231895447
0.08380357921123505, 0.05632086098194122
0.1698860228061676, 0.11245550960302353
0.13555744290351868, 0.09011352807283401
0.1776513010263443, 0.05884388089179993
0.23572677373886108, 0.08271656930446625
0.1611717939376831, 0.05635030195116997
0.14463666081428528, 0.09098904579877853
0.20812854170799255, 0.09633488208055496
0.19733276963233948, 0.11843883246183395
0.16483193635940552, 0.06111402437090874
0.12356621026992798, 0.08387334644794464
0.17345330119132996, 0.10120058804750443
0.1540881097316742, 0.09918196499347687
0.1562868356704712, 0.03123159147799015
0.1050071194767952, 0.043010734021663666
0.12006910145282745, 0.026997629553079605
0.1123693436384201, 0.05913134664297104
0.15991447865962982, 0.1031414344906807
0.17719031870365143, 0.10280773788690567
0.16284695267677307, 0.1589578092098236
0.07838012278079987, 0.026117339730262756
0.162923201918602, 0.06909868866205215
0.13709436357021332, 0.051919013261795044
0.19574645161628723, 0.1113814264535904
0.2529415488243103, 0.1265004277229309
0.3122432231903076, 0.08482993394136429
0.28244146704673767, 0.13153856992721558
0.2559191882610321, 0.1553063839673996
0.3276832103729248, 0.15261061489582062
0.24393928050994873, 0.137501522898674
0.25181639194488525, 0.17410939931869507
0.26802587509155273, 0.17535704374313354
0.26132553815841675, 0.19277361035346985
0.15560123324394226, 0.13537290692329407
0.2221626192331314, 0.1700882613658905
0.20555990934371948, 0.14570294320583344
0.1432400792837143, 0.10141810029745102
0.18180392682552338, 0.04355677589774132
0.16255414485931396, 0.06867608428001404
0.16518408060073853, 0.04637857526540756
0.10538636147975922, 0.03901026397943497
0.13834255933761597, 0.10172306001186371
0.2429484724998474, 0.14020033180713654
0.12245651334524155, 0.031220192089676857
0.1532059907913208, 0.04631376639008522
0.07565619051456451, 0.01889909990131855
0.197515070438385, 0.12138576060533524
0.17783556878566742, 0.08516322076320648
0.18802320957183838, 0.04638258367776871
0.13694798946380615, 0.05191945284605026
0.21467575430870056, 0.08148862421512604
0.13959717750549316, 0.124982088804245
0.331464022397995, 0.1697801649570465
0.31648367643356323, 0.16524216532707214
0.20695683360099792, 0.1528356522321701
0.2051217257976532, 0.06556225568056107
0.20014195144176483, 0.1037910059094429
0.23963487148284912, 0.10348574072122574
0.10071396827697754, 0.030030876398086548
0.18645350635051727, 0.11028016358613968
0.1972644329071045, 0.11764925718307495
0.17982733249664307, 0.06555824726819992
0.23403950035572052, 0.11698368191719055
0.2263328731060028, 0.11220599710941315
0.11661458760499954, 0.029566796496510506
0.15807750821113586, 0.046343233436346054
0.2180560976266861, 0.15445576608181
0.1969272345304489, 0.10757797956466675
0.12055772542953491, 0.03138403594493866
0.1538640260696411, 0.10486308485269547
0.1717032790184021, 0.07553161680698395
0.12054271996021271, 0.0350562147796154
0.2345268726348877, 0.15090885758399963
0.23423591256141663, 0.21474429965019226
0.14453807473182678, 0.07912980020046234
0.12084265798330307, 0.030249107629060745
0.11650615185499191, 0.07508429884910583
0.251021146774292, 0.12812258303165436
0.21698212623596191, 0.11885283887386322
0.1535029411315918, 0.03382731229066849
0.2903023660182953, 0.12554293870925903
0.22901882231235504, 0.13496047258377075
0.16767430305480957, 0.01886882074177265
0.06086764112114906, 0.02781413495540619
0.09007157385349274, 0.04508110135793686
0.19615009427070618, 0.0782470628619194
0.23380646109580994, 0.14833450317382812
0.19377559423446655, 0.13640321791172028
0.17292876541614532, 0.04739004746079445
0.16711314022541046, 0.09212348610162735
0.2567119002342224, 0.17758981883525848
0.23561328649520874, 0.10713747143745422
0.27729180455207825, 0.10448341816663742
0.1076250970363617, 0.031134499236941338
0.20334546267986298, 0.033452365547418594
0.15365983545780182, 0.11706637591123581
0.17276577651500702, 0.08571012318134308
0.20326772332191467, 0.19155561923980713
0.134229838848114, 0.06529044359922409
0.13803476095199585, 0.03990142047405243
0.19302915036678314, 0.09678097069263458
0.2388409972190857, 0.07210366427898407
0.12700694799423218, 0.06727446615695953
0.09610483050346375, 0.04317605495452881
0.1942431628704071, 0.11126387119293213
0.176255002617836, 0.05500282347202301
0.16106769442558289, 0.057534508407115936
0.25610023736953735, 0.0977201983332634
0.3181320130825043, 0.21090637147426605
0.17155620455741882, 0.09459582716226578
0.14618946611881256, 0.07554903626441956
0.22685126960277557, 0.11569637805223465
0.19039244949817657, 0.04507988691329956
0.10812453925609589, 0.06580488383769989
0.16847263276576996, 0.07987504452466965
0.20656722784042358, 0.049934063106775284
0.17716218531131744, 0.06983472406864166
0.08718116581439972, 0.008674005046486855
0.11378387361764908, 0.023060452193021774
0.10872603952884674, 0.04433959722518921
0.09904320538043976, 0.03362540155649185
0.09747595340013504, 0.04609652981162071
0.11387009173631668, 0.019443949684500694
0.23516333103179932, 0.10587754845619202
0.14719991385936737, 0.06091231107711792
0.13069802522659302, 0.06231243908405304
0.10508839786052704, 0.034101374447345734
0.13908417522907257, 0.0451013520359993
0.08942005038261414, 0.05358260124921799
0.15142472088336945, 0.04964015260338783
0.14077229797840118, 0.048307083547115326
0.10608436167240143, 0.041679512709379196
0.18185770511627197, 0.055830132216215134
0.27837008237838745, 0.24013756215572357
0.2422671914100647, 0.09677603095769882
0.17504385113716125, 0.07623256742954254
0.2962367534637451, 0.19941416382789612
0.15249061584472656, 0.09572754800319672
0.15501195192337036, 0.12198103219270706
0.10167406499385834, 0.0159728042781353
0.23972079157829285, 0.10028234869241714
0.1490515172481537, 0.07308467477560043
0.11692778021097183, 0.06581956148147583
0.16835761070251465, 0.06750380992889404
0.15432927012443542, 0.052519023418426514
0.15727505087852478, 0.11951371282339096
0.20544996857643127, 0.08258838206529617
0.19926506280899048, 0.10315967351198196
0.18409255146980286, 0.09120471030473709
0.10924014449119568, 0.04756750911474228
0.19283103942871094, 0.07336912304162979
0.1379144787788391, 0.07898513227701187
0.09045155346393585, 0.03580887243151665
0.13535082340240479, 0.03955928236246109
0.08950064331293106, 0.03666464611887932
0.13763076066970825, 0.0689275935292244
0.15916451811790466, 0.0515824556350708
0.2781696915626526, 0.10145404189825058
0.28839170932769775, 0.17300644516944885
0.18766729533672333, 0.09942015260457993
0.145918071269989, 0.10574037581682205
0.17289435863494873, 0.0933585911989212
0.1580394208431244, 0.07260331511497498
0.19954830408096313, 0.057473842054605484
0.1201690062880516, 0.055388160049915314
0.16803735494613647, 0.02915380708873272
0.07046099752187729, 0.0150150116533041
0.12147048860788345, 0.028859494253993034
0.1136317104101181, 0.05653820559382439
0.14571627974510193, 0.03105081617832184
0.09415408968925476, 0.02439149096608162
0.0940081849694252, 0.01869697868824005
0.14127272367477417, 0.05838698893785477
0.21633189916610718, 0.08750880509614944
0.1498195230960846, 0.1036435216665268
0.1582375466823578, 0.05258597061038017
0.10949833691120148, 0.03634951263666153
0.11753694713115692, 0.02966717816889286
0.2785167694091797, 0.12943501770496368
0.16640368103981018, 0.0878317803144455
0.09059272706508636, 0.035523708909749985
0.1243705153465271, 0.06126616895198822
0.17500397562980652, 0.1885785311460495
0.16746526956558228, 0.054650433361530304
0.08219894766807556, 0.022954676300287247
0.14348991215229034, 0.1511620134115219
0.14343540370464325, 0.04085572436451912
0.1760897934436798, 0.07153309881687164
0.14698642492294312, 0.050832271575927734
0.17041805386543274, 0.09049130231142044
0.2353142499923706, 0.06105412542819977
0.20085926353931427, 0.04845843464136124
0.159830242395401, 0.05479280278086662
0.1166122555732727, 0.08557946234941483
0.2498888075351715, 0.11252535879611969
0.23003950715065002, 0.03130234032869339
0.18689002096652985, 0.03242647275328636
0.173071950674057, 0.063799649477005
0.11234001070261002, 0.07457568496465683
0.18588826060295105, 0.12563836574554443
0.13285711407661438, 0.022352878004312515
0.20925506949424744, 0.07345624268054962
0.132457435131073, 0.05529662221670151
0.07927625626325607, 0.047765281051397324
0.10805948823690414, 0.06417221575975418
0.13995064795017242, 0.032953761518001556
0.16802524030208588, 0.06981894373893738
0.24283848702907562, 0.13134896755218506
0.12913298606872559, 0.0508238822221756
0.1536380648612976, 0.10875210165977478
0.13355492055416107, 0.07121703028678894
0.2315049171447754, 0.1539539098739624
0.17009776830673218, 0.06827733665704727
0.1594902127981186, 0.06522535532712936
0.17812800407409668, 0.11564263701438904
0.24134549498558044, 0.09582614153623581
0.25007858872413635, 0.09077378362417221
0.18211694061756134, 0.08075936883687973
0.15399229526519775, 0.10208813846111298
0.16869738698005676, 0.053547121584415436
0.1235416829586029, 0.045798517763614655
0.20177417993545532, 0.12058130651712418
0.17103588581085205, 0.059658367186784744
0.0850769430398941, 0.03017941489815712
0.16367514431476593, 0.0539528913795948
0.14808645844459534, 0.07370282709598541
0.1065572127699852, 0.07351184636354446
0.12485488504171371, 0.04839227348566055
0.12149888277053833, 0.10672210156917572
0.10901246964931488, 0.04627330228686333
0.14014273881912231, 0.030878916382789612
0.15391670167446136, 0.07069465517997742
0.1701759248971939, 0.08205387741327286
0.1888587772846222, 0.11350046843290329
0.2720724642276764, 0.09871387481689453
0.29177144169807434, 0.15842604637145996
0.19637523591518402, 0.06946913152933121
0.20038080215454102, 0.06861475855112076
0.3269069790840149, 0.16120746731758118
0.3382658362388611, 0.15512989461421967
0.30685675144195557, 0.1200467124581337
0.22615057229995728, 0.09088369458913803
0.2925257980823517, 0.1871608942747116
0.31780874729156494, 0.17391037940979004
0.2422328144311905, 0.0783592164516449
0.2070828676223755, 0.17035716772079468
0.22766239941120148, 0.146937295794487
0.18895938992500305, 0.16546547412872314
0.10731479525566101, 0.041051317006349564
0.19586323201656342, 0.08840407431125641
0.15949594974517822, 0.11572620272636414
0.1772361397743225, 0.0669475793838501
0.10833476483821869, 0.019404247403144836
0.16898177564144135, 0.0574553981423378
0.09734227508306503, 0.060647152364254
0.11940155923366547, 0.05499082803726196
0.09470903873443604, 0.022807084023952484
0.12198308110237122, 0.04054468497633934
0.06062629446387291, 0.050297483801841736
0.12383118271827698, 0.02971723861992359
0.1112164556980133, 0.06754893064498901
0.13105639815330505, 0.05289395898580551
0.15282762050628662, 0.07258114963769913
0.1588994711637497, 0.051511507481336594
0.1445779800415039, 0.09146662056446075
0.08302007615566254, 0.027585746720433235
0.16195133328437805, 0.09496325254440308
0.13733230531215668, 0.05134221166372299
0.17742331326007843, 0.026752006262540817
0.10188111662864685, 0.03854047507047653
0.2164994776248932, 0.11177884042263031
0.13889220356941223, 0.06774131208658218
0.23822665214538574, 0.14687012135982513
0.1168573871254921, 0.03450733795762062
0.19541147351264954, 0.13394050300121307
0.21740369498729706, 0.08304392546415329
0.19090375304222107, 0.1398553103208542
0.13431911170482635, 0.10193391889333725
0.20683543384075165, 0.08692427724599838
0.1936282217502594, 0.10109563916921616
0.08786050975322723, 0.038711030036211014
0.21567431092262268, 0.04290023818612099
0.22112494707107544, 0.09620293974876404
0.23251906037330627, 0.0586022324860096
0.24786271154880524, 0.17195925116539001
0.17023833096027374, 0.08344247192144394
0.14079654216766357, 0.0530439130961895
0.2262665331363678, 0.10980992764234543
0.14762049913406372, 0.029898904263973236
0.18391172587871552, 0.11765192449092865
0.0903177484869957, 0.05088287591934204
0.16178984940052032, 0.04212149605154991
0.326695054769516, 0.10167586803436279
0.20637710392475128, 0.11764360964298248
0.2511198818683624, 0.12237095087766647
0.21925358474254608, 0.15015895664691925
0.3003827929496765, 0.15278969705104828
0.24075113236904144, 0.08679928630590439
0.17232191562652588, 0.06886973232030869
0.17926248908042908, 0.033490195870399475
0.20204198360443115, 0.05608826503157616
0.15369562804698944, 0.13585978746414185
0.07959741353988647, 0.02061040699481964
0.1272120475769043, 0.12111666053533554
0.12162461131811142, 0.027975425124168396
0.16089901328086853, 0.0426272414624691
0.0943082720041275, 0.0494634248316288
0.0848502665758133, 0.022141948342323303
0.09921074658632278, 0.0384608693420887
0.12925490736961365, 0.061090510338544846
0.20079660415649414, 0.05093324929475784
0.2108459770679474, 0.09675546735525131
0.2315281480550766, 0.09325201064348221
0.1903255730867386, 0.04860759526491165
0.13758283853530884, 0.03226300701498985
0.2634257674217224, 0.1125551238656044
0.22678081691265106, 0.17957700788974762
0.1815950572490692, 0.08482377976179123
0.1448098123073578, 0.08049057424068451
0.17236614227294922, 0.07688472419977188
0.21224835515022278, 0.11592268198728561
0.1381547749042511, 0.06346142292022705
0.2262043058872223, 0.15605346858501434
0.1914149969816208, 0.05401884391903877
0.14881804585456848, 0.059308089315891266
0.20867478847503662, 0.09194550663232803
0.23275354504585266, 0.10354812443256378
0.09582237154245377, 0.0039863367564976215
0.21599388122558594, 0.08249357342720032
0.11865807324647903, 0.05470944195985794
0.19591200351715088, 0.06165723502635956
0.11826848983764648, 0.05402331054210663
0.13267235457897186, 0.0562102347612381
0.2527132034301758, 0.08234774321317673
0.12708266079425812, 0.0260003749281168
0.10286042839288712, 0.043086063116788864
0.10224302113056183, 0.028461087495088577
0.0939062237739563, 0.016620561480522156
0.16695690155029297, 0.09057331085205078
0.17476999759674072, 0.08095152676105499
0.10258176922798157, 0.03503310680389404
0.06235763430595398, 0.017686644569039345
0.16010499000549316, 0.045942697674036026
0.09255914390087128, 0.030629055574536324
0.11583086848258972, 0.08522098511457443
0.25717368721961975, 0.13280558586120605
0.12519003450870514, 0.05209289863705635
0.18261873722076416, 0.1303343027830124
0.2033344954252243, 0.10561801493167877
0.19913065433502197, 0.10446557402610779
0.159285306930542, 0.08232057094573975
0.17549073696136475, 0.1296575963497162
0.3093107044696808, 0.14659112691879272
0.12547644972801208, 0.08069232851266861
0.23071928322315216, 0.08767792582511902
0.24492225050926208, 0.10392570495605469
0.15074583888053894, 0.12472904473543167
0.10759927332401276, 0.07965739071369171
0.13470563292503357, 0.04391687735915184
0.12874826788902283, 0.0840425044298172
0.11362162977457047, 0.06262793391942978
0.12981049716472626, 0.045499786734580994
0.10678498446941376, 0.012986310757696629
0.21793290972709656, 0.0841459110379219
0.09821521490812302, 0.03583357483148575
0.13373792171478271, 0.037852898240089417
0.06965520977973938, 0.020169276744127274
0.1835724115371704, 0.03946439549326897
0.21103692054748535, 0.08679031580686569
0.09062906354665756, 0.04168317839503288
0.08870187401771545, 0.026641087606549263
0.15018798410892487, 0.04616105929017067
0.2160300612449646, 0.13865749537944794
0.09646956622600555, 0.014923636801540852
0.16175740957260132, 0.04851996526122093
0.16407614946365356, 0.07648555189371109
0.1739501953125, 0.030894266441464424
0.10812553763389587, 0.025068869814276695
0.09717820584774017, 0.014363504014909267
0.1776450276374817, 0.06950034201145172
0.18751901388168335, 0.07680527865886688
0.09442862123250961, 0.046440333127975464
0.2221507579088211, 0.10031488537788391
0.10261482000350952, 0.03349873051047325
0.2403666079044342, 0.12712541222572327
0.15786072611808777, 0.10699611157178879
0.2383735179901123, 0.13842064142227173
0.14739099144935608, 0.03978381305932999
0.17772500216960907, 0.10626343637704849
0.1793772280216217, 0.13341565430164337
0.1615498960018158, 0.07086224853992462
0.1939064860343933, 0.20725716650485992
0.17078262567520142, 0.07500296831130981
0.08534197509288788, 0.03975353017449379
0.1744690090417862, 0.054121892899274826
0.25858432054519653, 0.10980132222175598
0.21819399297237396, 0.04348728805780411
0.3054931163787842, 0.09596405923366547
0.3100683093070984, 0.12828007340431213
0.17548969388008118, 0.07978363335132599
0.17322979867458344, 0.06260955333709717
0.2186337560415268, 0.0645349845290184
0.11134299635887146, 0.0364670567214489
0.15277665853500366, 0.048686809837818146
0.0821131020784378, 0.0259879007935524
0.15116865932941437, 0.12086828052997589
0.08741439878940582, 0.020631354302167892
0.1277191936969757, 0.08435843884944916
0.18123507499694824, 0.07454364746809006
0.08104565739631653, 0.016524387523531914
0.14111998677253723, 0.04917679354548454
0.11504097282886505, 0.03536926582455635
0.1904333233833313, 0.12020249664783478
0.1096380203962326, 0.09429250657558441
0.10050380229949951, 0.020402276888489723
0.0875634253025055, 0.037018075585365295
0.09852829575538635, 0.05915410444140434
0.12139734625816345, 0.04664507135748863
0.16078536212444305, 0.08625690639019012
0.19875401258468628, 0.10652772337198257
0.11709281802177429, 0.05718255415558815
0.25549936294555664, 0.10082826763391495
0.14098507165908813, 0.03917325288057327
0.20456407964229584, 0.08314897865056992
0.14327701926231384, 0.029795119538903236
0.09503991156816483, 0.018276462331414223
0.20369300246238708, 0.05257420614361763
0.16483396291732788, 0.03896811604499817
0.07418255507946014, 0.02271893247961998
0.1701401323080063, 0.05471213534474373
0.1105794906616211, 0.10645219683647156
0.13794156908988953, 0.07083973288536072
0.31977689266204834, 0.059005990624427795
0.11313652992248535, 0.017060721293091774
0.18034455180168152, 0.0986897349357605
0.13044989109039307, 0.04451818764209747
0.0905492976307869, 0.07144774496555328
0.18863585591316223, 0.07230063527822495
0.14712005853652954, 0.09986256808042526
0.24037599563598633, 0.11795429140329361
0.14695000648498535, 0.04358621686697006
0.11529983580112457, 0.04576321691274643
0.14523330330848694, 0.10869170725345612
0.08046532422304153, 0.026943951845169067
0.1474999189376831, 0.05289352685213089
0.12856963276863098, 0.08157520741224289
0.10433866083621979, 0.02723035402595997
0.14407658576965332, 0.047676634043455124
0.15834614634513855, 0.03199095278978348
0.12529708445072174, 0.08463895320892334
0.18634097278118134, 0.1089598685503006
0.08173373341560364, 0.04085656255483627
0.11691688001155853, 0.04248267412185669
0.17834538221359253, 0.05558619648218155
0.199517160654068, 0.020715530961751938
0.1670868694782257, 0.072788767516613
0.16980580985546112, 0.10344744473695755
0.21179023385047913, 0.07616132497787476
0.19153781235218048, 0.10370498150587082
0.2048783302307129, 0.11439532786607742
0.18820950388908386, 0.11928249150514603
0.08944302797317505, 0.03380958363413811
0.1019301638007164, 0.014435714110732079
0.18585044145584106, 0.00885249488055706
0.13742923736572266, 0.09782974421977997
0.14683528244495392, 0.08728377521038055
0.1181798055768013, 0.051704246550798416
0.1312943398952484, 0.05927665904164314
0.13885974884033203, 0.07328221946954727
0.1948336958885193, 0.06467671692371368
0.24418549239635468, 0.11664300411939621
0.19300362467765808, 0.07152876257896423
0.07482881844043732, 0.04892466589808464
0.09784194827079773, 0.04278862848877907
0.22053378820419312, 0.09813535213470459
0.17119356989860535, 0.06418582051992416
0.17575936019420624, 0.11072877794504166
0.13894742727279663, 0.11490671336650848
0.12257017195224762, 0.04094028100371361
0.15456946194171906, 0.07811012864112854
0.2600554823875427, 0.11421620845794678
0.22919973731040955, 0.16639485955238342
0.13869106769561768, 0.041547659784555435
0.2272219955921173, 0.11188900470733643
0.17345190048217773, 0.054088789969682693
0.21259798109531403, 0.0533563457429409
0.1465732753276825, 0.05069843307137489
0.19749686121940613, 0.09331046044826508
0.17038148641586304, 0.11083939671516418
0.16820374131202698, 0.0793629065155983
0.18315346539020538, 0.08803873509168625
0.17876100540161133, 0.09997006505727768
0.17104296386241913, 0.08775809407234192
0.3041274845600128, 0.12934941053390503
0.22599482536315918, 0.09493711590766907
0.22505879402160645, 0.07476837933063507
0.15983229875564575, 0.03621421381831169
0.15406204760074615, 0.07112083584070206
0.1577770709991455, 0.04801659286022186
0.16919977962970734, 0.051900316029787064
0.16134916245937347, 0.04914874956011772
0.289266973733902, 0.1065496951341629
0.25683021545410156, 0.123680479824543
0.16228502988815308, 0.05109821632504463
0.1553695648908615, 0.10862355679273605
0.18978959321975708, 0.11649273335933685
0.13120460510253906, 0.06749379634857178
0.08947249501943588, 0.0389849878847599
0.14044231176376343, 0.04282720759510994
0.2132408171892166, 0.03263743221759796
0.08191561698913574, 0.04338708892464638
0.1138165295124054, 0.08619184046983719
0.14613071084022522, 0.07944315671920776
0.19596002995967865, 0.06984001398086548
0.06932371854782104, 0.022155066952109337
0.13204190135002136, 0.0333561897277832
0.1475878804922104, 0.0915028378367424
0.15440692007541656, 0.021364986896514893
0.11085400730371475, 0.039375171065330505
0.1337580382823944, 0.07426205277442932
0.15661253035068512, 0.12509144842624664
0.09851962327957153, 0.037175942212343216
0.20090171694755554, 0.11464444547891617
0.21292610466480255, 0.15535029768943787
0.22951367497444153, 0.09127595275640488
0.14180263876914978, 0.05100281536579132
0.15190698206424713, 0.07062996923923492
0.1675875335931778, 0.06588143110275269
0.16696128249168396, 0.07569229602813721
0.21945291757583618, 0.08866940438747406
0.14603444933891296, 0.04976469278335571
0.19149407744407654, 0.15506187081336975
0.19349265098571777, 0.0909014344215393
0.2003665417432785, 0.20058342814445496
0.18411478400230408, 0.1342429518699646
0.11581642180681229, 0.06970983743667603
0.11713553965091705, 0.030176261439919472
0.13884738087654114, 0.02780749276280403
0.1844598352909088, 0.08180773258209229
0.17709776759147644, 0.05570041015744209
0.15110766887664795, 0.04239586740732193
0.09370949864387512, 0.040949609130620956
0.2029363214969635, 0.08738100528717041
0.15954264998435974, 0.10708580166101456
0.10295470058917999, 0.05147591605782509
0.14028607308864594, 0.06267151981592178
0.14333997666835785, 0.042029377073049545
0.15526413917541504, 0.09669523686170578
0.1815928816795349, 0.0729089304804802
0.21882717311382294, 0.08710789680480957
0.29282253980636597, 0.12578381597995758
0.13605773448944092, 0.07180391252040863
0.2731519937515259, 0.12978409230709076
0.3021869957447052, 0.14539064466953278
0.1890886127948761, 0.08807918429374695
0.13804391026496887, 0.09887639433145523
0.24581602215766907, 0.11587280035018921
0.26897335052490234, 0.2198372334241867
0.2556478679180145, 0.09872373193502426
0.18969334661960602, 0.0905103087425232
0.09014130383729935, 0.02911769226193428
0.17903736233711243, 0.052528802305459976
0.1695273369550705, 0.07924315333366394
0.11542387306690216, 0.053644903004169464
0.1853942722082138, 0.1097637489438057
0.13619892299175262, 0.06058512255549431
0.10694153606891632, 0.048587169498205185
0.19220472872257233, 0.08622084558010101
0.19991979002952576, 0.10660315304994583
0.2171047478914261, 0.10080847889184952
0.1715286374092102, 0.06853543221950531
0.18953105807304382, 0.06981028616428375
0.145981565117836, 0.07985056936740875
0.1400897055864334, 0.11259586364030838
0.08797599375247955, 0.043305397033691406
0.11119813472032547, 0.030432945117354393
0.1805841326713562, 0.060325317084789276
0.22743715345859528, 0.1952785849571228
0.2740258574485779, 0.20553503930568695
0.2764875590801239, 0.09167586266994476
0.3399924635887146, 0.22102972865104675
0.28566092252731323, 0.1274966448545456
0.27589526772499084, 0.03449365124106407
0.1874828338623047, 0.08491306751966476
0.1902429163455963, 0.10679563879966736
0.23717033863067627, 0.1758251041173935
0.3550873398780823, 0.17153188586235046
0.3144204020500183, 0.14692267775535583
0.09460107982158661, 0.04452476650476456
0.18480992317199707, 0.08299478888511658
0.23658941686153412, 0.13257405161857605
0.20826338231563568, 0.07875613123178482
0.21744325757026672, 0.17218130826950073
0.15907078981399536, 0.08909880369901657
0.08768406510353088, 0.03834807500243187
0.11552247405052185, 0.06518927961587906
0.1311766356229782, 0.10159298032522202
0.15842725336551666, 0.050369177013635635
0.11406257003545761, 0.07093289494514465
0.11541923880577087, 0.09266925603151321
0.11732351779937744, 0.06359520554542542
0.12950804829597473, 0.030594058334827423
0.14105257391929626, 0.05997948348522186
0.1390712410211563, 0.058308202773332596
0.25144991278648376, 0.1633399873971939
0.2859501838684082, 0.1617865264415741
0.11821126192808151, 0.05436522886157036
0.20404814183712006, 0.06998216360807419
0.20857612788677216, 0.09951888769865036
0.14314840734004974, 0.10945813357830048
0.09472478926181793, 0.025848744437098503
0.20593327283859253, 0.07673850655555725
0.14926481246948242, 0.0802803635597229
0.16549807786941528, 0.08183231949806213
0.18633675575256348, 0.07423166185617447
0.17627105116844177, 0.09453675895929337
0.15485909581184387, 0.059824373573064804
0.17470917105674744, 0.036847759038209915
0.06253127753734589, 0.030703777447342873
0.17285212874412537, 0.08927679806947708
0.1835078001022339, 0.09916511923074722
0.3184073567390442, 0.045314885675907135
0.1504380702972412, 0.05347313731908798
0.19501134753227234, 0.08699212968349457
0.10555490851402283, 0.07205426692962646
0.14316070079803467, 0.033480603247880936
0.14533039927482605, 0.05673934891819954
0.31426024436950684, 0.0697655901312828
0.23720192909240723, 0.11856456100940704
0.17125722765922546, 0.042691003531217575
0.14119964838027954, 0.043734900653362274
0.1850593239068985, 0.07624160498380661
0.1910749077796936, 0.0688483864068985
0.1631069928407669, 0.11434325575828552
0.1306300014257431, 0.07842960208654404
0.1756097376346588, 0.09637801349163055
0.17825102806091309, 0.06132078915834427
0.18733972311019897, 0.1419161856174469
0.16054891049861908, 0.04980435222387314
0.08475799858570099, 0.05327138304710388
0.1286262571811676, 0.04671100527048111
0.19231027364730835, 0.08419819921255112
0.17379698157310486, 0.09846138954162598
0.167122945189476, 0.03298833593726158
0.08614350855350494, 0.04253706336021423
0.17017486691474915, 0.060686443001031876
0.059401318430900574, 0.013063996098935604
0.20947204530239105, 0.032913364470005035
0.13825197517871857, 0.05060167983174324
0.16610968112945557, 0.06184446066617966
0.0959276407957077, 0.03557289019227028
0.11148818582296371, 0.05776045471429825
0.1588817983865738, 0.03343605622649193
0.11935733258724213, 0.025311557576060295
0.12570467591285706, 0.054497960954904556
0.18190094828605652, 0.09333112835884094
0.1405380368232727, 0.03130954131484032
0.19821780920028687, 0.08465732634067535
0.1581439971923828, 0.05225919559597969
0.13265657424926758, 0.03984849527478218
0.1808900684118271, 0.12448485940694809
0.15907998383045197, 0.08625885099172592
0.1656527817249298, 0.06828682124614716
0.10766538977622986, 0.02089344523847103
0.146294504404068, 0.04015735536813736
0.14537778496742249, 0.06570050865411758
0.16947230696678162, 0.05979036167263985
0.12963339686393738, 0.03674105182290077
0.2642788290977478, 0.07697947323322296
0.16786301136016846, 0.15981176495552063
0.2625698447227478, 0.11582396179437637
0.16093510389328003, 0.10260391235351562
0.1566338688135147, 0.10865829885005951
0.22715620696544647, 0.09717205911874771
0.18058136105537415, 0.09878188371658325
0.1564244031906128, 0.0841260552406311
0.08934405446052551, 0.01913277804851532
0.13359153270721436, 0.07612399011850357
0.11843329668045044, 0.024638036265969276
0.14737659692764282, 0.09001770615577698
0.09974111616611481, 0.043987683951854706
0.09954433888196945, 0.04586011543869972
0.14561748504638672, 0.06679665297269821
0.11755780130624771, 0.08100557327270508
0.11045792698860168, 0.06870344281196594
0.1446477323770523, 0.042598992586135864
0.20837298035621643, 0.06229012459516525
0.10446644574403763, 0.06222153082489967
0.10369689762592316, 0.060981061309576035
0.18415513634681702, 0.07474236190319061
0.2081560343503952, 0.11366724222898483
0.2524052858352661, 0.10701510310173035
0.31671497225761414, 0.1852460503578186
0.12167984992265701, 0.07431701570749283
0.23777855932712555, 0.09956778585910797
0.27992573380470276, 0.11633079499006271
0.18016575276851654, 0.108705535531044
0.17673689126968384, 0.1299942582845688
0.2329399138689041, 0.13730952143669128
0.20346614718437195, 0.09437238425016403
0.18791061639785767, 0.10732872784137726
0.16574710607528687, 0.07897287607192993
0.25439977645874023, 0.13877937197685242
0.24972718954086304, 0.08272899687290192
0.1749226599931717, 0.14915898442268372
0.2130717635154724, 0.1096472516655922
0.2814555764198303, 0.1671631783246994
0.0754699781537056, 0.031292758882045746
0.13637380301952362, 0.09179547429084778
0.12033478915691376, 0.023872412741184235
0.14043256640434265, 0.06274356693029404
0.09796284139156342, 0.04533258453011513
0.08267490565776825, 0.02922051213681698
0.08759414404630661, 0.04168448597192764
0.201773539185524, 0.17188507318496704
0.1351788192987442, 0.08215169608592987
0.11739317327737808, 0.09824837744235992
0.23378171026706696, 0.12278969585895538
0.20942369103431702, 0.08710528165102005
0.11788592487573624, 0.009323358535766602
0.19524919986724854, 0.08632480353116989
0.19312989711761475, 0.09597485512495041
0.19824214279651642, 0.03970613330602646
0.23215267062187195, 0.07458347082138062
0.17308393120765686, 0.06308606266975403
0.17075951397418976, 0.04791731759905815
0.09705808758735657, 0.03300837427377701
0.20749112963676453, 0.09084907174110413
0.1411750316619873, 0.07458709180355072
0.06839422881603241, 0.031220270320773125
0.1429101675748825, 0.03914347663521767
0.32961365580558777, 0.05479620397090912
0.2902666926383972, 0.09306161850690842
0.30025583505630493, 0.12975002825260162
0.2725480794906616, 0.13878284394741058
0.12263482809066772, 0.032192960381507874
0.2806316614151001, 0.15095797181129456
0.23338626325130463, 0.07584154605865479
0.17560818791389465, 0.13427332043647766
0.16867251694202423, 0.09372559189796448
0.18519631028175354, 0.09339921921491623
0.17757925391197205, 0.049772534519433975
0.2206626832485199, 0.09228546917438507
0.2732686400413513, 0.142471045255661
0.275738388299942, 0.11932411044836044
0.17211459577083588, 0.16744618117809296
0.1915290206670761, 0.09078876674175262
0.16938447952270508, 0.09527634084224701
0.28711575269699097, 0.11101222038269043
0.09305676072835922, 0.05240945890545845
0.17811007797718048, 0.13005203008651733
0.23778274655342102, 0.13325677812099457
0.08897920697927475, 0.03755989670753479
0.13054871559143066, 0.0704115778207779
0.06217169389128685, 0.012331344187259674
0.11504188179969788, 0.04891908913850784
0.07180549204349518, 0.012103297747671604
0.11137855798006058, 0.07213695347309113
0.1617221087217331, 0.08237127959728241
0.252827525138855, 0.084405317902565
0.17275485396385193, 0.12205085158348083
0.20524553954601288, 0.05703955516219139
0.24103567004203796, 0.12994728982448578
0.2066858559846878, 0.12395977228879929
0.259954035282135, 0.1862347424030304
0.19727852940559387, 0.10411597043275833
0.10211342573165894, 0.046693045645952225
0.16727708280086517, 0.0714198648929596
0.21455910801887512, 0.17653952538967133
0.2981770932674408, 0.07720504701137543
0.20512351393699646, 0.15036222338676453
0.18952521681785583, 0.12329898774623871
0.2646309435367584, 0.02843969315290451
0.27046966552734375, 0.18029971420764923
0.25905734300613403, 0.1708785742521286
0.23516763746738434, 0.0387430302798748
0.14287251234054565, 0.06545841693878174
0.1705494523048401, 0.07359609007835388
0.17864680290222168, 0.05398033559322357
0.10233259201049805, 0.06221551075577736
0.1107492446899414, 0.035587623715400696
0.11614018678665161, 0.07436824589967728
0.12782272696495056, 0.05990965664386749
0.11152863502502441, 0.03206794708967209
0.08959020674228668, 0.049584999680519104
0.1528088003396988, 0.03236687183380127
0.13523773849010468, 0.08539777994155884
0.20965558290481567, 0.09403222054243088
0.18942558765411377, 0.12903055548667908
0.16858339309692383, 0.10266045480966568
0.2558353543281555, 0.031651705503463745
0.1172335147857666, 0.04200230911374092
0.13211838901042938, 0.07036435604095459
0.10512660443782806, 0.03141707554459572
0.1587032824754715, 0.0658687949180603
0.14971359074115753, 0.043980181217193604
0.3170149326324463, 0.11027025431394577
0.2506563365459442, 0.07938438653945923
0.1865766942501068, 0.09735353291034698
0.2720235586166382, 0.12694238126277924
0.17797914147377014, 0.054730117321014404
0.1780388355255127, 0.11239522695541382
0.28558361530303955, 0.059625737369060516
0.19593466818332672, 0.10407967865467072
0.216047465801239, 0.1017851009964943
0.16845178604125977, 0.09796842932701111
0.2681085169315338, 0.08813702315092087
0.2395508587360382, 0.15120168030261993
0.18553748726844788, 0.0756295919418335
0.16835172474384308, 0.17252646386623383
0.13293001055717468, 0.07245511561632156
0.17341050505638123, 0.09217297285795212
0.24042253196239471, 0.13562054932117462
0.09640045464038849, 0.044595975428819656
0.12445562332868576, 0.049873922020196915
0.14340567588806152, 0.041845690459012985
0.11735014617443085, 0.03536857292056084
0.231072336435318, 0.16200903058052063
0.08864292502403259, 0.039176564663648605
0.14257869124412537, 0.06941567361354828
0.16337311267852783, 0.018577104434370995
0.1990031599998474, 0.05070596933364868
0.19670909643173218, 0.09876362234354019
0.11940529197454453, 0.04639874026179314
0.07307429611682892, 0.03768179565668106
0.14599977433681488, 0.10381658375263214
0.15537522733211517, 0.04461398348212242
0.25850310921669006, 0.15412966907024384
0.2874069809913635, 0.09370904415845871
0.1257682740688324, 0.0338379368185997
0.14808672666549683, 0.0628916323184967
0.09586915373802185, 0.04164033755660057
0.1292456090450287, 0.04567745327949524
0.16597405076026917, 0.10410146415233612
0.17982253432273865, 0.09529052674770355
0.17443107068538666, 0.026622537523508072
0.13285228610038757, 0.06117401644587517
0.1428816020488739, 0.06293264031410217
0.12405146658420563, 0.03617791458964348
0.15484263002872467, 0.04170597717165947
0.10684724152088165, 0.04545872285962105
0.1334490180015564, 0.03246169909834862
0.1489344835281372, 0.04844960942864418
0.18946711719036102, 0.039452120661735535
0.16004431247711182, 0.0770106092095375
0.13575953245162964, 0.07031688094139099
0.113772913813591, 0.032818619161844254
0.1654348075389862, 0.03142040595412254
0.07435943186283112, 0.01871909759938717
0.13663071393966675, 0.0759839341044426
0.26475074887275696, 0.06708770990371704
0.0994279682636261, 0.06707903742790222
0.21721966564655304, 0.054224904626607895
0.1690787672996521, 0.032596319913864136
0.0948394387960434, 0.05061538517475128
0.1340097188949585, 0.08399737626314163
0.1850792020559311, 0.035623420029878616
0.11095400899648666, 0.043324705213308334
0.14745096862316132, 0.07379379123449326
0.23685327172279358, 0.0659843310713768
0.17353342473506927, 0.09293726831674576
0.13419440388679504, 0.168753519654274
0.1926802396774292, 0.138832226395607
0.17900016903877258, 0.11660097539424896
0.19952379167079926, 0.09163333475589752
0.24477875232696533, 0.12402563542127609
0.19443000853061676, 0.09844674170017242
0.10252749174833298, 0.03526509180665016
0.12449658662080765, 0.05573108047246933
0.133482426404953, 0.06077008694410324
0.1684393435716629, 0.1358974725008011
0.22239342331886292, 0.10470893979072571
0.17239217460155487, 0.09340675920248032
0.1762961447238922, 0.10551826655864716
0.3245023787021637, 0.17537151277065277
0.3526398539543152, 0.04825237765908241
0.16786956787109375, 0.11363780498504639
0.24283181130886078, 0.15015700459480286
0.17122063040733337, 0.10911744087934494
0.12728351354599, 0.04257071018218994
0.22942692041397095, 0.13832947611808777
0.2059238702058792, 0.09013155102729797
0.22716790437698364, 0.15616440773010254
0.17547431588172913, 0.07035017758607864
0.2888997793197632, 0.0913643091917038
0.14364811778068542, 0.07913743704557419
0.2841035723686218, 0.07187280803918839
0.34386444091796875, 0.13281568884849548
0.24431970715522766, 0.08608335256576538
0.13695630431175232, 0.0444815419614315
0.19483721256256104, 0.12416234612464905
0.17017990350723267, 0.07060398161411285
0.12827715277671814, 0.06373518705368042
0.17818254232406616, 0.08042270690202713
0.10057526081800461, 0.059714462608098984
0.12690164148807526, 0.06395719200372696
0.08892623335123062, 0.015290210023522377
0.12212833762168884, 0.07744546234607697
0.10933345556259155, 0.021007642149925232
0.17287269234657288, 0.09513930976390839
0.2020004689693451, 0.059249117970466614
0.3625243604183197, 0.1370464712381363
0.18078815937042236, 0.04939810931682587
0.2983604371547699, 0.08000929653644562
0.2587360143661499, 0.11651339381933212
0.2858760356903076, 0.09180967509746552
0.2309911698102951, 0.11353258043527603
0.1448715329170227, 0.017088623717427254
0.09977729618549347, 0.045075397938489914
0.10513541847467422, 0.035932112485170364
0.12891176342964172, 0.0845351293683052
0.24444445967674255, 0.06309071183204651
0.41157928109169006, 0.13474635779857635
0.2593768835067749, 0.12862621247768402
0.1280663162469864, 0.042720962315797806
0.21141502261161804, 0.09655915945768356
0.1585407257080078, 0.0468641072511673
0.15588045120239258, 0.024037614464759827
0.13921982049942017, 0.09016892313957214
0.12408631294965744, 0.061896905303001404
0.07561046630144119, 0.04005034640431404
0.17884323000907898, 0.027634799480438232
0.1745378077030182, 0.09559200704097748
0.11010824143886566, 0.05044246092438698
0.09798689186573029, 0.03685279190540314
0.11960732191801071, 0.05657542869448662
0.11314201354980469, 0.03588416427373886
0.1389763355255127, 0.0572940893471241
0.15694785118103027, 0.07348164916038513
0.14233100414276123, 0.046258386224508286
0.0959639623761177, 0.038520269095897675
0.14958995580673218, 0.06989581137895584
0.08366915583610535, 0.04338314011693001
0.24658916890621185, 0.09878431260585785
0.08848471939563751, 0.04622475430369377
0.1412508189678192, 0.0813610702753067
0.19710993766784668, 0.10424568504095078
0.16603833436965942, 0.06344437599182129
0.1409967541694641, 0.03794294595718384
0.10581791400909424, 0.031667888164520264
0.1224944144487381, 0.08503934741020203
0.16317668557167053, 0.09325522929430008
0.17927849292755127, 0.11743436753749847
0.14108914136886597, 0.08664237707853317
0.26952528953552246, 0.09284224361181259
0.2617097496986389, 0.13686296343803406
0.18838763236999512, 0.04391573742032051
0.21343354880809784, 0.1037687286734581
0.12354215979576111, 0.06809298694133759
0.14451810717582703, 0.11680225282907486
0.1820647269487381, 0.037625472992658615
0.1800694316625595, 0.061199117451906204
0.23808182775974274, 0.10540827363729477
0.1502860188484192, 0.09890427440404892
0.15726061165332794, 0.08111572265625
0.08272159844636917, 0.03077876754105091
0.1302756816148758, 0.06748586148023605
0.08913948386907578, 0.035020239651203156
0.1260029673576355, 0.055559784173965454
0.11414358019828796, 0.045599743723869324
0.20071865618228912, 0.14288382232189178
0.10587818175554276, 0.024114439263939857
0.18343907594680786, 0.06147707253694534
0.18874922394752502, 0.11929259449243546
0.08373653888702393, 0.04042625054717064
0.12063039839267731, 0.039459988474845886
0.06248703598976135, 0.010614276863634586
0.054924286901950836, 0.012542611919343472
0.1630311906337738, 0.0987580195069313
0.1583823412656784, 0.0808626040816307
0.1310136467218399, 0.03324507176876068
0.13404233753681183, 0.08034982532262802
0.11974737048149109, 0.0533393956720829
0.1291431188583374, 0.04530176892876625
0.23867103457450867, 0.07692642509937286
0.20704221725463867, 0.07638136297464371
0.19087103009223938, 0.08719391375780106
0.224540114402771, 0.13668963313102722
0.19148333370685577, 0.07287921011447906
0.14419013261795044, 0.10605251044034958
0.1626310497522354, 0.09010723233222961
0.202858567237854, 0.10358073562383652
0.1944727599620819, 0.0774599239230156
0.11615055799484253, 0.07702261954545975
0.10276515781879425, 0.057252030819654465
0.11986923962831497, 0.09532037377357483
0.1665121167898178, 0.092027448117733
0.09525948017835617, 0.03584038466215134
0.15040293335914612, 0.07595854997634888
0.15339773893356323, 0.0871577113866806
0.13050349056720734, 0.07816140353679657
0.1068136915564537, 0.04266937077045441
0.18997780978679657, 0.10093335807323456
0.16101619601249695, 0.07976420223712921
0.16695159673690796, 0.04508506879210472
0.1489640176296234, 0.08380941301584244
0.08105655759572983, 0.017986923456192017
0.13316869735717773, 0.041377391666173935
0.14943110942840576, 0.06629044562578201
0.08375705778598785, 0.029388779774308205
0.21018527448177338, 0.1612052172422409
0.2004542350769043, 0.11190368235111237
0.2356342077255249, 0.1272585242986679
0.20147286355495453, 0.09770150482654572
0.197719544172287, 0.09689681977033615
0.1286042183637619, 0.08062613755464554
0.17504510283470154, 0.06302725523710251
0.22163909673690796, 0.10563632100820541
0.16671250760555267, 0.14041200280189514
0.22673249244689941, 0.05092679709196091
0.2501046657562256, 0.10349947959184647
0.20359331369400024, 0.1232234314084053
0.2423984408378601, 0.13282693922519684
0.22644579410552979, 0.011816076003015041
0.2602294683456421, 0.09846343100070953
0.20629563927650452, 0.08774800598621368
0.14706498384475708, 0.09642110019922256
0.13540759682655334, 0.05294955149292946
0.12437479943037033, 0.0554259791970253
0.13339367508888245, 0.09895695000886917
0.09287260472774506, 0.06237619370222092
0.13208284974098206, 0.07112263143062592
0.14376164972782135, 0.11626529693603516
0.14693358540534973, 0.08280657231807709
0.09741345047950745, 0.06023641675710678
0.21950578689575195, 0.09490586817264557
0.3597506880760193, 0.15044866502285004
0.2671920359134674, 0.11417075246572495
0.24153979122638702, 0.08275341987609863
0.19982263445854187, 0.07621093839406967
0.19449496269226074, 0.07867331057786942
0.26029109954833984, 0.10291146486997604
0.16635748744010925, 0.10880134999752045
0.22737336158752441, 0.08721475303173065
0.2515879273414612, 0.09094253927469254
0.14596009254455566, 0.023744799196720123
0.24304431676864624, 0.07040528208017349
0.13730642199516296, 0.07723785191774368
0.07975305616855621, 0.045228052884340286
0.0991603285074234, 0.03959500044584274
0.14842167496681213, 0.07712838053703308
0.13322678208351135, 0.07682245224714279
0.15352356433868408, 0.08036915212869644
0.16311806440353394, 0.1043011024594307
0.08490016311407089, 0.022692987695336342
0.17067603766918182, 0.12936508655548096
0.2121926248073578, 0.07318277657032013
0.13088080286979675, 0.03314255550503731
0.18106770515441895, 0.11722010374069214
0.2062092423439026, 0.11222539842128754
0.17517656087875366, 0.04664647579193115
0.11359399557113647, 0.028730759397149086
0.15573333203792572, 0.02832053415477276
0.13099369406700134, 0.09206763654947281
0.16542354226112366, 0.035470325499773026
0.14620736241340637, 0.09611617028713226
0.19685107469558716, 0.06738527864217758
0.22876852750778198, 0.06963332742452621
0.13526533544063568, 0.14294344186782837
0.2082015573978424, 0.08654887974262238
0.13560836017131805, 0.0469699501991272
0.20925195515155792, 0.0655774474143982
0.11489466577768326, 0.029728513211011887
0.14121311902999878, 0.04823897033929825
0.07449840009212494, 0.027465445920825005
0.13050150871276855, 0.10600923001766205
0.19466283917427063, 0.11298079043626785
0.21054217219352722, 0.09170814603567123
0.22458849847316742, 0.07166163623332977
0.19081299006938934, 0.12539689242839813
0.14110353589057922, 0.039253924041986465
0.1815379559993744, 0.12898318469524384
0.09647215902805328, 0.006707286462187767
0.11436508595943451, 0.05557342618703842
0.09891250729560852, 0.04617138206958771
0.11831164360046387, 0.07062970101833344
0.19354788959026337, 0.07529081404209137
0.1895170658826828, 0.0681789368391037
0.12533220648765564, 0.015021792612969875
0.07309441268444061, 0.028462614864110947
0.15306374430656433, 0.08023402094841003
0.14635315537452698, 0.018596379086375237
0.08250818401575089, 0.02705128863453865
0.09293635189533234, 0.031536612659692764
0.09134124964475632, 0.036520592868328094
0.19765493273735046, 0.04730502888560295
0.2077983021736145, 0.10534224659204483
0.19478552043437958, 0.11070559173822403
0.15065348148345947, 0.05677160620689392
0.10876253247261047, 0.01508525013923645
0.1692477911710739, 0.09701865911483765
0.16526122391223907, 0.10206538438796997
0.14079216122627258, 0.06882566213607788
0.15425874292850494, 0.04979703947901726
0.14771732687950134, 0.11696785688400269
0.1250978410243988, 0.05322644114494324
0.196836456656456, 0.08751120418310165
0.16398268938064575, 0.055888403207063675
0.1694955974817276, 0.08603869378566742
0.12882843613624573, 0.0611422099173069
0.13228341937065125, 0.11505261808633804
0.22348037362098694, 0.10500168055295944
0.14455527067184448, 0.03571314737200737
0.2918000817298889, 0.0560772530734539
0.20178475975990295, 0.08823424577713013
0.14979957044124603, 0.08953768759965897
0.1612340360879898, 0.059971604496240616
0.1646740734577179, 0.05949484929442406
0.1322908103466034, 0.07661144435405731
0.18843811750411987, 0.10028653591871262
0.23463913798332214, 0.16440176963806152
0.22005337476730347, 0.14979813992977142
0.23303022980690002, 0.15973174571990967
