mean, std
0.2561336159706116, 0.06095648184418678
0.24962827563285828, 0.16107773780822754
0.2258692979812622, 0.13437016308307648
0.19364386796951294, 0.020603135228157043
0.22075015306472778, 0.0871778130531311
0.0964745581150055, 0.09313654154539108
0.13333502411842346, 0.05459839478135109
0.14670225977897644, 0.02829042077064514
0.09619060903787613, 0.08224041759967804
0.1268005520105362, 0.09986092895269394
0.11763172596693039, 0.07451985776424408
0.16576328873634338, 0.080045685172081
0.042409803718328476, 0.02746581844985485
0.07568668574094772, 0.06829345226287842
0.09350046515464783, 0.0469869039952755
0.16430777311325073, 0.08647334575653076
0.13202962279319763, 0.05151650682091713
0.15752801299095154, 0.053895510733127594
0.042860034853219986, 0.017949935048818588
0.09293198585510254, 0.09202610701322556
0.17922276258468628, 0.030562451109290123
0.07463814318180084, 0.0356593132019043
0.07793036848306656, 0.08096075803041458
0.024222206324338913, 0.02368233911693096
0.12966018915176392, 0.07549697905778885
0.13204695284366608, 0.0951339453458786
0.14623934030532837, 0.022230997681617737
0.12281854450702667, 0.05561763793230057
0.09806277602910995, 0.07436775416135788
0.055086106061935425, 0.023970991373062134
0.03881875425577164, 0.019680967554450035
0.08221503347158432, 0.06656790524721146
0.09143651276826859, 0.061629682779312134
0.16759008169174194, 0.05806291103363037
0.03674623742699623, 0.043253831565380096
0.09238770604133606, 0.06800294667482376
0.09443433582782745, 0.09179800748825073
0.15350183844566345, 0.03866332396864891
0.04018222540616989, 0.025020994246006012
0.10402880609035492, 0.04667557775974274
0.11783257126808167, 0.06624951213598251
0.05633874610066414, 0.051533423364162445
0.09478750824928284, 0.06842798739671707
0.1342066079378128, 0.08108911663293839
0.038086436688899994, 0.018049735575914383
0.11945635080337524, 0.06362243741750717
0.058967262506484985, 0.0227354709059
0.0813874900341034, 0.06685525178909302
0.053551025688648224, 0.03322869539260864
0.1081317663192749, 0.04040014371275902
0.10897296667098999, 0.05942496657371521
0.06505051255226135, 0.04163426533341408
0.0843065083026886, 0.03914102166891098
0.06326604634523392, 0.046657074242830276
0.12200847268104553, 0.04589538276195526
0.050817035138607025, 0.04510871693491936
0.09216612577438354, 0.03489356487989426
0.07282444089651108, 0.038077667355537415
0.07228638231754303, 0.05022565647959709
0.04140462353825569, 0.04181329160928726
0.09366460144519806, 0.0697755217552185
0.06822607666254044, 0.034889284521341324
0.025950884446501732, 0.02659628540277481
0.088636115193367, 0.04189865663647652
0.04109221696853638, 0.04149085655808449
0.07247662544250488, 0.04973319172859192
0.06747033447027206, 0.02666984312236309
0.049688443541526794, 0.03218788653612137
0.07545468211174011, 0.06903071701526642
0.08366256952285767, 0.056718502193689346
0.07775049656629562, 0.06426706165075302
0.07215655595064163, 0.062441397458314896
0.05741966515779495, 0.06507903337478638
0.08105865865945816, 0.03571419417858124
0.07232525944709778, 0.047582801431417465
0.06637886166572571, 0.05135761946439743
0.09238764643669128, 0.05604593828320503
0.09349139034748077, 0.048052385449409485
0.13526862859725952, 0.04513945430517197
0.08547849208116531, 0.02646005153656006
0.08373750746250153, 0.07810419797897339
0.10291306674480438, 0.028220223262906075
0.08157840371131897, 0.06541328132152557
0.06362123787403107, 0.037480298429727554
0.09522207081317902, 0.06196053326129913
0.11902938783168793, 0.05165981128811836
0.05650625005364418, 0.017216546460986137
0.10468511283397675, 0.07249484211206436
0.11795204132795334, 0.062427081167697906
0.12356151640415192, 0.06491953134536743
0.09800197184085846, 0.041696883738040924
0.11005161702632904, 0.041993144899606705
0.10161510854959488, 0.07380890101194382
0.09267556667327881, 0.06231950223445892
0.10054423660039902, 0.044911015778779984
0.06492704153060913, 0.08965934813022614
0.08918766677379608, 0.03885152190923691
0.10895251482725143, 0.0734015628695488
0.07597549259662628, 0.06239202618598938
0.15709814429283142, 0.05218346044421196
0.09157916158437729, 0.022489381954073906
0.02835511974990368, 0.01613643392920494
0.09260103106498718, 0.06780789792537689
0.1594494879245758, 0.06194622814655304
0.06807549297809601, 0.06803320348262787
0.06780092418193817, 0.047619715332984924
0.056650325655937195, 0.02773093245923519
0.07714936137199402, 0.02946970984339714
0.10040578991174698, 0.07895020395517349
0.07619106769561768, 0.01454070396721363
0.08415418863296509, 0.07107925415039062
0.07548825442790985, 0.03405647724866867
0.14635759592056274, 0.07369734346866608
0.07619678974151611, 0.05405808240175247
0.16742514073848724, 0.039722297340631485
0.1321382373571396, 0.07163301110267639
0.05999048426747322, 0.04890725016593933
0.10643620789051056, 0.0813479796051979
0.14334729313850403, 0.03867563605308533
0.06820257753133774, 0.053310491144657135
0.07699266076087952, 0.00988998357206583
0.13892237842082977, 0.07613278925418854
0.10278651118278503, 0.062408316880464554
0.0968952476978302, 0.04455364868044853
0.11875981837511063, 0.0915229469537735
0.12499585747718811, 0.06295498460531235
0.16787323355674744, 0.0709119588136673
0.11965642124414444, 0.0710468590259552
0.11309319734573364, 0.08951854705810547
0.19167567789554596, 0.09401296824216843
0.21138647198677063, 0.12422715872526169
0.2172294557094574, 0.11075517535209656
0.1546318084001541, 0.1278538852930069
0.16676171123981476, 0.09321539849042892
0.10449258983135223, 0.08767306804656982
0.13131794333457947, 0.0355728417634964
0.1514982283115387, 0.08449806272983551
0.15324614942073822, 0.06901774555444717
0.15778911113739014, 0.09589424729347229
0.11772596091032028, 0.12864844501018524
0.10914566367864609, 0.0675319954752922
0.116045743227005, 0.0681443065404892
0.03965676203370094, 0.0425676554441452
0.14688973128795624, 0.08478057384490967
0.0897669792175293, 0.0376606248319149
0.10491137206554413, 0.09153138846158981
0.12050120532512665, 0.10914236307144165
0.14607301354408264, 0.0860762745141983
0.06052253767848015, 0.030368363484740257
0.08850271999835968, 0.02941872738301754
0.0977313369512558, 0.0755215585231781
0.0478818416595459, 0.012618648819625378
0.09057833254337311, 0.02237613871693611
0.1601816564798355, 0.08030714094638824
0.14114296436309814, 0.07831763476133347
0.13034304976463318, 0.06200718879699707
0.13065852224826813, 0.07234112918376923
0.09826866537332535, 0.05296759307384491
0.07932555675506592, 0.06579522043466568
0.08194813132286072, 0.06606628745794296
0.08800265192985535, 0.07042866945266724
0.08704426884651184, 0.06437597423791885
0.10765030980110168, 0.05328138545155525
0.11728061735630035, 0.12347747385501862
0.16922593116760254, 0.09048198163509369
0.24747461080551147, 0.04663929343223572
0.10714741051197052, 0.07799974828958511
0.0666954517364502, 0.04497728496789932
0.13056978583335876, 0.1303245723247528
0.17999780178070068, 0.0699644461274147
0.1252051442861557, 0.08972524106502533
0.11832867562770844, 0.045232102274894714
0.12955152988433838, 0.06748340278863907
0.1598511040210724, 0.06654493510723114
0.07735295593738556, 0.057396065443754196
0.17880025506019592, 0.15776124596595764
0.14693152904510498, 0.07236111909151077
0.17475104331970215, 0.12633837759494781
0.1943545937538147, 0.07510171085596085
0.21243932843208313, 0.07112186402082443
0.24528318643569946, 0.10681881755590439
0.18871387839317322, 0.031087711453437805
0.09741577506065369, 0.06915948539972305
0.10974912345409393, 0.01910228468477726
0.11362995207309723, 0.06285471469163895
0.08441188931465149, 0.0705893337726593
0.09893497824668884, 0.07891698181629181
0.20593160390853882, 0.047239258885383606
0.1699831783771515, 0.08617042005062103
0.17634722590446472, 0.11609319597482681
0.09160883724689484, 0.044859230518341064
0.1720307469367981, 0.026336735114455223
0.11281199008226395, 0.054580092430114746
0.18027587234973907, 0.05079050734639168
0.14614778757095337, 0.09458956122398376
0.16388104856014252, 0.10045435279607773
0.1853407919406891, 0.09899216890335083
0.20354370772838593, 0.10685181617736816
0.23426994681358337, 0.09621178358793259
0.13585960865020752, 0.07605621963739395
0.20717774331569672, 0.08800199627876282
0.18090331554412842, 0.09348294883966446
0.10336088389158249, 0.04767480492591858
0.18544916808605194, 0.04190359637141228
0.1499459147453308, 0.03272458165884018
0.13680410385131836, 0.057621732354164124
0.07531717419624329, 0.05685010552406311
0.0735468789935112, 0.06115039810538292
0.12711948156356812, 0.02837505377829075
0.19140911102294922, 0.10653319954872131
0.17013093829154968, 0.09595920145511627
0.14142553508281708, 0.14658896625041962
0.14145523309707642, 0.09569880366325378
0.16835489869117737, 0.06122305616736412
0.12095735967159271, 0.10256652534008026
0.13443660736083984, 0.09005250036716461
0.20944474637508392, 0.06661958992481232
0.1811867654323578, 0.11702723801136017
0.10080675780773163, 0.021359462291002274
0.1728660762310028, 0.054809875786304474
0.15463750064373016, 0.11605335026979446
0.14101459085941315, 0.06544797122478485
0.12708956003189087, 0.06137442961335182
0.06327272206544876, 0.0647011324763298
0.16839486360549927, 0.034845445305109024
0.16800054907798767, 0.05765719339251518
0.1472286880016327, 0.0725807175040245
0.09990192949771881, 0.08271927386522293
0.1627676784992218, 0.033889949321746826
0.13458412885665894, 0.07470011711120605
0.12384550273418427, 0.059374529868364334
0.10418251156806946, 0.04345883056521416
0.11252764612436295, 0.05307982116937637
0.17834819853305817, 0.03671741113066673
0.07026636600494385, 0.07391665130853653
0.08318422734737396, 0.061736077070236206
0.10649187862873077, 0.06110924854874611
0.16325518488883972, 0.08492439985275269
0.1401159167289734, 0.07620922476053238
0.09065555036067963, 0.058789968490600586
0.10689318180084229, 0.10089987516403198
0.11986520886421204, 0.034691136330366135
0.13994595408439636, 0.08249782770872116
0.1469157338142395, 0.07379339635372162
0.14788298308849335, 0.12359575182199478
0.15831133723258972, 0.08200971782207489
0.13672372698783875, 0.030911492183804512
0.10904708504676819, 0.050861213356256485
0.13899588584899902, 0.07237131148576736
0.19341880083084106, 0.08918853849172592
0.12535029649734497, 0.06791440397500992
0.0662199854850769, 0.016679255291819572
0.14207080006599426, 0.09025699645280838
0.1341738998889923, 0.04536867141723633
0.10889881104230881, 0.06326518952846527
0.149039164185524, 0.0652369037270546
0.16065900027751923, 0.03678633272647858
0.22653867304325104, 0.11077754944562912
0.183371439576149, 0.1433333158493042
0.18798783421516418, 0.14380775392055511
0.22251854836940765, 0.12621861696243286
0.19501079618930817, 0.09388598054647446
0.1414610743522644, 0.08908288925886154
0.08687487244606018, 0.05762764811515808
0.17484523355960846, 0.07997745275497437
0.12014732509851456, 0.04188290238380432
0.15000836551189423, 0.0576520673930645
0.12358519434928894, 0.09222999960184097
0.18185290694236755, 0.04479687288403511
0.1295909881591797, 0.08345948904752731
0.13772690296173096, 0.04049627110362053
0.11019653081893921, 0.10907650738954544
0.12443580478429794, 0.07439260184764862
0.12925520539283752, 0.028154565021395683
0.17302078008651733, 0.11738870292901993
0.10402354598045349, 0.09426863491535187
0.14216458797454834, 0.08971504122018814
0.09880441427230835, 0.0869055688381195
0.1433461606502533, 0.044583890587091446
0.11433801054954529, 0.1074046716094017
0.1622558832168579, 0.11171427369117737
0.16368310153484344, 0.13747695088386536
0.0667082667350769, 0.0178414024412632
0.1458270102739334, 0.10716189444065094
0.11501075327396393, 0.08512751013040543
0.04552358016371727, 0.02935526892542839
0.15360872447490692, 0.04286480322480202
0.1099972054362297, 0.0723600834608078
0.1098797619342804, 0.06810455769300461
0.05026239901781082, 0.0328371599316597
0.12156306952238083, 0.06434102356433868
0.20157212018966675, 0.17339767515659332
0.05876946821808815, 0.028384694829583168
0.16608507931232452, 0.09038916230201721
0.20958849787712097, 0.10155455023050308
0.2075602263212204, 0.10710325837135315
0.22285446524620056, 0.15669289231300354
0.1977994441986084, 0.10740663856267929
0.2898715138435364, 0.16692186892032623
0.22635018825531006, 0.1499512642621994
0.23627424240112305, 0.11662975698709488
0.19476020336151123, 0.08635705709457397
0.1643231064081192, 0.08334071934223175
0.08609144389629364, 0.0404413640499115
0.15251688659191132, 0.053591616451740265
0.20440486073493958, 0.052710823714733124
0.1834435611963272, 0.1287367343902588
0.0862896665930748, 0.04248691350221634
0.2258172631263733, 0.04834483191370964
0.17938047647476196, 0.08342867344617844
0.11691543459892273, 0.04270491749048233
0.14038078486919403, 0.10468774288892746
0.13863328099250793, 0.05089493468403816
0.1335625946521759, 0.0992894098162651
0.12226594239473343, 0.0032594287768006325
0.14932510256767273, 0.07966762781143188
0.19137319922447205, 0.09444399923086166
0.16106165945529938, 0.14586780965328217
0.15199634432792664, 0.037431854754686356
0.10974638164043427, 0.049211516976356506
0.12637898325920105, 0.08314122259616852
0.20004254579544067, 0.06905239820480347
0.11958666145801544, 0.07619535177946091
0.1337217092514038, 0.0851321741938591
0.09905572235584259, 0.06838449090719223
0.15537811815738678, 0.0471186600625515
0.17985834181308746, 0.08929029852151871
0.12553906440734863, 0.07830389589071274
0.08749900013208389, 0.03818896785378456
0.21814721822738647, 0.07450171560049057
0.1877490133047104, 0.06768535822629929
0.0862215906381607, 0.040436793118715286
0.10387714207172394, 0.0788816511631012
0.14611776173114777, 0.08188513666391373
0.08646707236766815, 0.02906171604990959
0.175160750746727, 0.12309107184410095
0.2201676070690155, 0.1157175600528717
0.30106350779533386, 0.14541767537593842
0.18743035197257996, 0.08934133499860764
0.18622973561286926, 0.1602107584476471
0.14826709032058716, 0.10315871983766556
0.08464449644088745, 0.04177892208099365
0.09448546171188354, 0.06890594214200974
0.23383304476737976, 0.041917525231838226
0.175388365983963, 0.12887512147426605
0.17592865228652954, 0.1395660787820816
0.12126410752534866, 0.08831625431776047
0.12606415152549744, 0.05606585741043091
0.12911483645439148, 0.06532269716262817
0.12651824951171875, 0.048773232847452164
0.15517403185367584, 0.07127612084150314
0.052671924233436584, 0.016578521579504013
0.10166159272193909, 0.03794708102941513
0.13371095061302185, 0.0446447916328907
0.10184843838214874, 0.08419191092252731
0.0879378616809845, 0.057021476328372955
0.16493874788284302, 0.049337808042764664
0.14610758423805237, 0.060307469218969345
0.141693115234375, 0.059813614934682846
0.14685526490211487, 0.05206644907593727
0.15806713700294495, 0.1263863444328308
0.13375242054462433, 0.03700742870569229
0.22760756313800812, 0.12397890537977219
0.1673932820558548, 0.12500639259815216
0.12402758747339249, 0.03825096786022186
0.08597955852746964, 0.04784935712814331
0.12624719738960266, 0.03723785653710365
0.15000110864639282, 0.06807968765497208
0.1783442497253418, 0.08771234005689621
0.23461288213729858, 0.07797162234783173
0.10858239233493805, 0.05540866032242775
0.27188289165496826, 0.06077194958925247
0.1430133879184723, 0.041007671505212784
0.07456781715154648, 0.0706983208656311
0.1500488817691803, 0.0816296711564064
0.14050236344337463, 0.07395194470882416
0.08884720504283905, 0.06618859618902206
0.21094907820224762, 0.02680268883705139
0.09794896095991135, 0.06296317279338837
0.13514399528503418, 0.10034540295600891
0.1892130970954895, 0.036797020584344864
0.20315666496753693, 0.1547626107931137
0.18330822885036469, 0.06955211609601974
0.15654754638671875, 0.10595186799764633
0.11130660772323608, 0.042664945125579834
0.16666185855865479, 0.0878644660115242
0.10286062210798264, 0.06454607844352722
0.08823991566896439, 0.08028670400381088
0.1400601863861084, 0.09520567208528519
0.1194332093000412, 0.09482906013727188
0.09464037418365479, 0.0805709958076477
0.21127274632453918, 0.06498179584741592
0.11710332334041595, 0.07035527378320694
0.13719815015792847, 0.08870135247707367
0.19305956363677979, 0.0722057893872261
0.14113456010818481, 0.1129927933216095
0.14023029804229736, 0.09043509513139725
0.08290208876132965, 0.0820024386048317
0.16990920901298523, 0.07472475618124008
0.15566027164459229, 0.06379194557666779
0.13091138005256653, 0.03703031688928604
0.08165284991264343, 0.07940683513879776
0.11784395575523376, 0.05873673036694527
0.08548974990844727, 0.045719895511865616
0.14682088792324066, 0.09413191676139832
0.15048131346702576, 0.11816103011369705
0.12150762230157852, 0.12831369042396545
0.04894115775823593, 0.028787460178136826
0.14450372755527496, 0.07801175117492676
0.09129677712917328, 0.0818663164973259
0.18479382991790771, 0.12161309272050858
0.21270063519477844, 0.14772693812847137
0.24492990970611572, 0.0939563661813736
0.26425135135650635, 0.08385173976421356
0.20053866505622864, 0.11146858334541321
0.2888116240501404, 0.15597064793109894
0.2114541232585907, 0.11559555679559708
0.2172360122203827, 0.14286531507968903
0.2392035871744156, 0.16098548471927643
0.2331317663192749, 0.16654863953590393
0.12276378273963928, 0.14094525575637817
0.17010292410850525, 0.14571133255958557
0.17244496941566467, 0.10368447005748749
0.11807569116353989, 0.10289213806390762
0.11355830729007721, 0.025868181139230728
0.17608606815338135, 0.07917853444814682
0.16119933128356934, 0.0719151645898819
0.1132633239030838, 0.060353852808475494
0.1410045027732849, 0.10951890051364899
0.20668354630470276, 0.10124682635068893
0.11023585498332977, 0.06748059391975403
0.13273027539253235, 0.024468926712870598
0.05735901743173599, 0.027516087517142296
0.15893980860710144, 0.08967989683151245
0.17084863781929016, 0.07603346556425095
0.1309802234172821, 0.05770828574895859
0.12296789884567261, 0.08093012869358063
0.19765442609786987, 0.0429028756916523
0.12475433945655823, 0.10656151175498962
0.2830052673816681, 0.12799620628356934
0.24557054042816162, 0.16994327306747437
0.14406302571296692, 0.13994407653808594
0.19480429589748383, 0.05379518121480942
0.17760750651359558, 0.11992421746253967
0.19074228405952454, 0.09711825847625732
0.0777319148182869, 0.04014204815030098
0.16857269406318665, 0.11576414853334427
0.16647350788116455, 0.12531082332134247
0.17402753233909607, 0.08102068305015564
0.2034105658531189, 0.14338134229183197
0.21862442791461945, 0.09047648310661316
0.12097680568695068, 0.0548371858894825
0.12178023159503937, 0.06745525449514389
0.18032804131507874, 0.10846298933029175
0.1559981256723404, 0.10968021303415298
0.11049218475818634, 0.04950208589434624
0.1223568469285965, 0.09249424189329147
0.19095399975776672, 0.07746832072734833
0.10088646411895752, 0.05425559729337692
0.200719952583313, 0.11962200701236725
0.1856713443994522, 0.19630350172519684
0.08957909047603607, 0.05993492156267166
0.11965074390172958, 0.06915660202503204
0.09906859695911407, 0.10968569666147232
0.2000061422586441, 0.1069985181093216
0.15646222233772278, 0.13780023157596588
0.13642911612987518, 0.06129705533385277
0.24858935177326202, 0.09143176674842834
0.19167093932628632, 0.16352015733718872
0.11272171139717102, 0.023798277601599693
0.05852121114730835, 0.0234366562217474
0.10382124781608582, 0.06925221532583237
0.15479731559753418, 0.08873618394136429
0.1797456443309784, 0.14456841349601746
0.17072221636772156, 0.1214461475610733
0.1711500883102417, 0.07739103585481644
0.11376792192459106, 0.10002633929252625
0.22851598262786865, 0.12399139255285263
0.19912973046302795, 0.1381029486656189
0.2421320676803589, 0.07214962691068649
0.10273466259241104, 0.03392745554447174
0.2051440179347992, 0.05956602469086647
0.15398883819580078, 0.10370965301990509
0.16657745838165283, 0.07953863590955734
0.16025561094284058, 0.17210473120212555
0.09906037151813507, 0.0709855705499649
0.11328046768903732, 0.04595070332288742
0.1596863865852356, 0.07931987196207047
0.173424631357193, 0.09337221831083298
0.1075187623500824, 0.06496092677116394
0.0824679583311081, 0.0285439845174551
0.15585342049598694, 0.13506440818309784
0.13047251105308533, 0.08091133087873459
0.07827382534742355, 0.07470764964818954
0.21209031343460083, 0.11321397870779037
0.26813971996307373, 0.15341104567050934
0.1799996793270111, 0.07067419588565826
0.1317690908908844, 0.06863477826118469
0.1753353774547577, 0.12550362944602966
0.1577015370130539, 0.0851108506321907
0.09608602523803711, 0.06125931814312935
0.13546550273895264, 0.0921003445982933
0.15548580884933472, 0.07098431885242462
0.14571386575698853, 0.056894708424806595
0.07773886620998383, 0.04778024181723595
0.13103565573692322, 0.041304849088191986
0.0924903154373169, 0.06284785270690918
0.09959807991981506, 0.032409630715847015
0.059621069580316544, 0.022975418716669083
0.07699483633041382, 0.051865048706531525
0.18031026422977448, 0.10399870574474335
0.08685865998268127, 0.07325401902198792
0.13036394119262695, 0.0388721339404583
0.08153438568115234, 0.033716727048158646
0.1240319311618805, 0.04053768515586853
0.04069456458091736, 0.024889491498470306
0.12778893113136292, 0.08439338207244873
0.16137711703777313, 0.08725190162658691
0.0736783966422081, 0.024303236976265907
0.17901524901390076, 0.07177340984344482
0.24302908778190613, 0.18692724406719208
0.2201806753873825, 0.10828546434640884
0.16044673323631287, 0.050608813762664795
0.2269771248102188, 0.19277022778987885
0.15207187831401825, 0.09185420721769333
0.14758853614330292, 0.10067987442016602
0.0706377923488617, 0.06482917815446854
0.18466094136238098, 0.141301229596138
0.12002004683017731, 0.05519454926252365
0.1308625042438507, 0.06046809256076813
0.1619616448879242, 0.10853753238916397
0.13937658071517944, 0.038941655308008194
0.1121315285563469, 0.12001696974039078
0.17272496223449707, 0.04860001057386398
0.14900121092796326, 0.11563248187303543
0.15900945663452148, 0.07992862910032272
0.053757548332214355, 0.023631421849131584
0.1471354067325592, 0.0905451774597168
0.1195564717054367, 0.07354992628097534
0.03922845795750618, 0.026765599846839905
0.11673028022050858, 0.014949320815503597
0.10035593807697296, 0.04533756524324417
0.12847985327243805, 0.0712866336107254
0.11528962850570679, 0.052381787449121475
0.2397131323814392, 0.1365315020084381
0.2420203983783722, 0.13513287901878357
0.16193628311157227, 0.1293463557958603
0.15362200140953064, 0.09905259311199188
0.17068418860435486, 0.07243770360946655
0.14485976099967957, 0.10050699859857559
0.1531476080417633, 0.06905816495418549
0.12945115566253662, 0.09211818128824234
0.1084730476140976, 0.0797455757856369
0.055652420967817307, 0.0520595908164978
0.10244345664978027, 0.0742877647280693
0.09812300652265549, 0.059408336877822876
0.13632923364639282, 0.049886152148246765
0.0576028972864151, 0.05570632964372635
0.06553121656179428, 0.037528105080127716
0.15041545033454895, 0.053224869072437286
0.18606805801391602, 0.11346835643053055
0.11632195115089417, 0.084784135222435
0.1266213059425354, 0.03415878489613533
0.09156198799610138, 0.05382152274250984
0.1186445951461792, 0.042863696813583374
0.2338152825832367, 0.10933900624513626
0.11862307041883469, 0.08595634996891022
0.040911056101322174, 0.02863849140703678
0.1265273243188858, 0.061841100454330444
0.15395453572273254, 0.13356271386146545
0.13165313005447388, 0.050635866820812225
0.08789470046758652, 0.03813416138291359
0.13558624684810638, 0.1439371109008789
0.09392566978931427, 0.02267172746360302
0.1739492565393448, 0.10200224071741104
0.11314068734645844, 0.07056402415037155
0.14092612266540527, 0.09312570095062256
0.23650820553302765, 0.057985570281744
0.1630956530570984, 0.026655128225684166
0.16629472374916077, 0.04093011096119881
0.09660636633634567, 0.11999934911727905
0.2468946874141693, 0.09157972037792206
0.18346935510635376, 0.07905750721693039
0.1619044691324234, 0.03155262768268585
0.1848241537809372, 0.03959866985678673
0.05998501926660538, 0.052112724632024765
0.17321358621120453, 0.10542034357786179
0.11636602133512497, 0.0278710275888443
0.1975366175174713, 0.08633146435022354
0.09719453752040863, 0.08918614685535431
0.03783534839749336, 0.02750512585043907
0.09996500611305237, 0.05468636378645897
0.14358258247375488, 0.03892166540026665
0.15077003836631775, 0.1074850782752037
0.2002703845500946, 0.14997610449790955
0.07166849821805954, 0.08363329619169235
0.14011438190937042, 0.08741936087608337
0.11132820695638657, 0.0916779413819313
0.2132030874490738, 0.12411502003669739
0.17414739727973938, 0.11299341917037964
0.142043337225914, 0.07676167041063309
0.1188105121254921, 0.12841372191905975
0.2536579370498657, 0.08590018004179001
0.17707496881484985, 0.12916332483291626
0.16528132557868958, 0.09520834684371948
0.14577731490135193, 0.08524799346923828
0.1411765217781067, 0.08216237276792526
0.10321033746004105, 0.05235560983419418
0.18624359369277954, 0.09779712557792664
0.1622709333896637, 0.043550778180360794
0.067453533411026, 0.04718077927827835
0.1120188981294632, 0.05899573490023613
0.11777208745479584, 0.06080591678619385
0.0972861498594284, 0.087917260825634
0.1283072531223297, 0.07189479470252991
0.12156219780445099, 0.1404763013124466
0.06545697152614594, 0.03298186883330345
0.13261711597442627, 0.0688774585723877
0.1347162127494812, 0.07793527841567993
0.13024327158927917, 0.08216072618961334
0.20108839869499207, 0.11796006560325623
0.2309390902519226, 0.1011732816696167
0.2505318522453308, 0.17991787195205688
0.11466944217681885, 0.08352875709533691
0.10479184985160828, 0.050202079117298126
0.30011868476867676, 0.15767641365528107
0.29819172620773315, 0.15957199037075043
0.2690088450908661, 0.11639615893363953
0.19000321626663208, 0.1259678304195404
0.2560054063796997, 0.15477703511714935
0.23562538623809814, 0.19132371246814728
0.17792153358459473, 0.097349613904953
0.16446471214294434, 0.149450421333313
0.23067578673362732, 0.14603812992572784
0.14512133598327637, 0.14419758319854736
0.0865105390548706, 0.03327135369181633
0.1505776196718216, 0.09119749069213867
0.14291700720787048, 0.09172508120536804
0.1710137277841568, 0.027440452948212624
0.08187269419431686, 0.03755960613489151
0.14807958900928497, 0.07188739627599716
0.11327927559614182, 0.05799737200140953
0.11628488451242447, 0.06280145049095154
0.10108870267868042, 0.06056302413344383
0.1324889063835144, 0.04347265511751175
0.07978810369968414, 0.08077436685562134
0.06860630214214325, 0.03592359274625778
0.10226047784090042, 0.031125586479902267
0.1317504346370697, 0.03422275185585022
0.14554892480373383, 0.04959125071763992
0.09525073319673538, 0.05188373103737831
0.12185657769441605, 0.09039657562971115
0.08969323337078094, 0.03885703906416893
0.17677229642868042, 0.0791676938533783
0.10580416768789291, 0.10013524442911148
0.19243231415748596, 0.054190732538700104
0.110324427485466, 0.08805710822343826
0.2012285590171814, 0.12848298251628876
0.13155300915241241, 0.07810403406620026
0.22680242359638214, 0.08238652348518372
0.0715952143073082, 0.024980222806334496
0.18149852752685547, 0.1061365157365799
0.2201276421546936, 0.09554137289524078
0.15182849764823914, 0.13633321225643158
0.1005227267742157, 0.07777079939842224
0.18724296987056732, 0.10972005873918533
0.14713922142982483, 0.09982024878263474
0.09731738269329071, 0.044331952929496765
0.20766401290893555, 0.02786305546760559
0.22596129775047302, 0.047523170709609985
0.16935297846794128, 0.08973371982574463
0.212563157081604, 0.16111545264720917
0.12028199434280396, 0.08595665544271469
0.11708103120326996, 0.09107796102762222
0.20193102955818176, 0.08717086911201477
0.14439231157302856, 0.06552340090274811
0.19648252427577972, 0.11433612555265427
0.07246570289134979, 0.046767961233854294
0.08709608018398285, 0.05321060121059418
0.23409362137317657, 0.14301203191280365
0.15761393308639526, 0.11193587630987167
0.23271949589252472, 0.13562361896038055
0.18943360447883606, 0.18322160840034485
0.266481876373291, 0.13989931344985962
0.23063474893569946, 0.11842063814401627
0.15848368406295776, 0.10384342819452286
0.15534961223602295, 0.03605615720152855
0.18219679594039917, 0.06763208657503128
0.11464037746191025, 0.10744135081768036
0.06433660537004471, 0.07390302419662476
0.13692837953567505, 0.10117178410291672
0.06993590295314789, 0.03883444145321846
0.13181093335151672, 0.06714644283056259
0.0600159727036953, 0.05587553605437279
0.0748610869050026, 0.055885545909404755
0.07741162925958633, 0.0862068384885788
0.14538127183914185, 0.06952083855867386
0.12785741686820984, 0.06169617176055908
0.1771116554737091, 0.1115705594420433
0.18366843461990356, 0.10425987094640732
0.1566525399684906, 0.05969754606485367
0.1674276888370514, 0.04718030244112015
0.22751645743846893, 0.12059653550386429
0.1760614514350891, 0.1640385389328003
0.17306360602378845, 0.11709856241941452
0.11647873371839523, 0.06723880022764206
0.18354755640029907, 0.09351789951324463
0.18900981545448303, 0.09502234309911728
0.14426052570343018, 0.04235980287194252
0.18317382037639618, 0.1339058130979538
0.11828581988811493, 0.08489328622817993
0.13375310599803925, 0.06321513652801514
0.15840578079223633, 0.0856342762708664
0.22024847567081451, 0.11407367885112762
0.0630313977599144, 0.04243449121713638
0.18682357668876648, 0.08173932880163193
0.11656777560710907, 0.07280255109071732
0.20090362429618835, 0.026021752506494522
0.10191003233194351, 0.07763039320707321
0.11121001094579697, 0.06338120251893997
0.19929154217243195, 0.10864149034023285
0.0830409824848175, 0.03499319404363632
0.08454487472772598, 0.05290425568819046
0.07682357728481293, 0.02980903349816799
0.061715781688690186, 0.04050108790397644
0.15483830869197845, 0.09325733780860901
0.14235946536064148, 0.08162731677293777
0.08800748735666275, 0.05761568993330002
0.08149459958076477, 0.03490999713540077
0.1315722018480301, 0.03405375778675079
0.09292801469564438, 0.05854200944304466
0.13177460432052612, 0.07894553244113922
0.24556897580623627, 0.10743395239114761
0.09039047360420227, 0.06665275990962982
0.11386541277170181, 0.13074614107608795
0.14550156891345978, 0.10670599341392517
0.14774809777736664, 0.08521648496389389
0.15497635304927826, 0.08234230428934097
0.13461385667324066, 0.12374179810285568
0.24178001284599304, 0.12970732152462006
0.10217148810625076, 0.09179041534662247
0.19477730989456177, 0.07995149493217468
0.2407507747411728, 0.06645895540714264
0.13256588578224182, 0.09228666126728058
0.09914731979370117, 0.09690025448799133
0.11985470354557037, 0.047140736132860184
0.1479179561138153, 0.08442030847072601
0.11437246203422546, 0.03969648852944374
0.11905302107334137, 0.0678223967552185
0.05407502502202988, 0.057728201150894165
0.18298766016960144, 0.09123582392930984
0.09408098459243774, 0.06154772639274597
0.1583062708377838, 0.06281012296676636
0.08044649660587311, 0.06156746670603752
0.11283381283283234, 0.05761443451046944
0.18255609273910522, 0.09559594839811325
0.08229804039001465, 0.028900541365146637
0.09358946979045868, 0.027279119938611984
0.13905492424964905, 0.02984871342778206
0.18458348512649536, 0.14159396290779114
0.10593309253454208, 0.05721820145845413
0.15820810198783875, 0.08331957459449768
0.0856933742761612, 0.07174036651849747
0.17767688632011414, 0.06612177938222885
0.07943489402532578, 0.02085239812731743
0.10767338424921036, 0.04476999491453171
0.17843453586101532, 0.09703581035137177
0.17439578473567963, 0.058926377445459366
0.10030201077461243, 0.06542036682367325
0.1677265763282776, 0.13517755270004272
0.10009174048900604, 0.061638280749320984
0.21540866792201996, 0.11555013060569763
0.1351071298122406, 0.08895895630121231
0.18305055797100067, 0.1196279302239418
0.08698028326034546, 0.048719536513090134
0.1637502759695053, 0.09612196683883667
0.14885489642620087, 0.12394250929355621
0.11992689967155457, 0.10549483448266983
0.1694277673959732, 0.1823216676712036
0.15900741517543793, 0.08345139026641846
0.07646296173334122, 0.0588318333029747
0.17642438411712646, 0.051222097128629684
0.22404208779335022, 0.09474398195743561
0.18359684944152832, 0.08152684569358826
0.2801956534385681, 0.04472600296139717
0.3180989623069763, 0.10822658985853195
0.11550331860780716, 0.09409262984991074
0.1720329374074936, 0.04528319463133812
0.20103232562541962, 0.051980700343847275
0.12173740565776825, 0.06998468935489655
0.14251892268657684, 0.06803946942090988
0.07763154059648514, 0.03927643597126007
0.12912523746490479, 0.11365868896245956
0.1212596595287323, 0.018353253602981567
0.14283643662929535, 0.09317375719547272
0.13128980994224548, 0.06385000050067902
0.07806836068630219, 0.03192178159952164
0.16454975306987762, 0.04706490412354469
0.11112940311431885, 0.048332247883081436
0.19737565517425537, 0.09352896362543106
0.074700728058815, 0.09507458657026291
0.05758431553840637, 0.08090366423130035
0.02711409702897072, 0.020371466875076294
0.0878889337182045, 0.10950621962547302
0.11596015840768814, 0.08013582229614258
0.19500021636486053, 0.06261073797941208
0.18784572184085846, 0.1302516907453537
0.11739494651556015, 0.07060783356428146
0.2327890843153, 0.10633127391338348
0.1292024403810501, 0.04224492236971855
0.148270845413208, 0.10612426698207855
0.1183433085680008, 0.05068472772836685
0.07956946641206741, 0.059227921068668365
0.18182696402072906, 0.09896592050790787
0.1421251744031906, 0.04306960478425026
0.06739647686481476, 0.031818173825740814
0.20555318892002106, 0.059903886169195175
0.10483276844024658, 0.07900601625442505
0.08089309930801392, 0.07343001663684845
0.28677263855934143, 0.0514904260635376
0.04603683203458786, 0.03781059756875038
0.13884493708610535, 0.11739426851272583
0.09369564801454544, 0.04403524473309517
0.0746878907084465, 0.0645875558257103
0.13515949249267578, 0.1061459630727768
0.14616498351097107, 0.138419508934021
0.18546856939792633, 0.12071250379085541
0.09991995990276337, 0.05674915015697479
0.08396704494953156, 0.046721309423446655
0.17163193225860596, 0.08942082524299622
0.08903136849403381, 0.05522776022553444
0.0948142483830452, 0.04868004098534584
0.11278033256530762, 0.10131855309009552
0.09527084231376648, 0.04938588663935661
0.11829911172389984, 0.061007432639598846
0.18536174297332764, 0.05008891597390175
0.13004472851753235, 0.10970646888017654
0.15984484553337097, 0.07206176966428757
0.08151338994503021, 0.05217792093753815
0.09764373302459717, 0.07526668906211853
0.17013001441955566, 0.09714040905237198
0.17149899899959564, 0.0531797856092453
0.13888737559318542, 0.1049937978386879
0.1407853364944458, 0.06768130511045456
0.18161916732788086, 0.09422047436237335
0.19127410650253296, 0.06618060916662216
0.15484724938869476, 0.15068447589874268
0.12922070920467377, 0.0735999271273613
0.07174798846244812, 0.031794868409633636
0.04899049177765846, 0.04424206539988518
0.17501826584339142, 0.060463931411504745
0.11091741919517517, 0.12358435243368149
0.09907197952270508, 0.04557249695062637
0.12700490653514862, 0.06172648072242737
0.0790836289525032, 0.07980269193649292
0.10372902452945709, 0.059599246829748154
0.17573173344135284, 0.0817156583070755
0.21528169512748718, 0.11590369045734406
0.15927237272262573, 0.06303752958774567
0.07944704592227936, 0.03027118369936943
0.06942197680473328, 0.047279685735702515
0.20040088891983032, 0.0550365224480629
0.13286128640174866, 0.12554419040679932
0.17546972632408142, 0.07061678171157837
0.09680245071649551, 0.10960913449525833
0.12902647256851196, 0.08502840995788574
0.1558246612548828, 0.05459050461649895
0.18520048260688782, 0.1430046558380127
0.22632361948490143, 0.1196972131729126
0.13373328745365143, 0.023233525454998016
0.19947321712970734, 0.11220526695251465
0.15185461938381195, 0.060058221220970154
0.22100266814231873, 0.06465185433626175
0.12283541262149811, 0.06989181041717529
0.19284048676490784, 0.06596490740776062
0.1507464349269867, 0.12082131206989288
0.11262056231498718, 0.10647377371788025
0.15617118775844574, 0.08696401119232178
0.15635256469249725, 0.09031623601913452
0.18446047604084015, 0.07371806353330612
0.274526447057724, 0.11194286495447159
0.24737301468849182, 0.060470398515462875
0.24194607138633728, 0.04105532541871071
0.09440905600786209, 0.08594515919685364
0.13040712475776672, 0.03223774954676628
0.15095862746238708, 0.055716536939144135
0.21587619185447693, 0.07579723745584488
0.11670572310686111, 0.09690483659505844
0.22058270871639252, 0.11937122792005539
0.21527186036109924, 0.11005022376775742
0.1263013780117035, 0.06402482837438583
0.09888509660959244, 0.11469043791294098
0.19897904992103577, 0.07839042693376541
0.10102969408035278, 0.07823150604963303
0.09418109059333801, 0.06527002155780792
0.09845592826604843, 0.05611081048846245
0.21149691939353943, 0.044013287872076035
0.07344460487365723, 0.034891605377197266
0.13190148770809174, 0.10671043395996094
0.13634759187698364, 0.08684267103672028
0.1631268560886383, 0.057034123688936234
0.07418763637542725, 0.041749391704797745
0.08246181905269623, 0.04400388523936272
0.10501718521118164, 0.10731223225593567
0.11686120927333832, 0.050595588982105255
0.10576227307319641, 0.07978753000497818
0.1117866188287735, 0.0716279074549675
0.18344438076019287, 0.12307926267385483
0.10353291034698486, 0.06164739653468132
0.1382901966571808, 0.10386085510253906
0.16376802325248718, 0.14311695098876953
0.20283585786819458, 0.14170031249523163
0.10868960618972778, 0.017227541655302048
0.10436700284481049, 0.04913979768753052
0.18621887266635895, 0.04519560933113098
0.1464688777923584, 0.0787346214056015
0.18465349078178406, 0.10184219479560852
0.12537145614624023, 0.09951350092887878
0.14912939071655273, 0.11195653676986694
0.13924066722393036, 0.10084778070449829
0.17754849791526794, 0.16135302186012268
0.12884476780891418, 0.12357036024332047
0.08905857056379318, 0.02595330961048603
0.049974847584962845, 0.04292547330260277
0.08545538038015366, 0.05620944872498512
0.1773136556148529, 0.08638903498649597
0.16730129718780518, 0.08564147353172302
0.14796940982341766, 0.02782444842159748
0.08604689687490463, 0.05272068828344345
0.22263307869434357, 0.06472931057214737
0.09578705579042435, 0.09870211780071259
0.09075342118740082, 0.03338848799467087
0.12478621304035187, 0.09226100891828537
0.10690641403198242, 0.06163305416703224
0.12904714047908783, 0.13198222219944
0.1867697834968567, 0.08489200472831726
0.17055492103099823, 0.10028555989265442
0.27010244131088257, 0.09027423709630966
0.08401665091514587, 0.10971513390541077
0.254388689994812, 0.14412492513656616
0.2901109457015991, 0.12435334920883179
0.20279598236083984, 0.09781220555305481
0.11084678024053574, 0.0985703393816948
0.2142016738653183, 0.15160325169563293
0.19980251789093018, 0.20519328117370605
0.20155297219753265, 0.11303118616342545
0.13528423011302948, 0.08552191406488419
0.06726543605327606, 0.055737707763910294
0.16540151834487915, 0.023927873000502586
0.1465640664100647, 0.11010719835758209
0.11394792795181274, 0.06708172708749771
0.11946097761392593, 0.10969482362270355
0.12098938226699829, 0.05654042214155197
0.07023128867149353, 0.059829872101545334
0.13883760571479797, 0.09386768937110901
0.1565096229314804, 0.08500729501247406
0.17725074291229248, 0.07402799278497696
0.12812820076942444, 0.12169613689184189
0.20519864559173584, 0.059147004038095474
0.10610580444335938, 0.06536126136779785
0.15676942467689514, 0.13809436559677124
0.11071828752756119, 0.038932256400585175
0.08152025192975998, 0.05697698891162872
0.16580016911029816, 0.03990689292550087
0.2153615802526474, 0.14710378646850586
0.26446017622947693, 0.15663036704063416
0.27473223209381104, 0.09716066718101501
0.2592741847038269, 0.21522663533687592
0.23840515315532684, 0.1505012959241867
0.2682415246963501, 0.06561625003814697
0.16164301335811615, 0.11997375637292862
0.16031387448310852, 0.06713148206472397
0.18643981218338013, 0.12224067747592926
0.30723297595977783, 0.17665307223796844
0.27530473470687866, 0.13297121226787567
0.11073625087738037, 0.0950557291507721
0.20269031822681427, 0.05222763493657112
0.24339377880096436, 0.10745185613632202
0.20807616412639618, 0.08844911307096481
0.19419211149215698, 0.1583532840013504
0.12915563583374023, 0.10138396918773651
0.07106906920671463, 0.02344534359872341
0.10857368260622025, 0.08724718540906906
0.11549991369247437, 0.07844611257314682
0.15094944834709167, 0.0890888050198555
0.1021793931722641, 0.03651037812232971
0.11474300920963287, 0.10334373265504837
0.0865187793970108, 0.029340844601392746
0.11808956414461136, 0.04894300922751427
0.08045496791601181, 0.07022300362586975
0.1722787618637085, 0.061917856335639954
0.21029002964496613, 0.17276722192764282
0.30451440811157227, 0.11403598636388779
0.10500845313072205, 0.07339320331811905
0.1409742534160614, 0.09396622329950333
0.2092171013355255, 0.1263183057308197
0.1276055872440338, 0.09961619973182678
0.12363005429506302, 0.04924052208662033
0.18884757161140442, 0.10757345706224442
0.16335299611091614, 0.12197799980640411
0.14085833728313446, 0.05065321922302246
0.18205256760120392, 0.07090308517217636
0.14750748872756958, 0.0837496891617775
0.14359404146671295, 0.05963129550218582
0.17268043756484985, 0.033704038709402084
0.050669215619564056, 0.02909277193248272
0.184237539768219, 0.0837005004286766
0.18124139308929443, 0.14513784646987915
0.25490474700927734, 0.06820032000541687
0.1458026021718979, 0.020910795778036118
0.1639403998851776, 0.07924945652484894
0.09217637777328491, 0.07402203977108002
0.13178348541259766, 0.07574090361595154
0.14235612750053406, 0.019768839702010155
0.2810515761375427, 0.03832590952515602
0.21930794417858124, 0.1594301462173462
0.18666040897369385, 0.06712423264980316
0.09692741930484772, 0.07635470479726791
0.1487327367067337, 0.05544234439730644
0.1502322256565094, 0.09000253677368164
0.11609847843647003, 0.11484864354133606
0.11206662654876709, 0.05759800598025322
0.1271246075630188, 0.08544865250587463
0.11513382196426392, 0.06889481097459793
0.20658862590789795, 0.14858847856521606
0.19286493957042694, 0.030992761254310608
0.10208025574684143, 0.08525479584932327
0.12879841029644012, 0.08034779876470566
0.1676851063966751, 0.11010546237230301
0.1330544352531433, 0.09402144700288773
0.1589868664741516, 0.027434010058641434
0.09743139892816544, 0.07447757571935654
0.11956429481506348, 0.08056886494159698
0.023850856348872185, 0.012939266860485077
0.1640697866678238, 0.06810642033815384
0.11221639811992645, 0.09895778447389603
0.15617579221725464, 0.03995352238416672
0.06666632741689682, 0.036405567079782486
0.11134947836399078, 0.0641397088766098
0.14366206526756287, 0.016557835042476654
0.1154002845287323, 0.04511789232492447
0.08396304398775101, 0.05459417402744293
0.15456873178482056, 0.0790298655629158
0.09343140572309494, 0.042816922068595886
0.18821635842323303, 0.08170213550329208
0.1671110987663269, 0.1014174073934555
0.06775280833244324, 0.06112731248140335
0.14850246906280518, 0.1471078246831894
0.15872251987457275, 0.09578385204076767
0.16636987030506134, 0.04006224125623703
0.07538935542106628, 0.03375814110040665
0.1299411654472351, 0.0354294516146183
0.15678155422210693, 0.02391321398317814
0.16037282347679138, 0.06391306966543198
0.1311107873916626, 0.044537968933582306
0.253192663192749, 0.11065905541181564
0.09611421823501587, 0.14804136753082275
0.25358015298843384, 0.0821542888879776
0.16409295797348022, 0.09555408358573914
0.11901894211769104, 0.10524837672710419
0.20785200595855713, 0.10306976735591888
0.1764952391386032, 0.08723483234643936
0.09926321357488632, 0.11712312698364258
0.03325875848531723, 0.013829783536493778
0.1218055933713913, 0.0930996835231781
0.08424316346645355, 0.07338527590036392
0.12267203629016876, 0.03343662619590759
0.07703929394483566, 0.029683267697691917
0.11174268275499344, 0.048129528760910034
0.15601082146167755, 0.07755067944526672
0.1138806939125061, 0.06587056815624237
0.08301130682229996, 0.07493006438016891
0.12624673545360565, 0.06980393826961517
0.16585227847099304, 0.06636040657758713
0.06655984371900558, 0.04267489165067673
0.056076403707265854, 0.05439131334424019
0.18674522638320923, 0.06857248395681381
0.2292531132698059, 0.13928651809692383
0.20517081022262573, 0.1135462075471878
0.3182947635650635, 0.11201836168766022
0.12847121059894562, 0.0885174423456192
0.22378191351890564, 0.1272844523191452
0.22235000133514404, 0.079031802713871
0.13378369808197021, 0.1326158195734024
0.12092193961143494, 0.10987043380737305
0.21993792057037354, 0.14267130196094513
0.16840824484825134, 0.0873151570558548
0.20287033915519714, 0.10427269339561462
0.11035291105508804, 0.11208383738994598
0.2454904019832611, 0.14272932708263397
0.21076801419258118, 0.11645883321762085
0.18202567100524902, 0.12727712094783783
0.14166121184825897, 0.1418313980102539
0.17470857501029968, 0.13724972307682037
0.08087541908025742, 0.045025601983070374
0.1474834531545639, 0.05461493879556656
0.10884171724319458, 0.06541323661804199
0.13424906134605408, 0.08214171230792999
0.1075141578912735, 0.05459532514214516
0.07297627627849579, 0.045189354568719864
0.08564348518848419, 0.05922828987240791
0.18227775394916534, 0.16126354038715363
0.11589821428060532, 0.09101515263319016
0.14198485016822815, 0.0849142000079155
0.16335782408714294, 0.12858587503433228
0.17196977138519287, 0.11038172245025635
0.07818452268838882, 0.02638610638678074
0.15842580795288086, 0.0766790360212326
0.1910627782344818, 0.11084797978401184
0.16690942645072937, 0.06953511387109756
0.19231635332107544, 0.10066372156143188
0.1660447120666504, 0.036168526858091354
0.1524258404970169, 0.08856098353862762
0.08040520548820496, 0.051247283816337585
0.20875751972198486, 0.1077653020620346
0.14673255383968353, 0.0480390340089798
0.033261463046073914, 0.006707366090267897
0.12391415238380432, 0.02724781446158886
0.3161342740058899, 0.10047460347414017
0.2716514468193054, 0.06040202081203461
0.2539060115814209, 0.13772349059581757
0.2527656853199005, 0.09652341902256012
0.0869302749633789, 0.041462063789367676
0.28509169816970825, 0.12072335183620453
0.24025189876556396, 0.123971126973629
0.19761595129966736, 0.15011318027973175
0.171499103307724, 0.14807698130607605
0.1265869140625, 0.07323208451271057
0.17409855127334595, 0.09355490654706955
0.2141610085964203, 0.09997425973415375
0.23146650195121765, 0.1261363923549652
0.2887380123138428, 0.08592422306537628
0.15246030688285828, 0.1543675810098648
0.18882699310779572, 0.10809039324522018
0.12172315269708633, 0.08663488179445267
0.25467589497566223, 0.15178276598453522
0.12043137848377228, 0.10639221966266632
0.1633916199207306, 0.11482842266559601
0.24327462911605835, 0.14389260113239288
0.08234763145446777, 0.04397859424352646
0.07530336081981659, 0.047666020691394806
0.05127359926700592, 0.034807365387678146
0.12091001868247986, 0.07399984449148178
0.07602117210626602, 0.031240487471222878
0.12500306963920593, 0.11932370066642761
0.1471952199935913, 0.0784071683883667
0.18727770447731018, 0.09419529885053635
0.16718509793281555, 0.15937478840351105
0.18854275345802307, 0.0991869866847992
0.19747725129127502, 0.11161773651838303
0.17198699712753296, 0.11351510882377625
0.19551981985569, 0.17461414635181427
0.16102129220962524, 0.11083777993917465
0.08370174467563629, 0.03247009590268135
0.15776194632053375, 0.09803955256938934
0.16100932657718658, 0.13934937119483948
0.25731438398361206, 0.09675507247447968
0.17047813534736633, 0.12095317989587784
0.18140853941440582, 0.13173387944698334
0.2501413822174072, 0.05679399520158768
0.275260329246521, 0.14689238369464874
0.23915840685367584, 0.13547416031360626
0.16011281311511993, 0.052487730979919434
0.06357993930578232, 0.056276921182870865
0.1404041200876236, 0.12456081807613373
0.14258503913879395, 0.08298172056674957
0.10338155925273895, 0.06141241639852524
0.06735780835151672, 0.02893633022904396
0.11993000656366348, 0.07080969959497452
0.1348949670791626, 0.06942920386791229
0.09100978076457977, 0.04202329367399216
0.1040344089269638, 0.08447637408971786
0.14476513862609863, 0.04841237887740135
0.14290285110473633, 0.08784465491771698
0.19435155391693115, 0.07470951229333878
0.17160364985466003, 0.10204125195741653
0.1498420536518097, 0.11899182945489883
0.24188445508480072, 0.01462937518954277
0.11286470293998718, 0.04799748584628105
0.14292950928211212, 0.08346807211637497
0.06367477029561996, 0.0355260968208313
0.1309402883052826, 0.09452185779809952
0.11940755695104599, 0.07965920865535736
0.3578070402145386, 0.09134523570537567
0.25409120321273804, 0.09741585701704025
0.22877143323421478, 0.10175479203462601
0.22511586546897888, 0.15099333226680756
0.1650640368461609, 0.039190128445625305
0.13866978883743286, 0.09041439741849899
0.2889321446418762, 0.08256442844867706
0.163181334733963, 0.11243598163127899
0.20420056581497192, 0.14698199927806854
0.16172656416893005, 0.12004020810127258
0.2293701320886612, 0.07879620045423508
0.2212429940700531, 0.15493546426296234
0.17102506756782532, 0.10723890364170074
0.1630723923444748, 0.13472995162010193
0.08834952861070633, 0.05906137824058533
0.14902400970458984, 0.09017592668533325
0.1937117874622345, 0.12421058863401413
0.12607795000076294, 0.07419314980506897
0.1568266898393631, 0.07312437891960144
0.12395394593477249, 0.045280784368515015
0.08177924156188965, 0.06997846812009811
0.20834963023662567, 0.13263769447803497
0.07356920838356018, 0.03372632712125778
0.13207942247390747, 0.052656739950180054
0.12418302893638611, 0.04869773983955383
0.15959951281547546, 0.04815995693206787
0.22288082540035248, 0.09352024644613266
0.08997902274131775, 0.09400730580091476
0.09662751853466034, 0.04944264516234398
0.15350699424743652, 0.10208357125520706
0.1773267239332199, 0.06681184470653534
0.21034561097621918, 0.1593412160873413
0.24145671725273132, 0.06478716433048248
0.10181030631065369, 0.06432163715362549
0.14960485696792603, 0.07701364159584045
0.09421027451753616, 0.0423017255961895
0.11028464138507843, 0.06244612857699394
0.13231657445430756, 0.08809108287096024
0.15098044276237488, 0.1234230250120163
0.17354349792003632, 0.0449613556265831
0.12281639128923416, 0.11864383518695831
0.15184389054775238, 0.08077963441610336
0.06793682277202606, 0.06122029200196266
0.16732257604599, 0.03493335843086243
0.11957073211669922, 0.09622488170862198
0.12058518826961517, 0.06875529885292053
0.12597674131393433, 0.04582836106419563
0.18026775121688843, 0.06605062633752823
0.16339939832687378, 0.10840355604887009
0.12858349084854126, 0.03682370483875275
0.12347092479467392, 0.04886157810688019
0.13034498691558838, 0.06969670951366425
0.05182075873017311, 0.03854553401470184
0.10149256885051727, 0.08782390505075455
0.26712384819984436, 0.07959375530481339
0.08044227212667465, 0.09278320521116257
0.16786865890026093, 0.09504631161689758
0.13324074447155, 0.07699069380760193
0.059584710747003555, 0.041460540145635605
0.14099524915218353, 0.1082134023308754
0.10880585014820099, 0.05405412241816521
0.16013017296791077, 0.062086429446935654
0.10212215781211853, 0.11018694937229156
0.23421208560466766, 0.06745114177465439
0.17750951647758484, 0.08910849690437317
0.14608687162399292, 0.18120117485523224
0.141254261136055, 0.1456916481256485
0.13151247799396515, 0.09991095960140228
0.20275305211544037, 0.08677840977907181
0.19140414893627167, 0.14444251358509064
0.2086976319551468, 0.06319418549537659
0.058154311031103134, 0.026093684136867523
0.10535161197185516, 0.07133381068706512
0.13247954845428467, 0.07672135531902313
0.12151937186717987, 0.1619177758693695
0.21236193180084229, 0.096261166036129
0.13861623406410217, 0.09400910884141922
0.1599714159965515, 0.11729723960161209
0.29955846071243286, 0.1846352368593216
0.34005820751190186, 0.06401894986629486
0.1559048891067505, 0.12937654554843903
0.2549908459186554, 0.16044355928897858
0.1734965741634369, 0.1123078241944313
0.1550970822572708, 0.09651213139295578
0.22740104794502258, 0.14577540755271912
0.22385993599891663, 0.0766848623752594
0.2058839052915573, 0.13915376365184784
0.15257886052131653, 0.03593269735574722
0.28853508830070496, 0.07933442294597626
0.11696843802928925, 0.06244054436683655
0.25027376413345337, 0.09423041343688965
0.3247130811214447, 0.10722453147172928
0.19658417999744415, 0.0739826112985611
0.1016940250992775, 0.032411716878414154
0.18485932052135468, 0.12389320135116577
0.17193534970283508, 0.046261779963970184
0.06269300729036331, 0.05187300965189934
0.18973404169082642, 0.10172798484563828
0.10333208739757538, 0.09407070279121399
0.12608759105205536, 0.0639401376247406
0.10384786874055862, 0.042129214853048325
0.0656617060303688, 0.06790013611316681
0.13291636109352112, 0.07527480274438858
0.17217117547988892, 0.09561828523874283
0.15788966417312622, 0.09412764757871628
0.32845789194107056, 0.17779581248760223
0.15493306517601013, 0.0697382390499115
0.3092362880706787, 0.02244584448635578
0.24291129410266876, 0.1406773328781128
0.25143134593963623, 0.10110168159008026
0.21835380792617798, 0.11858941614627838
0.12474866956472397, 0.06555886566638947
0.0978836640715599, 0.0548575222492218
0.0798109769821167, 0.059207748621702194
0.08718355000019073, 0.06941504776477814
0.19460135698318481, 0.09380567818880081
0.4231528043746948, 0.10619508475065231
0.20727181434631348, 0.08980800956487656
0.11806784570217133, 0.03175881505012512
0.17470209300518036, 0.10525968670845032
0.1057610809803009, 0.06550881266593933
0.12612062692642212, 0.03785596787929535
0.15828992426395416, 0.077264703810215
0.10611844807863235, 0.1148923859000206
0.056166838854551315, 0.0642038881778717
0.15176784992218018, 0.09225384891033173
0.1735774576663971, 0.09896533191204071
0.06211601197719574, 0.041173845529556274
0.08218017220497131, 0.0732051432132721
0.10845131427049637, 0.07072415947914124
0.0932866781949997, 0.05113062262535095
0.12247580289840698, 0.06828387081623077
0.17094624042510986, 0.06690885126590729
0.1281048208475113, 0.10557924211025238
0.1054789125919342, 0.05651656910777092
0.18604739010334015, 0.11141518503427505
0.12516272068023682, 0.10710601508617401
0.2331148386001587, 0.1242390125989914
0.05084323137998581, 0.04328160732984543
0.14456097781658173, 0.07880841940641403
0.2022438794374466, 0.07764270156621933
0.17373183369636536, 0.0948077142238617
0.10993189364671707, 0.031833067536354065
0.040063973516225815, 0.037340834736824036
0.07736518979072571, 0.07431119680404663
0.17500737309455872, 0.07975304871797562
0.18797573447227478, 0.16638092696666718
0.14442789554595947, 0.1242809072136879
0.26629045605659485, 0.11222813278436661
0.2587500810623169, 0.13426531851291656
0.14269061386585236, 0.04983820766210556
0.2019968330860138, 0.12949995696544647
0.1259179711341858, 0.09631681442260742
0.13843439519405365, 0.16148127615451813
0.20183351635932922, 0.03194982931017876
0.17184142768383026, 0.0992073342204094
0.22097718715667725, 0.11828518658876419
0.12673622369766235, 0.12309948354959488
0.11644107103347778, 0.07613421976566315
0.09301217645406723, 0.04032836854457855
0.08343680948019028, 0.061511944979429245
0.11463579535484314, 0.07459484785795212
0.11045926809310913, 0.06886782497167587
0.09709680825471878, 0.08051086962223053
0.1916423738002777, 0.12666328251361847
0.08596831560134888, 0.03752514347434044
0.20583227276802063, 0.05140966922044754
0.17866022884845734, 0.147111177444458
0.0754171758890152, 0.03534971550107002
0.09255210310220718, 0.018578143790364265
0.07578817009925842, 0.030920324847102165
0.05241363123059273, 0.019844582304358482
0.13483017683029175, 0.12595818936824799
0.19425144791603088, 0.09343933314085007
0.151796355843544, 0.07155323773622513
0.14798493683338165, 0.05594755336642265
0.07263161242008209, 0.041185684502124786
0.10380672663450241, 0.028435178101062775
0.24581311643123627, 0.07035937905311584
0.18388229608535767, 0.07807637006044388
0.16274411976337433, 0.058456458151340485
0.21624153852462769, 0.1298738270998001
0.1613033413887024, 0.036453478038311005
0.10731656849384308, 0.10676383972167969
0.14327511191368103, 0.08772586286067963
0.17378270626068115, 0.11603102087974548
0.18853679299354553, 0.0757812038064003
0.10032149404287338, 0.09732217341661453
0.11866971850395203, 0.057555392384529114
0.10709304362535477, 0.11638804525136948
0.1461973786354065, 0.09540654718875885
0.08015042543411255, 0.04155753552913666
0.10615302622318268, 0.12220883369445801
0.17148113250732422, 0.07228560000658035
0.08564244955778122, 0.0627741739153862
0.11113622784614563, 0.06929846853017807
0.1549225151538849, 0.10265166312456131
0.1226833164691925, 0.09014610201120377
0.12152502685785294, 0.05612688139081001
0.16138122975826263, 0.09366976469755173
0.09280021488666534, 0.03292373940348625
0.07794950157403946, 0.030582750216126442
0.1161121353507042, 0.06220816448330879
0.11790460348129272, 0.04230060800909996
0.2066466063261032, 0.17639635503292084
0.2511467933654785, 0.06997845321893692
0.23397859930992126, 0.1355448067188263
0.15818360447883606, 0.08060416579246521
0.16277964413166046, 0.11788114160299301
0.14442658424377441, 0.08265403658151627
0.14233563840389252, 0.0783599242568016
0.19946518540382385, 0.10700300335884094
0.1718069165945053, 0.14313098788261414
0.22246569395065308, 0.10153528302907944
0.22137349843978882, 0.09695543348789215
0.19831904768943787, 0.12653736770153046
0.22381813824176788, 0.1458519846200943
0.24200144410133362, 0.058837566524744034
0.28053605556488037, 0.08605408668518066
0.23262104392051697, 0.10750796645879745
0.12547153234481812, 0.09629815816879272
0.16025859117507935, 0.08251100778579712
0.11579359322786331, 0.084328792989254
0.1384769082069397, 0.0954471006989479
0.11307424306869507, 0.07025442272424698
0.1261017918586731, 0.10854249447584152
0.14126452803611755, 0.15130238234996796
0.13861322402954102, 0.06589677184820175
0.05193589627742767, 0.05976208671927452
0.17767801880836487, 0.11935015767812729
0.3611467182636261, 0.1438218504190445
0.2390604317188263, 0.1416517198085785
0.18932124972343445, 0.0781438872218132
0.2056335210800171, 0.09695415198802948
0.14630790054798126, 0.10078966617584229
0.23547713458538055, 0.0759713277220726
0.2021813690662384, 0.1380140483379364
0.19038748741149902, 0.08214832842350006
0.2902921438217163, 0.08911345899105072
0.14252084493637085, 0.08234889805316925
0.21971261501312256, 0.07598239928483963
0.09758798032999039, 0.093120276927948
0.10191409289836884, 0.080262690782547
0.08929931372404099, 0.041016433387994766
0.16803495585918427, 0.0823715478181839
0.11851474642753601, 0.07511904835700989
0.11867531388998032, 0.09852711856365204
0.15529365837574005, 0.07430681586265564
0.057235028594732285, 0.039730608463287354
0.14815394580364227, 0.16584241390228271
0.190732941031456, 0.11459781974554062
0.08899618685245514, 0.03875187784433365
0.1438445746898651, 0.11163081228733063
0.18066340684890747, 0.08795253932476044
0.1421516090631485, 0.03839536011219025
0.0819891095161438, 0.020844923332333565
0.1809786707162857, 0.04686463996767998
0.10731910169124603, 0.10169718414545059
0.18195392191410065, 0.0782049223780632
0.1757965236902237, 0.1404542177915573
0.18102294206619263, 0.1107582077383995
0.20736825466156006, 0.08326847851276398
0.1078372448682785, 0.13170494139194489
0.19771714508533478, 0.15984149277210236
0.15223678946495056, 0.10631991922855377
0.20819100737571716, 0.10161784291267395
0.07214796543121338, 0.024404464289546013
0.1366448998451233, 0.06328994780778885
0.06717605143785477, 0.03154439106583595
0.11813969910144806, 0.10022353380918503
0.17390115559101105, 0.1166088804602623
0.16339319944381714, 0.10641317814588547
0.16689695417881012, 0.07577469199895859
0.19976428151130676, 0.12427037954330444
0.15631771087646484, 0.033707622438669205
0.1983056664466858, 0.14290781319141388
0.07110670953989029, 0.054279230535030365
0.04699245095252991, 0.0369739793241024
0.0848868116736412, 0.05891064554452896
0.1427197903394699, 0.014903954230248928
0.20881426334381104, 0.04729640856385231
0.2188265025615692, 0.10522621870040894
0.13959306478500366, 0.04837597906589508
0.010441020131111145, 0.006749016232788563
0.1310085952281952, 0.10918549448251724
0.1476038694381714, 0.04230276867747307
0.0735124945640564, 0.03652825951576233
0.07774796336889267, 0.05255426466464996
0.10974302887916565, 0.07741455733776093
0.2092311680316925, 0.05972976237535477
0.1628774106502533, 0.12631848454475403
0.21294815838336945, 0.09810496121644974
0.15327675640583038, 0.0587480254471302
0.11685842275619507, 0.03522529453039169
0.17845772206783295, 0.1236666738986969
0.15157678723335266, 0.09295260906219482
0.09490620344877243, 0.08686944842338562
0.1540110558271408, 0.10997933894395828
0.16163186728954315, 0.11104831099510193
0.06180555373430252, 0.04514380171895027
0.16165851056575775, 0.06313765794038773
0.1022886335849762, 0.09454626590013504
0.13868656754493713, 0.0956873893737793
0.1549130529165268, 0.07641811668872833
0.1180390864610672, 0.14446550607681274
0.21032866835594177, 0.1405053287744522
0.09097602963447571, 0.04850202053785324
0.31963247060775757, 0.056385256350040436
0.19559845328330994, 0.0818738043308258
0.17246323823928833, 0.0695146694779396
0.1335030347108841, 0.027256309986114502
0.16533468663692474, 0.026954736560583115
0.11730926483869553, 0.09787428379058838
0.20383836328983307, 0.0869806557893753
0.23227214813232422, 0.15535715222358704
0.21938857436180115, 0.14845164120197296
0.22213244438171387, 0.1897522211074829
