mean, std
0.20909026265144348, 0.014547796919941902
0.18902622163295746, 0.0164688341319561
0.16625544428825378, 0.023911889642477036
0.1723824441432953, 0.012531464919447899
0.1666092425584793, 0.018016990274190903
0.15975284576416016, 0.015118369832634926
0.15212517976760864, 0.012498166412115097
0.14821285009384155, 0.009109413251280785
0.14827626943588257, 0.014152881689369678
0.1468544602394104, 0.016392933204770088
0.14279702305793762, 0.009082242846488953
0.13977354764938354, 0.008282074704766273
0.13816162943840027, 0.022272365167737007
0.13013795018196106, 0.0183718204498291
0.13653358817100525, 0.013130311854183674
0.13391214609146118, 0.010695976205170155
0.13532739877700806, 0.01889258623123169
0.12592118978500366, 0.022597458213567734
0.12947970628738403, 0.01670628786087036
0.12698273360729218, 0.008073599077761173
0.12662646174430847, 0.016167551279067993
0.12828108668327332, 0.018275558948516846
0.12473189830780029, 0.019032765179872513
0.12466679513454437, 0.026973959058523178
0.12537941336631775, 0.019742930307984352
0.12800823152065277, 0.005414191167801619
0.12863419950008392, 0.01684120111167431
0.12062571197748184, 0.014498907141387463
0.11585408449172974, 0.008552171289920807
0.12005572766065598, 0.01629573293030262
0.12139474600553513, 0.01159414742141962
0.11954976618289948, 0.016026344150304794
0.12298394739627838, 0.012197227217257023
0.11096596717834473, 0.01785367913544178
0.11178761720657349, 0.005290244240313768
0.1199730858206749, 0.01718973182141781
0.11765734851360321, 0.021477118134498596
0.11830279231071472, 0.0171855166554451
0.1120968833565712, 0.02687273919582367
0.10911046713590622, 0.019554397091269493
0.11087677627801895, 0.010980823077261448
0.111660897731781, 0.023123767226934433
0.11268731951713562, 0.01863032393157482
0.10766275227069855, 0.013642674311995506
0.10527902841567993, 0.018942303955554962
0.10356934368610382, 0.020608844235539436
0.10417798161506653, 0.01357583049684763
0.08901038765907288, 0.008192268200218678
0.08692941814661026, 0.011464362032711506
0.09475535154342651, 0.018302666023373604
0.08368758112192154, 0.005050281528383493
0.08988691866397858, 0.014805926941335201
0.08591490238904953, 0.02238481119275093
0.08567454665899277, 0.02060112915933132
0.08177955448627472, 0.0193790290504694
0.07798551023006439, 0.011566835455596447
0.07752363383769989, 0.009809224866330624
0.07488884031772614, 0.019234411418437958
0.07160809636116028, 0.017308706417679787
0.07219119369983673, 0.011453174985945225
0.06769994646310806, 0.017202487215399742
0.0676557794213295, 0.012770893052220345
0.06371081620454788, 0.01717621274292469
0.05967854708433151, 0.01554874237626791
0.06072913855314255, 0.013754482381045818
0.057161904871463776, 0.012769213877618313
0.056877270340919495, 0.012200180441141129
0.04722840338945389, 0.005236204247921705
0.05093136057257652, 0.013660767115652561
0.05248405039310455, 0.009814316406846046
0.04798782616853714, 0.014536991715431213
0.04693170636892319, 0.011443590745329857
0.04200797155499458, 0.006003101356327534
0.04679647088050842, 0.013027256354689598
0.04404980689287186, 0.014529167674481869
0.03862962871789932, 0.0039740330539643764
0.04245488718152046, 0.012626648880541325
0.042471520602703094, 0.012368661351501942
0.041708704084157944, 0.011383107863366604
0.04070589691400528, 0.012811902910470963
0.037844352424144745, 0.013743072748184204
0.039355166256427765, 0.009435012936592102
0.038003645837306976, 0.01050479058176279
0.037803273648023605, 0.01213366724550724
0.03641192615032196, 0.011402163654565811
0.03627742454409599, 0.01000602450221777
0.03580422326922417, 0.010957605205476284
0.03431504964828491, 0.010316413827240467
0.03346351534128189, 0.00882024597376585
0.032803382724523544, 0.009823987260460854
0.03463960066437721, 0.008720144629478455
0.03280968219041824, 0.009057175368070602
0.033472172915935516, 0.00796087272465229
0.0330844521522522, 0.007924171164631844
0.03005353920161724, 0.009154918603599072
0.032032787799835205, 0.00898814108222723
0.027201423421502113, 0.003897209884598851
0.031529687345027924, 0.008392071351408958
0.030753133818507195, 0.009799055755138397
0.030587254092097282, 0.008725541643798351
0.030521966516971588, 0.00770185049623251
0.028517650440335274, 0.00793484877794981
0.025829356163740158, 0.003952882718294859
0.02926255390048027, 0.007555285003036261
0.029135452583432198, 0.01023896411061287
0.029972106218338013, 0.006657885853201151
0.02946065366268158, 0.0074123963713645935
0.028332481160759926, 0.0068901232443749905
0.029030390083789825, 0.007148388307541609
0.028895895928144455, 0.006111334543675184
0.028494752943515778, 0.006781683769077063
0.027990397065877914, 0.008269164711236954
0.026886915788054466, 0.005307623650878668
0.027187734842300415, 0.00803657528012991
0.027295487001538277, 0.006866627372801304
0.02726033702492714, 0.00696878507733345
0.027926558628678322, 0.005871208384633064
0.027010217308998108, 0.00607633450999856
0.02421741746366024, 0.002295830985531211
0.02762165665626526, 0.005015361122786999
0.02265619859099388, 0.002718522911891341
0.026202518492937088, 0.007457390893250704
0.024178218096494675, 0.00657011428847909
0.02588784694671631, 0.006915817968547344
0.026442958042025566, 0.005376794375479221
0.02505534142255783, 0.0063741146586835384
0.025890443474054337, 0.007972273975610733
0.024678058922290802, 0.008107168599963188
0.024975590407848358, 0.006630313582718372
0.0256972499191761, 0.004519707523286343
0.026062455028295517, 0.004767534788697958
0.025222942233085632, 0.0055262185633182526
0.025461049750447273, 0.00514247315004468
0.025446895509958267, 0.005493279080837965
0.021715005859732628, 0.0025853849947452545
0.02250131592154503, 0.005434077698737383
0.02497207000851631, 0.0049145836383104324
0.023593787103891373, 0.005896657705307007
0.024505628272891045, 0.0053244237788021564
0.02045392245054245, 0.002103319624438882
0.023457955569028854, 0.00790945254266262
0.021747872233390808, 0.005991877056658268
0.02190627157688141, 0.005737637635320425
0.022791359573602676, 0.00860274862498045
0.022522933781147003, 0.007924314588308334
0.023023823276162148, 0.005991579964756966
0.023406529799103737, 0.0062015363946557045
0.023042505607008934, 0.006682985927909613
0.02269287034869194, 0.0057228729128837585
0.021807782351970673, 0.00788442324846983
0.022354165092110634, 0.005191595293581486
0.022406840696930885, 0.0059684207662940025
0.022256778553128242, 0.006053223740309477
0.0196205023676157, 0.002839830005541444
0.022253401577472687, 0.006723723374307156
0.02144973911345005, 0.00552796944975853
0.0215982124209404, 0.006913539953529835
0.0219107773154974, 0.005623835604637861
0.022012893110513687, 0.0038576216902583838
0.021785695105791092, 0.00669612642377615
0.021573655307292938, 0.0060791815631091595
0.020814821124076843, 0.0070491633377969265
0.02164928987622261, 0.004316740669310093
0.019885580986738205, 0.004356979858130217
0.020098373293876648, 0.005349168088287115
0.02163706161081791, 0.005404421128332615
0.01875957101583481, 0.003413005731999874
0.0191437229514122, 0.005244694650173187
0.02001885324716568, 0.005509412847459316
0.02111123688519001, 0.0066765244118869305
0.02114376425743103, 0.004314910154789686
0.02114509418606758, 0.005027708597481251
0.020891251042485237, 0.005514200776815414
0.0211285799741745, 0.003608427243307233
0.020107852295041084, 0.007197522558271885
0.02076837047934532, 0.005386502016335726
0.020345283672213554, 0.005342522636055946
0.020503945648670197, 0.004275553394109011
0.020533233880996704, 0.004709158558398485
0.02088279090821743, 0.00533919595181942
0.019780214875936508, 0.004329511895775795
0.020345773547887802, 0.005899398121982813
0.017963672056794167, 0.0027197476010769606
0.020576059818267822, 0.004649050068110228
0.01578601263463497, 0.000773510430008173
0.016892246901988983, 0.002673104638233781
0.02002716436982155, 0.0051927040331065655
0.020564069971442223, 0.004538608714938164
0.017121776938438416, 0.0031805741600692272
0.02032359316945076, 0.00536692701280117
0.019666433334350586, 0.006755031179636717
0.019633950665593147, 0.006787419784814119
0.01978480815887451, 0.004900296218693256
0.018332526087760925, 0.0055433036759495735
0.02011316642165184, 0.0048455772921442986
0.018774308264255524, 0.007154567167162895
0.020035704597830772, 0.004129776265472174
0.019784757867455482, 0.006031980738043785
0.020058050751686096, 0.004588672425597906
0.019290423020720482, 0.005797392223030329
0.019891563802957535, 0.0049866060726344585
0.01763724908232689, 0.005674994084984064
0.018348772078752518, 0.007694718427956104
0.01912512630224228, 0.004579920321702957
0.0194399394094944, 0.00452986778691411
0.019232330843806267, 0.00547330267727375
0.014741022139787674, 0.001121966284699738
0.018580790609121323, 0.006379809696227312
0.017077259719371796, 0.005725993309170008
0.01942373253405094, 0.005298147443681955
0.019198769703507423, 0.005354491528123617
0.018729688599705696, 0.006159930024296045
0.015178808942437172, 0.004482556134462357
0.01929023303091526, 0.0045365528203547
0.01880355179309845, 0.005480749532580376
0.018283385783433914, 0.005650389939546585
0.016901906579732895, 0.005117224529385567
0.018874160945415497, 0.004695335868746042
0.017463788390159607, 0.0072580622509121895
0.01703450083732605, 0.005310218781232834
0.01818154752254486, 0.005965179298073053
0.018179409205913544, 0.00485620554536581
0.01848897710442543, 0.0053929612040519714
0.016662120819091797, 0.004733086097985506
0.017700599506497383, 0.004852110520005226
0.015491661615669727, 0.0030956261325627565
0.0170891173183918, 0.008314644917845726
0.01643262431025505, 0.005490520037710667
0.018339309841394424, 0.005268482491374016
0.01762985624372959, 0.005105440970510244
0.017558030784130096, 0.005239104852080345
0.017954237759113312, 0.004289963748306036
0.01798444241285324, 0.0054728020913898945
0.01771686226129532, 0.006086820270866156
0.01448261272162199, 0.003747511189430952
0.016673356294631958, 0.00845615565776825
0.016002880409359932, 0.004703936167061329
0.018206868320703506, 0.005005871411412954
0.017847875133156776, 0.004475510213524103
0.017079155892133713, 0.006509879603981972
0.016199305653572083, 0.00503452867269516
0.01779114454984665, 0.004686896689236164
0.016159258782863617, 0.0047456962056458
0.015819525346159935, 0.004970194306224585
0.017600441351532936, 0.0054560499265789986
0.017793580889701843, 0.0043427590280771255
0.01747862994670868, 0.004841520916670561
0.016511883586645126, 0.006102744024246931
0.014438903890550137, 0.003046733094379306
0.0175609327852726, 0.00461368914693594
0.016886049881577492, 0.007072697393596172
0.016539938747882843, 0.007280988618731499
0.01684197410941124, 0.00549059733748436
0.016228824853897095, 0.00564541993662715
0.012231951579451561, 0.0031060134060680866
0.016753142699599266, 0.006935658864676952
0.01565379463136196, 0.007975548505783081
0.017022613435983658, 0.004930906463414431
0.015074411407113075, 0.006247344892472029
0.017025068402290344, 0.006177510600537062
0.016732802614569664, 0.0054366812109947205
0.01749371737241745, 0.003892524167895317
0.011546945199370384, 0.0013683171709999442
0.015096942894160748, 0.005633852444589138
0.016248472034931183, 0.007254501339048147
0.013414761051535606, 0.0034490458201617002
0.017081089317798615, 0.0042685773223638535
0.017013218253850937, 0.004115025978535414
0.016470488160848618, 0.006052254233509302
0.01673605665564537, 0.005611489526927471
0.01491660438477993, 0.004770410247147083
0.016783954575657845, 0.004895853344351053
0.0164506658911705, 0.005023926962167025
0.016268521547317505, 0.005054584704339504
0.01630115509033203, 0.00524879852309823
0.01596989668905735, 0.0065414635464549065
0.016248557716608047, 0.005770424846559763
0.015525290742516518, 0.006279557943344116
0.016628015786409378, 0.0049676974304020405
0.016169730573892593, 0.005175956059247255
0.014459149911999702, 0.006794021464884281
0.013433394953608513, 0.0025150361470878124
0.016324922442436218, 0.00475348113104701
0.012208267115056515, 0.0031348001211881638
0.014743202365934849, 0.0051668500527739525
0.01479342207312584, 0.0072364117950201035
0.016410037875175476, 0.004420805256813765
0.01431957632303238, 0.006598091684281826
0.0159203689545393, 0.0056978873908519745
0.014887867495417595, 0.007450463715940714
0.01633375883102417, 0.0047845919616520405
0.014990437775850296, 0.007480708882212639
0.015583178959786892, 0.006393877789378166
0.011254623532295227, 0.0021166354417800903
0.015544982627034187, 0.007641253527253866
0.016596388071775436, 0.004447293467819691
0.016616519540548325, 0.005007666535675526
0.015273475088179111, 0.006876382045447826
0.013589967042207718, 0.002303146757185459
0.015999827533960342, 0.006552259437739849
0.015441793948411942, 0.006704807281494141
0.01584525592625141, 0.005312119144946337
0.015256766229867935, 0.006570315919816494
0.012148335576057434, 0.002532724291086197
0.015718121081590652, 0.0049456763081252575
0.015407444909214973, 0.005757548380643129
0.015194849111139774, 0.00623909430578351
0.014030473306775093, 0.007803409826010466
0.01601400412619114, 0.004348098766058683
0.01533440314233303, 0.0050726658664643764
0.014404727146029472, 0.006027626805007458
0.014926446601748466, 0.006916685961186886
0.0120931975543499, 0.0027699496131390333
0.01533099077641964, 0.005807068664580584
0.015282519161701202, 0.005866063293069601
0.01540052704513073, 0.006241506431251764
0.014495271258056164, 0.0055908807553350925
0.015404686331748962, 0.005881420336663723
0.012731442227959633, 0.006558423396199942
0.015000421553850174, 0.005908215418457985
0.013800744898617268, 0.005727538838982582
0.01237165741622448, 0.0031489974353462458
0.011601432226598263, 0.003383690258488059
0.015218233689665794, 0.004455961287021637
0.015134810470044613, 0.004874913953244686
0.014530202373862267, 0.00575103797018528
0.01495226752012968, 0.005492934957146645
0.015451762825250626, 0.005101371556520462
0.01428450457751751, 0.0057123336009681225
0.014439993537962437, 0.005152540747076273
0.01546783372759819, 0.004774059168994427
0.014056067913770676, 0.006692870054394007
0.01464431919157505, 0.005246289074420929
0.013924660161137581, 0.006316851358860731
0.011841359548270702, 0.0028690663166344166
0.014596838504076004, 0.005573140922933817
0.015399607829749584, 0.0041296337731182575
0.015520289540290833, 0.00469948211684823
0.013992433436214924, 0.006678277626633644
0.01533912867307663, 0.004331917967647314
0.01484164223074913, 0.004863171838223934
0.0133491987362504, 0.006805846933275461
0.014418065547943115, 0.0055445721372962
0.01460583321750164, 0.005026884377002716
0.010267404839396477, 0.00155770278070122
0.0141779575496912, 0.00567356962710619
0.014220504090189934, 0.005743811838328838
0.01138385757803917, 0.004005150403827429
0.013482315465807915, 0.00741990003734827
0.011262369342148304, 0.003421914065256715
0.01430575828999281, 0.006042133551090956
0.009900882840156555, 0.0014419512590393424
0.014211914502084255, 0.006125291343778372
0.014915430918335915, 0.004834148101508617
0.014352989383041859, 0.005180605221539736
0.012855379842221737, 0.005825982429087162
0.014270023442804813, 0.004996585194021463
0.009887628257274628, 0.0018912686500698328
0.013697165995836258, 0.006289626471698284
0.013126693665981293, 0.007356742396950722
0.014553135260939598, 0.005999565590173006
0.01405937597155571, 0.005691893398761749
0.01486758328974247, 0.004621295724064112
0.01344352774322033, 0.006051870062947273
0.01447975728660822, 0.00444305082783103
0.01341144647449255, 0.006706560496240854
0.014341935515403748, 0.00507402466610074
0.01431482657790184, 0.004739832598716021
0.010916504077613354, 0.0031884077470749617
0.014694232493638992, 0.004229865036904812
0.014266571961343288, 0.005243816878646612
0.014647554606199265, 0.0041863140650093555
0.01396925374865532, 0.005316173657774925
0.014131994917988777, 0.005322339944541454
0.01433307770639658, 0.00439536664634943
0.013890109024941921, 0.004457501228898764
0.013840064406394958, 0.004416981246322393
0.014206827618181705, 0.004520885180681944
0.01388930156826973, 0.004393579438328743
0.013818351551890373, 0.004747865721583366
0.012111321091651917, 0.005545411724597216
0.012533644214272499, 0.005826834123581648
0.013633951544761658, 0.005449707619845867
0.014152306132018566, 0.004632504191249609
0.012666185386478901, 0.004588220734149218
0.013461768627166748, 0.004589212592691183
0.010723999701440334, 0.002371379407122731
0.013989015482366085, 0.003931248560547829
0.013487234711647034, 0.0052912053652107716
0.013957899995148182, 0.00419060280546546
0.013150312937796116, 0.00644170306622982
0.013615429401397705, 0.005099959205836058
0.01228034682571888, 0.005406128242611885
0.013538263738155365, 0.0049229031428694725
0.012912583537399769, 0.005175554659217596
0.012076526880264282, 0.005281130317598581
0.013947373256087303, 0.00492526451125741
0.01248189341276884, 0.00477408803999424
0.013855054043233395, 0.004071182105690241
0.011843666434288025, 0.005140332039445639
0.012847471982240677, 0.005234035197645426
0.013887733221054077, 0.0035316133871674538
0.013357767835259438, 0.005269355606287718
0.013528053648769855, 0.004780318588018417
0.013362918049097061, 0.004237236920744181
0.01025734655559063, 0.0035961612593382597
0.013535418547689915, 0.0048192935064435005
0.012755703181028366, 0.005831956397742033
0.013257560320198536, 0.005448846612125635
0.011746374890208244, 0.004588884301483631
0.013689689338207245, 0.004707748536020517
0.013435334898531437, 0.00422248337417841
0.013749400153756142, 0.005178176797926426
0.013881520368158817, 0.004402322228997946
0.011187108233571053, 0.0013496690662577748
0.01281038299202919, 0.0041756583377718925
0.012616371735930443, 0.00460427813231945
0.011960811913013458, 0.004269876051694155
0.01350170187652111, 0.004291233606636524
0.01390224602073431, 0.003973120357841253
0.01234718132764101, 0.004676832351833582
0.011103588156402111, 0.0014625686453655362
0.012952984310686588, 0.0056955283507704735
0.009920885786414146, 0.002312386641278863
0.012744451873004436, 0.006115216761827469
0.01343830581754446, 0.0036799972876906395
0.013387173414230347, 0.003966712858527899
0.013114508241415024, 0.004222321789711714
0.013358645141124725, 0.004024244844913483
0.011975247412919998, 0.0053886533714830875
0.013092512264847755, 0.003973160404711962
0.012907770462334156, 0.004320454318076372
0.01270977035164833, 0.005600044038146734
0.012611137703061104, 0.005059907678514719
0.013109670951962471, 0.0045223599299788475
0.0123986741527915, 0.005960308481007814
0.012835903093218803, 0.005247879773378372
0.012790701352059841, 0.00432765856385231
0.009491492062807083, 0.0017410529544577003
0.012479971162974834, 0.00439899368211627
0.013531437143683434, 0.004730843473225832
0.01280886959284544, 0.005208308342844248
0.012179802171885967, 0.004258989356458187
0.012765743769705296, 0.00569550134241581
0.012663649395108223, 0.005832673516124487
0.012533655390143394, 0.0050703296437859535
0.010398034937679768, 0.003078532638028264
0.013562850654125214, 0.003324388060718775
0.013208260759711266, 0.0041859629563987255
0.01297568716108799, 0.005024224519729614
0.013151844963431358, 0.003580717835575342
0.013204850256443024, 0.0036795411724597216
0.012168491259217262, 0.004402248654514551
0.012899070978164673, 0.004700049292296171
0.012501229532063007, 0.006227854639291763
0.013168305158615112, 0.0034670368768274784
0.013174842111766338, 0.003466201713308692
0.012998434714972973, 0.004011649172753096
0.012623622082173824, 0.004973944742232561
0.013081993907690048, 0.004164841491729021
0.011874660849571228, 0.006162858102470636
0.011977192014455795, 0.004511861130595207
0.012408964335918427, 0.004759951960295439
0.010481643490493298, 0.001974434358999133
0.01206371933221817, 0.005432979203760624
0.012585481628775597, 0.005538491066545248
0.012879892252385616, 0.004473523702472448
0.012658079154789448, 0.00444803899154067
0.012246678583323956, 0.004281128291040659
0.011847397312521935, 0.0061362143605947495
0.012474959716200829, 0.004930960480123758
0.012522776611149311, 0.003838227828964591
0.010092612355947495, 0.003244755556806922
0.012925631366670132, 0.003807167988270521
0.010548748075962067, 0.0013260607374832034
0.012935394421219826, 0.003537791781127453
0.012313580140471458, 0.005360397044569254
0.011675246059894562, 0.005013898480683565
0.012397517450153828, 0.0053205653093755245
0.011518925428390503, 0.004283888265490532
0.012754537165164948, 0.0048463186249136925
0.013126559555530548, 0.0037775603123009205
0.01262185350060463, 0.0038402611389756203
0.010302416980266571, 0.0021899559069424868
0.011448897421360016, 0.004980375524610281
0.012524852529168129, 0.004232460167258978
0.012033586390316486, 0.003910223953425884
0.01271973829716444, 0.003258426208049059
0.012733528390526772, 0.004180542193353176
0.01277059968560934, 0.0031244209967553616
0.011441221460700035, 0.003798502264544368
0.011470150202512741, 0.004290491342544556
0.012346044182777405, 0.004446372855454683
0.010836697183549404, 0.005671023856848478
0.012578513473272324, 0.004774461500346661
0.012366445735096931, 0.004475772846490145
0.012708986178040504, 0.003826211905106902
0.012867363169789314, 0.0028097827453166246
0.011722175404429436, 0.003944487310945988
0.012348475866019726, 0.003958767745643854
0.008827665820717812, 0.0015073067042976618
0.012220561504364014, 0.003508828580379486
0.011368685401976109, 0.006344706751406193
0.010887880809605122, 0.0047328234650194645
0.0120282843708992, 0.004076894372701645
0.012748515233397484, 0.0035309242084622383
0.012330375611782074, 0.0042424933053553104
0.012328794226050377, 0.0037722892593592405
0.011387864127755165, 0.0058048805221915245
0.011933080852031708, 0.005009737331420183
0.011607427150011063, 0.004880169872194529
0.01176838856190443, 0.005449123680591583
0.011289269663393497, 0.0047579118981957436
0.012584908865392208, 0.003268636530265212
0.011762838810682297, 0.003749941708520055
0.010143470019102097, 0.0014478679513558745
0.010139509104192257, 0.0017476072534918785
0.011481672525405884, 0.004302630666643381
0.011417758651077747, 0.0034919558092951775
0.012371882796287537, 0.003938186913728714
0.012500347569584846, 0.0041529773734509945
0.012306032702326775, 0.004581823013722897
0.011887675151228905, 0.004794198554009199
0.012278975918889046, 0.004730156622827053
0.010139571502804756, 0.002083967672660947
0.012393726035952568, 0.0038393165450543165
0.010560322552919388, 0.004357648082077503
0.011963567696511745, 0.005002276506274939
0.01238443423062563, 0.0029630374629050493
0.012485754676163197, 0.0028975738678127527
0.011723628267645836, 0.003719520987942815
0.011578193865716457, 0.004354614764451981
0.011187946423888206, 0.004083785694092512
0.011242464184761047, 0.004019421059638262
0.01220499724149704, 0.004361926112323999
0.012037770822644234, 0.004912239965051413
0.009850651025772095, 0.001841808552853763
0.01200021430850029, 0.004817777778953314
0.01191780436784029, 0.004662000108510256
0.009819189086556435, 0.0020556014496833086
0.011661844328045845, 0.004323909990489483
0.011987882666289806, 0.0037977087777107954
0.011879391968250275, 0.004602834116667509
0.011716971173882484, 0.003871660679578781
0.012272685766220093, 0.003927254118025303
0.012650677002966404, 0.003216319717466831
0.010047916322946548, 0.0016175481723621488
0.011837758123874664, 0.003478416008874774
0.011872460134327412, 0.0035376865416765213
0.00961607601493597, 0.0024079789873212576
0.012170415371656418, 0.003919053357094526
0.011153724044561386, 0.003925281576812267
0.011057384312152863, 0.005402926821261644
0.012326227501034737, 0.0028153297025710344
0.011900627985596657, 0.0034075414296239614
0.011932437308132648, 0.004084479063749313
0.01204102672636509, 0.0029647755436599255
0.011817727237939835, 0.0041382755152881145
0.009386834688484669, 0.0011788748670369387
0.011989021673798561, 0.003084303345531225
0.011975135654211044, 0.0035910867154598236
0.009374174289405346, 0.0013398684095591307
0.009940147399902344, 0.0018875343957915902
0.0116585623472929, 0.004652869887650013
0.011757586151361465, 0.004276690538972616
0.01201572734862566, 0.00441159401088953
0.012014472857117653, 0.003985223826020956
0.011321403086185455, 0.005046668462455273
0.011325886473059654, 0.004182739183306694
0.011615151539444923, 0.004443597048521042
0.011780603788793087, 0.004176311194896698
0.012003825977444649, 0.003158156992867589
0.009777494706213474, 0.0015394596848636866
0.011365467682480812, 0.005397026427090168
0.011766834184527397, 0.00370422238484025
0.011284486390650272, 0.005162170622497797
0.011541401967406273, 0.0031719303224235773
0.01136202272027731, 0.004014779347926378
0.01186467707157135, 0.004465120378881693
0.012119254097342491, 0.0031713596545159817
0.012019742280244827, 0.00323181482963264
0.012211539782583714, 0.0033661387860774994
0.010899762623012066, 0.0041724517941474915
0.011394716799259186, 0.004344029352068901
0.011167380958795547, 0.003371581668034196
0.011510979384183884, 0.0032616425305604935
0.009969549253582954, 0.002212909981608391
0.01181391254067421, 0.0037227103020995855
0.010925650596618652, 0.0038022578228265047
0.01193753257393837, 0.0033452913630753756
0.00941419042646885, 0.001588102662935853
0.011333928443491459, 0.0039870343171060085
0.011190803721547127, 0.0033774194307625294
0.011973181739449501, 0.00314836367033422
0.011236689984798431, 0.0052622538059949875
0.011448998935520649, 0.004444958176463842
0.011446887627243996, 0.0034533448051661253
0.011853035539388657, 0.0035433087032288313
0.011936202645301819, 0.003177297068759799
0.011544606648385525, 0.0029643552843481302
0.011158378794789314, 0.0035174612421542406
0.009774884209036827, 0.0023409528657794
0.011934779584407806, 0.003771677613258362
0.012094736099243164, 0.0028733049985021353
0.011649981141090393, 0.003713965881615877
0.00938829593360424, 0.002730855718255043
0.009578517638146877, 0.0027892182115465403
0.011694863438606262, 0.002894364530220628
0.011765595525503159, 0.0034185852855443954
0.011728673242032528, 0.0031749471090734005
0.010473481379449368, 0.0035926697310060263
0.011530381627380848, 0.004089100752025843
0.009576041251420975, 0.001777850091457367
0.011740152724087238, 0.003384315874427557
0.011862507089972496, 0.003294292138889432
0.012037993408739567, 0.00284685380756855
0.010113805532455444, 0.0042807054705917835
0.01154525950551033, 0.0036771271843463182
0.011490825563669205, 0.0043029021471738815
0.01140526682138443, 0.003284257836639881
0.011289253830909729, 0.0040445574559271336
0.011412672698497772, 0.004444260615855455
0.011888062581419945, 0.0038977274671196938
0.011604802682995796, 0.003964296076446772
0.010702026076614857, 0.0040209125727415085
0.00976583268493414, 0.0019060168415307999
0.012127760797739029, 0.003219068516045809
0.011893036775290966, 0.0044768201187253
0.011899389326572418, 0.002911390271037817
0.011765937320888042, 0.003351244144141674
0.011267988942563534, 0.003658856498077512
0.012006557546555996, 0.0026030775625258684
0.01091683842241764, 0.003423547837883234
0.012195849791169167, 0.0026780697517096996
0.01150946132838726, 0.0033369199372828007
0.01136142760515213, 0.0036421737167984247
0.00992688536643982, 0.0009025241015478969
0.011274298653006554, 0.003720548003911972
0.011511833406984806, 0.0032397222239524126
0.01136031560599804, 0.0034511443227529526
0.009352603927254677, 0.001941875321790576
0.011531056836247444, 0.0031510372646152973
0.011533825658261776, 0.003187085734680295
0.010982571169734001, 0.004125268664211035
0.011123288422822952, 0.0030206593219190836
0.011411198414862156, 0.0025380963925272226
0.009278621524572372, 0.0016384704504162073
0.010364172048866749, 0.003497024066746235
0.008525814861059189, 0.0012787723680958152
0.00898598600178957, 0.0013399366289377213
0.010522779077291489, 0.004216952249407768
0.010758506134152412, 0.003719292813912034
0.010289262048900127, 0.0038744728080928326
0.010824285447597504, 0.0032221090514212847
0.010922937653958797, 0.0031802812591195107
0.011467390693724155, 0.003430769080296159
0.011130264028906822, 0.0028338010888546705
0.010362166911363602, 0.00328455469571054
0.011503977701067924, 0.002859723288565874
0.01065710000693798, 0.0028920744080096483
0.010776166804134846, 0.005288504529744387
0.010563405230641365, 0.002995639108121395
0.008713409304618835, 0.0016190075548365712
0.011235134676098824, 0.004206801299005747
0.008673673495650291, 0.0021097499411553144
0.01163050439208746, 0.0034575562458485365
0.01080645713955164, 0.004403984639793634
0.011381945572793484, 0.0030561210587620735
0.010680509731173515, 0.002690141089260578
0.0114911999553442, 0.002423094352707267
0.011305383406579494, 0.003671188373118639
0.011285537853837013, 0.0036769877187907696
0.011231453157961369, 0.0032473979517817497
0.010465888306498528, 0.003623625496402383
0.009709812700748444, 0.0011915455106645823
0.01130593940615654, 0.003930334467440844
0.011227663606405258, 0.0036063590086996555
0.008622249588370323, 0.00192591967061162
0.010229825973510742, 0.004872041288763285
0.01017567329108715, 0.0035720861051231623
0.011517198756337166, 0.0031916338484734297
0.011409470811486244, 0.0037517475429922342
0.010401555337011814, 0.0038876859471201897
0.008887184783816338, 0.001252538408152759
0.01097792573273182, 0.004335328470915556
0.010940177366137505, 0.0032353305723518133
0.01143362931907177, 0.00251052831299603
0.009356951341032982, 0.0016642275732010603
0.011226696893572807, 0.0031896536238491535
0.010462045669555664, 0.0034060277976095676
0.01123710535466671, 0.002797915833070874
0.008316244930028915, 0.001227135886438191
0.011005870066583157, 0.004360312595963478
0.007758405525237322, 0.0007547007407993078
0.010900354944169521, 0.004343938082456589
0.011343958787620068, 0.0027321716770529747
0.011108431965112686, 0.00295035308226943
0.010402724146842957, 0.004870047327131033
0.011071364395320415, 0.0035640986170619726
0.010963531211018562, 0.003940323833376169
0.0111894141882658, 0.003920284565538168
0.010765789076685905, 0.003927253186702728
0.011205598711967468, 0.0032952181063592434
0.011095594614744186, 0.003954755142331123
0.011242746375501156, 0.002671954222023487
0.008931396529078484, 0.001325272023677826
0.010839988477528095, 0.003069140948355198
0.011109489016234875, 0.0034580330830067396
0.011029384098947048, 0.002861885353922844
0.009266423992812634, 0.001154779689386487
0.010834729298949242, 0.0036573440302163363
0.00921566877514124, 0.0014822749653831124
0.011171219870448112, 0.0038404713850468397
0.011195650324225426, 0.0029725986532866955
0.010739235207438469, 0.0037242055404931307
0.010781947523355484, 0.003570335451513529
0.010523135773837566, 0.0026978047098964453
0.011259240098297596, 0.0026564528234302998
0.0091399559751153, 0.0015919971046969295
0.01082552969455719, 0.003719792701303959
0.010805871337652206, 0.0037323336582630873
0.0091294776648283, 0.001457858714275062
0.011166617274284363, 0.0031282398849725723
0.010784130543470383, 0.0028441636823117733
0.010882508009672165, 0.0033860488329082727
0.010598709806799889, 0.0033428138121962547
0.010927888564765453, 0.0031777636613696814
0.010617764666676521, 0.003976720850914717
0.011001872830092907, 0.0028419208247214556
0.010797625407576561, 0.0033207659143954515
0.010919414460659027, 0.0024215192534029484
0.010955894365906715, 0.002698831260204315
0.010757921263575554, 0.0032467814162373543
0.010807784274220467, 0.0032553274650126696
0.010148486122488976, 0.0034895362332463264
0.010119078680872917, 0.00407691253349185
0.011118944734334946, 0.0035112991463392973
0.011134888976812363, 0.002569527830928564
0.008647812530398369, 0.0010675551602616906
0.011332061141729355, 0.00262541719712317
0.010591080412268639, 0.003846410196274519
0.010904684662818909, 0.002618668833747506
0.01010635495185852, 0.002790972124785185
0.009674755856394768, 0.002918826648965478
0.00926065631210804, 0.001078035100363195
0.009587045758962631, 0.002895794343203306
0.01101141981780529, 0.002178430324420333
0.009897811338305473, 0.0030428904574364424
0.0107214180752635, 0.003091312013566494
0.009559161961078644, 0.002796399174258113
0.011022645980119705, 0.0024427114985883236
0.010629524476826191, 0.0033710540737956762
0.010958511382341385, 0.0027350750751793385
0.010917598381638527, 0.0021973634138703346
0.010570883750915527, 0.0036811172030866146
0.010067557916045189, 0.0026997036766260862
0.010692859068512917, 0.0033203219063580036
0.01068598497658968, 0.0018651662394404411
0.010173088870942593, 0.0024121857713907957
0.010519549250602722, 0.0031507567036896944
0.010573204606771469, 0.0019190890016034245
0.009453605860471725, 0.00138683314435184
0.009473390877246857, 0.0032490792218595743
0.010963691398501396, 0.0029891864396631718
0.01092306338250637, 0.0025412696413695812
0.010872196406126022, 0.002474644687026739
0.010424889624118805, 0.002561716828495264
0.01060399878770113, 0.003247990971431136
0.010734690353274345, 0.0017169025959447026
0.010259417816996574, 0.0035685799084603786
0.010928955860435963, 0.001802902203053236
0.011030708439648151, 0.002713096095249057
0.009297506883740425, 0.001343841664493084
0.010187742300331593, 0.0023630508221685886
0.010647153481841087, 0.003007045015692711
0.010704309679567814, 0.003203596919775009
0.00842723622918129, 0.0013859278988093138
0.010690560564398766, 0.0035443829838186502
0.010858839377760887, 0.0022182513494044542
0.009628520347177982, 0.0026193049270659685
0.010106007568538189, 0.0027791052125394344
0.010923926718533039, 0.002150497166439891
0.009498306550085545, 0.0017743282951414585
0.01022031158208847, 0.0045088171027600765
0.010871036909520626, 0.0032257665880024433
0.011133520863950253, 0.0030080985743552446
0.010549956001341343, 0.0024453678634017706
0.010664431378245354, 0.002196600427851081
0.010287007316946983, 0.002285921247676015
0.010707726702094078, 0.001817158772610128
0.010360395535826683, 0.0022689797915518284
0.010595018044114113, 0.00266198068857193
0.010525074787437916, 0.002762371674180031
0.01060442440211773, 0.0030011238995939493
0.01052943803369999, 0.00262793293222785
0.009044784121215343, 0.0012702938402071595
0.010436326265335083, 0.00335297966375947
0.010748117230832577, 0.002173334127292037
0.010590190067887306, 0.002778701949864626
0.010747995227575302, 0.002145392121747136
0.008393146097660065, 0.0009024335886351764
0.010097232647240162, 0.0039124502800405025
0.009833509102463722, 0.00437066238373518
0.010684529319405556, 0.0024171059485524893
0.010150155983865261, 0.002947211032733321
0.010170422494411469, 0.00284195551648736
0.010799935087561607, 0.0022553429007530212
0.009917369112372398, 0.003259657183662057
0.009274373762309551, 0.002024758141487837
0.010792678222060204, 0.002305103000253439
0.010228368453681469, 0.004139713943004608
0.010327814146876335, 0.0032856406178325415
0.009319878183305264, 0.0030916824471205473
0.010314803570508957, 0.003749404801055789
0.010277828201651573, 0.0025116808246821165
0.009833794087171555, 0.0023344410583376884
0.010797307826578617, 0.0023389128036797047
0.008899448439478874, 0.0013576371129602194
0.010290684178471565, 0.0031279989052563906
0.008979168720543385, 0.0024751813616603613
0.010060114786028862, 0.0037562448997050524
0.010435042902827263, 0.003281067358329892
0.008848275989294052, 0.0008526507299393415
0.008938005194067955, 0.001251866458915174
0.010424884967505932, 0.003300607204437256
0.010504987090826035, 0.0028156850021332502
0.0082670534029603, 0.0012135872384533286
0.009785234928131104, 0.0038601502310484648
0.009365517646074295, 0.00401384336873889
0.010510345920920372, 0.002693189075216651
0.010445298627018929, 0.0026434073224663734
0.010174572467803955, 0.0035314580891281366
0.009774350561201572, 0.0023000517394393682
0.010542033240199089, 0.0022685332223773003
0.010012868791818619, 0.003503988264128566
0.01062537357211113, 0.002222789218649268
0.010367318987846375, 0.002460130024701357
0.010394425131380558, 0.002685550367459655
0.010045003145933151, 0.002354924101382494
0.009623218327760696, 0.0037721144035458565
0.009594217874109745, 0.0027155596762895584
0.009191053919494152, 0.0014055421343073249
0.010457910597324371, 0.002710929373279214
0.009973270818591118, 0.0032953633926808834
0.009990191087126732, 0.003875924041494727
0.010237632319331169, 0.0024985424242913723
0.009817928075790405, 0.002614173572510481
0.009706389158964157, 0.003927732817828655
0.010313782840967178, 0.0022999350912868977
0.010083208791911602, 0.0034974534064531326
0.009620266035199165, 0.002336953766644001
0.010325741022825241, 0.002406399929895997
0.009788529016077518, 0.0025254571810364723
0.010015273466706276, 0.003042728640139103
0.009578085504472256, 0.0033367336727678776
0.009845053777098656, 0.0022741779685020447
0.00994611531496048, 0.0024103536270558834
0.009230384603142738, 0.0017575687961652875
0.009021748788654804, 0.0016802093014121056
0.010454852133989334, 0.002408746164292097
0.0103527270257473, 0.001989907817915082
0.010255364701151848, 0.0030218518804758787
0.0098661407828331, 0.003019675612449646
0.00986175425350666, 0.002696156268939376
0.009718535467982292, 0.002859170315787196
0.010309171862900257, 0.002767974976450205
0.010157590731978416, 0.0029410349670797586
0.010303674265742302, 0.0027090131770819426
0.01055552251636982, 0.0020838631317019463
0.010062143206596375, 0.0025754293892532587
0.00906435027718544, 0.0010577948996797204
0.010468432679772377, 0.002596226055175066
0.009073449298739433, 0.0013818133156746626
0.008506949990987778, 0.001726355403661728
0.010053964331746101, 0.003118006279692054
0.008403955027461052, 0.0013628826709464192
0.009725776500999928, 0.003930579870939255
0.008149243891239166, 0.0013015522854402661
0.00949416495859623, 0.00398897472769022
0.010366406291723251, 0.0027883436996489763
0.00907798483967781, 0.0019435572903603315
0.010497565381228924, 0.0020873146131634712
0.00989013072103262, 0.0024016951210796833
0.00951141957193613, 0.002467128448188305
0.007402090821415186, 0.0006572570418938994
0.010052399709820747, 0.003930052276700735
0.010596409440040588, 0.0023031653836369514
0.010011626407504082, 0.002225373638793826
0.009669236838817596, 0.002138982294127345
0.009020555764436722, 0.0009540088358335197
0.00876578688621521, 0.0015417406102642417
0.009992172941565514, 0.0032023952808231115
0.010272931307554245, 0.0022677870001643896
0.009669468738138676, 0.0038985922001302242
0.01038290560245514, 0.002135871211066842
0.009953150525689125, 0.0029756329022347927
0.010425783693790436, 0.0023052627220749855
0.01016698032617569, 0.002116152783855796
0.010286396369338036, 0.0021418926771730185
0.009911376982927322, 0.0029125381261110306
0.009731898084282875, 0.0035146160516887903
0.009935939684510231, 0.0021893377415835857
0.00856330431997776, 0.0015513363759964705
0.0087980255484581, 0.00123713503126055
0.009905560873448849, 0.003118291962891817
0.009807881899178028, 0.0022879920434206724
0.00998656451702118, 0.0023884207475930452
0.010265745222568512, 0.0020804484374821186
0.010215514339506626, 0.002175430068746209
0.009651546366512775, 0.003911251202225685
0.009988721460103989, 0.002795872278511524
0.01038290373980999, 0.0026705414056777954
0.009825194254517555, 0.003230723552405834
0.009921076707541943, 0.0022367185447365046
0.010113853961229324, 0.0018736226484179497
0.009287189692258835, 0.003528594272211194
0.010005583055317402, 0.0030152243562042713
0.010020283050835133, 0.003015250898897648
0.008378513157367706, 0.0010590063175186515
0.008874588645994663, 0.002836740342900157
0.010047723539173603, 0.0030899110715836287
0.010097183287143707, 0.0025266108568757772
0.008498643524944782, 0.0013690540799871087
0.009873439557850361, 0.0029896392952650785
0.009566724300384521, 0.0032460633665323257
0.010085071437060833, 0.0022789204958826303
0.00991438701748848, 0.0021399706602096558
0.009838990867137909, 0.0026335984002798796
0.00957859680056572, 0.002065422246232629
0.009898683056235313, 0.0020224645268172026
0.010103616863489151, 0.0025574006140232086
0.009854518808424473, 0.0027615902945399284
0.009901782497763634, 0.0028941298369318247
0.008479626849293709, 0.001419363426975906
0.009881524369120598, 0.00281384214758873
0.01019855123013258, 0.0019552819430828094
0.009943105280399323, 0.0025838601868599653
0.00984328705817461, 0.002040540799498558
0.00975935161113739, 0.003156745806336403
0.008933046832680702, 0.001567589701153338
0.010511456988751888, 0.0020448225550353527
0.009466568008065224, 0.0024545330088585615
0.007401068229228258, 0.0010751349618658423
0.009973134845495224, 0.0033401658292859793
0.010100443847477436, 0.002879614243283868
0.010423091240227222, 0.00205204077064991
0.009963263757526875, 0.0020871381275355816
0.009866943582892418, 0.0020291944965720177
0.010263197124004364, 0.001807702356018126
0.010073903948068619, 0.0022088075056672096
0.009687069803476334, 0.002292433986440301
0.009867279790341854, 0.002734812442213297
0.009622449055314064, 0.00321879331022501
0.009247719310224056, 0.00409739138558507
0.008567585609853268, 0.0014496600488200784
0.009647225961089134, 0.004300519824028015
0.009711035527288914, 0.003498809179291129
0.010182250291109085, 0.0024694236926734447
0.00926827173680067, 0.0023367730900645256
0.008753016591072083, 0.0031827131751924753
0.009907297790050507, 0.0017956591909751296
0.008518378250300884, 0.0010285163298249245
0.009713913314044476, 0.00268001900985837
0.009097615256905556, 0.002602942520752549
0.009613803587853909, 0.0025726156309247017
0.010513030923902988, 0.002101724036037922
0.009709889069199562, 0.002179706236347556
0.01028377003967762, 0.0018704095855355263
0.009717773646116257, 0.0031669712625443935
0.008792126551270485, 0.0014558888506144285
0.010152979753911495, 0.0017965615261346102
0.009903350844979286, 0.0018076355336233974
0.010104315355420113, 0.0021914842072874308
0.009994769468903542, 0.001605929690413177
0.008541814051568508, 0.0012990620452910662
0.009790824726223946, 0.002264672191813588
0.010058577172458172, 0.0014864994445815682
0.009902160614728928, 0.00266935839317739
0.009586082771420479, 0.002469240687787533
0.009974988177418709, 0.002478108275681734
0.00855918787419796, 0.0012826069723814726
0.009027261286973953, 0.00234327744692564
0.009672326035797596, 0.002731089713051915
0.009400885552167892, 0.0027809967286884785
0.009237944148480892, 0.002180308336392045
0.009763515554368496, 0.0019754047971218824
0.009512541815638542, 0.0019742848817259073
0.00816403143107891, 0.0014359453925862908
0.009405553340911865, 0.00341783813200891
0.009402024559676647, 0.0034519329201430082
0.009990861639380455, 0.001740816980600357
0.00959724560379982, 0.0029086044523864985
0.010227791033685207, 0.0017143557779490948
0.009164899587631226, 0.00244137947447598
0.00959568191319704, 0.0018321214010939002
0.00909540057182312, 0.002071232069283724
0.009891502559185028, 0.0023107114247977734
0.009487448260188103, 0.002691602800041437
0.00947005394846201, 0.0032056330237537622
0.00991780124604702, 0.0018879483686760068
0.007629789412021637, 0.00027408383903093636
0.0083229448646307, 0.000946108833886683
0.009244836866855621, 0.0034816821571439505
0.0074276733212172985, 0.0007323154713958502
0.010038232430815697, 0.0022326637990772724
0.009256923571228981, 0.0036383168771862984
0.008328625932335854, 0.0008926456794142723
0.00934402272105217, 0.0018336501671001315
0.009849553927779198, 0.0032306185457855463
0.009656133130192757, 0.002938262652605772
0.008563926443457603, 0.003279222408309579
0.008169449865818024, 0.001208630041219294
0.009492108598351479, 0.00227966345846653
0.009657081216573715, 0.0021321482490748167
0.008678020909428596, 0.0015343019040301442
0.00985195767134428, 0.0017291157273575664
0.009840218350291252, 0.002113377209752798
0.009388278238475323, 0.0024411403574049473
0.008565301075577736, 0.002719421638175845
0.009823016822338104, 0.002087218686938286
0.009500982239842415, 0.0030292177107185125
0.009247303009033203, 0.00306100957095623
0.009222546592354774, 0.0031413265969604254
0.009580692276358604, 0.002341491635888815
0.009715219959616661, 0.00159651564899832
0.00901421345770359, 0.0019272457575425506
0.009238913655281067, 0.0021341778337955475
0.008716877549886703, 0.0021570969838649035
0.009648546576499939, 0.0024462779983878136
0.009477278217673302, 0.0024402043782174587
0.009108902886509895, 0.0026798842009156942
0.009058676660060883, 0.0021066118497401476
0.009279187768697739, 0.0027620724868029356
0.007611909881234169, 0.0005945477169007063
0.00772780179977417, 0.0021302159875631332
0.009289547801017761, 0.0022036556620150805
0.009641669690608978, 0.0018370251636952162
0.009033789858222008, 0.0028740165289491415
0.009560136124491692, 0.0018237610347568989
0.008295818231999874, 0.0015533148543909192
0.00913538970053196, 0.0023494574707001448
0.008371768519282341, 0.001190447248518467
0.00712499488145113, 0.00081836455501616
0.008435439318418503, 0.0012172159040346742
0.009025245904922485, 0.002781209535896778
0.009516727179288864, 0.0027724741958081722
0.009152024984359741, 0.0027755333576351404
0.008204900659620762, 0.0019170461455360055
0.008902419358491898, 0.0019217799417674541
0.009318098425865173, 0.0026237661950290203
0.009582902304828167, 0.002451355569064617
0.009318649768829346, 0.002855901373550296
0.009456689469516277, 0.0016858545131981373
0.00939761009067297, 0.0027152346447110176
0.009365729987621307, 0.002614040160551667
0.008820798248052597, 0.002606415655463934
0.00911448709666729, 0.0022378091234713793
0.008422216400504112, 0.0016619147500023246
0.009691662155091763, 0.0017993827350437641
0.009073572233319283, 0.003145933849737048
0.008317891508340836, 0.0015194977167993784
0.009053019806742668, 0.0033508636988699436
0.00953761301934719, 0.0022706720046699047
0.008581303991377354, 0.002799815032631159
0.009224899113178253, 0.0027418765239417553
0.009102066047489643, 0.0026613520458340645
0.008775494992733002, 0.0019071075366809964
0.009381614625453949, 0.0026651311200112104
0.009464568458497524, 0.0015693849418312311
0.009561700746417046, 0.0015851800562813878
0.00918662454932928, 0.0017502453410997987
0.00894774030894041, 0.0017688978696241975
0.00899945106357336, 0.0029483679682016373
0.00927293486893177, 0.0027481222059577703
0.009178673848509789, 0.0028101110365241766
0.00812760554254055, 0.0011836814228445292
0.008792134933173656, 0.0014511357294395566
0.009446757845580578, 0.001709087984636426
0.009599411860108376, 0.003065838711336255
0.009219925850629807, 0.0020963437855243683
0.009439907968044281, 0.002228403929620981
0.009023372083902359, 0.0027687237598001957
0.008472288958728313, 0.0005589990178123116
0.009177670814096928, 0.0028097478207200766
0.00931495800614357, 0.0024376159999519587
0.008387664332985878, 0.0019981490913778543
0.008927876129746437, 0.003358017886057496
0.009435227140784264, 0.00239137327298522
0.009326165542006493, 0.0020950601901859045
0.00933581218123436, 0.001735691912472248
0.009521948173642159, 0.0026206965558230877
0.009050610475242138, 0.0016790828667581081
0.009244794026017189, 0.002097103977575898
0.009220356121659279, 0.0026421609800308943
0.0081271231174469, 0.0016601469833403826
0.009396529756486416, 0.0018016424728557467
0.009195337072014809, 0.0024115601554512978
0.008611624129116535, 0.0020224445033818483
0.009146692231297493, 0.002270502271130681
0.007740885950624943, 0.0017034405609592795
0.00894441083073616, 0.0025799917057156563
0.008195566013455391, 0.0011914704227820039
0.009168262593448162, 0.002434049267321825
0.009276162832975388, 0.001328105223365128
0.008325261995196342, 0.0016286936588585377
0.009171050041913986, 0.0025748538319021463
0.009035473689436913, 0.0026011609006673098
0.00869719311594963, 0.0027310200966894627
0.009429549798369408, 0.0015990358078852296
0.009427661076188087, 0.0014230961678549647
0.008794847875833511, 0.002274818019941449
0.009130715392529964, 0.0018775092903524637
0.008659536018967628, 0.0016065264353528619
0.009271113201975822, 0.001510733156464994
0.009389180690050125, 0.001614679698832333
0.008883234113454819, 0.002170694526284933
0.008979225531220436, 0.0024402490817010403
0.009379365481436253, 0.0011944413417950273
0.009081406518816948, 0.002714268397539854
0.00884201005101204, 0.0019314808305352926
0.009472140111029148, 0.001969047589227557
0.008457481861114502, 0.0011429975274950266
0.00796542875468731, 0.002429671585559845
0.009477661922574043, 0.001666438765823841
0.009186947718262672, 0.0020252654794603586
0.0083508575335145, 0.0019506606040522456
0.008297118358314037, 0.0009919613366946578
0.00745849683880806, 0.00079817179357633
0.008745688945055008, 0.001869472675025463
0.007913144305348396, 0.0016421806067228317
0.009140749461948872, 0.0039042551070451736
0.009521463885903358, 0.0015622577629983425
0.009325139224529266, 0.0014942907728254795
0.008508405648171902, 0.0016652655322104692
0.007624701131135225, 0.0009311001049354672
0.008410731330513954, 0.0020695123821496964
0.008512628264725208, 0.0019622959662228823
0.009100128896534443, 0.002492457628250122
0.009266667999327183, 0.001983998343348503
0.009259478189051151, 0.0013069059932604432
0.008673883974552155, 0.0027517545968294144
0.008882834576070309, 0.0023569189943373203
0.00822339579463005, 0.0015161937335506082
0.008797399699687958, 0.0023095873184502125
0.009221229702234268, 0.0012139322934672236
0.009176544845104218, 0.0014127291506156325
0.008727971464395523, 0.002749068895354867
0.009144962765276432, 0.0016285520978271961
0.00918759498745203, 0.0014347911346703768
0.009056590497493744, 0.002654863288626075
0.008878754451870918, 0.001506134052760899
0.009454992599785328, 0.0013440416660159826
0.00807308591902256, 0.0011518574319779873
0.008775301277637482, 0.001976465107873082
0.008287586271762848, 0.0015752288745716214
0.008154276758432388, 0.0017586849862709641
0.008970526978373528, 0.003260589437559247
0.008075005374848843, 0.0007165880524553359
0.008062375709414482, 0.0020292506087571383
0.007410714868456125, 0.0006104289786890149
0.009220975451171398, 0.0025568967685103416
0.009171025827527046, 0.0017848763382062316
0.008742721751332283, 0.0027786747086793184
0.009001234546303749, 0.00226976559497416
0.009201950393617153, 0.0016750071663409472
0.009123352356255054, 0.001996823586523533
0.008243417367339134, 0.0018651756690815091
0.008834422565996647, 0.0018708236748352647
0.008706150576472282, 0.0017525601433590055
0.008686555549502373, 0.0025377783458679914
0.008165051229298115, 0.0020014008041471243
0.007873274385929108, 0.0011439601657912135
0.008221504278481007, 0.002234736457467079
0.007836374454200268, 0.0014238152652978897
0.008236482739448547, 0.0030174606945365667
0.00877263955771923, 0.0025991422589868307
0.007694791071116924, 0.0014469465240836143
0.007590344175696373, 0.00148103479295969
0.0083589106798172, 0.0034590798895806074
0.008762197569012642, 0.0027389186434447765
0.007782485336065292, 0.000690226792357862
0.00841616839170456, 0.0027687628753483295
0.008853700011968613, 0.0025823935866355896
0.009345303289592266, 0.0014476022915914655
0.008797737769782543, 0.002274628495797515
0.008906174451112747, 0.002196819055825472
0.009130798280239105, 0.0016316166147589684
0.00841656606644392, 0.00259780022315681
0.008574830368161201, 0.0020579311531037092
0.008115120232105255, 0.0016331059159711003
0.008788449689745903, 0.0028778372798115015
0.008892988786101341, 0.002862863475456834
0.008983330801129341, 0.0017098328098654747
0.008981151506304741, 0.0018624094082042575
0.008916364051401615, 0.0017124058213084936
0.008749457076191902, 0.0018355483189225197
0.008914926089346409, 0.0014762012287974358
0.0077154007740318775, 0.0012330804020166397
0.0091503094881773, 0.001264226739294827
0.008531437255442142, 0.0025730887427926064
0.008867299184203148, 0.001761928666383028
0.008283602073788643, 0.0014928209129720926
0.007721664384007454, 0.0006995972362346947
0.008331755176186562, 0.0019590321462601423
0.008657466620206833, 0.002375406213104725
0.007662554271519184, 0.0007793704862706363
0.008944538421928883, 0.0015835254453122616
0.0084623321890831, 0.0022967455442994833
0.008374042809009552, 0.0033891107887029648
0.008786606602370739, 0.0015175803564488888
0.00887959823012352, 0.0016310715582221746
0.008753861300647259, 0.0017307151574641466
0.008704735897481441, 0.0016454177675768733
0.00871233269572258, 0.001800167839974165
0.008675475604832172, 0.0027526880148798227
0.008739391341805458, 0.002508563222363591
0.007318164687603712, 0.001363458577543497
0.008865859359502792, 0.001579055329784751
0.008589740842580795, 0.002135529648512602
0.008671176619827747, 0.002067883498966694
0.008585561066865921, 0.0018702984089031816
0.008847972378134727, 0.0019276987295597792
0.008054345846176147, 0.0017019978258758783
0.00858013704419136, 0.002287919633090496
0.008593246340751648, 0.0014191082445904613
0.008358005434274673, 0.0025189968291670084
0.008386983536183834, 0.002325896406546235
0.008650487288832664, 0.0013813963159918785
0.008532078936696053, 0.0022206082940101624
0.0076815420761704445, 0.0007127952412702143
0.007677372545003891, 0.0013890978880226612
0.008700629696249962, 0.0013097076443955302
0.008433181792497635, 0.002221092116087675
0.008328341878950596, 0.0011688228696584702
0.00815744698047638, 0.0022902153432369232
0.00845886580646038, 0.0021522236056625843
0.008458459749817848, 0.0020556391682475805
0.008760044351220131, 0.0013795781414955854
0.007238409481942654, 0.000709333922713995
0.008127553388476372, 0.0029571224004030228
0.0084562161937356, 0.002600837266072631
0.008166790008544922, 0.0029176725074648857
0.007681954186409712, 0.0016032663406804204
0.008018255233764648, 0.0030107630882412195
0.008168620988726616, 0.00154255295637995
0.008575364015996456, 0.002031472511589527
0.008696921169757843, 0.0025160345248878
0.007406765595078468, 0.0011173997772857547
0.007546123582869768, 0.0009342512930743396
0.00791570171713829, 0.0018209811532869935
0.008180975914001465, 0.003041239222511649
0.008188199251890182, 0.0014560777926817536
0.008871111087501049, 0.0023659556172788143
0.008577767759561539, 0.00139585230499506
0.008414434269070625, 0.0021101294551044703
0.008088955655694008, 0.0019397835712879896
0.007988810539245605, 0.0024516263511031866
0.00868254341185093, 0.002152546774595976
0.008241168223321438, 0.0014405969996005297
0.007750650402158499, 0.002001372165977955
0.007595542818307877, 0.0017378426855430007
0.008842939510941505, 0.0017450693994760513
0.008752759546041489, 0.001331294304691255
0.00830676220357418, 0.0015936768613755703
0.008875925093889236, 0.0019572253804653883
0.008585498668253422, 0.0008352193981409073
0.008336210623383522, 0.0017935457872226834
0.007160796318203211, 0.0005967463948763907
0.008396824821829796, 0.0015843173023313284
0.008659202605485916, 0.0026261315215379
0.0077468594536185265, 0.000946865591686219
0.008027787320315838, 0.0016820305027067661
0.006651779171079397, 0.0003548977547325194
0.007939782924950123, 0.0022849782835692167
0.008923791348934174, 0.0013731264043599367
0.008639788255095482, 0.0018459021812304854
0.008592079393565655, 0.001295377966016531
0.008405426517128944, 0.0012885966571047902
0.008553084917366505, 0.0013726259348914027
0.008340881206095219, 0.002499532653018832
0.007465803530067205, 0.0013272559735924006
0.008571750484406948, 0.001188024296425283
0.008083520457148552, 0.002883727429434657
0.008460182696580887, 0.0015198801411315799
0.008229561150074005, 0.0021230478305369616
0.008374441415071487, 0.0015636230818927288
0.007993054576218128, 0.0017847652779892087
0.0085041094571352, 0.0017312945565208793
0.008931190706789494, 0.0017056362703442574
0.008479151874780655, 0.0018888565246015787
0.007929271087050438, 0.001149316318333149
0.007808004505932331, 0.0016300887800753117
0.008716732263565063, 0.001977442530915141
0.0077949026599526405, 0.0017512555932626128
0.008277500979602337, 0.0016283821314573288
0.007418711669743061, 0.0017583578592166305
0.008316348306834698, 0.0018239007331430912
0.0070265368558466434, 0.0008111371425911784
0.007977167144417763, 0.0030443582218140364
0.009241524152457714, 0.0013603434199467301
0.00875066127628088, 0.0010870854603126645
0.007842441089451313, 0.0013644862920045853
0.008622903376817703, 0.001130150631070137
0.008099865168333054, 0.001989449840039015
0.008146817795932293, 0.002335274126380682
0.008625870570540428, 0.0010088999988511205
0.008203526958823204, 0.0012590980622917414
0.008287381380796432, 0.0017227806383743882
0.008060796186327934, 0.0021055424585938454
0.008467044681310654, 0.001207345980219543
0.007198568433523178, 0.0011723345378413796
0.008050700649619102, 0.0027583965566009283
0.0081481309607625, 0.001889149541966617
0.007086902856826782, 0.0015854950761422515
0.008047634735703468, 0.001976152416318655
0.008108442649245262, 0.001723611494526267
0.00803784467279911, 0.0016970055876299739
0.007572683971375227, 0.0018489824142307043
0.00832461379468441, 0.001300737727433443
0.008168726228177547, 0.0010088627459481359
0.0081862211227417, 0.0022512085270136595
0.00831648800522089, 0.0008898054948076606
0.008114156313240528, 0.0018757078796625137
0.0076314532198011875, 0.0034666946157813072
0.00790589302778244, 0.0016687174793332815
0.007983014918863773, 0.0015315943164750934
0.00789172388613224, 0.002102350350469351
0.008147034794092178, 0.0020730055402964354
0.008171863853931427, 0.0016098183114081621
0.008362784050405025, 0.0017774776788428426
0.008182373829185963, 0.0010979600483551621
0.00756979500874877, 0.0010841357288882136
0.00820859707891941, 0.0021921589504927397
0.008159583434462547, 0.0015035837423056364
0.007624635938555002, 0.0019380446756258607
0.008228556253015995, 0.0013165344716981053
0.008072443306446075, 0.0021225609816610813
0.008181406185030937, 0.0017681868048384786
0.008371020667254925, 0.001844750251621008
0.007123283110558987, 0.0011196702253073454
0.006938415113836527, 0.0016590714221820235
0.007220297586172819, 0.0012009753845632076
0.008262925781309605, 0.0009578029857948422
0.007958611473441124, 0.002448401181027293
0.007813596166670322, 0.0017156166722998023
0.008053375408053398, 0.0014432785101234913
0.007118435110896826, 0.0014899541856721044
0.008265195414423943, 0.001387293334119022
0.008076118305325508, 0.002044125460088253
0.007997706532478333, 0.001619255170226097
0.007991579361259937, 0.0020447613205760717
0.008069979958236217, 0.0010889350669458508
0.00774809718132019, 0.002159619005396962
0.00782187469303608, 0.0012470957590267062
0.007624729536473751, 0.0012744703562930226
0.007824263535439968, 0.002281373366713524
0.007757970131933689, 0.0011320363264530897
0.008099008351564407, 0.0008775624446570873
0.008112240582704544, 0.0011060318211093545
0.008053155615925789, 0.0012104050256311893
0.007873708382248878, 0.0014651791425421834
0.0073129720985889435, 0.0009975219145417213
0.007664436008781195, 0.0025464503560215235
0.007541936822235584, 0.0014364897506311536
0.008040864951908588, 0.002123703947290778
0.00785974133759737, 0.0018791346810758114
0.007837259210646152, 0.0024281914811581373
0.007678571622818708, 0.0015226969262585044
0.00803397037088871, 0.0017496126238256693
0.00766669912263751, 0.0020156099926680326
0.007978825829923153, 0.0015394507208839059
0.007894910871982574, 0.00186702620703727
0.007915128022432327, 0.0012844199081882834
0.007927659898996353, 0.001975900260731578
0.007010887376964092, 0.0007674074731767178
0.007772927172482014, 0.0021074258256703615
0.007833988405764103, 0.0015196016756817698
0.007987902499735355, 0.00196205941028893
0.007256603334099054, 0.001611002255231142
0.007747468538582325, 0.001271104090847075
0.0077620153315365314, 0.0018057411070913076
0.006988901179283857, 0.0017838099738582969
0.007677259389311075, 0.0026481039822101593
0.0073733096942305565, 0.0012502932222560048
0.007888011634349823, 0.0018881317228078842
0.007554513402283192, 0.0022503314539790154
0.007787511218339205, 0.001145453774370253
0.0071752616204321384, 0.001281366334296763
0.007863309234380722, 0.0009697159985080361
0.007339974865317345, 0.001516183721832931
0.007999306544661522, 0.001599602517671883
0.0071573867462575436, 0.001067553530447185
0.007269074209034443, 0.0017625223845243454
0.007423624396324158, 0.002032472053542733
0.00788832176476717, 0.0015111370012164116
0.007564933504909277, 0.0024256703909486532
0.007855802774429321, 0.0017689355881884694
0.007628558203577995, 0.001042829593643546
0.007985238917171955, 0.001249433378688991
0.0076866354793310165, 0.002269928576424718
0.00746628362685442, 0.0017678402364253998
0.007627062499523163, 0.0013591735623776913
0.007251843344420195, 0.0010192173067480326
0.007610045373439789, 0.0018307220889255404
0.007409883197396994, 0.002023212378844619
0.007399996276944876, 0.0008856334607116878
0.007506214547902346, 0.0010812015971168876
0.006905056536197662, 0.0010325702605769038
0.007561679929494858, 0.001822287798859179
0.006905100308358669, 0.001574325026012957
0.00751203577965498, 0.0015381780685856938
0.007657214067876339, 0.0014855474000796676
0.007608347572386265, 0.001926732831634581
0.008007558062672615, 0.0012919926084578037
0.00770304212346673, 0.0014222413301467896
0.0071019697934389114, 0.0012488110223785043
0.007852978073060513, 0.0016248178435489535
0.0066304453648626804, 0.0012417933903634548
0.006457332521677017, 0.0006748315645381808
0.007961733266711235, 0.0016932996222749352
0.0073711019940674305, 0.0018141412874683738
0.007812342140823603, 0.0019385823979973793
0.007845435291528702, 0.0012491208035498857
0.007819080725312233, 0.0013051942223683
0.0061597698368132114, 0.00046240902156569064
0.007555563934147358, 0.0013582574902102351
0.007613327819854021, 0.001828664680942893
0.007673577405512333, 0.0016667996533215046
0.007596148643642664, 0.002046068198978901
0.007697926834225655, 0.0012012342922389507
0.0065117161720991135, 0.0017804671078920364
0.007501354441046715, 0.0016246354207396507
0.007579353172332048, 0.0020016985945403576
0.007645987905561924, 0.0020594908855855465
0.007461932487785816, 0.00227594212628901
0.0069222114980220795, 0.0013893414288759232
0.007767724338918924, 0.001100101973861456
0.007529838476330042, 0.0012700018705800176
0.007501782849431038, 0.0020289618987590075
0.006908724550157785, 0.0017452044412493706
0.007244649343192577, 0.0016046403907239437
0.007760283071547747, 0.0009197197505272925
0.007709980010986328, 0.0006173949805088341
0.007661899551749229, 0.0008782556978985667
0.0073412698693573475, 0.0016430346295237541
0.0075560580007731915, 0.001188450725749135
0.007824145257472992, 0.0013556302292272449
0.00673777237534523, 0.0015236558392643929
0.0075744218192994595, 0.0012687424896284938
0.007488682866096497, 0.0015155085129663348
0.007283469662070274, 0.0009786768350750208
0.007504555396735668, 0.0015685295220464468
0.007389363832771778, 0.0017462472897022963
0.007518553640693426, 0.0011041027028113604
0.007552970200777054, 0.0017254773993045092
0.007207810413092375, 0.0016229132888838649
0.00783313438296318, 0.0013391828397288918
0.007245122920721769, 0.0014767027460038662
0.0071547008119523525, 0.0014379901112988591
0.007553419563919306, 0.0010461292695254087
0.007197052240371704, 0.0016324777388945222
0.0073275016620755196, 0.001496205572038889
0.0072249541990458965, 0.0011635359842330217
0.0076293740421533585, 0.0007801314350217581
0.007102517876774073, 0.0008992774528451264
0.007184353191405535, 0.0015377008821815252
0.007469628471881151, 0.001580103999003768
0.0074103535152971745, 0.0013815766433253884
0.0067674629390239716, 0.0014265024801716208
0.007273311726748943, 0.0020265555940568447
0.007192808203399181, 0.0013981934171169996
0.007120685651898384, 0.0015050122747197747
0.00743067217990756, 0.0013473693979904056
0.007660346105694771, 0.0010460509220138192
0.007278340868651867, 0.0013488020049408078
0.007305470295250416, 0.0015819206601008773
0.007223974913358688, 0.0017606824403628707
0.00755578838288784, 0.0011117859976366162
0.007316858973354101, 0.001679213484749198
0.007262749131768942, 0.0019509121775627136
0.007592298556119204, 0.0008353714947588742
0.007315144874155521, 0.0012203928781673312
0.00716386130079627, 0.0017569147748872638
0.007350370287895203, 0.001159070641733706
0.007276454009115696, 0.0014819767093285918
0.007516914047300816, 0.0010099875507876277
0.007188468240201473, 0.001086240983568132
0.0071010347455739975, 0.0018141072941944003
0.0068849828094244, 0.0011391143780201674
0.0073582823388278484, 0.000681696692481637
0.006867948919534683, 0.0013925620587542653
0.007318227086216211, 0.0015873184893280268
0.006609074771404266, 0.0011948369210585952
0.006858242675662041, 0.0025130044668912888
0.007238466292619705, 0.0009986412478610873
0.006592957768589258, 0.0008882670081220567
0.007243096828460693, 0.0013225300936028361
0.007482343353331089, 0.0013639159733429551
0.007505146786570549, 0.0013222828274592757
0.007500528823584318, 0.0009526967769488692
