mean, std
0.14614833891391754, 0.12623310089111328
0.10186684876680374, 0.0645630732178688
0.09455563127994537, 0.05739327520132065
0.1304636299610138, 0.10075026750564575
0.12198930233716965, 0.0779057964682579
0.1605430245399475, 0.10800926387310028
0.11407891660928726, 0.09614986181259155
0.17189444601535797, 0.11233007162809372
0.11733745038509369, 0.09525053948163986
0.0527149923145771, 0.045023079961538315
0.046091314405202866, 0.03489293158054352
0.026086147874593735, 0.019466515630483627
0.024986758828163147, 0.0175804253667593
0.017880668863654137, 0.013434120453894138
0.014323492534458637, 0.008193250745534897
0.017579728737473488, 0.010099198669195175
0.02221136912703514, 0.020730886608362198
0.01468545850366354, 0.010072898119688034
0.03158894181251526, 0.01424012053757906
0.02067795768380165, 0.013681614771485329
0.017036939039826393, 0.014141195453703403
0.020934564992785454, 0.013176409527659416
0.011154326610267162, 0.008434458635747433
0.014168432913720608, 0.006850843317806721
0.011737939901649952, 0.0071530467830598354
0.011091471649706364, 0.00947633758187294
0.011481848545372486, 0.0065598939545452595
0.011500118300318718, 0.007652782369405031
0.011378525756299496, 0.0061489613726735115
0.024318212643265724, 0.013592034578323364
0.019359184429049492, 0.010654556564986706
0.01757390983402729, 0.0119393365457654
0.017292149364948273, 0.008430727757513523
0.011973132379353046, 0.008399836719036102
0.014926182106137276, 0.012912020087242126
0.015483138151466846, 0.009601004421710968
0.011642571538686752, 0.007378906477242708
0.01090171653777361, 0.010287700220942497
0.0232749842107296, 0.012752806767821312
0.012662063352763653, 0.007893490605056286
0.012804712168872356, 0.0072626397013664246
0.01845582015812397, 0.011243305169045925
0.017637435346841812, 0.012159286066889763
0.03682820126414299, 0.017513565719127655
0.011377200484275818, 0.008428082801401615
0.013605003245174885, 0.012101457454264164
0.011716249398887157, 0.009346489794552326
0.01226197648793459, 0.008485628291964531
0.010550711303949356, 0.007732542231678963
0.02354256995022297, 0.01534930057823658
0.03712577745318413, 0.024623680859804153
0.012098046950995922, 0.007288538385182619
0.016151487827301025, 0.010939435102045536
0.027970267459750175, 0.013506843708455563
0.013526600785553455, 0.01101695466786623
0.011904913000762463, 0.008169974200427532
0.021640846505761147, 0.013497542589902878
0.02036369778215885, 0.010516523383557796
0.015919646248221397, 0.011185565032064915
0.01470978558063507, 0.009033571928739548
0.01179629098623991, 0.008983122184872627
0.022145912051200867, 0.017912838608026505
0.020920973271131516, 0.013079901225864887
0.0148240327835083, 0.00977405346930027
0.015279467217624187, 0.010604934766888618
0.008691174909472466, 0.00463107181712985
0.011295639909803867, 0.007671806029975414
0.017697902396321297, 0.008429910987615585
0.011617298237979412, 0.006234207656234503
0.010603465139865875, 0.007824870757758617
0.014192081056535244, 0.01026887446641922
0.02220764197409153, 0.01201207097619772
0.027455585077404976, 0.014652321115136147
0.01847868412733078, 0.009244326502084732
0.013552960939705372, 0.010291711427271366
0.014538134448230267, 0.010623825713992119
0.016853703185915947, 0.011481467634439468
0.013984901830554008, 0.010465969331562519
0.01743953488767147, 0.0092141879722476
0.018607812002301216, 0.011413991451263428
0.024675855413079262, 0.012808132916688919
0.03446674346923828, 0.0226887296885252
0.017136333510279655, 0.009551448747515678
0.02365203946828842, 0.012158293277025223
0.024937670677900314, 0.018768569454550743
0.024803949519991875, 0.014353225938975811
0.019841646775603294, 0.014191891066730022
0.009870419278740883, 0.005863433703780174
0.012665795162320137, 0.007531512528657913
0.009326276369392872, 0.006662899162620306
0.012321394868195057, 0.011038805358111858
0.013482327573001385, 0.010434871539473534
0.009097886271774769, 0.006763311568647623
0.008876320905983448, 0.006774951238185167
0.009305831976234913, 0.0070443968288600445
0.007175149396061897, 0.004892038181424141
0.01017132867127657, 0.00736005837097764
0.015835260972380638, 0.012510672211647034
0.018229087814688683, 0.010428638197481632
0.014386404305696487, 0.009604692459106445
0.027869300916790962, 0.017264913767576218
0.014586690813302994, 0.009627689607441425
0.016333304345607758, 0.011861877515912056
0.01583954505622387, 0.011674996465444565
0.01587723009288311, 0.010037197731435299
0.02648277021944523, 0.015239844098687172
0.020519735291600227, 0.011700759641826153
0.015536568127572536, 0.013090727850794792
0.010573262348771095, 0.0068886009976267815
0.010803955607116222, 0.00983151514083147
0.021331127732992172, 0.014195253141224384
0.023636410012841225, 0.01609390415251255
0.018480414524674416, 0.01438239123672247
0.028015727177262306, 0.017448827624320984
0.022075548768043518, 0.013397538103163242
0.01264155376702547, 0.009945777244865894
0.01788436435163021, 0.01392708532512188
0.028504259884357452, 0.018756438046693802
0.025802945718169212, 0.019069762900471687
0.01694939099252224, 0.013002270832657814
0.02966724894940853, 0.025182412937283516
0.019846104085445404, 0.013524960726499557
0.02804238349199295, 0.016481269150972366
0.02550555020570755, 0.014313435181975365
0.021352631971240044, 0.013277621008455753
0.024900654330849648, 0.01839536987245083
0.036064546555280685, 0.0284176804125309
0.025063101202249527, 0.015373911708593369
0.017756734043359756, 0.012578866444528103
0.020808985456824303, 0.018440375104546547
0.04479646682739258, 0.018261495977640152
0.02507142163813114, 0.01673721894621849
0.021082324907183647, 0.018287835642695427
0.03865974023938179, 0.023677978664636612
0.03399593010544777, 0.014459386467933655
0.03212554752826691, 0.0217050239443779
0.020731618627905846, 0.014276941306889057
0.02458031475543976, 0.015067974105477333
0.022658785805106163, 0.01738005317747593
0.024317676201462746, 0.015413131564855576
0.018882697448134422, 0.01793728396296501
0.022055860608816147, 0.013919508084654808
0.02412004955112934, 0.017929255962371826
0.02788972482085228, 0.0160515159368515
0.024987971410155296, 0.016589809209108353
0.027547646313905716, 0.017226966097950935
0.03779030218720436, 0.026589425280690193
0.04836546629667282, 0.032406486570835114
0.03634157031774521, 0.02712198533117771
0.03268127143383026, 0.02899998612701893
0.03721781447529793, 0.02323535643517971
0.02717929519712925, 0.017642024904489517
0.03472447022795677, 0.024829991161823273
0.03499101474881172, 0.02420669049024582
0.041434574872255325, 0.027595635503530502
0.03402959182858467, 0.02492479234933853
0.04915904626250267, 0.03573313355445862
0.031014779582619667, 0.027056293562054634
0.03278106823563576, 0.019175885245203972
0.045262619853019714, 0.02653692103922367
0.023756325244903564, 0.01891685649752617
0.02360893040895462, 0.0165932048112154
0.021847650408744812, 0.017986783757805824
0.026386642828583717, 0.01135166920721531
0.02014024741947651, 0.01633053831756115
0.03224732354283333, 0.02273629419505596
0.027470506727695465, 0.015043560415506363
0.028774287551641464, 0.021455006673932076
0.033611148595809937, 0.020522838458418846
0.018303873017430305, 0.013602829538285732
0.030070053413510323, 0.020651986822485924
0.02343876101076603, 0.013363013975322247
0.0247496385127306, 0.020474130287766457
0.023604054003953934, 0.01965806446969509
0.018287906423211098, 0.011945203877985477
0.01980426348745823, 0.015323449857532978
0.022365402430295944, 0.014530323445796967
0.01797841489315033, 0.013422741554677486
0.021024266257882118, 0.01401835959404707
0.018416229635477066, 0.017931194975972176
0.02884904481470585, 0.017652548849582672
0.022822143509984016, 0.014945964328944683
0.016022177413105965, 0.011597258038818836
0.02290506288409233, 0.015984224155545235
0.023304380476474762, 0.019134191796183586
0.02567143179476261, 0.015000813640654087
0.03346142917871475, 0.020762110128998756
0.016854723915457726, 0.01284077763557434
0.015524966642260551, 0.009339752607047558
0.016885412856936455, 0.009764818474650383
0.024199701845645905, 0.016890767961740494
0.022398903965950012, 0.016281701624393463
0.01640750840306282, 0.012971564196050167
0.021810999140143394, 0.01723736710846424
0.029608355835080147, 0.018186407163739204
0.0362563282251358, 0.02466902695596218
0.0166506078094244, 0.017041722312569618
0.018848644569516182, 0.013753097504377365
0.029802564531564713, 0.02515212632715702
0.015015033073723316, 0.011021231301128864
0.02192479930818081, 0.015192856080830097
0.024259651079773903, 0.014126207679510117
0.021176207810640335, 0.017158325761556625
0.02166520245373249, 0.009584269486367702
0.019824223592877388, 0.013303831219673157
0.016724225133657455, 0.012834908440709114
0.013357134535908699, 0.01109179388731718
0.017126204445958138, 0.013524019159376621
0.012738206423819065, 0.011157971806824207
0.023207562044262886, 0.015030628070235252
0.021105870604515076, 0.00902827363461256
0.019181888550519943, 0.0101899653673172
0.017806313931941986, 0.012157630175352097
0.025921417400240898, 0.016432465985417366
0.02137088216841221, 0.010610639117658138
0.030712157487869263, 0.018508801236748695
0.032167449593544006, 0.021062452346086502
0.023663008585572243, 0.018266461789608
0.02639191783964634, 0.01669231802225113
0.021043119952082634, 0.01478671096265316
0.036780934780836105, 0.024526964873075485
0.016487624496221542, 0.007126364856958389
0.021344827488064766, 0.015466492623090744
0.02120370976626873, 0.010343697853386402
0.022199934348464012, 0.013409496285021305
0.019065314903855324, 0.01286131888628006
0.018450168892741203, 0.016273969784379005
0.02835937775671482, 0.016955843195319176
0.034908171743154526, 0.020724451169371605
0.040262434631586075, 0.029378162696957588
0.024318218231201172, 0.016057241708040237
0.021267609670758247, 0.015627698972821236
0.022931735962629318, 0.015239248983561993
0.027004797011613846, 0.01783693954348564
0.01608937419950962, 0.012670371681451797
0.016550743952393532, 0.013561147265136242
0.015500572510063648, 0.013403012417256832
0.020217057317495346, 0.01347697526216507
0.019609877839684486, 0.013030871748924255
0.018676532432436943, 0.013949600048363209
0.029963169246912003, 0.016665788367390633
0.02588552050292492, 0.019957583397626877
0.019627269357442856, 0.018554167822003365
0.01865210570394993, 0.015727166086435318
0.013247907161712646, 0.01448178943246603
0.017524924129247665, 0.015703966841101646
0.031213965266942978, 0.0171530619263649
0.022580528631806374, 0.01749906875193119
0.02082883007824421, 0.01599639095366001
0.025535838678479195, 0.02161707542836666
0.022517183795571327, 0.014257116243243217
0.015632692724466324, 0.010013551451265812
0.028266340494155884, 0.018890591338276863
0.03149064630270004, 0.01325154211372137
0.02214801125228405, 0.015051465481519699
0.014205475337803364, 0.009755508974194527
0.011152030900120735, 0.010391538962721825
0.019888583570718765, 0.014521944336593151
0.013152092695236206, 0.011487770825624466
0.015080994926393032, 0.01361110620200634
0.017732786014676094, 0.012305153533816338
0.05673455446958542, 0.047038301825523376
0.09034112840890884, 0.05544813722372055
0.08800863474607468, 0.054420698434114456
0.10331746935844421, 0.0505659356713295
0.08325827121734619, 0.054884884506464005
0.13175252079963684, 0.07887689769268036
0.11156772077083588, 0.07458433508872986
0.05013411492109299, 0.03236399590969086
0.0656311884522438, 0.04378547891974449
0.08987991511821747, 0.0482001006603241
0.030737681314349174, 0.02427636831998825
0.0631987676024437, 0.036946989595890045
0.026876846328377724, 0.020054185763001442
0.041475940495729446, 0.019676540046930313
0.04011433571577072, 0.02429145947098732
0.0972093939781189, 0.06199584901332855
0.03504016995429993, 0.016387654468417168
0.03396837040781975, 0.01889033429324627
0.027494335547089577, 0.018436850979924202
0.021125108003616333, 0.01312711089849472
0.023240825161337852, 0.023830842226743698
0.031692299991846085, 0.023619482293725014
0.03148767352104187, 0.022379448637366295
0.04660555347800255, 0.032911475747823715
0.04775714501738548, 0.021001895889639854
0.04310676455497742, 0.024783730506896973
0.03542803227901459, 0.022116539999842644
0.029282961040735245, 0.023022836074233055
0.03357492759823799, 0.02059794031083584
0.047259602695703506, 0.03324891999363899
0.04725496843457222, 0.0311809703707695
0.05296681821346283, 0.026934891939163208
0.022401614114642143, 0.01597689278423786
0.026089539751410484, 0.02368464693427086
0.036056648939847946, 0.017748715355992317
0.03834875673055649, 0.021787777543067932
0.028025180101394653, 0.01838679239153862
0.03206811472773552, 0.019778473302721977
0.04728906974196434, 0.025194132700562477
0.02225661277770996, 0.016873303800821304
0.04206905514001846, 0.025465378537774086
0.057046253234148026, 0.03637099266052246
0.03464682027697563, 0.027094824239611626
0.04172683134675026, 0.02883867919445038
0.03421486169099808, 0.02378680557012558
0.04794246703386307, 0.030090732499957085
0.07128945738077164, 0.037212714552879333
0.07507562637329102, 0.05308395251631737
0.11385105550289154, 0.06026487052440643
0.04316503182053566, 0.03639993816614151
0.02055051177740097, 0.014926309697329998
0.03456468880176544, 0.014105533249676228
0.021631304174661636, 0.013683641329407692
0.027286164462566376, 0.021016744896769524
0.014745567925274372, 0.009607658721506596
0.024085955694317818, 0.020853621885180473
0.03956347703933716, 0.023274246603250504
0.0352599173784256, 0.02577880583703518
0.039441756904125214, 0.026829134672880173
0.034868501126766205, 0.020136673003435135
0.028091348707675934, 0.02055521495640278
0.022949496284127235, 0.014867709949612617
0.016535820439457893, 0.011101914569735527
0.04993226006627083, 0.029770059511065483
0.029464462772011757, 0.019747760146856308
0.04045102745294571, 0.021351268514990807
0.03216664120554924, 0.02063889056444168
0.030939096584916115, 0.014870807528495789
0.027685826644301414, 0.018474511802196503
0.056083668023347855, 0.026910511776804924
0.02443053014576435, 0.012509970925748348
0.016955778002738953, 0.01588652841746807
0.018986621871590614, 0.01588791236281395
0.023466821759939194, 0.020101284608244896
0.03292065113782883, 0.019567806273698807
0.02284078486263752, 0.011678787879645824
0.021255463361740112, 0.01774720661342144
0.039010316133499146, 0.024423370137810707
0.03540361672639847, 0.025126388296484947
0.04222272336483002, 0.02448451891541481
0.020753996446728706, 0.015370766632258892
0.02114262618124485, 0.018352624028921127
0.0332597978413105, 0.022007102146744728
0.025905612856149673, 0.013517845422029495
0.018213482573628426, 0.011217013001441956
0.033466510474681854, 0.0167839378118515
0.018448904156684875, 0.010949942283332348
0.02491019107401371, 0.016075830906629562
0.028192957863211632, 0.01837608963251114
0.038599222898483276, 0.024553000926971436
0.025953568518161774, 0.014704136177897453
0.010123577900230885, 0.006519625429064035
0.024157779291272163, 0.01703454926609993
0.028110623359680176, 0.011969668790698051
0.02274118736386299, 0.015689294785261154
0.025945834815502167, 0.016744669526815414
0.031870342791080475, 0.025319373235106468
0.043313901871442795, 0.024371782317757607
0.05373575538396835, 0.028008239343762398
0.06628469377756119, 0.034696053713560104
0.05404801666736603, 0.03807953745126724
0.01566021516919136, 0.012686842121183872
0.014647341333329678, 0.005636692978441715
0.019238460808992386, 0.011172467842698097
0.03752132132649422, 0.02072652243077755
0.023300746455788612, 0.015906255692243576
0.017524007707834244, 0.013509626500308514
0.0260151419788599, 0.015969635918736458
0.05903834104537964, 0.029876332730054855
0.029954347759485245, 0.021519845351576805
0.02388819120824337, 0.017811480909585953
0.02425902523100376, 0.014527426101267338
0.02046520635485649, 0.0137263098731637
0.022150596603751183, 0.01420744601637125
0.02875775471329689, 0.015371250919997692
0.057553067803382874, 0.03993052989244461
0.03422444313764572, 0.018257830291986465
0.028254730626940727, 0.01902233436703682
0.03611064329743385, 0.025569532066583633
0.03432996943593025, 0.020745297893881798
0.018029330298304558, 0.012877440080046654
0.02175304666161537, 0.012632526457309723
0.03234047442674637, 0.02865201234817505
0.04154830053448677, 0.027585748583078384
0.03319569677114487, 0.02651035599410534
0.014353543519973755, 0.009920713491737843
0.02926633134484291, 0.013945981860160828
0.019683029502630234, 0.01414635218679905
0.021442176774144173, 0.013566133566200733
0.03227302059531212, 0.020312149077653885
0.026044923812150955, 0.01814073882997036
0.023643916472792625, 0.01658695563673973
0.015936389565467834, 0.011247728019952774
0.012130703777074814, 0.006770184263586998
0.016818007454276085, 0.012975092977285385
0.018981443718075752, 0.012598419561982155
0.020545151084661484, 0.014405760914087296
0.026304464787244797, 0.016420258209109306
0.028549227863550186, 0.02244832180440426
0.032827503979206085, 0.02185194194316864
0.03811343386769295, 0.023633014410734177
0.013840707950294018, 0.010379650630056858
0.03371149301528931, 0.017592817544937134
0.028655579313635826, 0.021782614290714264
0.039067547768354416, 0.027197327464818954
0.0188358873128891, 0.020142193883657455
0.021105341613292694, 0.015579664148390293
0.037759680300951004, 0.019974973052740097
0.03895392641425133, 0.025672612711787224
0.034976549446582794, 0.02454361319541931
0.03177539259195328, 0.018639622256159782
0.014579975046217442, 0.010451272130012512
0.021959424018859863, 0.015986425802111626
0.023392120376229286, 0.016207505017518997
0.016398854553699493, 0.008939120918512344
0.024876002222299576, 0.01829320378601551
0.014252311550080776, 0.010246150195598602
0.022657200694084167, 0.012762714177370071
0.029012538492679596, 0.020365387201309204
0.03772865608334541, 0.02905365638434887
0.04225660488009453, 0.02127913385629654
0.06101670488715172, 0.03644706681370735
0.04037739709019661, 0.034639015793800354
0.03343502804636955, 0.017286691814661026
0.018081219866871834, 0.008223727345466614
0.026486901566386223, 0.019430873915553093
0.03922569379210472, 0.029477473348379135
0.044948503375053406, 0.029731566086411476
0.01617157831788063, 0.012475813739001751
0.02367386408150196, 0.016353918239474297
0.04233831167221069, 0.026231851428747177
0.02118038944900036, 0.013808817602694035
0.014742689207196236, 0.009807761758565903
0.027591882273554802, 0.013584502972662449
0.01644873060286045, 0.010720775462687016
0.03088904172182083, 0.018355855718255043
0.04342386871576309, 0.03205742686986923
0.02854730747640133, 0.016600264236330986
0.026164129376411438, 0.017875799909234047
0.02413509227335453, 0.015158001333475113
0.028111040592193604, 0.021997252479195595
0.04319315031170845, 0.022378982976078987
0.012594464235007763, 0.010390855371952057
0.026046544313430786, 0.01072715688496828
0.018653161823749542, 0.011656329035758972
0.020993458107113838, 0.012859419919550419
0.023373430594801903, 0.018230419605970383
0.02454368583858013, 0.01251973770558834
0.019572028890252113, 0.012364296242594719
0.02805296517908573, 0.012616646476089954
0.03412362560629845, 0.017518891021609306
0.037469711154699326, 0.024911997839808464
0.026147913187742233, 0.01790940761566162
0.03720344603061676, 0.029052644968032837
0.048486366868019104, 0.023492153733968735
0.02031831443309784, 0.012607933022081852
0.020416222512722015, 0.01648079976439476
0.02173502743244171, 0.011435339227318764
0.024417418986558914, 0.012524981051683426
0.03361495956778526, 0.018542053177952766
0.017545759677886963, 0.01179655734449625
0.022984832525253296, 0.017186671495437622
0.024947790428996086, 0.014546641148626804
0.023392053321003914, 0.019356651231646538
0.019490376114845276, 0.01413651928305626
0.018087610602378845, 0.014882487244904041
0.01697232760488987, 0.012554171495139599
0.026137739419937134, 0.016772212460637093
0.0417485274374485, 0.028807412832975388
0.01752561703324318, 0.010891972109675407
0.017356419935822487, 0.011293706484138966
0.008643548004329205, 0.007009362336248159
0.02859058603644371, 0.017457908019423485
0.035779085010290146, 0.023136384785175323
0.013896394520998001, 0.010517310351133347
0.032860543578863144, 0.029054032638669014
0.029751300811767578, 0.020131414756178856
0.038084764033555984, 0.02450495772063732
0.027198100462555885, 0.019858025014400482
0.04053152725100517, 0.019645018503069878
0.030865401029586792, 0.014138078317046165
0.024580541998147964, 0.013288783840835094
0.018049808219075203, 0.010295163840055466
0.016226807609200478, 0.014010186307132244
0.021693700924515724, 0.020016824826598167
0.02856188639998436, 0.015724899247288704
0.0370718277990818, 0.02432847209274769
0.016254166141152382, 0.010951554402709007
0.020142333582043648, 0.012812765315175056
0.026249468326568604, 0.017329631373286247
0.016229763627052307, 0.01068547647446394
0.029211878776550293, 0.017531542107462883
0.032580554485321045, 0.024903198704123497
0.036542706191539764, 0.020600277930498123
0.03810843825340271, 0.019860561937093735
0.02369997277855873, 0.018581541255116463
0.026569878682494164, 0.01946904882788658
0.02311636693775654, 0.0167977437376976
0.013784568756818771, 0.01101683545857668
0.023940972983837128, 0.012616163119673729
0.03275388479232788, 0.020964523777365685
0.04200645163655281, 0.025952305644750595
0.017444927245378494, 0.012512093409895897
0.03150132670998573, 0.017556479200720787
0.03649906441569328, 0.02029532939195633
0.037511926144361496, 0.024075685068964958
0.03451620414853096, 0.017665034160017967
0.014896583743393421, 0.009531158022582531
0.017907263711094856, 0.01089825201779604
0.028688354417681694, 0.02229275368154049
0.018535299226641655, 0.011214420199394226
0.02271951176226139, 0.01599017344415188
0.016799306496977806, 0.011589973233640194
0.025356316938996315, 0.018876101821660995
0.02146139182150364, 0.013712907209992409
0.014370545744895935, 0.008544832468032837
0.024880995973944664, 0.014058947563171387
0.04072063788771629, 0.015318905003368855
0.03477669507265091, 0.016558930277824402
0.023476364091038704, 0.016900116577744484
0.04126487299799919, 0.03071732632815838
0.04090088978409767, 0.03253995627164841
0.035683780908584595, 0.02053814008831978
0.04233198240399361, 0.02166878990828991
0.02891724929213524, 0.020449679344892502
0.030956877395510674, 0.016857223585247993
0.01484726183116436, 0.01043486688286066
0.026513973250985146, 0.015165972523391247
0.026163561269640923, 0.012709773145616055
0.01823519356548786, 0.01239671092480421
0.02877323143184185, 0.016550390049815178
0.01972932182252407, 0.01470755785703659
0.030026176944375038, 0.02529640682041645
0.017800286412239075, 0.0131862573325634
0.020618446171283722, 0.014874361455440521
0.018493447452783585, 0.020786821842193604
0.04537175968289375, 0.024722425267100334
0.03216980770230293, 0.018067875877022743
0.02864239364862442, 0.017459267750382423
0.02509687840938568, 0.023280706256628036
0.023570427671074867, 0.015735823661088943
0.026198873296380043, 0.017241723835468292
0.02508317492902279, 0.020519383251667023
0.0401102714240551, 0.017654571682214737
0.0305076502263546, 0.020120425149798393
0.03767156973481178, 0.01823115162551403
0.018864411860704422, 0.012482631020247936
0.013401709496974945, 0.004846894182264805
0.023370925337076187, 0.01010641548782587
0.024470999836921692, 0.015313467010855675
0.018814371898770332, 0.011407701298594475
0.017042407765984535, 0.011817101389169693
0.024983219802379608, 0.01667407713830471
0.03872985765337944, 0.01841319166123867
0.021833492442965508, 0.015786187723279
0.07010892033576965, 0.045920103788375854
0.03131401911377907, 0.03299638256430626
0.026763806119561195, 0.01670118235051632
0.03495241701602936, 0.013600654900074005
0.015241513960063457, 0.015393396839499474
0.021040741354227066, 0.017039407044649124
0.052540767937898636, 0.022339992225170135
0.05050357058644295, 0.02509501948952675
0.021945614367723465, 0.01828022487461567
0.026592964306473732, 0.01407631952315569
0.054294340312480927, 0.0400485098361969
0.04993468523025513, 0.031339582055807114
0.03275446966290474, 0.024664796888828278
0.03336462751030922, 0.02609839476644993
0.01649423874914646, 0.010906130075454712
0.01585659757256508, 0.00986349768936634
0.030518101528286934, 0.014508221298456192
0.017473220825195312, 0.011145164258778095
0.012903973460197449, 0.0083175553008914
0.03991765156388283, 0.020169049501419067
0.0399935245513916, 0.02129390649497509
0.024483168497681618, 0.01778409071266651
0.03405065834522247, 0.018434442579746246
0.03625659644603729, 0.017400996759533882
0.04186616465449333, 0.026846079155802727
0.015474427491426468, 0.013612372800707817
0.008751199580729008, 0.007816332392394543
0.015484306961297989, 0.01198549009859562
0.022158239036798477, 0.011163114570081234
0.015578712336719036, 0.012155687436461449
0.01414435263723135, 0.009306613355875015
0.03771556168794632, 0.02587648294866085
0.059411872178316116, 0.031930770725011826
0.05383354797959328, 0.02911761775612831
0.056264910846948624, 0.027420904487371445
0.034361548721790314, 0.02217833325266838
0.052523162215948105, 0.034526754170656204
0.06104021519422531, 0.03290640562772751
0.025709858164191246, 0.015640676021575928
0.012887178920209408, 0.009229492396116257
0.010382536798715591, 0.009306714870035648
0.029457952827215195, 0.021336663514375687
0.015530799515545368, 0.01177676860243082
0.01591792143881321, 0.012128596194088459
0.017814453691244125, 0.012032289989292622
0.025170134380459785, 0.012533598579466343
0.014416201040148735, 0.00931595079600811
0.02556070126593113, 0.01252575684338808
0.01196228340268135, 0.007110076956450939
0.016513409093022346, 0.011946670711040497
0.028720438480377197, 0.018291445448994637
0.016277724876999855, 0.011203594505786896
0.012510175816714764, 0.008546442724764347
0.016758402809500694, 0.010857704095542431
0.02799484133720398, 0.01464171800762415
0.01901642046868801, 0.01550765335559845
0.025274453684687614, 0.01543086115270853
0.04367005079984665, 0.02295646071434021
0.047833748161792755, 0.020143939182162285
0.026075713336467743, 0.014294140040874481
0.02562316693365574, 0.015235847793519497
0.033342037349939346, 0.01990760676562786
0.02097291126847267, 0.012826615944504738
0.02048802375793457, 0.01114142406731844
0.01930120773613453, 0.01934022456407547
0.032463543117046356, 0.02344435825943947
0.01963130570948124, 0.010510217398405075
0.036484554409980774, 0.019909381866455078
0.022697683423757553, 0.014501438476145267
0.020909631624817848, 0.010190789587795734
0.03742299973964691, 0.017763545736670494
0.028481552377343178, 0.015315518714487553
0.014924724586308002, 0.011077276431024075
0.010129417292773724, 0.007278392557054758
0.013198522850871086, 0.010403312742710114
0.03961988911032677, 0.019118672236800194
0.02596529945731163, 0.01612226292490959
0.03586488217115402, 0.01989670656621456
0.02968171238899231, 0.014827698469161987
0.01632094755768776, 0.011330639012157917
0.02953043207526207, 0.013455710373818874
0.019760489463806152, 0.011636079289019108
0.016933683305978775, 0.011798328720033169
0.025524402037262917, 0.015630528330802917
0.022323578596115112, 0.013423990458250046
0.030713438987731934, 0.01900116540491581
0.04288140684366226, 0.02690795436501503
0.07833454757928848, 0.040446728467941284
0.04049196094274521, 0.023843595758080482
0.025412822142243385, 0.01579740270972252
0.03661423176527023, 0.018220948055386543
0.02807055227458477, 0.02226506732404232
0.013702869415283203, 0.006703727412968874
0.010321867652237415, 0.008142762817442417
0.025423482060432434, 0.017968783155083656
0.024577796459197998, 0.02227076143026352
0.013804365880787373, 0.009944942779839039
0.014754582196474075, 0.012890585698187351
0.012357505969703197, 0.010071760974824429
0.018060632050037384, 0.012062406167387962
0.027594953775405884, 0.015092832036316395
0.03331313654780388, 0.017577936872839928
0.01767926849424839, 0.014752635732293129
0.043024130165576935, 0.024643369019031525
0.034328289330005646, 0.015972841531038284
0.01798701472580433, 0.009448947384953499
0.012818759307265282, 0.007262013852596283
0.03829897567629814, 0.024221014231443405
0.04507951810956001, 0.025628292933106422
0.023419132456183434, 0.013006288558244705
0.024749035015702248, 0.016185831278562546
0.026811253279447556, 0.018713587895035744
0.011014804244041443, 0.00947073008865118
0.011014760471880436, 0.010534880682826042
0.02933356538414955, 0.015830595046281815
0.048876628279685974, 0.024507198482751846
0.026629382744431496, 0.018591051921248436
0.027682600542902946, 0.01667368970811367
0.01930202543735504, 0.020343156531453133
0.027073513716459274, 0.017989378422498703
0.020845916122198105, 0.01839553378522396
0.011731140315532684, 0.007936720736324787
0.018648456782102585, 0.013429973274469376
0.022353645414114, 0.019069235771894455
0.017379874363541603, 0.01006597001105547
0.015562078915536404, 0.01007917895913124
0.02033497951924801, 0.01538517139852047
0.01834731549024582, 0.010774695314466953
0.014216706156730652, 0.010259442031383514
0.03191087767481804, 0.0190584696829319
0.025429697707295418, 0.013629626482725143
0.026853064075112343, 0.013575278222560883
0.020441418513655663, 0.012610084377229214
0.016214588657021523, 0.014313994906842709
0.014885690994560719, 0.007534299977123737
0.021560439839959145, 0.011265641078352928
0.020320648327469826, 0.010455707088112831
0.020916158333420753, 0.013023783452808857
0.04005245864391327, 0.02500014752149582
0.020324332639575005, 0.01396874524652958
0.021120529621839523, 0.011156137101352215
0.01998627744615078, 0.010726247914135456
0.019893620163202286, 0.009707242250442505
0.02145823836326599, 0.01437368243932724
0.01403027307242155, 0.009046712890267372
0.034800659865140915, 0.021647054702043533
0.03600957989692688, 0.01974055916070938
0.05351431295275688, 0.02316357009112835
0.06175459921360016, 0.026191819459199905
0.05208875983953476, 0.030598346143960953
0.02516833133995533, 0.015578527934849262
0.030983252450823784, 0.0275399349629879
0.03697710111737251, 0.023409388959407806
0.026582365855574608, 0.018300114199519157
0.014623599126935005, 0.011884273029863834
0.014576281420886517, 0.009953835047781467
0.011390258558094501, 0.008742153644561768
0.03295507654547691, 0.01792162097990513
0.02702833153307438, 0.013937775045633316
0.019915228709578514, 0.014955354854464531
0.018360167741775513, 0.012135935947299004
0.023344064131379128, 0.013515151105821133
0.017022794112563133, 0.011706172488629818
0.026649342849850655, 0.017527153715491295
0.033658161759376526, 0.02586132474243641
0.02521686442196369, 0.014348845928907394
0.02296079508960247, 0.022037245333194733
0.02479696460068226, 0.013902946375310421
0.019719257950782776, 0.01287831924855709
0.03310009837150574, 0.01690499112010002
0.0110967131331563, 0.010619948618113995
0.019268443807959557, 0.01294812560081482
0.021654635667800903, 0.014824817888438702
0.03452645242214203, 0.01897570677101612
0.03977944329380989, 0.01965915597975254
0.03890939801931381, 0.02048209309577942
0.024986175820231438, 0.020930517464876175
0.02289580926299095, 0.019362181425094604
0.043981436640024185, 0.02271166630089283
0.029559142887592316, 0.016317646950483322
0.03929499164223671, 0.019900240004062653
0.034422170370817184, 0.024531587958335876
0.014711563475430012, 0.011772150173783302
0.01400610152631998, 0.012500298209488392
0.01678074151277542, 0.010037735104560852
0.009345829486846924, 0.008225074969232082
0.012915616855025291, 0.00843021646142006
0.012863603420555592, 0.00885993055999279
0.03150307014584541, 0.018845481798052788
0.0550193190574646, 0.0225591491907835
0.040602970868349075, 0.021632608026266098
0.051149506121873856, 0.025587011128664017
0.02593838982284069, 0.018764089792966843
0.015862729400396347, 0.011504299938678741
0.027082735672593117, 0.017804572358727455
0.018556058406829834, 0.014250441454350948
0.0199961569160223, 0.012777939438819885
0.01331037562340498, 0.010052158497273922
0.02396947145462036, 0.017756983637809753
0.04217299818992615, 0.02375100925564766
0.014999543316662312, 0.010146168060600758
0.015114818699657917, 0.011460823938250542
0.016824975609779358, 0.012810486368834972
0.037345752120018005, 0.01887073926627636
0.016240756958723068, 0.011007705703377724
0.01370683591812849, 0.010189932771027088
0.02039666287600994, 0.011517512612044811
0.020596785470843315, 0.010350956581532955
0.012852877378463745, 0.010358327999711037
0.024606836959719658, 0.01869923062622547
0.014997043646872044, 0.010363987646996975
0.01826232485473156, 0.013319387100636959
0.012947163544595242, 0.007295389659702778
0.016723275184631348, 0.005607507657259703
0.01690485328435898, 0.01324964314699173
0.010713283903896809, 0.006654576864093542
0.03961087763309479, 0.026677614077925682
0.05600553750991821, 0.03147634491324425
0.05407612398266792, 0.03469150885939598
0.027132434770464897, 0.018187586218118668
0.015207933261990547, 0.012192071415483952
0.010323893278837204, 0.00892563071101904
0.019470499828457832, 0.01522279903292656
0.0330331064760685, 0.020792901515960693
0.0330924466252327, 0.0171015877276659
0.03624876216053963, 0.021864064037799835
0.014481899328529835, 0.006575796287506819
0.01729198917746544, 0.010041233152151108
0.014885987155139446, 0.010265476070344448
0.018562493845820427, 0.008157449774444103
0.020354075357317924, 0.0187262911349535
0.01686142571270466, 0.012552483938634396
0.022622277960181236, 0.021101796999573708
0.038147490471601486, 0.019391318783164024
0.014495260082185268, 0.01225520484149456
0.013587597757577896, 0.01159241609275341
0.021222326904535294, 0.01205047219991684
0.0078116790391504765, 0.006812875159084797
0.021550556644797325, 0.017949918285012245
0.009689153172075748, 0.0058109816163778305
0.024032315239310265, 0.02057717554271221
0.033541396260261536, 0.018849870190024376
0.031857360154390335, 0.01868623122572899
0.026213018223643303, 0.014822736382484436
0.030253896489739418, 0.01817648485302925
0.02051336131989956, 0.014892494305968285
0.017303278669714928, 0.008690274320542812
0.018255479633808136, 0.011221669614315033
0.01665113866329193, 0.010226353071630001
0.017138851806521416, 0.01152074709534645
0.016289036720991135, 0.014838779345154762
0.022788718342781067, 0.019182004034519196
0.028988569974899292, 0.01669449917972088
0.02554495260119438, 0.021355580538511276
0.05576356127858162, 0.033770881593227386
0.023579632863402367, 0.01547145377844572
0.023782048374414444, 0.020129067823290825
0.026384808123111725, 0.013922953978180885
0.03991704806685448, 0.021449243649840355
0.03449473902583122, 0.01632561720907688
0.029957251623272896, 0.020208390429615974
0.014655661769211292, 0.009365852922201157
0.020799918100237846, 0.01226513460278511
0.01763048954308033, 0.012173391878604889
0.015033183619379997, 0.009021135047078133
0.024661703035235405, 0.020319486036896706
0.019831359386444092, 0.012961182743310928
0.018085841089487076, 0.011875648982822895
0.023435646668076515, 0.013907372951507568
0.016819966956973076, 0.0091775543987751
0.016630390658974648, 0.018018381670117378
0.02137237787246704, 0.015065195970237255
0.023434095084667206, 0.016173338517546654
0.025406010448932648, 0.01810465194284916
0.021816065534949303, 0.016344819217920303
0.029668739065527916, 0.012869547121226788
0.024522218853235245, 0.02277563139796257
0.026478566229343414, 0.015158659778535366
0.03692636638879776, 0.02354523353278637
0.0438072644174099, 0.022024819627404213
0.025242596864700317, 0.017891952767968178
0.029721127822995186, 0.018907947465777397
0.020957348868250847, 0.017080245539546013
0.026328498497605324, 0.014814193360507488
0.010998474434018135, 0.006107018794864416
0.01887039840221405, 0.011506191454827785
0.022913461551070213, 0.014956873841583729
0.014149650931358337, 0.011119970120489597
0.0137672433629632, 0.009861072525382042
0.01787588931620121, 0.013798466883599758
0.032556694000959396, 0.019985094666481018
0.023369012400507927, 0.016855530440807343
0.01665676012635231, 0.011799361556768417
0.0283276978880167, 0.015175959095358849
0.007984069176018238, 0.005283862818032503
0.025183051824569702, 0.015460822731256485
0.030965980142354965, 0.019825994968414307
0.026963654905557632, 0.018514180555939674
0.030737314373254776, 0.016429204493761063
0.025368908420205116, 0.02165999263525009
0.04326063022017479, 0.023615816608071327
0.020382361486554146, 0.012974599376320839
0.0090410141274333, 0.005603098310530186
0.02662583440542221, 0.02084941975772381
0.023483742028474808, 0.018448783084750175
0.01009825337678194, 0.008193034678697586
0.016489574685692787, 0.011632119305431843
0.02357977069914341, 0.015511189587414265
0.032608386129140854, 0.021973973140120506
0.0201222226023674, 0.014235618524253368
0.021242018789052963, 0.014244712889194489
0.01439929660409689, 0.007781388238072395
0.013340320438146591, 0.00862568523734808
0.01588154025375843, 0.011678296141326427
0.022117435932159424, 0.013735905289649963
0.028796561062335968, 0.01735600270330906
0.013942539691925049, 0.009336586110293865
0.011216768994927406, 0.008581224828958511
0.02491568960249424, 0.014811016619205475
0.01116358395665884, 0.009614693932235241
0.01065575797110796, 0.009064261801540852
0.014061828143894672, 0.009417560882866383
0.0261002779006958, 0.015784399583935738
0.029657281935214996, 0.014488325454294682
0.01970466412603855, 0.014684482477605343
0.02204815484583378, 0.011511468328535557
0.026278791949152946, 0.01616681180894375
0.009406881406903267, 0.007332542445510626
0.015254993923008442, 0.010914856567978859
0.025291016325354576, 0.013186014257371426
0.016876867040991783, 0.010723902843892574
0.01211254857480526, 0.005956227891147137
0.016354048624634743, 0.013528777286410332
0.014358599670231342, 0.013180872425436974
0.011346911080181599, 0.007593940477818251
0.009633496403694153, 0.0065851048566401005
0.025062086060643196, 0.02082548663020134
0.017481420189142227, 0.010249865241348743
0.020917756482958794, 0.018453938886523247
0.04424857720732689, 0.025239473208785057
0.02759089320898056, 0.017008084803819656
0.02206183783710003, 0.011266947723925114
0.035735681653022766, 0.020693384110927582
0.04229068011045456, 0.015229103155434132
0.026866866275668144, 0.017469869926571846
0.02566665969789028, 0.018098430708050728
0.016801636666059494, 0.013365144841372967
0.01830214075744152, 0.01406832691282034
0.021964820101857185, 0.011549516580998898
0.02237541973590851, 0.016152946278452873
0.030978742986917496, 0.020200710743665695
0.027188502252101898, 0.0189480222761631
0.010688466019928455, 0.008656082674860954
0.016113590449094772, 0.008236241526901722
0.013353563845157623, 0.010974970646202564
0.05028008297085762, 0.03389593958854675
0.06438937783241272, 0.03594532608985901
0.03472601994872093, 0.020033052191138268
0.02315935678780079, 0.013000132516026497
0.036564379930496216, 0.01690487191081047
0.03439908102154732, 0.020897839218378067
0.043043605983257294, 0.02099067158997059
0.027968401089310646, 0.016737954691052437
0.02282097004354, 0.015016930177807808
0.021973436698317528, 0.015379451215267181
0.015380427241325378, 0.010998839512467384
0.017794521525502205, 0.01074258890002966
0.016777154058218002, 0.009743869304656982
0.02055380865931511, 0.013653413392603397
0.021354669705033302, 0.010273617692291737
0.01656281016767025, 0.00986120942980051
0.021003715693950653, 0.012387005612254143
0.027447426691651344, 0.0130731500685215
0.013633779250085354, 0.008425045758485794
0.028034159913659096, 0.017126187682151794
0.015779927372932434, 0.011987940408289433
0.02178456261754036, 0.014905400574207306
0.037479642778635025, 0.02120908722281456
0.04358597844839096, 0.025128917768597603
0.04730648174881935, 0.031659211963415146
0.024278318509459496, 0.01848740689456463
0.05442504212260246, 0.027391653507947922
0.02556866593658924, 0.019703185185790062
0.03140304237604141, 0.01833263225853443
0.018344948068261147, 0.008288207463920116
0.02281789295375347, 0.014028536155819893
0.022774403914809227, 0.015122272074222565
0.023622212931513786, 0.011658960022032261
0.022228218615055084, 0.017448851838707924
0.012453359551727772, 0.007293085567653179
0.018619120121002197, 0.014472398906946182
0.020909519866108894, 0.016384519636631012
0.015232403762638569, 0.011348975822329521
0.02087623067200184, 0.012245560064911842
0.02547677978873253, 0.01738637685775757
0.03844465687870979, 0.018961982801556587
0.017479177564382553, 0.012978213839232922
0.03069109097123146, 0.0178468506783247
0.024712778627872467, 0.00957409292459488
0.030260272324085236, 0.016334660351276398
0.018938587978482246, 0.012575334869325161
0.01909254863858223, 0.015173560939729214
0.03264905512332916, 0.019440719857811928
0.013781235553324223, 0.014606257900595665
0.027580294758081436, 0.01681404374539852
0.018985135480761528, 0.011085216887295246
0.014626475051045418, 0.01186076644808054
0.019870012998580933, 0.013494233600795269
0.025919228792190552, 0.015281826257705688
0.0409255214035511, 0.022172266617417336
0.03286164999008179, 0.019245315343141556
0.03551093116402626, 0.018719669431447983
0.015082282945513725, 0.007302083075046539
0.012097412720322609, 0.009839662350714207
0.014074302278459072, 0.01033048052340746
0.01480861660093069, 0.011592616327106953
0.038773901760578156, 0.013871386647224426
0.017876075580716133, 0.011136538349092007
0.010263781063258648, 0.006695282179862261
0.023902347311377525, 0.012725386768579483
0.009992366656661034, 0.007376937195658684
0.014968645758926868, 0.009099549613893032
0.01674894243478775, 0.009051602333784103
0.025457438081502914, 0.016709858551621437
0.026111358776688576, 0.02035641297698021
0.020743468776345253, 0.010173034854233265
0.019890332594513893, 0.010353264398872852
0.011850317940115929, 0.007039290852844715
0.018764058127999306, 0.013490812852978706
0.03985430672764778, 0.02179858461022377
0.027290642261505127, 0.0149450758472085
0.008397197350859642, 0.0046367039903998375
0.023957688361406326, 0.01406102441251278
0.018756743520498276, 0.012077475897967815
0.022159675136208534, 0.01239475142210722
0.022875485941767693, 0.012418128550052643
0.028373589739203453, 0.01922960951924324
0.012023278512060642, 0.008190429769456387
0.021490275859832764, 0.011566048488020897
0.024213895201683044, 0.015793422237038612
0.028576288372278214, 0.015540149994194508
0.055074695497751236, 0.034533534198999405
0.05105159059166908, 0.025007888674736023
0.04338151961565018, 0.02290945127606392
0.04398760572075844, 0.028442861512303352
0.02169935591518879, 0.015983007848262787
0.031398724764585495, 0.016078418120741844
0.018502557650208473, 0.012711593881249428
0.013874068856239319, 0.009510570205748081
0.02764023095369339, 0.01782887801527977
0.02112799696624279, 0.013809067197144032
0.023701433092355728, 0.013844125904142857
0.026199165731668472, 0.013133824802935123
0.018084736540913582, 0.012910225428640842
0.014751589857041836, 0.008194571360945702
0.03381594642996788, 0.020637543871998787
0.0114750312641263, 0.0065727331675589085
0.01688353158533573, 0.011482290923595428
0.009272608906030655, 0.004656520672142506
0.02198679931461811, 0.010638515464961529
0.023578543215990067, 0.015350379049777985
0.015285853296518326, 0.009755785576999187
0.029042379930615425, 0.019010232761502266
0.03089858405292034, 0.02170444279909134
0.0283218864351511, 0.019125662744045258
0.04342411831021309, 0.02008049376308918
0.014746952801942825, 0.010685032233595848
0.021780984476208687, 0.01369454525411129
0.01373243983834982, 0.013125520199537277
0.02050875499844551, 0.008405806496739388
0.0419914610683918, 0.03015192784368992
0.06449606269598007, 0.03327140957117081
0.038857877254486084, 0.017919234931468964
0.025596709921956062, 0.01814030297100544
0.01565275900065899, 0.009486380964517593
0.019224349409341812, 0.011391984298825264
0.036411482840776443, 0.021753501147031784
0.026522895321249962, 0.014419765211641788
0.017040932551026344, 0.015112459659576416
0.018198536708950996, 0.011583415791392326
0.011812769807875156, 0.0075560626573860645
0.007787805516272783, 0.006566665135324001
0.016053447499871254, 0.012226145714521408
0.023578690364956856, 0.01090120617300272
0.029863502830266953, 0.02104845829308033
0.0228992011398077, 0.01866045966744423
0.01664782129228115, 0.008540578186511993
0.01732459105551243, 0.011375289410352707
0.01921943761408329, 0.01502018328756094
0.012416795827448368, 0.012022845447063446
0.02208717167377472, 0.01323019526898861
0.026470359414815903, 0.018524913117289543
0.02316252328455448, 0.01592773199081421
0.03055938147008419, 0.012284289114177227
0.013468815945088863, 0.009404333308339119
0.015030113980174065, 0.008673252537846565
0.01837489940226078, 0.015720078721642494
0.019360071048140526, 0.014797729440033436
0.022078488022089005, 0.012069463729858398
0.021734066307544708, 0.011304426938295364
0.023370914161205292, 0.014119272120296955
0.01862211525440216, 0.017017649486660957
0.0218521561473608, 0.017680982127785683
0.020329708233475685, 0.015045924112200737
0.013035188429057598, 0.009521214291453362
0.023896535858511925, 0.011795489117503166
0.025115814059972763, 0.016499396413564682
0.021905818954110146, 0.019829679280519485
0.014715769328176975, 0.013848741538822651
0.024229910224676132, 0.014632145874202251
0.022409357130527496, 0.014005492441356182
0.0064049470238387585, 0.0038591872435063124
0.015593952499330044, 0.01129698846489191
0.016609108075499535, 0.009543267078697681
0.010799713432788849, 0.009078461676836014
0.027329804375767708, 0.013032345101237297
0.0159401074051857, 0.012326999567449093
0.013674254529178143, 0.008041178807616234
0.017653556540608406, 0.010745408944785595
0.017158105969429016, 0.012987937778234482
0.03160528093576431, 0.015192567370831966
0.039525438100099564, 0.016713107004761696
0.036739282310009, 0.020607709884643555
0.03550470992922783, 0.015676043927669525
0.061606574803590775, 0.032262712717056274
0.02201036363840103, 0.01449874509125948
0.012537328526377678, 0.0066901869140565395
0.01411476545035839, 0.009264841675758362
0.014689430594444275, 0.011505456641316414
0.01111702062189579, 0.008290291763842106
0.01618935726583004, 0.01119279209524393
0.01763824187219143, 0.014287306927144527
0.026407785713672638, 0.02096746489405632
0.04692516475915909, 0.02124641090631485
0.016280945390462875, 0.015474884770810604
0.015111910179257393, 0.010616122744977474
0.018781105056405067, 0.015224084258079529
0.035389795899391174, 0.022086167708039284
0.03562192991375923, 0.021094495430588722
0.022980183362960815, 0.013624689541757107
0.033402763307094574, 0.02300114557147026
0.018285302445292473, 0.010852843523025513
0.030964531004428864, 0.02187078259885311
0.03189598396420479, 0.0202027540653944
0.01364780031144619, 0.009295829571783543
0.02445671521127224, 0.014448711648583412
0.02243330515921116, 0.012971565127372742
0.03473135456442833, 0.023055700585246086
0.037155382335186005, 0.022039633244276047
0.015458805486559868, 0.010207834653556347
0.01672440581023693, 0.012874091975390911
0.018333492800593376, 0.012726905755698681
0.024400250986218452, 0.014568375423550606
0.018179168924689293, 0.012900455854833126
0.03733424097299576, 0.02181747741997242
0.03071003220975399, 0.015312754549086094
0.01872379519045353, 0.009101607836782932
0.02534792758524418, 0.018034376204013824
0.053963229060173035, 0.03200521320104599
0.03884069249033928, 0.017740659415721893
0.020409084856510162, 0.011371025815606117
0.01848706603050232, 0.011697579175233841
0.01949845813214779, 0.010228480212390423
0.015884889289736748, 0.0131076043471694
0.026689231395721436, 0.016297664493322372
0.02141660265624523, 0.014702869579195976
0.025824327021837234, 0.01554105430841446
0.04568018764257431, 0.029134653508663177
0.028808988630771637, 0.015968093648552895
0.027599649503827095, 0.01479479018598795
0.029030969366431236, 0.013732526451349258
0.022240320220589638, 0.010738863609731197
0.02970293164253235, 0.019539622589945793
0.026419132947921753, 0.016264421865344048
0.011789252050220966, 0.009341632016003132
0.02059980481863022, 0.012998977676033974
0.014767996035516262, 0.008913089521229267
0.014942143112421036, 0.009134898893535137
0.025870008394122124, 0.018746573477983475
0.02618977427482605, 0.01601097732782364
0.02652427926659584, 0.012302960269153118
0.02317703515291214, 0.011111580766737461
0.011573764495551586, 0.007930015213787556
0.010176432318985462, 0.005602758377790451
0.008292595855891705, 0.009177643805742264
0.02253381907939911, 0.012531821615993977
0.01180936023592949, 0.007041082251816988
0.009184395894408226, 0.006774798035621643
0.012700899504125118, 0.011292248964309692
0.026417646557092667, 0.020582616329193115
0.016499828547239304, 0.015454098582267761
0.009714726358652115, 0.006797430571168661
0.014331251382827759, 0.011790387332439423
0.012478413060307503, 0.009953220374882221
0.018244054168462753, 0.011412495747208595
0.015349477529525757, 0.012665178626775742
0.009306942112743855, 0.007411100901663303
0.014650613069534302, 0.010539914481341839
0.02422637678682804, 0.013650157488882542
0.028987957164645195, 0.01704145222902298
0.016392990946769714, 0.010006889700889587
0.01721721701323986, 0.014848054386675358
0.05256204307079315, 0.03419814258813858
0.029580917209386826, 0.02437543496489525
0.01878310926258564, 0.01606960967183113
0.012999104335904121, 0.009380001574754715
0.0226057730615139, 0.017134245485067368
0.03104323521256447, 0.02149117924273014
0.04424689710140228, 0.01900118961930275
0.031323034316301346, 0.02932901307940483
0.019987909123301506, 0.010974155738949776
0.025174932554364204, 0.016704928129911423
0.018252136185765266, 0.010556723922491074
0.018759777769446373, 0.012293967418372631
0.01512498501688242, 0.008551539853215218
0.017371583729982376, 0.009616674855351448
0.010868070647120476, 0.00850986409932375
0.029688067734241486, 0.02008803002536297
0.017148476094007492, 0.015827761963009834
0.01659349910914898, 0.011162788607180119
0.02522648498415947, 0.01580273173749447
0.021155795082449913, 0.016501793637871742
0.025011764839291573, 0.013588487170636654
0.027529200538992882, 0.015500037930905819
0.020373081788420677, 0.010607239790260792
0.025968024507164955, 0.01800115965306759
0.03186094015836716, 0.02035614661872387
0.012726497836411, 0.008007421158254147
0.02963845245540142, 0.015249945223331451
0.02523999661207199, 0.013406340032815933
0.02801952138543129, 0.01684381812810898
0.03881552815437317, 0.01817670464515686
0.04727691411972046, 0.030683858320116997
0.030151933431625366, 0.022282017394900322
0.025498386472463608, 0.013116946443915367
0.022819548845291138, 0.01542896218597889
0.03510177880525589, 0.019250662997364998
0.010675953701138496, 0.011176527477800846
0.012574980966746807, 0.00856685545295477
0.021119311451911926, 0.014847698621451855
0.014724633656442165, 0.013307303190231323
0.019595976918935776, 0.013032328337430954
0.026722384616732597, 0.01745227538049221
0.020504888147115707, 0.012609899044036865
0.019353406503796577, 0.00985267385840416
0.03872951492667198, 0.018769551068544388
0.02286636270582676, 0.011386671103537083
0.011993509717285633, 0.010150431655347347
0.01681859791278839, 0.00949105340987444
0.014837149530649185, 0.006473280489444733
0.017359497025609016, 0.01655481941998005
0.013887060806155205, 0.007828431203961372
0.021373920142650604, 0.011840496212244034
0.01476052775979042, 0.012234669178724289
0.0217534638941288, 0.015269794501364231
0.023690029978752136, 0.011185063980519772
0.028525853529572487, 0.017328999936580658
0.00879582203924656, 0.00699844304472208
0.011498530395328999, 0.007997220382094383
0.026391232386231422, 0.01699104532599449
0.019931722432374954, 0.014609677717089653
0.01745932549238205, 0.012440269812941551
0.014039713889360428, 0.007951105013489723
0.025103142485022545, 0.013271255418658257
0.029851725324988365, 0.025045104324817657
0.02868659235537052, 0.01784726232290268
0.012563565745949745, 0.0077697159722447395
0.02719220146536827, 0.01613437384366989
0.02690497599542141, 0.017845958471298218
0.018562601879239082, 0.01190553791821003
0.008052430115640163, 0.004950567614287138
0.019968733191490173, 0.012906676158308983
0.014380714856088161, 0.011302134022116661
0.026097992435097694, 0.016140826046466827
0.016135776415467262, 0.009857617318630219
0.014121053740382195, 0.007019903510808945
0.048862386494874954, 0.027292540296912193
0.02819019928574562, 0.017932752147316933
0.01869874633848667, 0.009201986715197563
0.02039780467748642, 0.011869032867252827
0.018606960773468018, 0.008375128731131554
0.026127196848392487, 0.01578458584845066
0.024190569296479225, 0.014231571927666664
0.036097459495067596, 0.02220669388771057
0.007347165606915951, 0.006336997263133526
0.019424306228756905, 0.014661119319498539
0.009295187890529633, 0.006728773936629295
0.011541860178112984, 0.006034493912011385
0.02033083513379097, 0.0101431580260396
0.03260666877031326, 0.014361708424985409
0.021684424951672554, 0.0179132092744112
0.024009080603718758, 0.01377477589994669
0.01823294349014759, 0.01696808449923992
0.029843760654330254, 0.020864153280854225
0.011468717828392982, 0.00849243625998497
0.011743536219000816, 0.007245839573442936
0.02084958367049694, 0.018977012485265732
0.02820894867181778, 0.020970167592167854
0.031405236572027206, 0.021108504384756088
0.025544410571455956, 0.018302027136087418
0.022140825167298317, 0.017390690743923187
0.022647107020020485, 0.012544156052172184
0.02134799025952816, 0.012734501622617245
0.01462170947343111, 0.011421391740441322
0.015399429947137833, 0.010148340836167336
0.02381516993045807, 0.016315236687660217
0.03414468467235565, 0.021726224571466446
0.01922796294093132, 0.014433716423809528
0.02027919888496399, 0.012706621550023556
0.03930367901921272, 0.02488192915916443
0.05210771784186363, 0.03208942711353302
0.04534820839762688, 0.023539775982499123
0.03174484521150589, 0.017842454835772514
0.028384841978549957, 0.014922283589839935
0.035459473729133606, 0.017299842089414597
0.026112360879778862, 0.016105493530631065
0.021169910207390785, 0.01306853350251913
0.01596170850098133, 0.010175223462283611
0.014003372751176357, 0.00941458810120821
0.01472457405179739, 0.007070483639836311
0.01155852247029543, 0.007148222532123327
0.013874629512429237, 0.01080708671361208
0.010747597552835941, 0.008286085911095142
0.01748689077794552, 0.010063142515718937
0.029608720913529396, 0.015093652531504631
0.013868951238691807, 0.010328857228159904
0.01975516602396965, 0.009637704119086266
0.03121897019445896, 0.016552526503801346
0.0243593230843544, 0.01156707014888525
0.030753279104828835, 0.01629939302802086
0.01849500648677349, 0.011289777234196663
0.021361738443374634, 0.01854054257273674
0.019363360479474068, 0.012232033535838127
0.007748957257717848, 0.005023282952606678
0.014697094447910786, 0.010069849900901318
0.013402257114648819, 0.012084629386663437
0.022396083921194077, 0.011934028938412666
0.02166385017335415, 0.014887992292642593
0.04421527683734894, 0.026311544701457024
0.05664976313710213, 0.03058435767889023
0.03803004324436188, 0.020808614790439606
0.025891026481986046, 0.013571050949394703
0.03855616971850395, 0.02393386885523796
0.014580902643501759, 0.010167651809751987
0.018126167356967926, 0.009403069503605366
0.011851934716105461, 0.008733906783163548
0.045190926641225815, 0.02652571350336075
0.03212708979845047, 0.020165637135505676
0.014973849058151245, 0.009417028166353703
0.019669873639941216, 0.01538790948688984
0.032750412821769714, 0.02127043530344963
0.015745004639029503, 0.014276892878115177
0.019766831770539284, 0.01602635718882084
0.01276216097176075, 0.007424319628626108
0.013240533880889416, 0.00810266099870205
0.02078958973288536, 0.013894849456846714
0.02981877326965332, 0.0136492308229208
0.014377732761204243, 0.011893686838448048
0.03590501844882965, 0.01818826049566269
0.01807158626616001, 0.011548061855137348
0.025516029447317123, 0.013364880345761776
0.025101197883486748, 0.015026317909359932
0.04604533314704895, 0.02698887698352337
0.02019161358475685, 0.011020275764167309
0.01730237528681755, 0.011655121110379696
0.02304249443113804, 0.012191209942102432
0.019753986969590187, 0.01120058260858059
0.029060741886496544, 0.01378441322594881
0.0248172078281641, 0.016508758068084717
0.015290457755327225, 0.00878083985298872
0.02399292215704918, 0.016425032168626785
0.02385730855166912, 0.015713931992650032
0.03498932719230652, 0.020241649821400642
0.02087477780878544, 0.013631707988679409
0.031022006645798683, 0.016460862010717392
0.02241935022175312, 0.01056490745395422
0.024714967235922813, 0.013361935503780842
0.02118787355720997, 0.013324080966413021
0.01132168062031269, 0.009533061645925045
0.01920640654861927, 0.010476775467395782
0.009092628955841064, 0.006724081467837095
0.007950164377689362, 0.006574783008545637
0.01316919643431902, 0.013085107319056988
0.029980190098285675, 0.021816536784172058
0.039564915001392365, 0.02282850444316864
0.02582443132996559, 0.015852119773626328
0.023363765329122543, 0.015385692939162254
0.03279461711645126, 0.016938963904976845
0.030538108199834824, 0.016561444848775864
0.018239101395010948, 0.01548432745039463
0.01778561808168888, 0.011331498622894287
0.012181524187326431, 0.011125032790005207
0.020368678495287895, 0.0138480756431818
0.02955867163836956, 0.01722048781812191
0.02851630002260208, 0.018981212750077248
0.015837296843528748, 0.009508557617664337
0.01189753133803606, 0.00788059551268816
0.03340031951665878, 0.019977981224656105
0.037808727473020554, 0.025275470688939095
0.023419121280312538, 0.015680503100156784
0.03814838081598282, 0.019708896055817604
0.028299523517489433, 0.022324776276946068
0.02002769708633423, 0.01393190212547779
0.021357353776693344, 0.01789713092148304
0.029671289026737213, 0.01754026673734188
0.019735269248485565, 0.009302452206611633
0.014475484378635883, 0.011588478460907936
0.02050350233912468, 0.014761834405362606
0.01832505129277706, 0.01263479609042406
0.013934867456555367, 0.007810490671545267
0.02062525786459446, 0.020636767148971558
0.02641095221042633, 0.017084119841456413
0.01510755904018879, 0.013802981935441494
0.011960170231759548, 0.009967133402824402
0.009745948947966099, 0.006717314012348652
0.021763624623417854, 0.013808704912662506
0.019733229652047157, 0.013114028610289097
0.0140679394826293, 0.007188744843006134
0.014644313603639603, 0.0078616663813591
0.016938189044594765, 0.010048014111816883
0.027890417724847794, 0.01777367666363716
0.02477087453007698, 0.013455592095851898
0.02095721662044525, 0.01624189130961895
0.016756968572735786, 0.008855283260345459
0.023905867710709572, 0.012731066904962063
0.01995749957859516, 0.011538734659552574
0.017550943419337273, 0.010234514251351357
0.027349302545189857, 0.019277308136224747
0.031405720859766006, 0.01935552805662155
0.015979064628481865, 0.01072785072028637
0.026113947853446007, 0.015565669164061546
0.014108598232269287, 0.01163942739367485
0.025333398953080177, 0.014063255861401558
0.029012739658355713, 0.023572703823447227
0.027173975482583046, 0.018050994724035263
0.01711437478661537, 0.013947270810604095
0.0148631501942873, 0.010246692225337029
0.023852460086345673, 0.01729814149439335
0.02078336663544178, 0.011661491356790066
0.0332505963742733, 0.016987955197691917
0.021792838349938393, 0.013462530449032784
0.012912280857563019, 0.008051063865423203
0.026815766468644142, 0.018020259216427803
0.03260750696063042, 0.023864397779107094
0.015000317245721817, 0.011832589283585548
0.01608739048242569, 0.010749840177595615
0.023395629599690437, 0.012256139889359474
0.03415928781032562, 0.022037483751773834
0.018185390159487724, 0.011741193011403084
0.023898649960756302, 0.021684380248188972
0.012599063105881214, 0.008970387279987335
0.02930402383208275, 0.01720837689936161
0.021555189043283463, 0.012199715711176395
0.018859049305319786, 0.00949037354439497
0.022923646494746208, 0.02246765047311783
0.019912630319595337, 0.017260609194636345
0.012394759804010391, 0.008386614732444286
0.03964746370911598, 0.021900957450270653
0.025800010189414024, 0.014389985240995884
0.012354256585240364, 0.00871451385319233
0.02168717421591282, 0.013824356719851494
0.022644011303782463, 0.012763896957039833
0.022230716422200203, 0.013397066853940487
0.010478938929736614, 0.007462525274604559
0.018900372087955475, 0.013551026582717896
0.032077062875032425, 0.022180866450071335
0.017325488850474358, 0.011121394112706184
0.026559291407465935, 0.01909126713871956
0.02648041397333145, 0.016389591619372368
0.02671089954674244, 0.01634790189564228
0.026428714394569397, 0.021041711792349815
0.012613561935722828, 0.008851541206240654
0.012192608788609505, 0.0065158517099916935
0.022838015109300613, 0.012279396876692772
0.013010003603994846, 0.009820380248129368
0.012032655067741871, 0.0063667879439890385
0.013400232419371605, 0.009806682355701923
0.025717295706272125, 0.015764135867357254
0.03460372984409332, 0.020891938358545303
0.02869996801018715, 0.019094565883278847
0.03937244042754173, 0.027949027717113495
0.023674486204981804, 0.01276096049696207
0.01976027712225914, 0.010886969044804573
0.03675152733922005, 0.022803185507655144
0.034340158104896545, 0.019031045958399773
0.019916752353310585, 0.014301559887826443
0.013226965442299843, 0.011659577488899231
0.012315832078456879, 0.011008970439434052
0.007990764454007149, 0.005542335566133261
0.012539155781269073, 0.009721820242702961
0.014710351824760437, 0.013709546998143196
0.026118213310837746, 0.014450781047344208
0.018081238493323326, 0.012317508459091187
0.02133600413799286, 0.011921682395040989
0.019059540703892708, 0.011936197988688946
0.016942240297794342, 0.010446951724588871
0.026286160573363304, 0.015320844948291779
0.049835436046123505, 0.02000134438276291
0.03511505946516991, 0.022384656593203545
0.032166916877031326, 0.02730797603726387
0.020249970257282257, 0.01365427952259779
0.022509271278977394, 0.013406014069914818
0.031343381851911545, 0.018740611150860786
0.01628081686794758, 0.008339228108525276
0.014159247279167175, 0.00901804119348526
0.018844861537218094, 0.011561703868210316
0.017352856695652008, 0.008041007444262505
0.014107714407145977, 0.009837795048952103
0.01811649464070797, 0.01103088166564703
0.02212962880730629, 0.015653839334845543
0.013084222562611103, 0.010824546217918396
0.008214662782847881, 0.005096279084682465
0.025232454761862755, 0.017526481300592422
0.011703838594257832, 0.010454651899635792
0.024291982874274254, 0.010810810141265392
0.01722313091158867, 0.009602607227861881
0.032374609261751175, 0.01530580222606659
0.021951207891106606, 0.01158017199486494
0.023112745955586433, 0.012294922024011612
0.03840500861406326, 0.02400784380733967
0.05121394991874695, 0.028113320469856262
0.024819398298859596, 0.01409280113875866
0.012469199486076832, 0.009972224943339825
0.028444088995456696, 0.014549183659255505
0.03156132623553276, 0.019197577610611916
0.02977263368666172, 0.01577027514576912
0.019206710159778595, 0.011929179541766644
0.025944557040929794, 0.016104822978377342
0.02079245075583458, 0.018588745966553688
0.011785171926021576, 0.006770268082618713
0.013372433371841908, 0.007429934572428465
0.02663514018058777, 0.017233695834875107
0.035805877298116684, 0.018551785498857498
0.030144095420837402, 0.020678747445344925
0.02932773344218731, 0.015932148322463036
0.02613214962184429, 0.015995614230632782
0.012138890102505684, 0.00738495821133256
0.016388487070798874, 0.012368637137115002
0.013499841094017029, 0.013954120688140392
0.009689723141491413, 0.0059096235781908035
0.01993400976061821, 0.012814120389521122
0.01774437353014946, 0.011176612228155136
0.018053213134407997, 0.014360221102833748
0.009112861007452011, 0.006926048081368208
