mean, std
0.10855185985565186, 0.09358692169189453
0.07514488697052002, 0.04763288423418999
0.06987668573856354, 0.04241331294178963
0.09595876932144165, 0.07413514703512192
0.0895523801445961, 0.057016246020793915
0.12174035608768463, 0.07490556687116623
0.1382007896900177, 0.05445874109864235
0.1470814347267151, 0.07442443072795868
0.12563803791999817, 0.0754314437508583
0.05647740140557289, 0.034347549080848694
0.040616173297166824, 0.02698269486427307
0.029620178043842316, 0.012668246403336525
0.02370280958712101, 0.012580153532326221
0.019033178687095642, 0.010253223590552807
0.014721337705850601, 0.005925782024860382
0.020576510578393936, 0.007847225293517113
0.02153094671666622, 0.016047507524490356
0.01410431694239378, 0.007137143053114414
0.026642823591828346, 0.011030171997845173
0.01911027356982231, 0.010615452192723751
0.015957502648234367, 0.010549989528954029
0.018107129260897636, 0.01055437047034502
0.011174940504133701, 0.006342670414596796
0.012464695610105991, 0.0050223274156451225
0.010740188881754875, 0.00519509706646204
0.013352355919778347, 0.00903331022709608
0.010717512108385563, 0.004800638649612665
0.012358776293694973, 0.006640521809458733
0.010666243731975555, 0.004858097992837429
0.021248260512948036, 0.011487830430269241
0.017310649156570435, 0.007505547255277634
0.017147574573755264, 0.009632455185055733
0.01576298661530018, 0.0070771584287285805
0.01234216894954443, 0.006620676722377539
0.013090704567730427, 0.010429521091282368
0.014615895226597786, 0.007934954017400742
0.01077312882989645, 0.0055489507503807545
0.010911606252193451, 0.00835386011749506
0.019918520003557205, 0.010391064919531345
0.012016401626169682, 0.006048622541129589
0.013063964433968067, 0.006058376282453537
0.016738902777433395, 0.008529480546712875
0.017938006669282913, 0.00900965929031372
0.03386538475751877, 0.01435084082186222
0.015867749229073524, 0.005966505501419306
0.01470236200839281, 0.009404556825757027
0.015355335548520088, 0.0076471660286188126
0.015805816277861595, 0.0060880002565681934
0.017808565869927406, 0.005875036120414734
0.025921553373336792, 0.010406835936009884
0.0358303040266037, 0.02010846510529518
0.015320882201194763, 0.004743371624499559
0.01801307126879692, 0.008662325330078602
0.02645648829638958, 0.011046540923416615
0.01733369380235672, 0.007063369266688824
0.015844374895095825, 0.006315534468740225
0.022083882242441177, 0.0084381103515625
0.02154911495745182, 0.008193759247660637
0.017521822825074196, 0.006295687984675169
0.016062268987298012, 0.005837657023221254
0.01720760203897953, 0.005704876035451889
0.024990180507302284, 0.013751045800745487
0.022825665771961212, 0.008823522366583347
0.020344354212284088, 0.005649765022099018
0.019144343212246895, 0.008369430899620056
0.01372512523084879, 0.004510462749749422
0.01797196827828884, 0.006695063319057226
0.0206036027520895, 0.006125487387180328
0.01584886945784092, 0.0041337222792208195
0.017870521172881126, 0.004307489842176437
0.018142690882086754, 0.0056637730449438095
0.02172056771814823, 0.008807661011815071
0.02877022512257099, 0.009679331444203854
0.020925499498844147, 0.006159408483654261
0.02001194655895233, 0.006074753124266863
0.018979549407958984, 0.006983041763305664
0.02115248516201973, 0.007692758459597826
0.01908981427550316, 0.006955765187740326
0.022451024502515793, 0.007297741714864969
0.021749019622802734, 0.0076790982857346535
0.025156991556286812, 0.008744804188609123
0.034345660358667374, 0.015729980543255806
0.02260289527475834, 0.007314717397093773
0.02283966913819313, 0.008101221174001694
0.02505309320986271, 0.013297746889293194
0.02639925666153431, 0.009482275694608688
0.02252645045518875, 0.009026573039591312
0.014926203526556492, 0.004858209751546383
0.018953774124383926, 0.004966453183442354
0.019521910697221756, 0.006170359440147877
0.022115981206297874, 0.007549999747425318
0.021774763241410255, 0.00674776965752244
0.01674998737871647, 0.005959961097687483
0.01786392368376255, 0.003909111022949219
0.018493110314011574, 0.006050499621778727
0.01563088782131672, 0.005384005606174469
0.0192215908318758, 0.006962736137211323
0.02288942225277424, 0.007803337182849646
0.022550711408257484, 0.007522724103182554
0.021231161430478096, 0.006985758896917105
0.034765105694532394, 0.011855852790176868
0.027173783630132675, 0.006840134970843792
0.03000359795987606, 0.011791211552917957
0.027590366080403328, 0.006088870111852884
0.021875226870179176, 0.00801156461238861
0.0343489833176136, 0.010705487802624702
0.030852487310767174, 0.012759129516780376
0.025744669139385223, 0.011310016736388206
0.023123038932681084, 0.006561370566487312
0.025754611939191818, 0.00986352190375328
0.032700613141059875, 0.011196640320122242
0.0343722403049469, 0.014029739424586296
0.032155655324459076, 0.012751479633152485
0.04353457689285278, 0.017854629084467888
0.04417743161320686, 0.010257227346301079
0.03636612370610237, 0.012593109160661697
0.040440771728754044, 0.01502055674791336
0.044242698699235916, 0.012867344543337822
0.03609876334667206, 0.01294259075075388
0.0351521261036396, 0.014673394151031971
0.04653666540980339, 0.018171517178416252
0.03880910947918892, 0.010659548453986645
0.04205023869872093, 0.018548663705587387
0.042457886040210724, 0.012325648218393326
0.03899470716714859, 0.013808202929794788
0.04209491237998009, 0.012509538792073727
0.049538180232048035, 0.024720551446080208
0.0402841754257679, 0.012872729450464249
0.03561224043369293, 0.017648035660386086
0.0443287193775177, 0.018915655091404915
0.05516093596816063, 0.023390447720885277
0.04348859563469887, 0.02037884294986725
0.04145907238125801, 0.017500324174761772
0.05502990633249283, 0.017476586624979973
0.051383040845394135, 0.01602610945701599
0.04847107455134392, 0.01604732684791088
0.0388769693672657, 0.014324979856610298
0.03836990147829056, 0.012958266772329807
0.042315226048231125, 0.014395742677152157
0.04603951796889305, 0.013877441175282001
0.05008058622479439, 0.019474532455205917
0.04029674828052521, 0.013069340027868748
0.04705284908413887, 0.013345678336918354
0.04412056878209114, 0.015066890977323055
0.05032764747738838, 0.02173001877963543
0.04413929581642151, 0.01496194675564766
0.05261866748332977, 0.02346627600491047
0.060872383415699005, 0.025170834735035896
0.05417399853467941, 0.02195071429014206
0.05626495182514191, 0.018480615690350533
0.0532052181661129, 0.017999039962887764
0.044894102960824966, 0.013136441819369793
0.05205151438713074, 0.017544208094477654
0.052769530564546585, 0.013835394755005836
0.058517225086688995, 0.02236044965684414
0.048996854573488235, 0.017203787341713905
0.057039353996515274, 0.022747227922081947
0.05478828772902489, 0.021221105009317398
0.05031253769993782, 0.014431750401854515
0.05581327900290489, 0.01547269057482481
0.042691219598054886, 0.01759595423936844
0.04291534051299095, 0.015766629949212074
0.0409565232694149, 0.01234624907374382
0.05131206661462784, 0.022389570251107216
0.03984571993350983, 0.009788097813725471
0.052561838179826736, 0.022166414186358452
0.0401429608464241, 0.013620815239846706
0.04533417895436287, 0.02265234664082527
0.049798157066106796, 0.020111791789531708
0.04244853928685188, 0.011082942597568035
0.05311992019414902, 0.017755398526787758
0.04595884308218956, 0.012301898561418056
0.05421658232808113, 0.02217443287372589
0.04389156401157379, 0.01729765720665455
0.04859427362680435, 0.018833888694643974
0.04786413535475731, 0.01787499710917473
0.049439068883657455, 0.01851210556924343
0.04867982491850853, 0.018316693603992462
0.043969716876745224, 0.016503585502505302
0.04621035233139992, 0.01715012826025486
0.04564227536320686, 0.010478046722710133
0.04983621835708618, 0.020050805062055588
0.03971388563513756, 0.012742332182824612
0.0470648892223835, 0.01670641265809536
0.043717656284570694, 0.017613615840673447
0.043873950839042664, 0.01833643577992916
0.04631723836064339, 0.015339238569140434
0.04092741012573242, 0.012004178017377853
0.04243256151676178, 0.017979666590690613
0.04527811333537102, 0.016831358894705772
0.048041779547929764, 0.02394106239080429
0.04580441489815712, 0.013172833248972893
0.04100790619850159, 0.019929813221096992
0.03874761238694191, 0.015879761427640915
0.0526096411049366, 0.02026865817606449
0.0598328523337841, 0.023657700046896935
0.046812813729047775, 0.022551279515028
0.042945556342601776, 0.020098954439163208
0.05311155691742897, 0.0194370299577713
0.042432256042957306, 0.017467308789491653
0.044777411967515945, 0.0173621978610754
0.03841562941670418, 0.011423458345234394
0.045699018985033035, 0.0271210465580225
0.0443865992128849, 0.011744207702577114
0.039845339953899384, 0.012475253082811832
0.043995749205350876, 0.019595792517066002
0.044189199805259705, 0.015646766871213913
0.04402397572994232, 0.019951581954956055
0.04794023558497429, 0.017270900309085846
0.05330893397331238, 0.026093564927577972
0.04556695744395256, 0.014557319693267345
0.039886344224214554, 0.01232220884412527
0.03505874052643776, 0.013556605204939842
0.046470511704683304, 0.021481722593307495
0.046994827687740326, 0.030080106109380722
0.051357727497816086, 0.02386992610991001
0.046348124742507935, 0.020359255373477936
0.045966871082782745, 0.014657082036137581
0.0439021997153759, 0.017672674730420113
0.04349735379219055, 0.016204005107283592
0.05291980132460594, 0.017180509865283966
0.04050859808921814, 0.01899968646466732
0.04539714381098747, 0.020765190944075584
0.0379420705139637, 0.01282300055027008
0.04947425425052643, 0.02402433194220066
0.04340916872024536, 0.016291219741106033
0.0388093963265419, 0.01151740737259388
0.044888149946928024, 0.02173486165702343
0.045207638293504715, 0.019829506054520607
0.053595639765262604, 0.022408464923501015
0.043260712176561356, 0.017026685178279877
0.04028934985399246, 0.016107207164168358
0.041462045162916183, 0.015698427334427834
0.048372406512498856, 0.02224670723080635
0.03815547749400139, 0.015973681584000587
0.039611369371414185, 0.015298590995371342
0.035301558673381805, 0.014851616695523262
0.043813154101371765, 0.019775904715061188
0.04127452149987221, 0.01632075011730194
0.04096169397234917, 0.0134798064827919
0.042225342243909836, 0.011626709252595901
0.04744910076260567, 0.02246713638305664
0.046148236840963364, 0.01854928955435753
0.039486005902290344, 0.011656480841338634
0.032910075038671494, 0.010385800153017044
0.035621367394924164, 0.011869234964251518
0.04386060684919357, 0.013411550782620907
0.03838527947664261, 0.015931162983179092
0.03797229006886482, 0.015461623668670654
0.04838135465979576, 0.017926668748259544
0.042269203811883926, 0.020950334146618843
0.04295116662979126, 0.02300078794360161
0.05292661860585213, 0.015479087829589844
0.04808575659990311, 0.020393477752804756
0.044735200703144073, 0.01630760170519352
0.03490089252591133, 0.016847645863890648
0.03567344695329666, 0.019324010238051414
0.046619560569524765, 0.018473925068974495
0.040936462581157684, 0.017242323607206345
0.05478537082672119, 0.030070431530475616
0.058597974479198456, 0.027056466788053513
0.11823870241641998, 0.04010477289557457
0.13747407495975494, 0.04658069089055061
0.15749327838420868, 0.043269816786050797
0.1423102468252182, 0.05309448018670082
0.1535419374704361, 0.06889398396015167
0.1946999579668045, 0.08265195786952972
0.15091219544410706, 0.06958898156881332
0.1294575333595276, 0.045010149478912354
0.1208505779504776, 0.04356016591191292
0.12244110554456711, 0.04238643869757652
0.13370423018932343, 0.052267469465732574
0.12101863324642181, 0.03924912214279175
0.08934587985277176, 0.03814629092812538
0.08671201020479202, 0.02885797619819641
0.10598576068878174, 0.03318522498011589
0.15543398261070251, 0.05203607678413391
0.08661410957574844, 0.024673430249094963
0.08247031271457672, 0.024115508422255516
0.10035810619592667, 0.03808954730629921
0.10444489866495132, 0.04085357487201691
0.10126704722642899, 0.0554899238049984
0.11630085110664368, 0.0416221097111702
0.10048061609268188, 0.04917874187231064
0.11170373857021332, 0.04778779298067093
0.09171120077371597, 0.02745051123201847
0.10512736439704895, 0.027748188003897667
0.10772182792425156, 0.03772284463047981
0.09087439626455307, 0.042762842029333115
0.09108328819274902, 0.04423699900507927
0.09968160092830658, 0.030085571110248566
0.09486930072307587, 0.035186510533094406
0.09602634608745575, 0.03125501424074173
0.09282109886407852, 0.05322306230664253
0.08593996614217758, 0.036844927817583084
0.08553850650787354, 0.032804012298583984
0.08958977460861206, 0.036132123321294785
0.0826902836561203, 0.03748295083642006
0.09947557002305984, 0.035854171961545944
0.09743906557559967, 0.035263992846012115
0.09411010891199112, 0.050133321434259415
0.10649807006120682, 0.04603628069162369
0.11264431476593018, 0.03674726560711861
0.09774854779243469, 0.03618258237838745
0.0947258248925209, 0.036423467099666595
0.09178425371646881, 0.04001585766673088
0.09385289251804352, 0.04607057571411133
0.13357804715633392, 0.06428563594818115
0.1378161758184433, 0.08371942490339279
0.17365318536758423, 0.0693272054195404
0.10834421217441559, 0.044078659266233444
0.07953033596277237, 0.030972369015216827
0.0766398087143898, 0.025548055768013
0.09326950460672379, 0.04157502204179764
0.0953507050871849, 0.03829864412546158
0.08383069187402725, 0.04147079214453697
0.09879282861948013, 0.03644227609038353
0.10960594564676285, 0.04130600392818451
0.08776763826608658, 0.0430210642516613
0.09701362252235413, 0.04148399829864502
0.08461270481348038, 0.03486016392707825
0.0778275728225708, 0.03209356218576431
0.06592439115047455, 0.02459161914885044
0.08701453357934952, 0.03367650881409645
0.11543665081262589, 0.04368272051215172
0.10344862192869186, 0.02863103151321411
0.08078919351100922, 0.029793966561555862
0.10244309902191162, 0.04295240715146065
0.07968536764383316, 0.02120608277618885
0.08759168535470963, 0.029484905302524567
0.10389300435781479, 0.02644767425954342
0.08265868574380875, 0.039563149213790894
0.06937023997306824, 0.024431303143501282
0.0719057247042656, 0.0402253083884716
0.07334162294864655, 0.03488102927803993
0.08166640251874924, 0.035578224807977676
0.08057234436273575, 0.034662552177906036
0.07605229318141937, 0.024271812289953232
0.09324625134468079, 0.029823461547493935
0.09765111654996872, 0.033042192459106445
0.10123810917139053, 0.030749652534723282
0.09212147444486618, 0.027543094009160995
0.09682943671941757, 0.04619986191391945
0.09236329048871994, 0.03280504420399666
0.0772373378276825, 0.023122698068618774
0.07309222221374512, 0.03225678950548172
0.07751176506280899, 0.03611644357442856
0.07731062918901443, 0.030862050130963326
0.07910885661840439, 0.028136858716607094
0.08186570554971695, 0.030805500224232674
0.09179937094449997, 0.02791747637093067
0.07527462393045425, 0.020933620631694794
0.06368540972471237, 0.03467656672000885
0.07646278291940689, 0.035134851932525635
0.0752350240945816, 0.0402144156396389
0.08691342175006866, 0.041068706661462784
0.0733678862452507, 0.03047298826277256
0.09263873845338821, 0.03439057245850563
0.08673259615898132, 0.0326874777674675
0.1082063689827919, 0.0331987664103508
0.12017515301704407, 0.041482191532850266
0.11244555562734604, 0.03594300150871277
0.0703444853425026, 0.031000947579741478
0.07189301401376724, 0.03536301478743553
0.06547723710536957, 0.035927414894104004
0.08944083750247955, 0.035016171634197235
0.07333355396986008, 0.027780208736658096
0.0862574577331543, 0.03920859470963478
0.08130021393299103, 0.03496292978525162
0.1014728918671608, 0.03032033145427704
0.08370332419872284, 0.03578276187181473
0.06463005393743515, 0.024623597040772438
0.07762172073125839, 0.032883595675230026
0.06883568316698074, 0.0255279503762722
0.07511992752552032, 0.030949557200074196
0.08554867655038834, 0.01667463406920433
0.11236950010061264, 0.03534293919801712
0.09658143669366837, 0.030269335955381393
0.08603021502494812, 0.027567539364099503
0.07344821095466614, 0.025805797427892685
0.0864097848534584, 0.03230275586247444
0.08293239027261734, 0.03338821604847908
0.07960058748722076, 0.034699149429798126
0.09032583981752396, 0.05090172961354256
0.09040562063455582, 0.03686278685927391
0.0906921997666359, 0.030281616374850273
0.0630294606089592, 0.03357786312699318
0.08409467339515686, 0.029589354991912842
0.07046451419591904, 0.037526242434978485
0.0835343599319458, 0.03456107899546623
0.08233347535133362, 0.030040299519896507
0.07057151943445206, 0.028219783678650856
0.06340987980365753, 0.020501818507909775
0.0806872621178627, 0.021117862313985825
0.06447730213403702, 0.028358645737171173
0.06845904141664505, 0.027903812006115913
0.06371502578258514, 0.01868603006005287
0.08144281804561615, 0.030402561649680138
0.08161786943674088, 0.027341242879629135
0.09582600742578506, 0.03329414501786232
0.07983245700597763, 0.033125344663858414
0.07999417930841446, 0.027411755174398422
0.06807032972574234, 0.02242361754179001
0.08788968622684479, 0.03731020167469978
0.0810999646782875, 0.022012263536453247
0.09626618772745132, 0.03566684573888779
0.08415617048740387, 0.035831522196531296
0.07395778596401215, 0.022955242544412613
0.0993972197175026, 0.03799877688288689
0.08370307832956314, 0.029918231070041656
0.0862024798989296, 0.025963718071579933
0.09487298876047134, 0.04055839404463768
0.07610767334699631, 0.03782953321933746
0.0797414556145668, 0.03200128674507141
0.08517999202013016, 0.033628690987825394
0.05978125333786011, 0.03903154656291008
0.06758172810077667, 0.024299483746290207
0.08496665209531784, 0.03661753982305527
0.07910076528787613, 0.028632843866944313
0.08509516716003418, 0.02359381876885891
0.08206836879253387, 0.03410337492823601
0.08774780482053757, 0.034784357994794846
0.10100050270557404, 0.033529799431562424
0.09352538734674454, 0.032015878707170486
0.08045155555009842, 0.0281194020062685
0.06896576285362244, 0.0388161726295948
0.08154229074716568, 0.026558442041277885
0.07907969504594803, 0.029536312445998192
0.08630644530057907, 0.04342065751552582
0.07823751866817474, 0.03587391972541809
0.07522846758365631, 0.02909930981695652
0.09310964494943619, 0.04209916666150093
0.08439141511917114, 0.03858126699924469
0.05636719986796379, 0.02898367866873741
0.06915723532438278, 0.021045202389359474
0.08832211792469025, 0.03765302151441574
0.07958167046308517, 0.03483964130282402
0.1031753346323967, 0.03528010845184326
0.09283558279275894, 0.03832888603210449
0.07343745976686478, 0.022213531658053398
0.0627172514796257, 0.03254731371998787
0.07102286070585251, 0.0247595626860857
0.09897414594888687, 0.031579457223415375
0.0728520005941391, 0.03582284599542618
0.07781122624874115, 0.03142144903540611
0.06689838320016861, 0.023771395906805992
0.07427693158388138, 0.035950083285570145
0.07236487418413162, 0.02785203419625759
0.06675788015127182, 0.024586748331785202
0.06847698241472244, 0.037441667169332504
0.0795443058013916, 0.035659510642290115
0.06948822736740112, 0.02697618491947651
0.08757507055997849, 0.04190322756767273
0.0864068865776062, 0.026455383747816086
0.09768031537532806, 0.037902429699897766
0.09184347838163376, 0.0321161262691021
0.08317577093839645, 0.03326199948787689
0.0717468112707138, 0.027236126363277435
0.0884653702378273, 0.03873642906546593
0.09330650418996811, 0.03484468162059784
0.08296374976634979, 0.02804729901254177
0.056684330105781555, 0.023605743423104286
0.07063976675271988, 0.029908545315265656
0.09414682537317276, 0.044797591865062714
0.07842274010181427, 0.025844652205705643
0.07927944511175156, 0.03695999085903168
0.0668952688574791, 0.03715251758694649
0.07940910011529922, 0.03438444808125496
0.09027624130249023, 0.04500032216310501
0.08628008514642715, 0.034904781728982925
0.07447729259729385, 0.03594134747982025
0.07295139878988266, 0.0358908586204052
0.06629065424203873, 0.02775382064282894
0.08294302225112915, 0.03568845987319946
0.08199463039636612, 0.0330495685338974
0.06538373976945877, 0.0273250974714756
0.08561502397060394, 0.042882904410362244
0.07967288792133331, 0.025206437334418297
0.09411116689443588, 0.02634413167834282
0.08432690799236298, 0.03832346573472023
0.07797715812921524, 0.026945173740386963
0.07564906030893326, 0.03352930396795273
0.08264130353927612, 0.044465940445661545
0.06518341600894928, 0.022668296471238136
0.06294999271631241, 0.037256889045238495
0.07938490808010101, 0.030450530350208282
0.06571654230356216, 0.021859869360923767
0.08263824135065079, 0.030098985880613327
0.06947492063045502, 0.030074171721935272
0.07969090342521667, 0.028191102668642998
0.07747095078229904, 0.031562186777591705
0.07041538506746292, 0.029556196182966232
0.08802105486392975, 0.04490308463573456
0.11148332059383392, 0.03643922507762909
0.0783533900976181, 0.029547948390245438
0.07416418939828873, 0.025446906685829163
0.084586001932621, 0.025212658569216728
0.09328094869852066, 0.03931472450494766
0.07459703832864761, 0.0548485666513443
0.08224885910749435, 0.03504067286849022
0.08342848718166351, 0.03567123040556908
0.08166283369064331, 0.02673204243183136
0.08934309333562851, 0.029527781531214714
0.07582197338342667, 0.040180839598178864
0.08919135481119156, 0.0417555570602417
0.09414421766996384, 0.03239108994603157
0.09472785145044327, 0.03333766758441925
0.08457867801189423, 0.02748747356235981
0.07464966922998428, 0.033852290362119675
0.07803530246019363, 0.04534612596035004
0.07667097449302673, 0.02249828167259693
0.07656148821115494, 0.035615574568510056
0.09468487650156021, 0.035681627690792084
0.07275640964508057, 0.0360637903213501
0.09161613136529922, 0.03729161247611046
0.07496433705091476, 0.034022022038698196
0.06371068209409714, 0.026135532185435295
0.0761791318655014, 0.02928236871957779
0.08859536796808243, 0.03862568736076355
0.07882875949144363, 0.029354136437177658
0.06985556334257126, 0.030166491866111755
0.08941211551427841, 0.03021012619137764
0.10059327632188797, 0.033285535871982574
0.08148718625307083, 0.052877236157655716
0.09912155568599701, 0.033809635788202286
0.07596032321453094, 0.036482375115156174
0.07467186450958252, 0.032846931368112564
0.05855469033122063, 0.023353656753897667
0.08173797279596329, 0.02857327274978161
0.06906941533088684, 0.0288783498108387
0.06963422149419785, 0.03050318732857704
0.06362758576869965, 0.029178796336054802
0.07749580591917038, 0.028826965019106865
0.07123398780822754, 0.027589675039052963
0.0788726881146431, 0.03078853152692318
0.06266209483146667, 0.03082779422402382
0.06446848809719086, 0.026750601828098297
0.08741135150194168, 0.024929499253630638
0.09829037636518478, 0.03164326399564743
0.08789458870887756, 0.03630458563566208
0.06510268896818161, 0.025799112394452095
0.07192979007959366, 0.023028576746582985
0.06917272508144379, 0.023538406938314438
0.08371398597955704, 0.04330780729651451
0.08677066117525101, 0.03261169046163559
0.0802823007106781, 0.026702212169766426
0.07920193672180176, 0.02078249491751194
0.0893869549036026, 0.037007227540016174
0.057868778705596924, 0.033245958387851715
0.06715773791074753, 0.034006040543317795
0.0691056028008461, 0.0253838449716568
0.06645067781209946, 0.02856799028813839
0.0762295126914978, 0.03714079037308693
0.07522829622030258, 0.030254052951931953
0.07740572839975357, 0.015828587114810944
0.07307320833206177, 0.031617600470781326
0.1137983649969101, 0.043987758457660675
0.08539524674415588, 0.033510491251945496
0.07085592299699783, 0.032477155327796936
0.07308438420295715, 0.04570269584655762
0.07281967997550964, 0.042545631527900696
0.07254724949598312, 0.030045995488762856
0.09207239001989365, 0.04003932699561119
0.09869898855686188, 0.02818266488611698
0.07359635084867477, 0.035739198327064514
0.0732482373714447, 0.024334650486707687
0.09897901117801666, 0.03317294642329216
0.09756622463464737, 0.03341483324766159
0.08949646353721619, 0.037473004311323166
0.06957392394542694, 0.027144093066453934
0.06747662276029587, 0.024501336738467216
0.058968499302864075, 0.019977739080786705
0.08076750487089157, 0.03161836043000221
0.07960294187068939, 0.027496136724948883
0.07469049841165543, 0.035821449011564255
0.08323518931865692, 0.033433638513088226
0.09537549316883087, 0.042595554143190384
0.06793437898159027, 0.02216309867799282
0.07738539576530457, 0.03580189868807793
0.08183878660202026, 0.02309422194957733
0.08864820748567581, 0.04003211855888367
0.07273836433887482, 0.028369426727294922
0.06586840748786926, 0.033054057508707047
0.06504076719284058, 0.03946051746606827
0.06283280998468399, 0.030526839196681976
0.07204988598823547, 0.04208685830235481
0.07868799567222595, 0.041224610060453415
0.08494146168231964, 0.03687461465597153
0.11819829046726227, 0.043810877948999405
0.09295561164617538, 0.033218517899513245
0.1039690151810646, 0.038916874676942825
0.08350718021392822, 0.031086968258023262
0.10946739464998245, 0.04070684313774109
0.10243002325296402, 0.03281388431787491
0.07483994215726852, 0.028758475556969643
0.07721952348947525, 0.03688662871718407
0.052784088999032974, 0.022985145449638367
0.07827724516391754, 0.028791721910238266
0.07012812048196793, 0.03238064795732498
0.06740911304950714, 0.024988168850541115
0.07146232575178146, 0.037493105977773666
0.06344730406999588, 0.022696953266859055
0.06844130903482437, 0.029208196327090263
0.08883292227983475, 0.03362946957349777
0.06503046303987503, 0.026048965752124786
0.06921270489692688, 0.036508724093437195
0.07914647459983826, 0.037706565111875534
0.06239191070199013, 0.032371070235967636
0.08826211839914322, 0.03378915786743164
0.08720611780881882, 0.037574827671051025
0.07725302129983902, 0.027413511648774147
0.09851402789354324, 0.04230216145515442
0.08518078178167343, 0.04283599182963371
0.09304573386907578, 0.03662394732236862
0.10369673371315002, 0.03500768542289734
0.0710238516330719, 0.02842416800558567
0.07413531839847565, 0.02166660502552986
0.07252255827188492, 0.03648454695940018
0.07332916557788849, 0.030992308631539345
0.07328327745199203, 0.022732054814696312
0.07906977087259293, 0.027773719280958176
0.07438324391841888, 0.044372014701366425
0.06002039462327957, 0.02213781513273716
0.0855255126953125, 0.031165344640612602
0.06379655003547668, 0.030150823295116425
0.06970927864313126, 0.02599671669304371
0.08192117512226105, 0.033385541290044785
0.07464955747127533, 0.03262393921613693
0.06746240705251694, 0.044693008065223694
0.0692916288971901, 0.02524794079363346
0.06156276911497116, 0.027729662135243416
0.07790251821279526, 0.026178516447544098
0.06481287628412247, 0.02523522824048996
0.08268299698829651, 0.03253765404224396
0.07873993366956711, 0.03063507191836834
0.07944779098033905, 0.021730316802859306
0.0813407450914383, 0.026343485340476036
0.06263154745101929, 0.027123086154460907
0.06581470370292664, 0.02804391458630562
0.06981103122234344, 0.021409248933196068
0.0807604193687439, 0.024756042286753654
0.07733236998319626, 0.03813257813453674
0.09243559837341309, 0.02788451686501503
0.11124397814273834, 0.03912206366658211
0.08522634953260422, 0.026711802929639816
0.0729994997382164, 0.034450192004442215
0.09266654402017593, 0.04528222978115082
0.07003089040517807, 0.02612868696451187
0.05671711638569832, 0.02694794535636902
0.056097738444805145, 0.021606983616948128
0.07237472385168076, 0.03416823968291283
0.07550434023141861, 0.034950755536556244
0.07278886437416077, 0.02776293456554413
0.07237068563699722, 0.03216990828514099
0.0753028467297554, 0.032892171293497086
0.07307489216327667, 0.02923882193863392
0.05830658972263336, 0.01571943238377571
0.0738978236913681, 0.02836945652961731
0.08715890347957611, 0.041586581617593765
0.09387429058551788, 0.03447377309203148
0.07442887872457504, 0.027293654158711433
0.07997553795576096, 0.03757975623011589
0.06767509877681732, 0.037436313927173615
0.08028135448694229, 0.03654681518673897
0.08434420824050903, 0.03186243399977684
0.07098755985498428, 0.029493039473891258
0.07682754099369049, 0.03661125525832176
0.07809320837259293, 0.029854102060198784
0.055898621678352356, 0.024900229647755623
0.06497041136026382, 0.033021118491888046
0.07676954567432404, 0.03627245873212814
0.09435408562421799, 0.03397367149591446
0.0640934407711029, 0.029095686972141266
0.062230270355939865, 0.015567714348435402
0.07201632857322693, 0.03336954861879349
0.08540351688861847, 0.030906571075320244
0.07438605278730392, 0.03792900964617729
0.060617513954639435, 0.03368609398603439
0.07261268049478531, 0.0316627137362957
0.07200637459754944, 0.03984282910823822
0.08249607682228088, 0.035426121205091476
0.06845545023679733, 0.028440026566386223
0.0910094603896141, 0.03665057569742203
0.08257941156625748, 0.04043789207935333
0.08977679163217545, 0.04674260690808296
0.09494200348854065, 0.031874630600214005
0.06079771742224693, 0.020079100504517555
0.05769173428416252, 0.021708594635128975
0.06572017818689346, 0.03265582397580147
0.06378158926963806, 0.023319192230701447
0.07287843525409698, 0.04076744616031647
0.07654799520969391, 0.026647087186574936
0.08084547519683838, 0.03399573266506195
0.08113598823547363, 0.0342724584043026
0.07864940911531448, 0.027484185993671417
0.06948201358318329, 0.03674079105257988
0.07529585808515549, 0.035330794751644135
0.0830097645521164, 0.040757931768894196
0.07536521553993225, 0.031022656708955765
0.07495321333408356, 0.0319020114839077
0.07428595423698425, 0.033919401466846466
0.07794536650180817, 0.036509718745946884
0.07877723127603531, 0.032758839428424835
0.09868211299180984, 0.03539648279547691
0.11171315610408783, 0.0369042344391346
0.08928080648183823, 0.034872353076934814
0.07522348314523697, 0.026409460231661797
0.08837597817182541, 0.03384135663509369
0.0806938037276268, 0.032435715198516846
0.0697202980518341, 0.028316212818026543
0.06204354017972946, 0.02803388424217701
0.06741339713335037, 0.04076644033193588
0.06484974920749664, 0.023644234985113144
0.07731311023235321, 0.03013274073600769
0.06801284104585648, 0.024044670164585114
0.06782583147287369, 0.03693070262670517
0.06370308995246887, 0.023885641247034073
0.05892860144376755, 0.02607843093574047
0.06494292616844177, 0.037914250046014786
0.08176924288272858, 0.027683617547154427
0.08776363730430603, 0.04242491349577904
0.07159733027219772, 0.027129868045449257
0.07338546216487885, 0.022552020847797394
0.06743591278791428, 0.035469356924295425
0.07070740312337875, 0.029036903753876686
0.08094140142202377, 0.02493339031934738
0.06111723184585571, 0.03165643289685249
0.07101050764322281, 0.029123617336153984
0.07128819823265076, 0.03359485790133476
0.08568332344293594, 0.02823273278772831
0.08036255836486816, 0.033831316977739334
0.07233454287052155, 0.031017176806926727
0.054751649498939514, 0.023621415719389915
0.0782783031463623, 0.02621723897755146
0.07758888602256775, 0.021109119057655334
0.08073002845048904, 0.025517186149954796
0.08100972324609756, 0.030458875000476837
0.07323641330003738, 0.027967514470219612
0.067747563123703, 0.030460340902209282
0.06298249214887619, 0.02071673981845379
0.0632127895951271, 0.025069203227758408
0.07588408887386322, 0.04483165219426155
0.08087962120771408, 0.03926874324679375
0.07514918595552444, 0.03398694470524788
0.07845349609851837, 0.023015467450022697
0.09161902219057083, 0.0219521913677454
0.0975794792175293, 0.025253772735595703
0.09820766001939774, 0.03202482685446739
0.060250718146562576, 0.025450700893998146
0.07553856074810028, 0.03563899174332619
0.07394666224718094, 0.028887739405035973
0.06367768347263336, 0.03181987628340721
0.06295572221279144, 0.03130682557821274
0.06128786876797676, 0.026216350495815277
0.08068721741437912, 0.02375602349638939
0.08756063133478165, 0.024545108899474144
0.07104279100894928, 0.030544940382242203
0.06855203211307526, 0.026936613023281097
0.06957262009382248, 0.02749611623585224
0.07862896472215652, 0.02522606961429119
0.0862870067358017, 0.02507714182138443
0.07436791062355042, 0.0339541956782341
0.0651707872748375, 0.032238319516181946
0.06105731800198555, 0.024138193577528
0.06375203281641006, 0.032204609364271164
0.08233172446489334, 0.028976356610655785
0.08135116100311279, 0.039596907794475555
0.06491617113351822, 0.029285456985235214
0.06269602477550507, 0.04014163464307785
0.0736331045627594, 0.02827957645058632
0.071193628013134, 0.024767540395259857
0.05947272852063179, 0.02934955433011055
0.09904247522354126, 0.03580055758357048
0.10601877421140671, 0.044114936143159866
0.09869435429573059, 0.02723633125424385
0.0695345476269722, 0.018473144620656967
0.059629812836647034, 0.030146203935146332
0.07330896705389023, 0.03890227898955345
0.07525377720594406, 0.03571069985628128
0.07315430790185928, 0.025943992659449577
0.08601938188076019, 0.03690219298005104
0.0856894999742508, 0.030719809234142303
0.06679226458072662, 0.02794697880744934
0.05643794313073158, 0.01817730814218521
0.07512044161558151, 0.026561692357063293
0.06227121129631996, 0.02362924814224243
0.06870394945144653, 0.035717036575078964
0.056414637714624405, 0.022921299561858177
0.07642822712659836, 0.029277825728058815
0.08110729604959488, 0.034959498792886734
0.06191970407962799, 0.02531462348997593
0.0761849507689476, 0.04171471670269966
0.0654233917593956, 0.02384413778781891
0.0526631735265255, 0.018283499404788017
0.0775158554315567, 0.03563133254647255
0.06429345160722733, 0.030936798080801964
0.08340997248888016, 0.03706938028335571
0.057735271751880646, 0.019733410328626633
0.08195502310991287, 0.026537613943219185
0.0706246867775917, 0.03180823475122452
0.06183997169137001, 0.019872769713401794
0.07128022611141205, 0.026098059490323067
0.062455449253320694, 0.024202484637498856
0.0586077980697155, 0.027970198541879654
0.06675014644861221, 0.026986176148056984
0.08617163449525833, 0.043686673045158386
0.07023293524980545, 0.030086616054177284
0.07629670947790146, 0.03287399932742119
0.0866178572177887, 0.04059591889381409
0.08612629771232605, 0.040189068764448166
0.0958014652132988, 0.03277113661170006
0.06174851953983307, 0.0315709114074707
0.06762776523828506, 0.02859192155301571
0.0730927586555481, 0.03534527122974396
0.0774887427687645, 0.023501811549067497
0.08300165086984634, 0.026788529008626938
0.07591403275728226, 0.028620298951864243
0.07215353101491928, 0.03236828371882439
0.06404193490743637, 0.029194300994277
0.06071414053440094, 0.024345552548766136
0.053578976541757584, 0.027459140866994858
0.05882979929447174, 0.026299115270376205
0.05929615721106529, 0.023553041741251945
0.061391666531562805, 0.019003327935934067
0.06997077912092209, 0.023814989253878593
0.06606534868478775, 0.030724985525012016
0.07830438762903214, 0.02646692655980587
0.06443003565073013, 0.030914420261979103
0.06109282746911049, 0.019958913326263428
0.05770658701658249, 0.028608854860067368
0.06461382657289505, 0.027708545327186584
0.06526218354701996, 0.027022944763302803
0.0785684809088707, 0.0354686938226223
0.0641174167394638, 0.03595219552516937
0.07147280126810074, 0.030255399644374847
0.08223270624876022, 0.027283411473035812
0.06623224914073944, 0.022300750017166138
0.08331939578056335, 0.03110978566110134
0.07290515303611755, 0.049090124666690826
0.0660054013133049, 0.01820933073759079
0.06694059818983078, 0.026731882244348526
0.06425022333860397, 0.026069175451993942
0.07121992111206055, 0.04138387367129326
0.06516867876052856, 0.0328926146030426
0.06486966460943222, 0.020695127546787262
0.07002430409193039, 0.039274912327528
0.06580273061990738, 0.01761176995933056
0.08227881789207458, 0.039906516671180725
0.06056475639343262, 0.02800465188920498
0.06681916862726212, 0.029484504833817482
0.07138437777757645, 0.034671489149332047
0.05817273631691933, 0.029912618920207024
0.07537611573934555, 0.026620915159583092
0.07273685187101364, 0.030642440542578697
0.07724767178297043, 0.03236057236790657
0.07075342535972595, 0.029762890189886093
0.08878065645694733, 0.034203384071588516
0.07187328487634659, 0.031067486852407455
0.06888625770807266, 0.03381122648715973
0.07371513545513153, 0.03212372958660126
0.08231691271066666, 0.03448271006345749
0.058969855308532715, 0.025896016508340836
0.07965286076068878, 0.03374055400490761
0.05865921080112457, 0.024782489985227585
0.08015128970146179, 0.04130217432975769
0.058390140533447266, 0.017770403996109962
0.06870295107364655, 0.023454707115888596
0.06321247667074203, 0.033509738743305206
0.05753535032272339, 0.024582212790846825
0.07570973038673401, 0.029004903510212898
0.0636056661605835, 0.02335921674966812
0.07931273430585861, 0.03802977874875069
0.06027812510728836, 0.027053920552134514
0.07079470157623291, 0.029828524217009544
0.08548453450202942, 0.029721343889832497
0.06442169845104218, 0.03108733333647251
0.06743277609348297, 0.0416828952729702
0.06184901297092438, 0.033208075910806656
0.06386933475732803, 0.019564934074878693
0.0739772692322731, 0.028626257553696632
0.06550882011651993, 0.030956199392676353
0.06309829652309418, 0.03051840327680111
0.08348315209150314, 0.03712630271911621
0.05570463463664055, 0.024634983390569687
0.06921718269586563, 0.03554805740714073
0.05974864959716797, 0.027439048513770103
0.05785061791539192, 0.02614026889204979
0.058893125504255295, 0.024234768003225327
0.06690014153718948, 0.024413494393229485
0.07298771291971207, 0.03301350772380829
0.062283966690301895, 0.03367694839835167
0.05395348370075226, 0.024955840781331062
0.062201935797929764, 0.019354021176695824
0.06981466710567474, 0.025947052985429764
0.05930176004767418, 0.031275294721126556
0.09578784555196762, 0.040893275290727615
0.07381245493888855, 0.02775753289461136
0.06269339472055435, 0.024025237187743187
0.0745738074183464, 0.029731925576925278
0.08898667246103287, 0.02847123332321644
0.0721738263964653, 0.04566832259297371
0.07578682154417038, 0.025957368314266205
0.05993637070059776, 0.01898200437426567
0.057384658604860306, 0.027985628694295883
0.06035098060965538, 0.023431139066815376
0.06878013163805008, 0.026858719065785408
0.08320759236812592, 0.026195593178272247
0.07223539054393768, 0.03111823834478855
0.05536232143640518, 0.030386487022042274
0.06220932677388191, 0.027450911700725555
0.0634291023015976, 0.03416705131530762
0.08313646912574768, 0.0449209064245224
0.09578011184930801, 0.02849128656089306
0.06926319003105164, 0.028249802067875862
0.06294282525777817, 0.024749930948019028
0.08134548366069794, 0.03406567871570587
0.09048604220151901, 0.024471178650856018
0.08651508390903473, 0.020731458440423012
0.06563732773065567, 0.027838991954922676
0.06643147021532059, 0.03169311210513115
0.07614093273878098, 0.03152448683977127
0.0681183785200119, 0.02885904721915722
0.06458304822444916, 0.023114733397960663
0.05921225994825363, 0.02814325876533985
0.06964210420846939, 0.02563706785440445
0.07314186543226242, 0.02504955232143402
0.07245325297117233, 0.03361206501722336
0.0628218948841095, 0.032602161169052124
0.06824568659067154, 0.024399055168032646
0.07384564727544785, 0.02943751960992813
0.07279732078313828, 0.029944242909550667
0.06735444068908691, 0.03564970940351486
0.06355737894773483, 0.02757444977760315
0.08527930080890656, 0.0307777039706707
0.09474334865808487, 0.03640088811516762
0.0728132501244545, 0.02895607054233551
0.07322156429290771, 0.023030133917927742
0.08549528568983078, 0.02678976207971573
0.08923711627721786, 0.029188940301537514
0.07525455951690674, 0.02896166779100895
0.06684757769107819, 0.03582840412855148
0.07751844078302383, 0.035102009773254395
0.0680670365691185, 0.02847490832209587
0.07377689331769943, 0.026243392378091812
0.07821003347635269, 0.04190591350197792
0.058828990906476974, 0.01940525323152542
0.08597861975431442, 0.03178877755999565
0.07309834659099579, 0.023684345185756683
0.06318703293800354, 0.024075739085674286
0.06414875388145447, 0.03033694066107273
0.08030853420495987, 0.03718253970146179
0.08132408559322357, 0.037966616451740265
0.06273619085550308, 0.02380279265344143
0.07500693947076797, 0.023660240694880486
0.07320000231266022, 0.021905474364757538
0.06865068525075912, 0.028279190883040428
0.05883024260401726, 0.026555964723229408
0.08009166270494461, 0.03500375524163246
0.06520207226276398, 0.027190865948796272
0.06515267491340637, 0.03930913284420967
0.06895145028829575, 0.020410822704434395
0.06868226081132889, 0.03330927714705467
0.06838483363389969, 0.029383424669504166
0.07569903135299683, 0.03638915717601776
0.060753233730793, 0.017754705622792244
0.07387302070856094, 0.028457198292016983
0.06746342778205872, 0.025113848969340324
0.07055037468671799, 0.030603185296058655
0.05562495440244675, 0.028399446979165077
0.06538281589746475, 0.02870125137269497
0.0586501881480217, 0.020967086777091026
0.06650013476610184, 0.027710335329174995
0.0879906713962555, 0.02850680612027645
0.07805485278367996, 0.03127143532037735
0.06197787821292877, 0.027973677963018417
0.07552359253168106, 0.026474663987755775
0.07396736741065979, 0.032743290066719055
0.06546001136302948, 0.02897852659225464
0.06421778351068497, 0.026959236711263657
0.06811869144439697, 0.029398713260889053
0.07493040710687637, 0.04191858321428299
0.08235878497362137, 0.04342752322554588
0.06292448192834854, 0.030511632561683655
0.06085583195090294, 0.020869586616754532
0.06933089345693588, 0.028049636632204056
0.08858861029148102, 0.041482992470264435
0.08644861727952957, 0.03903140127658844
0.06558465212583542, 0.0373535230755806
0.07385891675949097, 0.029124051332473755
0.06242932751774788, 0.026642845943570137
0.07663200795650482, 0.04388617351651192
0.06558079272508621, 0.021055420860648155
0.06629450619220734, 0.028716515749692917
0.04931020736694336, 0.022933825850486755
0.06412652879953384, 0.024504780769348145
0.07393749058246613, 0.02561061643064022
0.05872918665409088, 0.021568195894360542
0.09556691348552704, 0.03651232644915581
0.08926369249820709, 0.022080065682530403
0.09356711059808731, 0.045768510550260544
0.07998654991388321, 0.022805217653512955
0.07282663881778717, 0.0347093865275383
0.07792925089597702, 0.02896887995302677
0.06408259272575378, 0.024377766996622086
0.052745599299669266, 0.020826276391744614
0.077246755361557, 0.029127253219485283
0.07296199351549149, 0.03406786173582077
0.061952318996191025, 0.026662131771445274
0.07406459003686905, 0.028423085808753967
0.0625079795718193, 0.023618562147021294
0.058532290160655975, 0.021276695653796196
0.06077219545841217, 0.02542206458747387
0.054648883640766144, 0.024666771292686462
0.060363877564668655, 0.022493630647659302
0.08175470679998398, 0.03309428319334984
0.06571745872497559, 0.031166883185505867
0.07547244429588318, 0.030835675075650215
0.06578898429870605, 0.03133789822459221
0.07251989841461182, 0.026020625606179237
0.07588574290275574, 0.03153614699840546
0.07906586676836014, 0.017451994121074677
0.07690268754959106, 0.025273054838180542
0.06009850278496742, 0.025016959756612778
0.0653863251209259, 0.030007528141140938
0.05273579806089401, 0.020177507773041725
0.058693911880254745, 0.028812654316425323
0.07451025396585464, 0.03399650752544403
0.09787560254335403, 0.0338020995259285
0.07303059846162796, 0.01845802366733551
0.07525233179330826, 0.02603572979569435
0.06531695276498795, 0.02659723162651062
0.06698834151029587, 0.03666330501437187
0.07702791690826416, 0.025299610570073128
0.06852810084819794, 0.022659702226519585
0.07224094122648239, 0.025780728086829185
0.07582554966211319, 0.04336461052298546
0.05986171215772629, 0.0352645218372345
0.0731525719165802, 0.02997160516679287
0.07835515588521957, 0.024382637813687325
0.05874946340918541, 0.01863708905875683
0.06908436864614487, 0.025917919352650642
0.06172694265842438, 0.02950180694460869
0.05786730721592903, 0.02044328860938549
0.0766560509800911, 0.02924046479165554
0.07795486599206924, 0.02988729439675808
0.07632286101579666, 0.02391229383647442
0.07398245483636856, 0.030908774584531784
0.08756805956363678, 0.030196182429790497
0.07729049772024155, 0.032265786081552505
0.07267897576093674, 0.03017665259540081
0.07053092867136002, 0.0313112847507
0.06881262362003326, 0.02360667660832405
0.06456955522298813, 0.022276561707258224
0.07057768851518631, 0.03579071909189224
0.055586814880371094, 0.020914187654852867
0.0633394792675972, 0.032392680644989014
0.06591227650642395, 0.026434997096657753
0.07148507237434387, 0.026216711848974228
0.05652433633804321, 0.025582516565918922
0.05756418779492378, 0.02817360870540142
0.056481290608644485, 0.029225919395685196
0.07343408465385437, 0.028756901621818542
0.06591764837503433, 0.04006567224860191
0.08482706546783447, 0.023571373894810677
0.05948915705084801, 0.02684890292584896
0.07454094290733337, 0.03013048693537712
0.07104018330574036, 0.032220106571912766
0.06463310867547989, 0.030934568494558334
0.0723152831196785, 0.03039337322115898
0.04686446860432625, 0.02575015462934971
0.05349767208099365, 0.024976365268230438
0.07132352143526077, 0.021985584869980812
0.07095149904489517, 0.029818475246429443
0.062463223934173584, 0.03382847458124161
0.06526383012533188, 0.030030056834220886
0.08147130161523819, 0.037143632769584656
0.07391420006752014, 0.028931954875588417
0.08530035614967346, 0.028103526681661606
0.06768867373466492, 0.03173167631030083
0.0741288810968399, 0.018043186515569687
0.1034894809126854, 0.025305036455392838
0.0669127032160759, 0.030958354473114014
0.059866905212402344, 0.02020924538373947
0.06083807721734047, 0.02755984477698803
0.06922377645969391, 0.02987511269748211
0.06685493886470795, 0.033059313893318176
0.07523822039365768, 0.0385410413146019
0.06647646427154541, 0.0339362695813179
0.09256253391504288, 0.040261950343847275
0.07515864074230194, 0.021837498992681503
0.05675880238413811, 0.024353299289941788
0.08287055045366287, 0.02943839132785797
0.07473506033420563, 0.03075062483549118
0.07972505688667297, 0.02943044900894165
0.08903748542070389, 0.03527004271745682
0.06597474962472916, 0.03355756402015686
0.068951316177845, 0.02147698774933815
0.06369410455226898, 0.018523652106523514
0.07422007620334625, 0.020675502717494965
0.07277116924524307, 0.035131365060806274
0.06839700788259506, 0.03018774650990963
0.07823224365711212, 0.035015400499105453
0.06391776353120804, 0.020562857389450073
0.07797861099243164, 0.021293947473168373
0.07725965976715088, 0.032145049422979355
0.06051100045442581, 0.021201753988862038
0.059796255081892014, 0.03233008831739426
0.06597479432821274, 0.03466837480664253
0.08232786506414413, 0.03914894908666611
0.05555372312664986, 0.024058420211076736
0.08269170671701431, 0.031503431499004364
0.08146060258150101, 0.033641964197158813
0.05500219389796257, 0.023352572694420815
0.07223593443632126, 0.039612337946891785
0.09291693568229675, 0.03210736811161041
0.08054262399673462, 0.029640555381774902
0.06994985789060593, 0.023501988500356674
0.059796690940856934, 0.02804541029036045
0.061490338295698166, 0.029249394312500954
0.08196419477462769, 0.04017269238829613
0.0862986147403717, 0.043046027421951294
0.06616538017988205, 0.02177484519779682
0.06116977706551552, 0.029056601226329803
0.08227554708719254, 0.03068019635975361
0.07796312123537064, 0.033029403537511826
0.08040321618318558, 0.023548752069473267
0.06526721268892288, 0.017448794096708298
0.068426214158535, 0.025613393634557724
0.06697051972150803, 0.021934160962700844
0.07301671802997589, 0.020126501098275185
0.05558187514543533, 0.024271737784147263
0.06357365101575851, 0.03272014483809471
0.06690052151679993, 0.02136961929500103
0.0581175833940506, 0.031689662486314774
0.08771099895238876, 0.028794731944799423
0.07504330575466156, 0.023851558566093445
0.08637677133083344, 0.0344850979745388
0.06635747104883194, 0.036033112555742264
0.05970048904418945, 0.023802082985639572
0.05863044038414955, 0.021190635859966278
0.05980481579899788, 0.026827501133084297
0.06193084269762039, 0.021174738183617592
0.05848217010498047, 0.03506786376237869
0.04582415893673897, 0.018639475107192993
0.07965748757123947, 0.03150952607393265
0.07117579132318497, 0.027775054797530174
0.06508205831050873, 0.025321515277028084
0.057520415633916855, 0.035960450768470764
0.06668809056282043, 0.03234534338116646
0.058439094573259354, 0.03223346173763275
0.0544109120965004, 0.020939407870173454
0.0584120899438858, 0.027632173150777817
0.05108319967985153, 0.03109564259648323
0.06072496622800827, 0.03890451788902283
0.06802123039960861, 0.01785602979362011
0.08453186601400375, 0.035330794751644135
0.08322932571172714, 0.036117520183324814
0.0794483944773674, 0.03366263955831528
0.0805031880736351, 0.02267150953412056
0.078792504966259, 0.029970673844218254
0.06657429039478302, 0.024319009855389595
0.06111662834882736, 0.01976577751338482
0.06660310178995132, 0.026667464524507523
0.08521424233913422, 0.04014457017183304
0.07972323894500732, 0.0286538228392601
0.07680750638246536, 0.026855722069740295
0.06594821065664291, 0.03149392455816269
0.0674043521285057, 0.034920647740364075
0.07236532121896744, 0.03642154112458229
0.07096315920352936, 0.029513221234083176
0.06659302860498428, 0.03932877629995346
0.06553708761930466, 0.02767791599035263
0.05649461969733238, 0.01670864224433899
0.07804024964570999, 0.028420640155673027
0.07320723682641983, 0.026723431423306465
0.07378221303224564, 0.04291088506579399
0.07111520320177078, 0.036621760576963425
0.06899133324623108, 0.022397201508283615
0.0731668546795845, 0.03595716878771782
0.06812039017677307, 0.021517876535654068
0.08816370368003845, 0.03317511826753616
0.06897008419036865, 0.02361413836479187
0.07746265083551407, 0.03569226711988449
0.061761148273944855, 0.027262050658464432
0.07210224121809006, 0.01568606309592724
0.08678996562957764, 0.048097942024469376
0.08357669413089752, 0.035162828862667084
0.09090445935726166, 0.027874190360307693
0.0915408656001091, 0.026398085057735443
0.08767446875572205, 0.0349409393966198
0.07241079956293106, 0.029644319787621498
0.08434735238552094, 0.030578535050153732
0.06306345015764236, 0.022261247038841248
0.05700758472084999, 0.025115452706813812
0.06768474727869034, 0.042530786246061325
0.06725264340639114, 0.022980693727731705
0.07050195336341858, 0.02990466170012951
0.0656326562166214, 0.03236737847328186
0.06683404743671417, 0.025086840614676476
0.054548490792512894, 0.026244524866342545
0.06789795309305191, 0.03366439417004585
0.08108796924352646, 0.027422625571489334
0.061500806361436844, 0.023603441193699837
0.04611924663186073, 0.02581845410168171
0.07188708335161209, 0.04071204364299774
0.06610340625047684, 0.03009154461324215
0.07463086396455765, 0.029806114733219147
0.05386104807257652, 0.019105978310108185
0.05578672140836716, 0.024309374392032623
0.06455007195472717, 0.03719831630587578
0.05827530100941658, 0.024936968460679054
0.06098940595984459, 0.02380186878144741
0.07394742965698242, 0.030833449214696884
0.05169408395886421, 0.01816168986260891
0.05277526378631592, 0.031827475875616074
0.06669885665178299, 0.030283212661743164
0.065456323325634, 0.026684846729040146
0.05902859941124916, 0.023691361770033836
0.0812457799911499, 0.03651563078165054
0.08352605253458023, 0.033987857401371
0.07085704058408737, 0.02828328125178814
0.07756790518760681, 0.032285526394844055
0.04968373477458954, 0.014895971864461899
0.06686387211084366, 0.02581319585442543
0.06345001608133316, 0.02702830359339714
0.06774262338876724, 0.02480650134384632
0.061488013714551926, 0.03609156608581543
0.07328156381845474, 0.03844091668725014
0.0707026869058609, 0.03217434510588646
0.06724724173545837, 0.028173981234431267
0.05954207852482796, 0.029213419184088707
0.061964135617017746, 0.03439885377883911
0.08357952535152435, 0.03504176065325737
0.06763403117656708, 0.02674798108637333
0.0784890353679657, 0.03610744699835777
0.0714045986533165, 0.043213993310928345
0.06814128905534744, 0.022088628262281418
0.07542791962623596, 0.03316555917263031
0.07324496656656265, 0.031596019864082336
0.07680290192365646, 0.025378836318850517
0.07189194113016129, 0.023682976141572
0.06108977273106575, 0.024515004828572273
0.06582893431186676, 0.03126790374517441
0.04601293057203293, 0.023192817345261574
0.0731150433421135, 0.028545673936605453
0.07375272363424301, 0.025553705170750618
0.06283613294363022, 0.03254057466983795
0.06926650553941727, 0.026884984225034714
0.05705079808831215, 0.025615299120545387
0.08151523023843765, 0.03233452886343002
0.053972937166690826, 0.018490677699446678
0.05748898535966873, 0.026320746168494225
0.06637012213468552, 0.022094057872891426
0.08486175537109375, 0.02450733445584774
0.08343490958213806, 0.020007023587822914
0.0726427286863327, 0.027856767177581787
0.06507349759340286, 0.03338272497057915
0.07188048213720322, 0.03414494916796684
0.05874371528625488, 0.02261568419635296
0.06431672722101212, 0.024194343015551567
0.061873000115156174, 0.03694198653101921
0.07670098543167114, 0.029777970165014267
0.07109805941581726, 0.028181852772831917
0.06834790110588074, 0.024545947089791298
0.05002310127019882, 0.016378270462155342
0.07819943875074387, 0.03264504671096802
0.08644787222146988, 0.02849424257874489
0.08648968487977982, 0.03293843939900398
0.08228202164173126, 0.02410677634179592
0.07127416133880615, 0.023195141926407814
0.0845988467335701, 0.026763921603560448
0.07970824837684631, 0.030307043343782425
0.06348638236522675, 0.029598847031593323
0.04903559759259224, 0.019745441153645515
0.06144750863313675, 0.023505043238401413
0.06619824469089508, 0.03046463057398796
0.05754655599594116, 0.02336151897907257
0.06246613338589668, 0.026303093880414963
0.07544731348752975, 0.03344092518091202
0.05164892226457596, 0.023734090849757195
0.06239553913474083, 0.02248488925397396
0.06022157147526741, 0.034314896911382675
0.05832561478018761, 0.02287106402218342
0.06964097917079926, 0.02944920025765896
0.059379518032073975, 0.017750421538949013
0.07035434246063232, 0.02266928367316723
0.07101444900035858, 0.030057378113269806
0.07284293323755264, 0.0322633758187294
0.06901543587446213, 0.023169662803411484
0.05140254274010658, 0.017430897802114487
0.0627286359667778, 0.025141969323158264
0.06462392956018448, 0.024622030556201935
0.0641830787062645, 0.025370562449097633
0.06044013798236847, 0.01472925953567028
0.0874195396900177, 0.030541805550456047
0.08971337974071503, 0.033108144998550415
0.08699572086334229, 0.026376329362392426
0.07105212658643723, 0.024517059326171875
0.08032763749361038, 0.027103420346975327
0.07768876850605011, 0.03662458807229996
0.07268155366182327, 0.026579655706882477
0.06150466948747635, 0.021509218961000443
0.08939943462610245, 0.035382285714149475
0.0642302930355072, 0.026384033262729645
0.06150229275226593, 0.019032122567296028
0.06251437962055206, 0.019328607246279716
0.06291186064481735, 0.023880863562226295
0.07080106437206268, 0.029978476464748383
0.07367614656686783, 0.034142591059207916
0.0775325745344162, 0.0332891121506691
0.062259044498205185, 0.03017939068377018
0.08095021545886993, 0.04102737084031105
0.06797477602958679, 0.025397082790732384
0.06462200731039047, 0.026771992444992065
0.07904166728258133, 0.03842148929834366
0.07029436528682709, 0.031427156180143356
0.07180067151784897, 0.02640742063522339
0.07985801249742508, 0.03690441697835922
0.08696352690458298, 0.027747031301259995
0.07061977684497833, 0.0247542355209589
0.06688570976257324, 0.02397121675312519
0.06562362611293793, 0.03174515813589096
0.06702544540166855, 0.025417456403374672
0.0746709331870079, 0.024578191339969635
0.08111671358346939, 0.03146782144904137
0.06377904862165451, 0.02760707400739193
0.06715063005685806, 0.02515600249171257
0.06269624829292297, 0.024945009499788284
0.07824251055717468, 0.032976001501083374
0.07210072875022888, 0.02930152602493763
0.07529822736978531, 0.04017534852027893
0.06267985701560974, 0.021433323621749878
0.0595351867377758, 0.014859226532280445
0.05232793465256691, 0.016688911244273186
0.07992754131555557, 0.0360056534409523
0.07668513804674149, 0.033823177218437195
0.06349346041679382, 0.028558064252138138
0.06360770016908646, 0.0326116606593132
0.05397258326411247, 0.017160063609480858
0.06904752552509308, 0.025697562843561172
0.08387615531682968, 0.035514235496520996
0.05842392519116402, 0.02620658650994301
0.0726817324757576, 0.027806110680103302
0.058839552104473114, 0.018042346462607384
0.07831849157810211, 0.034343305975198746
0.061708927154541016, 0.034515414386987686
0.06058600917458534, 0.03137815371155739
0.050251852720975876, 0.020152371376752853
0.06790138781070709, 0.033331502228975296
0.08580922335386276, 0.035252414643764496
0.0727812722325325, 0.03133255988359451
0.060456760227680206, 0.028637828305363655
0.043314602226018906, 0.01682523638010025
0.07380881905555725, 0.021836986765265465
0.09021837264299393, 0.045066919177770615
0.0827116072177887, 0.030123019590973854
0.0813155546784401, 0.022204263135790825
0.08690862357616425, 0.03322083503007889
0.07348965853452682, 0.02353328838944435
0.06996463984251022, 0.03135182708501816
0.06097482517361641, 0.019236022606492043
0.05182132124900818, 0.01956319622695446
0.063799187541008, 0.028411773964762688
0.06526784598827362, 0.01880214363336563
0.06493942439556122, 0.026189349591732025
0.05205990746617317, 0.020461292937397957
0.07470209896564484, 0.03959882631897926
0.06976383179426193, 0.02021115832030773
0.062047746032476425, 0.037477295845746994
0.06704046577215195, 0.02397741936147213
0.06486433744430542, 0.02744986303150654
0.06556960195302963, 0.029280541464686394
0.060828402638435364, 0.01949837990105152
0.061960089951753616, 0.029661791399121284
0.05889224261045456, 0.02152327448129654
0.07496068626642227, 0.031732894480228424
0.0710599273443222, 0.026109473779797554
0.06701868027448654, 0.026799451559782028
0.06746117025613785, 0.02529284358024597
0.07594103366136551, 0.03130611777305603
0.06853518635034561, 0.03155432641506195
0.06501222401857376, 0.029125602915883064
0.07873301208019257, 0.03226633369922638
0.07874822616577148, 0.03271716460585594
0.0657736137509346, 0.026013847440481186
0.07389901578426361, 0.035543184727430344
0.06784608960151672, 0.023036638274788857
0.060345664620399475, 0.02340676449239254
0.0754396989941597, 0.029767464846372604
0.0810491219162941, 0.030402271077036858
0.07264941930770874, 0.026376944035291672
0.073187455534935, 0.032517917454242706
0.06683893501758575, 0.021350735798478127
0.08273787051439285, 0.030392499640583992
0.06496439129114151, 0.03043411672115326
0.0609377957880497, 0.016634626314044
0.055047497153282166, 0.018928026780486107
0.057587698101997375, 0.019951844587922096
0.06393260508775711, 0.024746853858232498
0.07496035099029541, 0.03010125458240509
0.06389007717370987, 0.017649861052632332
0.05362122878432274, 0.017334917560219765
0.07013256847858429, 0.02351989969611168
0.06926605105400085, 0.024013297632336617
0.06362370401620865, 0.023732921108603477
0.07173517346382141, 0.037470605224370956
0.05721231922507286, 0.023119812831282616
0.062201157212257385, 0.01964915543794632
0.06053765118122101, 0.02885642647743225
0.06517201662063599, 0.03115461766719818
0.07195768505334854, 0.029388809576630592
0.0661943256855011, 0.023177839815616608
0.06440036743879318, 0.03487612307071686
0.07626652717590332, 0.027659039944410324
0.06897035986185074, 0.03035932220518589
0.08216743171215057, 0.03586310148239136
0.05731368064880371, 0.027572058141231537
0.0629357323050499, 0.027238378301262856
0.06656654179096222, 0.03116682358086109
0.06256361305713654, 0.023459533229470253
0.07017004489898682, 0.030187856405973434
0.08282040059566498, 0.03474106267094612
0.07548659294843674, 0.03493848070502281
0.08116862922906876, 0.03253145143389702
0.07458509504795074, 0.03336583450436592
0.0762890949845314, 0.036129795014858246
0.08099139481782913, 0.022381743416190147
0.07337717711925507, 0.032748639583587646
0.06713747978210449, 0.02833223156630993
0.07369887083768845, 0.02657519467175007
0.07371815294027328, 0.03336912393569946
0.056601326912641525, 0.020725414156913757
0.06272098422050476, 0.02373414859175682
0.06212686747312546, 0.02233724854886532
0.08157415688037872, 0.025095760822296143
0.08096183836460114, 0.030204394832253456
0.08390625566244125, 0.03147105500102043
0.07991586625576019, 0.03293770179152489
0.07326892018318176, 0.03366298973560333
0.08093034476041794, 0.026756051927804947
0.073593370616436, 0.02921818569302559
0.0688280537724495, 0.02886027842760086
0.05408497527241707, 0.024835776537656784
0.07594470679759979, 0.04005306959152222
0.06643091142177582, 0.033388230949640274
0.0746968537569046, 0.03200477361679077
0.06393303722143173, 0.025436777621507645
0.06907695531845093, 0.018033385276794434
0.07757386565208435, 0.037405796349048615
0.057374995201826096, 0.024956533685326576
0.06139533966779709, 0.026110278442502022
0.07517261058092117, 0.02767467498779297
0.05875780060887337, 0.020742394030094147
0.09302999079227448, 0.02611631713807583
0.0776670053601265, 0.024434488266706467
0.07718706876039505, 0.03856857493519783
0.07138053327798843, 0.029172539710998535
0.0743701234459877, 0.025573257356882095
0.0642738789319992, 0.025990571826696396
0.055901508778333664, 0.025279764086008072
0.057580310851335526, 0.018199358135461807
0.06846830993890762, 0.028969738632440567
0.05838141217827797, 0.021993808448314667
0.05792546272277832, 0.025707190856337547
0.05179581791162491, 0.0191818680614233
0.054777055978775024, 0.023678842931985855
0.06764646619558334, 0.03754088655114174
0.057212334126234055, 0.02928875759243965
0.07478474080562592, 0.03468611463904381
0.06140964478254318, 0.040664561092853546
0.06930802017450333, 0.029772603884339333
0.06482519209384918, 0.021322505548596382
0.06660737842321396, 0.031163515523076057
0.06395415961742401, 0.024834176525473595
0.060599155724048615, 0.022844592109322548
0.07655682414770126, 0.030477482825517654
0.06848874688148499, 0.026045726612210274
0.06595619022846222, 0.02533375658094883
0.06893584132194519, 0.03243807703256607
0.06832785159349442, 0.03573518246412277
0.07701548933982849, 0.02754947915673256
0.06968933343887329, 0.02619071677327156
0.06044723093509674, 0.03129037469625473
0.06937877088785172, 0.02894749864935875
0.06350788474082947, 0.022611409425735474
0.05665948614478111, 0.027015171945095062
0.06638387590646744, 0.03294898569583893
0.06859872490167618, 0.035241249948740005
0.07321419566869736, 0.0297573022544384
0.06794402748346329, 0.02842368371784687
0.059952862560749054, 0.020010925829410553
0.05508100986480713, 0.022856593132019043
0.06640782207250595, 0.027240289375185966
0.061979684978723526, 0.03233345225453377
0.05940902978181839, 0.02725309319794178
0.07679492980241776, 0.02974666841328144
0.06403926759958267, 0.022756177932024002
0.05990168824791908, 0.027720971032977104
0.07934433966875076, 0.030103487893939018
0.055734217166900635, 0.021323010325431824
