mean, std
0.1112046092748642, 0.096681609749794
0.0774725005030632, 0.04898447170853615
0.0700688585639, 0.04253028705716133
0.09933203458786011, 0.07706510275602341
0.0958496555685997, 0.060175441205501556
0.14628112316131592, 0.07637599855661392
0.21529316902160645, 0.06313245743513107
0.21997308731079102, 0.0830392837524414
0.21371914446353912, 0.09404294937849045
0.14226001501083374, 0.0487135611474514
0.11828482151031494, 0.0692993551492691
0.08791030198335648, 0.042156144976615906
0.07284156233072281, 0.03667762875556946
0.05981634929776192, 0.03316370025277138
0.04245947673916817, 0.01815723441541195
0.06328648328781128, 0.026623934507369995
0.06434238702058792, 0.05086715891957283
0.04455818608403206, 0.02241235226392746
0.0812666192650795, 0.032755374908447266
0.059022076427936554, 0.034671660512685776
0.04971504583954811, 0.033826250582933426
0.05479350686073303, 0.03289877250790596
0.03460844233632088, 0.019663600251078606
0.03959106281399727, 0.017731625586748123
0.03394688665866852, 0.01604914292693138
0.04199672490358353, 0.027631232514977455
0.03378402069211006, 0.016318749636411667
0.0386180579662323, 0.021374689415097237
0.03445453941822052, 0.016542663797736168
0.06764634698629379, 0.03648640215396881
0.05416698381304741, 0.02291114255785942
0.053681422024965286, 0.031478337943553925
0.0488642193377018, 0.022548675537109375
0.03854958713054657, 0.021297484636306763
0.04136079549789429, 0.03333141654729843
0.044666435569524765, 0.02594199776649475
0.03406012803316116, 0.016308322548866272
0.03556273132562637, 0.026142872869968414
0.06268347799777985, 0.0324588268995285
0.03727313503623009, 0.020127538591623306
0.03889041393995285, 0.01827065274119377
0.05252964422106743, 0.026948226615786552
0.05369683355093002, 0.030054226517677307
0.10107287019491196, 0.04526001214981079
0.03618123382329941, 0.01922076754271984
0.03808358684182167, 0.0324927493929863
0.03837655484676361, 0.02383970096707344
0.036733344197273254, 0.02057126723229885
0.037727970629930496, 0.020937787368893623
0.07195509970188141, 0.036763597279787064
0.10698668658733368, 0.06608826667070389
0.03707992285490036, 0.02104850485920906
0.04732385650277138, 0.02995944954454899
0.07627420872449875, 0.03714141249656677
0.04409944638609886, 0.022623086348176003
0.038912151008844376, 0.021906157955527306
0.06018669903278351, 0.032374072819948196
0.06262250244617462, 0.028972622007131577
0.04439545050263405, 0.02562963403761387
0.04063094034790993, 0.022472454234957695
0.036659277975559235, 0.01864524558186531
0.06389069557189941, 0.04614043980836868
0.055754080414772034, 0.030478287488222122
0.04828798770904541, 0.02095445990562439
0.04746590927243233, 0.028027111664414406
0.031223122030496597, 0.010207673534750938
0.04009005054831505, 0.017925020307302475
0.049666497856378555, 0.01855938322842121
0.03713669255375862, 0.016872888430953026
0.032047782093286514, 0.015760591253638268
0.04263775423169136, 0.02441159076988697
0.05932481959462166, 0.030476758256554604
0.08179251849651337, 0.0358031764626503
0.05405004695057869, 0.02537408098578453
0.04511932283639908, 0.01978944055736065
0.041321344673633575, 0.025591058656573296
0.04882628470659256, 0.031092587858438492
0.0414096899330616, 0.023642223328351974
0.046170011162757874, 0.021184567362070084
0.05208568647503853, 0.028387518599629402
0.06688684225082397, 0.03328218311071396
0.09861788898706436, 0.057654969394207
0.047256749123334885, 0.01830274797976017
0.06272001564502716, 0.029974671080708504
0.06660189479589462, 0.04688315838575363
0.06559798121452332, 0.032911643385887146
0.05440196394920349, 0.03350421041250229
0.028720663860440254, 0.011203833855688572
0.038924552500247955, 0.014857497997581959
0.03101951815187931, 0.01002755668014288
0.04894806817173958, 0.025890110060572624
0.045409563928842545, 0.02161550335586071
0.03412267938256264, 0.015489122830331326
0.031635578721761703, 0.010975362733006477
0.033064261078834534, 0.015871448442339897
0.02914879098534584, 0.010407311841845512
0.03549645468592644, 0.014030959457159042
0.04572252556681633, 0.030176207423210144
0.04966143146157265, 0.023383934050798416
0.044745564460754395, 0.02411830611526966
0.08581936359405518, 0.03733326867222786
0.06519053876399994, 0.02491874061524868
0.060011472553014755, 0.02422373555600643
0.05454174429178238, 0.019086074084043503
0.04678138345479965, 0.025468019768595695
0.0808558538556099, 0.039195578545331955
0.06593585759401321, 0.034508511424064636
0.05478234961628914, 0.028544442728161812
0.044641025364398956, 0.01736259087920189
0.04465650022029877, 0.016431692987680435
0.06812659651041031, 0.031038923189044
0.07726678997278214, 0.03780454397201538
0.07432030141353607, 0.03188967704772949
0.10104558616876602, 0.04801216349005699
0.098772794008255, 0.024023232981562614
0.07845894247293472, 0.03162461519241333
0.08181696385145187, 0.03798462823033333
0.0994514673948288, 0.0354846753180027
0.080176442861557, 0.03416842222213745
0.07658778876066208, 0.039238378405570984
0.1058783307671547, 0.05398370698094368
0.08217474073171616, 0.03107326664030552
0.10092703253030777, 0.0559171698987484
0.0933375135064125, 0.033986371010541916
0.07826057076454163, 0.03612770885229111
0.09924618154764175, 0.03430579602718353
0.12211256474256516, 0.07178112119436264
0.09755954891443253, 0.03724952042102814
0.07326088100671768, 0.04873671755194664
0.09926220774650574, 0.05469561368227005
0.13506120443344116, 0.07141745835542679
0.10288986563682556, 0.05678032711148262
0.0923280119895935, 0.04659576341509819
0.126137375831604, 0.05051536485552788
0.1191469058394432, 0.04571346566081047
0.09990278631448746, 0.04386191815137863
0.07953647524118423, 0.03556431457400322
0.07419286668300629, 0.029761597514152527
0.09708932787179947, 0.04098932445049286
0.10619597136974335, 0.03910844773054123
0.1093706265091896, 0.05116039514541626
0.09343507140874863, 0.03678549453616142
0.10111510008573532, 0.034777600318193436
0.09440264850854874, 0.02971353754401207
0.10415827482938766, 0.06183530017733574
0.10125861316919327, 0.03579724207520485
0.1282334327697754, 0.054014746099710464
0.1427861601114273, 0.0630042552947998
0.12323179841041565, 0.06359363347291946
0.11898627877235413, 0.0433957502245903
0.12330642342567444, 0.03461683169007301
0.10144291073083878, 0.031720757484436035
0.11344365030527115, 0.03611407428979874
0.12747332453727722, 0.03947209566831589
0.1390819549560547, 0.056275177747011185
0.1024879515171051, 0.04021165147423744
0.14440591633319855, 0.05406748503446579
0.11752928793430328, 0.052644502371549606
0.11232483386993408, 0.03577699512243271
0.1317087560892105, 0.047928325831890106
0.08225522935390472, 0.030718902125954628
0.0947452187538147, 0.04024051874876022
0.08546165376901627, 0.030949486419558525
0.11091464757919312, 0.05990953370928764
0.10288506001234055, 0.03642123192548752
0.11621393263339996, 0.05340156331658363
0.0848742127418518, 0.031158482655882835
0.10235144197940826, 0.06041828915476799
0.11259236931800842, 0.039800383150577545
0.1003141924738884, 0.024436768144369125
0.1321861296892166, 0.056197259575128555
0.11097635328769684, 0.03806764632463455
0.12968623638153076, 0.05866387486457825
0.09930364042520523, 0.03455992415547371
0.11439299583435059, 0.051205381751060486
0.11742450296878815, 0.04592515528202057
0.13360527157783508, 0.05964697152376175
0.11460424959659576, 0.045981068164110184
0.09806451946496964, 0.04258912429213524
0.0993245393037796, 0.03134453669190407
0.11071678251028061, 0.03890689089894295
0.11962436139583588, 0.051067646592855453
0.08729010075330734, 0.03183262050151825
0.12450388073921204, 0.04970806464552879
0.11330274492502213, 0.046741802245378494
0.11877221614122391, 0.04748210683465004
0.13116778433322906, 0.049785975366830826
0.09754327684640884, 0.03687438368797302
0.10922766476869583, 0.05466890707612038
0.10246648639440536, 0.04084840789437294
0.09581760317087173, 0.03882327303290367
0.12882183492183685, 0.04088965430855751
0.10626951605081558, 0.06070826202630997
0.11538522690534592, 0.05704027786850929
0.13478370010852814, 0.05369419977068901
0.15535131096839905, 0.0535677969455719
0.10052188485860825, 0.04033365845680237
0.09624413400888443, 0.039111100137233734
0.12900139391422272, 0.06149034947156906
0.08880195766687393, 0.03528786823153496
0.10783908516168594, 0.0448085181415081
0.10994797945022583, 0.0342380553483963
0.11661161482334137, 0.05842462182044983
0.10128963738679886, 0.04656033590435982
0.09825436025857925, 0.04058757424354553
0.08956417441368103, 0.0281178317964077
0.10070745646953583, 0.03776281699538231
0.1019640862941742, 0.04946538060903549
0.08863804489374161, 0.03946681320667267
0.11524833738803864, 0.038049694150686264
0.11028376966714859, 0.04189610853791237
0.08778057247400284, 0.02816452831029892
0.08558712154626846, 0.034947365522384644
0.11197163164615631, 0.04487431049346924
0.0930640697479248, 0.03781827166676521
0.10731372982263565, 0.04692705720663071
0.12018962949514389, 0.04445428028702736
0.11235593259334564, 0.043553825467824936
0.11236311495304108, 0.046341147273778915
0.1091986671090126, 0.04703468829393387
0.1525191366672516, 0.06667303293943405
0.10750551521778107, 0.045247405767440796
0.1024940237402916, 0.03539425879716873
0.08503994345664978, 0.03045346774160862
0.10672295093536377, 0.04259407892823219
0.10920175164937973, 0.0392928384244442
0.09635734558105469, 0.02988424338400364
0.11615005135536194, 0.05180446803569794
0.12902837991714478, 0.061072323471307755
0.16033042967319489, 0.072649747133255
0.10752280056476593, 0.03871279954910278
0.10263897478580475, 0.035548288375139236
0.11009814590215683, 0.045965902507305145
0.12497451901435852, 0.04280787333846092
0.09695138037204742, 0.04270816221833229
0.09591890126466751, 0.03329375013709068
0.0811438336968422, 0.02695012278854847
0.10091209411621094, 0.03904694691300392
0.09232378751039505, 0.035332124680280685
0.10495512187480927, 0.04178859293460846
0.11963062733411789, 0.03623585030436516
0.11194918304681778, 0.06281094253063202
0.10657864063978195, 0.039592158049345016
0.09369072318077087, 0.04644876718521118
0.08929575234651566, 0.028037112206220627
0.09594093263149261, 0.03771040588617325
0.12778787314891815, 0.04429120197892189
0.1003648042678833, 0.04682772606611252
0.09332103282213211, 0.03862128406763077
0.12294936180114746, 0.052034009248018265
0.09603901207447052, 0.04418937489390373
0.09697972238063812, 0.024011021479964256
0.11956894397735596, 0.03598586097359657
0.11367028206586838, 0.04135400056838989
0.10919377207756042, 0.04285755380988121
0.09621459245681763, 0.053213462233543396
0.0731884017586708, 0.038685258477926254
0.09566442668437958, 0.035386744886636734
0.09659066796302795, 0.0427805632352829
0.10936722904443741, 0.048671163618564606
0.14606831967830658, 0.05605854466557503
0.37120234966278076, 0.15881024301052094
0.4810592830181122, 0.20066046714782715
0.47860777378082275, 0.1661285012960434
0.4855770468711853, 0.19656886160373688
0.5014384984970093, 0.27860718965530396
0.6493254899978638, 0.2947256565093994
0.5046270489692688, 0.2271156907081604
0.3955446183681488, 0.10439687222242355
0.4264258146286011, 0.1828550100326538
0.4504964053630829, 0.14802893996238708
0.31284987926483154, 0.13224638998508453
0.30764642357826233, 0.12472876906394958
0.2046487182378769, 0.08059664070606232
0.2921180725097656, 0.16631165146827698
0.40912726521492004, 0.2350068986415863
0.4991530776023865, 0.1752510815858841
0.27194443345069885, 0.13309656083583832
0.2340473085641861, 0.10479030013084412
0.2328321486711502, 0.09325341880321503
0.16939611732959747, 0.08320302516222
0.21264991164207458, 0.12294212728738785
0.28969907760620117, 0.10166564583778381
0.25273510813713074, 0.1246248111128807
0.30967333912849426, 0.13877488672733307
0.2266211211681366, 0.08375772833824158
0.31194642186164856, 0.13422085344791412
0.2981690466403961, 0.13133443892002106
0.20479483902454376, 0.0964343249797821
0.23274724185466766, 0.11442799121141434
0.3120638132095337, 0.1329638808965683
0.35531097650527954, 0.1840999573469162
0.2557940185070038, 0.06995940208435059
0.1689862310886383, 0.0561722032725811
0.22945724427700043, 0.13394108414649963
0.23669923841953278, 0.11752910912036896
0.2144058495759964, 0.0951610878109932
0.19958361983299255, 0.08717064559459686
0.2450297623872757, 0.14597852528095245
0.30860477685928345, 0.09599483013153076
0.20371077954769135, 0.09075703471899033
0.2948808968067169, 0.14080743491649628
0.3722311556339264, 0.11915696412324905
0.256848007440567, 0.12705303728580475
0.26841315627098083, 0.1171821877360344
0.22811457514762878, 0.10027207434177399
0.309867262840271, 0.1450401246547699
0.4019996225833893, 0.19856038689613342
0.4164831340312958, 0.33342838287353516
0.6176291108131409, 0.2812441289424896
0.29663220047950745, 0.1503293812274933
0.22565722465515137, 0.11494274437427521
0.20347917079925537, 0.06505973637104034
0.2156457006931305, 0.13833394646644592
0.2279660999774933, 0.10414969176054001
0.11454486846923828, 0.05272705480456352
0.20363031327724457, 0.10241620242595673
0.3589107394218445, 0.16184177994728088
0.21475514769554138, 0.10855918377637863
0.2869205176830292, 0.10228281468153
0.21153786778450012, 0.08346711844205856
0.21451614797115326, 0.13446548581123352
0.17843887209892273, 0.0686749815940857
0.19245676696300507, 0.10516706854104996
0.2791406214237213, 0.12326561659574509
0.2889026999473572, 0.11696646362543106
0.22166576981544495, 0.08526606112718582
0.2799815535545349, 0.11863700300455093
0.23830784857273102, 0.11830834299325943
0.26304876804351807, 0.16078846156597137
0.31636372208595276, 0.11663875728845596
0.21492817997932434, 0.12587188184261322
0.1693713665008545, 0.08161209523677826
0.17769421637058258, 0.08497079461812973
0.2013780027627945, 0.08978462964296341
0.17912901937961578, 0.07132121920585632
0.14086072146892548, 0.05958262085914612
0.18921294808387756, 0.10218431055545807
0.2706739604473114, 0.10306716710329056
0.2887887954711914, 0.10875572264194489
0.2493971437215805, 0.10911650210618973
0.19963455200195312, 0.0938306525349617
0.17853513360023499, 0.1210172027349472
0.2645198404788971, 0.10776098072528839
0.12489202618598938, 0.0494508296251297
0.15378019213676453, 0.08082085102796555
0.18896369636058807, 0.06559063494205475
0.15995441377162933, 0.08465506881475449
0.20506484806537628, 0.10746046900749207
0.22097152471542358, 0.08554759621620178
0.242655411362648, 0.12109894305467606
0.14540500938892365, 0.06973756104707718
0.10442401468753815, 0.04405100271105766
0.17501626908779144, 0.09787783026695251
0.17303656041622162, 0.06137355789542198
0.1849825084209442, 0.08505301922559738
0.17131629586219788, 0.09044495970010757
0.24896900355815887, 0.1497679352760315
0.3432556688785553, 0.15636305510997772
0.31741800904273987, 0.1304698884487152
0.4051353931427002, 0.16340462863445282
0.3337484896183014, 0.1537904143333435
0.1751781404018402, 0.09657178819179535
0.15196393430233002, 0.07972581684589386
0.20320728421211243, 0.12198469787836075
0.25500887632369995, 0.13930201530456543
0.21342043578624725, 0.10655579715967178
0.14241988956928253, 0.08614816516637802
0.18905271589756012, 0.08585337549448013
0.34758245944976807, 0.13397394120693207
0.2369561493396759, 0.18300290405750275
0.17319688200950623, 0.10379313677549362
0.16816486418247223, 0.07944472134113312
0.14315275847911835, 0.05499760061502457
0.20065385103225708, 0.10629856586456299
0.22613532841205597, 0.12006694078445435
0.33151161670684814, 0.15053409337997437
0.23394690454006195, 0.09945080429315567
0.2853105366230011, 0.10620934516191483
0.20793183147907257, 0.11360381543636322
0.23751388490200043, 0.11980106681585312
0.1679031401872635, 0.07266812771558762
0.1506873071193695, 0.06349868327379227
0.2586842179298401, 0.1321374624967575
0.2713085114955902, 0.1624247431755066
0.18121014535427094, 0.08062051236629486
0.17045767605304718, 0.09332630783319473
0.17713916301727295, 0.0663399025797844
0.1190473660826683, 0.0697975754737854
0.19601336121559143, 0.103363998234272
0.23842504620552063, 0.12092287838459015
0.20803029835224152, 0.09324940294027328
0.17338944971561432, 0.07757921516895294
0.12473443150520325, 0.05092853680253029
0.10540558397769928, 0.03935074433684349
0.1648762971162796, 0.07553841173648834
0.2040335237979889, 0.10175668448209763
0.16115887463092804, 0.08116774260997772
0.2195214480161667, 0.12315683811903
0.19222372770309448, 0.10626872628927231
0.19338418543338776, 0.10963186621665955
0.23895703256130219, 0.12914560735225677
0.16874508559703827, 0.07991810142993927
0.21474193036556244, 0.08460858464241028
0.24010644853115082, 0.11374650150537491
0.28917476534843445, 0.13506552577018738
0.19843223690986633, 0.11739574372768402
0.16763828694820404, 0.10504601895809174
0.26588132977485657, 0.10306430608034134
0.2274162769317627, 0.09443008899688721
0.21060456335544586, 0.09630250185728073
0.22905781865119934, 0.10647900402545929
0.140701025724411, 0.08210505545139313
0.13261470198631287, 0.05893002822995186
0.1752636432647705, 0.07104235142469406
0.15229249000549316, 0.07683441042900085
0.20440448820590973, 0.09577391296625137
0.16651661694049835, 0.09666456282138824
0.16273550689220428, 0.07407927513122559
0.17133697867393494, 0.08487483114004135
0.2841186821460724, 0.13204848766326904
0.23512788116931915, 0.11934445798397064
0.37251609563827515, 0.13339725136756897
0.3156015872955322, 0.11188769340515137
0.20583179593086243, 0.07648589462041855
0.14553934335708618, 0.07841343432664871
0.1497628539800644, 0.08826394379138947
0.2628153860569, 0.1555924117565155
0.22732751071453094, 0.10591405630111694
0.18840672075748444, 0.07688641548156738
0.2158322036266327, 0.07256267964839935
0.23208069801330566, 0.12537218630313873
0.18084894120693207, 0.09942705184221268
0.1465332806110382, 0.06403730809688568
0.17592479288578033, 0.04840943217277527
0.16456905007362366, 0.06833505630493164
0.22711259126663208, 0.1261311024427414
0.2643241584300995, 0.13872309029102325
0.1756933033466339, 0.07118315249681473
0.26813527941703796, 0.12570476531982422
0.16236740350723267, 0.07091204822063446
0.17222103476524353, 0.10223527252674103
0.21753515303134918, 0.09874217212200165
0.10049344599246979, 0.054602693766355515
0.15740333497524261, 0.048055943101644516
0.17875298857688904, 0.07810880243778229
0.15425357222557068, 0.08012939989566803
0.15848149359226227, 0.06933749467134476
0.12687203288078308, 0.0529276579618454
0.18667742609977722, 0.10075312107801437
0.21611542999744415, 0.12571269273757935
0.17963539063930511, 0.07546284049749374
0.20957526564598083, 0.11247513443231583
0.173015296459198, 0.08452708274126053
0.28544872999191284, 0.13683809340000153
0.25654956698417664, 0.08916760236024857
0.17357665300369263, 0.0797230675816536
0.16410815715789795, 0.09256517887115479
0.1456204354763031, 0.06837460398674011
0.16267460584640503, 0.07183810323476791
0.20239035785198212, 0.09975125640630722
0.1636788696050644, 0.05582509934902191
0.1473904252052307, 0.06111486256122589
0.1853318065404892, 0.08109187334775925
0.15452224016189575, 0.07111377269029617
0.19160133600234985, 0.09259600192308426
0.11807423084974289, 0.05881565064191818
0.14060913026332855, 0.06874348223209381
0.2492499053478241, 0.12272199988365173
0.2561612129211426, 0.11497779190540314
0.1467171162366867, 0.07027752697467804
0.13253845274448395, 0.06666609644889832
0.15904003381729126, 0.09084133058786392
0.19647574424743652, 0.07662685215473175
0.22550661861896515, 0.1234908327460289
0.13659252226352692, 0.0660741925239563
0.21947307884693146, 0.16018539667129517
0.23312203586101532, 0.13812744617462158
0.24312032759189606, 0.10226666182279587
0.22480817139148712, 0.10801344364881516
0.200699120759964, 0.061920180916786194
0.1647910475730896, 0.055786073207855225
0.1574898511171341, 0.08057652413845062
0.1518147736787796, 0.07454685866832733
0.14686089754104614, 0.07809572666883469
0.2006671279668808, 0.07322405278682709
0.21536073088645935, 0.08116685599088669
0.2367510050535202, 0.16636569797992706
0.1266588717699051, 0.06581909209489822
0.20264054834842682, 0.11709862947463989
0.17881833016872406, 0.07136894017457962
0.15194715559482574, 0.06693575531244278
0.15030960738658905, 0.07391121983528137
0.22801844775676727, 0.09675582498311996
0.27011382579803467, 0.13869956135749817
0.2033192366361618, 0.07916874438524246
0.21678586304187775, 0.16388823091983795
0.17331576347351074, 0.09046033769845963
0.12576398253440857, 0.0935668796300888
0.11389757692813873, 0.04901504144072533
0.18893787264823914, 0.1097569465637207
0.23447972536087036, 0.11138114333152771
0.22723156213760376, 0.0943353921175003
0.12472428381443024, 0.051054440438747406
0.20644696056842804, 0.07414097338914871
0.33823466300964355, 0.16730400919914246
0.1893925964832306, 0.08654014766216278
0.17808541655540466, 0.07122159749269485
0.14699803292751312, 0.0870065689086914
0.13160133361816406, 0.07030242681503296
0.17674200236797333, 0.08040773123502731
0.13510319590568542, 0.065092533826828
0.18037322163581848, 0.06895790994167328
0.1225300207734108, 0.05928819999098778
0.1791880875825882, 0.06743444502353668
0.1418762505054474, 0.07666852325201035
0.1228974238038063, 0.05970899760723114
0.20727947354316711, 0.0735100582242012
0.23437942564487457, 0.09145931154489517
0.19493930041790009, 0.06405892968177795
0.19211335480213165, 0.0904928594827652
0.30352962017059326, 0.15654326975345612
0.3350047469139099, 0.0918947234749794
0.17159371078014374, 0.09174760431051254
0.24962380528450012, 0.09253096580505371
0.19713200628757477, 0.11317514628171921
0.16840209066867828, 0.07971219718456268
0.12115982919931412, 0.04010597616434097
0.14991070330142975, 0.06215149164199829
0.1660979986190796, 0.08559923619031906
0.12887361645698547, 0.055356450378894806
0.16004738211631775, 0.05886467173695564
0.15937136113643646, 0.0680631622672081
0.21762189269065857, 0.0971117690205574
0.19868110120296478, 0.08789154142141342
0.13689570128917694, 0.06261660903692245
0.13922269642353058, 0.11768828332424164
0.2972487211227417, 0.13979144394397736
0.16909588873386383, 0.06586302071809769
0.1720242202281952, 0.06778773665428162
0.16725707054138184, 0.06737390160560608
0.1621076464653015, 0.07630060613155365
0.16757607460021973, 0.10210320353507996
0.1806332916021347, 0.11463666707277298
0.22177238762378693, 0.08864834159612656
0.21810196340084076, 0.1218891367316246
0.23432625830173492, 0.09086132794618607
0.1764889359474182, 0.060331080108881
0.13532187044620514, 0.06517024338245392
0.16068951785564423, 0.06511585414409637
0.1519850492477417, 0.07727023959159851
0.18259045481681824, 0.07655321806669235
0.15149588882923126, 0.06443753093481064
0.17518432438373566, 0.08094321191310883
0.21458104252815247, 0.054676301777362823
0.14587314426898956, 0.096858911216259
0.38727042078971863, 0.175352543592453
0.2639482617378235, 0.12628448009490967
0.16577208042144775, 0.06491127610206604
0.18804049491882324, 0.0653553307056427
0.11998902261257172, 0.07072332501411438
0.2389322966337204, 0.1251400262117386
0.2735370099544525, 0.111821249127388
0.3145878314971924, 0.09712543338537216
0.20257869362831116, 0.09452609717845917
0.20322869718074799, 0.096134714782238
0.3418022692203522, 0.12677903473377228
0.23912228643894196, 0.10556139051914215
0.2012833058834076, 0.08944224566221237
0.19750690460205078, 0.0905902087688446
0.12221377342939377, 0.07742469012737274
0.12780222296714783, 0.058884814381599426
0.20468394458293915, 0.10127787292003632
0.11734022200107574, 0.060180146247148514
0.14091885089874268, 0.07755609601736069
0.2026706039905548, 0.08521334081888199
0.2195781022310257, 0.10358040779829025
0.16280557215213776, 0.07357892394065857
0.18014131486415863, 0.0966702550649643
0.21475647389888763, 0.0876549482345581
0.25542357563972473, 0.09897169470787048
0.15479646623134613, 0.06743305921554565
0.12747354805469513, 0.06014099344611168
0.13032832741737366, 0.08048143237829208
0.16937191784381866, 0.06379631161689758
0.11271350830793381, 0.09196511656045914
0.14615845680236816, 0.0631992444396019
0.2790137827396393, 0.106454037129879
0.31546422839164734, 0.16269655525684357
0.2637307643890381, 0.13351018726825714
0.33763912320137024, 0.16619260609149933
0.19686420261859894, 0.11510889232158661
0.32629111409187317, 0.16883930563926697
0.29880306124687195, 0.1294379085302353
0.17192605137825012, 0.13960199058055878
0.11157380044460297, 0.07035818696022034
0.10830306261777878, 0.05599493905901909
0.17560763657093048, 0.06963036209344864
0.10939673334360123, 0.06508378684520721
0.1128915324807167, 0.04799605906009674
0.1193382516503334, 0.06436403840780258
0.14921990036964417, 0.06656055897474289
0.14170509576797485, 0.07450541108846664
0.17762857675552368, 0.07063622027635574
0.1067538633942604, 0.07587314397096634
0.12684687972068787, 0.07320717722177505
0.18277844786643982, 0.08009397238492966
0.15560875833034515, 0.07340134680271149
0.1023433655500412, 0.05360971763730049
0.1360953152179718, 0.061654895544052124
0.16194599866867065, 0.05565351992845535
0.1585446298122406, 0.09865040332078934
0.15231116116046906, 0.0590718612074852
0.2503690719604492, 0.1363481879234314
0.27945664525032043, 0.13657662272453308
0.12278807163238525, 0.05078632012009621
0.18575114011764526, 0.0823168233036995
0.14846017956733704, 0.06370677053928375
0.15627184510231018, 0.08365677297115326
0.18039299547672272, 0.1079108715057373
0.11710180342197418, 0.0626801922917366
0.18820548057556152, 0.080108143389225
0.15633343160152435, 0.06749187409877777
0.24146468937397003, 0.10495927929878235
0.16514556109905243, 0.11300422996282578
0.15215754508972168, 0.07177572697401047
0.20608501136302948, 0.07976966351270676
0.19644147157669067, 0.07499311864376068
0.12498579174280167, 0.05111733078956604
0.12011798471212387, 0.05689749866724014
0.14430253207683563, 0.08066193014383316
0.22579032182693481, 0.07840733975172043
0.18137535452842712, 0.08218252658843994
0.2622838616371155, 0.13011988997459412
0.17340479791164398, 0.08498472720384598
0.20557384192943573, 0.11519873887300491
0.2096436768770218, 0.06648652255535126
0.10191763937473297, 0.04393759369850159
0.16934561729431152, 0.08394172787666321
0.13827666640281677, 0.05234533175826073
0.29053372144699097, 0.1321703940629959
0.19780559837818146, 0.12887056171894073
0.2829798758029938, 0.14470665156841278
0.37171998620033264, 0.13155020773410797
0.24002332985401154, 0.10195343941450119
0.2625131905078888, 0.1253877878189087
0.18187229335308075, 0.05797361955046654
0.16426391899585724, 0.0818282887339592
0.09636930376291275, 0.04967276379466057
0.09598704427480698, 0.05033954977989197
0.15563303232192993, 0.06487129628658295
0.17279477417469025, 0.09082043915987015
0.11856484413146973, 0.0600547231733799
0.13926377892494202, 0.0660155713558197
0.11012370139360428, 0.06687366217374802
0.1634398102760315, 0.08325676620006561
0.17589683830738068, 0.07675638049840927
0.1559048742055893, 0.06066614016890526
0.14484982192516327, 0.08778079599142075
0.27429747581481934, 0.05391472950577736
0.14412610232830048, 0.05194263532757759
0.13746413588523865, 0.06061266362667084
0.11910070478916168, 0.0417410172522068
0.21289436519145966, 0.0902257114648819
0.2054048627614975, 0.09022905677556992
0.1222229152917862, 0.03980828449130058
0.1629166156053543, 0.09792277961969376
0.22380273044109344, 0.10685267299413681
0.09903408586978912, 0.044989291578531265
0.11816094070672989, 0.08123711496591568
0.1983027160167694, 0.05855155363678932
0.24384723603725433, 0.11188963055610657
0.16185325384140015, 0.07882525771856308
0.18391062319278717, 0.09537600725889206
0.12389446794986725, 0.07738754898309708
0.20255707204341888, 0.09052669256925583
0.17185212671756744, 0.11875703185796738
0.12456166744232178, 0.075779989361763
0.13593441247940063, 0.0766674056649208
0.1855512261390686, 0.07780193537473679
0.12623676657676697, 0.055158503353595734
0.16739363968372345, 0.0705936998128891
0.13509808480739594, 0.07198401540517807
0.11461613327264786, 0.037600044161081314
0.1612359583377838, 0.07359101623296738
0.1687115877866745, 0.06294998526573181
0.2068445235490799, 0.11158918589353561
0.13286273181438446, 0.03906165808439255
0.15752284228801727, 0.04780144989490509
0.14068667590618134, 0.055523183196783066
0.13348844647407532, 0.06890465319156647
0.11917898803949356, 0.056792158633470535
0.10966423898935318, 0.03898845240473747
0.24721403419971466, 0.15343138575553894
0.251654714345932, 0.10776051878929138
0.1842942088842392, 0.091817207634449
0.1644805669784546, 0.07233433425426483
0.16546936333179474, 0.06182878464460373
0.170795738697052, 0.07170578092336655
0.1433117389678955, 0.06925762444734573
0.1093294695019722, 0.060424674302339554
0.23801584541797638, 0.07489638775587082
0.26466062664985657, 0.0841904729604721
0.26943010091781616, 0.08079690486192703
0.32861924171447754, 0.13369566202163696
0.2541442811489105, 0.08984099328517914
0.10863660275936127, 0.046516235917806625
0.23195068538188934, 0.10090383887290955
0.1880701631307602, 0.07247486710548401
0.1377898007631302, 0.07902266830205917
0.1304941475391388, 0.06424527615308762
0.10011883825063705, 0.054932743310928345
0.12138252705335617, 0.06753816455602646
0.17565934360027313, 0.08292453736066818
0.18139106035232544, 0.08461211621761322
0.13380935788154602, 0.05067440867424011
0.14508143067359924, 0.06535323709249496
0.1238289549946785, 0.08493036776781082
0.12938542664051056, 0.0570668987929821
0.20150578022003174, 0.08020109683275223
0.20968210697174072, 0.09446486830711365
0.13892558217048645, 0.04860004410147667
0.1606185883283615, 0.059789758175611496
0.1168222725391388, 0.05292107164859772
0.1501740962266922, 0.10168039053678513
0.18265359103679657, 0.07723276317119598
0.1059250459074974, 0.06536202132701874
0.1297219842672348, 0.08129939436912537
0.13210429251194, 0.05530781298875809
0.22787213325500488, 0.09609568119049072
0.20759393274784088, 0.08201566338539124
0.19990766048431396, 0.09218461066484451
0.19926200807094574, 0.07084911316633224
0.18821445107460022, 0.06157185137271881
0.20115718245506287, 0.06622513383626938
0.21481777727603912, 0.0940733551979065
0.25118714570999146, 0.1292387694120407
0.18867190182209015, 0.07212623953819275
0.0960465520620346, 0.057595402002334595
0.13328535854816437, 0.0712544173002243
0.11925938725471497, 0.0626189187169075
0.08567984402179718, 0.04870773106813431
0.10336823761463165, 0.051286038011312485
0.12729912996292114, 0.05444565415382385
0.17824424803256989, 0.061123933643102646
0.24067987501621246, 0.1082819327712059
0.2419949620962143, 0.11776041984558105
0.2697485685348511, 0.1489974856376648
0.15616852045059204, 0.08500510454177856
0.13053733110427856, 0.05461626499891281
0.2020244598388672, 0.08223895728588104
0.14294277131557465, 0.06284933537244797
0.10472004860639572, 0.044379495084285736
0.11482034623622894, 0.04831763356924057
0.2201370745897293, 0.11854510009288788
0.18604400753974915, 0.0732642412185669
0.12029986828565598, 0.06808529794216156
0.1096138134598732, 0.03498232737183571
0.19533148407936096, 0.08782824873924255
0.19121789932250977, 0.06901631504297256
0.15033069252967834, 0.07471198588609695
0.18732459843158722, 0.07764684408903122
0.13819004595279694, 0.06318245083093643
0.1531251221895218, 0.05435092747211456
0.1464538872241974, 0.0728444904088974
0.13925571739673615, 0.0680493488907814
0.1780536025762558, 0.12013404071331024
0.11402884125709534, 0.06176217645406723
0.1380835324525833, 0.08165834099054337
0.15808174014091492, 0.07272062450647354
0.1619737595319748, 0.06674153357744217
0.09275209903717041, 0.05553840845823288
0.2936347723007202, 0.1457948535680771
0.2554416060447693, 0.11276504397392273
0.3147546947002411, 0.1496294140815735
0.14264614880084991, 0.05739210918545723
0.1134597435593605, 0.0708700641989708
0.15596361458301544, 0.08974763005971909
0.14043660461902618, 0.07214205712080002
0.24476571381092072, 0.08224811404943466
0.21338839828968048, 0.1106114611029625
0.21411648392677307, 0.08327928185462952
0.17703838646411896, 0.08934823423624039
0.16607479751110077, 0.07269936800003052
0.1112789586186409, 0.07736425846815109
0.09973935037851334, 0.03952379524707794
0.15924762189388275, 0.08300524204969406
0.16781096160411835, 0.06625017523765564
0.22338083386421204, 0.12533356249332428
0.25669384002685547, 0.11272405833005905
0.11894365400075912, 0.04079467058181763
0.12433085590600967, 0.06279285252094269
0.10586082935333252, 0.049728602170944214
0.0839788019657135, 0.05235365778207779
0.136210098862648, 0.07674737274646759
0.12305060774087906, 0.047176141291856766
0.1432231068611145, 0.09119653701782227
0.18793411552906036, 0.09462537616491318
0.21925219893455505, 0.09913596510887146
0.1930030882358551, 0.09639723598957062
0.1550077199935913, 0.07482590526342392
0.15254338085651398, 0.0717744529247284
0.11925363540649414, 0.07197850197553635
0.13941290974617004, 0.05815973877906799
0.11212757974863052, 0.0385267548263073
0.14647379517555237, 0.06648015230894089
0.18978868424892426, 0.10176777094602585
0.23970122635364532, 0.15304315090179443
0.17228901386260986, 0.058469291776418686
0.24943716824054718, 0.11262262612581253
0.2670595943927765, 0.1373489499092102
0.15802086889743805, 0.07224573940038681
0.20915180444717407, 0.08062981814146042
0.1640324890613556, 0.04156689718365669
0.1827697902917862, 0.09379616379737854
0.18287505209445953, 0.06863800436258316
0.17947210371494293, 0.09516704827547073
0.12494347244501114, 0.05558033660054207
0.1502440869808197, 0.04464469105005264
0.10146784037351608, 0.04861730709671974
0.10070379078388214, 0.0433259941637516
0.16340798139572144, 0.05529109016060829
0.12964600324630737, 0.0582488551735878
0.14119604229927063, 0.05354342609643936
0.12340092658996582, 0.03778652101755142
0.1055690348148346, 0.04092155024409294
0.16669632494449615, 0.07012761384248734
0.1149652823805809, 0.05087285861372948
0.13315169513225555, 0.06239835172891617
0.13351649045944214, 0.0606633685529232
0.10451623052358627, 0.05641278997063637
0.18115928769111633, 0.0626339316368103
0.16043348610401154, 0.08247978240251541
0.13646382093429565, 0.05091545730829239
0.20938506722450256, 0.08524486422538757
0.19217559695243835, 0.07012560218572617
0.14770396053791046, 0.04870297759771347
0.16470612585544586, 0.07044102996587753
0.15276719629764557, 0.0956633910536766
0.1224171444773674, 0.047452762722969055
0.11982352286577225, 0.06631786376237869
0.139246866106987, 0.07437384128570557
0.13991351425647736, 0.06653407216072083
0.07178393751382828, 0.039869941771030426
0.10061784088611603, 0.03298593685030937
0.11032779514789581, 0.0625859946012497
0.1621713489294052, 0.06975015997886658
0.17401544749736786, 0.07590200006961823
0.14716017246246338, 0.0810287743806839
0.14918316900730133, 0.058516744524240494
0.13948582112789154, 0.06402157992124557
0.14928314089775085, 0.059523794800043106
0.17337071895599365, 0.0922723263502121
0.1993810087442398, 0.08518638461828232
0.1545972377061844, 0.06709158420562744
0.17438414692878723, 0.08841820061206818
0.2082429677248001, 0.09380779415369034
0.21989655494689941, 0.09478726238012314
0.12749184668064117, 0.07427848130464554
0.18163013458251953, 0.07227706164121628
0.14597268402576447, 0.06898428499698639
0.08547714352607727, 0.04488857090473175
0.12780743837356567, 0.06125639006495476
0.13122083246707916, 0.06323432177305222
0.16839930415153503, 0.06893216818571091
0.1499432921409607, 0.05652635544538498
0.140157088637352, 0.051170531660318375
0.08519608527421951, 0.03145730122923851
0.12298766523599625, 0.044039223343133926
0.1332661211490631, 0.07254795730113983
0.15334074199199677, 0.058324381709098816
0.15524718165397644, 0.06683036684989929
0.10102573782205582, 0.04932710900902748
0.07629045099020004, 0.030146826058626175
0.18161407113075256, 0.0793795958161354
0.087131567299366, 0.056311000138521194
0.09449952095746994, 0.040114279836416245
0.09262152761220932, 0.040681179612874985
0.1398308128118515, 0.0584990568459034
0.16583116352558136, 0.06156608834862709
0.12290273606777191, 0.051629092544317245
0.1374475508928299, 0.08153748512268066
0.13419489562511444, 0.0657762959599495
0.10850051790475845, 0.05267665907740593
0.14324623346328735, 0.07103248685598373
0.16539528965950012, 0.06000524386763573
0.16270726919174194, 0.05398216098546982
0.1389598846435547, 0.04568455368280411
0.10218483954668045, 0.039271291345357895
0.10834095627069473, 0.04631884768605232
0.06455577909946442, 0.026296814903616905
0.09493257850408554, 0.0592116080224514
0.14410370588302612, 0.07677575945854187
0.1069890707731247, 0.039634015411138535
0.13523581624031067, 0.08887841552495956
0.2352605164051056, 0.10834971070289612
0.16066701710224152, 0.05267554894089699
0.1310444474220276, 0.04953621327877045
0.17493993043899536, 0.06871207058429718
0.17892594635486603, 0.06553486734628677
0.1488085836172104, 0.056692060083150864
0.13545222580432892, 0.07012765109539032
0.12247875332832336, 0.06648100167512894
0.10470432043075562, 0.03928922116756439
0.14430001378059387, 0.0674799233675003
0.18490710854530334, 0.09566760808229446
0.19871149957180023, 0.058469634503126144
0.13951502740383148, 0.05755991116166115
0.11753331124782562, 0.05356263741850853
0.10897820442914963, 0.032858941704034805
0.10108782351016998, 0.06217247620224953
0.2475225180387497, 0.1348911076784134
0.2594499886035919, 0.12405353039503098
0.182822123169899, 0.08206582814455032
0.15855540335178375, 0.07245838642120361
0.17906779050827026, 0.07348468154668808
0.21283957362174988, 0.13377158343791962
0.2158801406621933, 0.06288455426692963
0.13181434571743011, 0.05029669776558876
0.10440056025981903, 0.04526624456048012
0.1973562091588974, 0.08544070273637772
0.1533297747373581, 0.06401319056749344
0.10732810199260712, 0.04592040553689003
0.17511263489723206, 0.07699251174926758
0.1870308816432953, 0.0609525665640831
0.15970836579799652, 0.06846075505018234
0.10931874811649323, 0.04894820973277092
0.14024782180786133, 0.057740844786167145
0.1336023360490799, 0.052254568785429
0.12649786472320557, 0.06860189884901047
0.13544312119483948, 0.06020493805408478
0.08906826376914978, 0.03907940164208412
0.1377059668302536, 0.08917400985956192
0.17978821694850922, 0.0931105762720108
0.25023385882377625, 0.09881014376878738
0.28108277916908264, 0.13342933356761932
0.27590805292129517, 0.1029459536075592
0.26385506987571716, 0.06665030121803284
0.26842057704925537, 0.13797546923160553
0.14682547748088837, 0.058633286505937576
0.11826794594526291, 0.043244581669569016
0.13022573292255402, 0.04991578683257103
0.11580472439527512, 0.05052967369556427
0.18533141911029816, 0.07412872463464737
0.11509046703577042, 0.07380625605583191
0.10367164760828018, 0.04292457550764084
0.12960083782672882, 0.04923497512936592
0.14419350028038025, 0.07412832230329514
0.15341311693191528, 0.0662270337343216
0.14348851144313812, 0.06840689480304718
0.13315382599830627, 0.058049995452165604
0.1854354590177536, 0.06750823557376862
0.15010006725788116, 0.06830788403749466
0.16315829753875732, 0.06737639755010605
0.1235051155090332, 0.04344720020890236
0.18199364840984344, 0.07528252899646759
0.11956123262643814, 0.041682202368974686
0.19182835519313812, 0.06750061362981796
0.18740424513816833, 0.07091797888278961
0.10568563640117645, 0.06466758251190186
0.17663414776325226, 0.07730161398649216
0.10256150364875793, 0.04265942797064781
0.18019652366638184, 0.07766739279031754
0.17091791331768036, 0.08448196947574615
0.12805815041065216, 0.06955455243587494
0.15883441269397736, 0.07334767282009125
0.17651091516017914, 0.09007609635591507
0.17468658089637756, 0.06846832484006882
0.09859694540500641, 0.05154160037636757
0.09404633194208145, 0.04379769042134285
0.08947477489709854, 0.041365236043930054
0.11617313325405121, 0.049327947199344635
0.1779947280883789, 0.05308526009321213
0.16492873430252075, 0.07094354927539825
0.080058753490448, 0.05086752027273178
0.14350266754627228, 0.06379906833171844
0.11410687118768692, 0.05026581138372421
0.09101027250289917, 0.03533376008272171
0.12084642797708511, 0.07031083852052689
0.13698886334896088, 0.05212153121829033
0.13813470304012299, 0.07865802943706512
0.10628001391887665, 0.03896598145365715
0.11346430331468582, 0.042398467659950256
0.10913682729005814, 0.06975734978914261
0.21960794925689697, 0.1345447450876236
0.1862642467021942, 0.07318346947431564
0.13616259396076202, 0.06967965513467789
0.08603237569332123, 0.03872709348797798
0.13646307587623596, 0.05006619915366173
0.10180111229419708, 0.05605274438858032
0.12592975795269012, 0.04566803574562073
0.1565752476453781, 0.04903985187411308
0.1443139761686325, 0.07340642809867859
0.10291121155023575, 0.05029192194342613
0.14079158008098602, 0.06721025705337524
0.18001742660999298, 0.07399909198284149
0.17230302095413208, 0.06674257665872574
0.2558126151561737, 0.14775902032852173
0.2463141530752182, 0.060801971703767776
0.22568920254707336, 0.11909488588571548
0.23281195759773254, 0.10928523540496826
0.153145432472229, 0.07388824224472046
0.2059878557920456, 0.07115209102630615
0.12320169061422348, 0.06978511065244675
0.09375999867916107, 0.04467712342739105
0.13535690307617188, 0.06062805652618408
0.139020636677742, 0.07265263050794601
0.12981918454170227, 0.05754590034484863
0.14351609349250793, 0.09370747953653336
0.11710076779127121, 0.05588731914758682
0.10057907551527023, 0.039620351046323776
0.16712160408496857, 0.08752942830324173
0.07392678409814835, 0.0288687814027071
0.10500399023294449, 0.05062843859195709
0.07671235501766205, 0.03189903125166893
0.12891478836536407, 0.04669281095266342
0.14696583151817322, 0.07104983180761337
0.1220993772149086, 0.05758112296462059
0.18701879680156708, 0.07819636911153793
0.15733936429023743, 0.07691822201013565
0.1709132343530655, 0.07034366577863693
0.1936996728181839, 0.06544651091098785
0.12495046108961105, 0.06522252410650253
0.12038212269544601, 0.05731421336531639
0.1000504344701767, 0.05335482209920883
0.1272507607936859, 0.04798833653330803
0.20419111847877502, 0.13075397908687592
0.28115221858024597, 0.13025543093681335
0.21854433417320251, 0.09109894931316376
0.1543101817369461, 0.08680126070976257
0.12595529854297638, 0.058471113443374634
0.11385904252529144, 0.046938009560108185
0.2299288958311081, 0.1286468654870987
0.14411833882331848, 0.04977600648999214
0.09506143629550934, 0.041029464453458786
0.1210985854268074, 0.04037119448184967
0.10717704147100449, 0.06978068500757217
0.16518686711788177, 0.0807112604379654
0.12620937824249268, 0.05633549392223358
0.1227671205997467, 0.06305146962404251
0.14613668620586395, 0.057060010731220245
0.10990017652511597, 0.06534382700920105
0.14515361189842224, 0.05845881626009941
0.10176533460617065, 0.0588981918990612
0.1130312830209732, 0.04056403413414955
0.15122655034065247, 0.07452189922332764
0.16739828884601593, 0.061905719339847565
0.12635870277881622, 0.07033893465995789
0.1621488481760025, 0.07710037380456924
0.15269024670124054, 0.04525788500905037
0.14780934154987335, 0.07559540122747421
0.12367603927850723, 0.05444933846592903
0.10426400601863861, 0.061055224388837814
0.11787433177232742, 0.07133732736110687
0.14534194767475128, 0.041651781648397446
0.15487225353717804, 0.06574811786413193
0.1502034217119217, 0.07887442409992218
0.1613250970840454, 0.066960409283638
0.10830989480018616, 0.059161655604839325
0.13723087310791016, 0.06037980318069458
0.13753746449947357, 0.06825074553489685
0.14383870363235474, 0.04483214393258095
0.18776293098926544, 0.05992120876908302
0.20542757213115692, 0.07844768464565277
0.11517058312892914, 0.043577760457992554
0.124226413667202, 0.06097062677145004
0.10307450592517853, 0.04510077089071274
0.07957317680120468, 0.040858495980501175
0.12287034094333649, 0.07297360152006149
0.09824897348880768, 0.05080080404877663
0.10934966057538986, 0.04898636043071747
0.14389772713184357, 0.05996157228946686
0.1344686597585678, 0.053008195012807846
0.1154446080327034, 0.06628686189651489
0.1394938975572586, 0.04846375063061714
0.1418682485818863, 0.061008352786302567
0.1481393724679947, 0.05909371376037598
0.25143128633499146, 0.06247265636920929
0.15801991522312164, 0.06953077018260956
0.1667817085981369, 0.07764667272567749
0.2822569012641907, 0.1250806599855423
0.11414774507284164, 0.052281491458415985
0.0914769321680069, 0.039083082228899
0.11625455319881439, 0.050488393753767014
0.09878579527139664, 0.034982938319444656
0.12946370244026184, 0.06145864725112915
0.13355417549610138, 0.08251774311065674
0.12918193638324738, 0.0621810257434845
0.15502284467220306, 0.08436141908168793
0.19392777979373932, 0.07537838071584702
0.17909970879554749, 0.05386625602841377
0.16321595013141632, 0.0646720677614212
0.1200360432267189, 0.05884707346558571
0.17007048428058624, 0.08566931635141373
0.16493993997573853, 0.0745449960231781
0.16933532059192657, 0.08079603314399719
0.2266811579465866, 0.10385405272245407
0.13317155838012695, 0.05782345309853554
0.19577452540397644, 0.08031154423952103
0.15153996646404266, 0.08476220071315765
0.0919732004404068, 0.03730650246143341
0.1324775218963623, 0.041381560266017914
0.15510787069797516, 0.060566335916519165
0.14649513363838196, 0.07930345833301544
0.18747538328170776, 0.08493487536907196
0.1289428323507309, 0.06420216709375381
0.1202612966299057, 0.06218482926487923
0.12984292209148407, 0.06981416791677475
0.14190350472927094, 0.05850231274962425
0.12897759675979614, 0.047222282737493515
0.17377977073192596, 0.08238967508077621
0.1514771729707718, 0.05411206930875778
0.12500007450580597, 0.04565085098147392
0.14284807443618774, 0.05734327435493469
0.21050246059894562, 0.10946425050497055
0.14921920001506805, 0.06354576349258423
0.16040869057178497, 0.09215432405471802
0.11841824650764465, 0.04235931485891342
0.09075049310922623, 0.03407012298703194
0.13829787075519562, 0.06615573912858963
0.147161602973938, 0.05067292973399162
0.15139611065387726, 0.05884439870715141
0.15217649936676025, 0.06664589792490005
0.23971205949783325, 0.08789843320846558
0.13978762924671173, 0.04862445965409279
0.12492702156305313, 0.05287735536694527
0.1493954062461853, 0.046656183898448944
0.1131587028503418, 0.03335019201040268
0.13626646995544434, 0.04544373229146004
0.14640261232852936, 0.05849288031458855
0.0814163014292717, 0.03674287348985672
0.11998796463012695, 0.06722131371498108
0.08856435120105743, 0.03919089958071709
0.11825801432132721, 0.05645785853266716
0.1105189099907875, 0.0568036325275898
0.15340088307857513, 0.06734196096658707
0.19152887165546417, 0.0911993533372879
0.1261603832244873, 0.048255838453769684
0.09966637194156647, 0.05452032387256622
0.08716725558042526, 0.04128909483551979
0.1007855013012886, 0.05440308153629303
0.11330694705247879, 0.04386548325419426
0.12413427978754044, 0.0543164387345314
0.09433046728372574, 0.03438952937722206
0.09459211677312851, 0.03947081044316292
0.16696543991565704, 0.06898535788059235
0.10685311257839203, 0.0807696059346199
0.06704208999872208, 0.02519795298576355
0.09362345933914185, 0.05301301181316376
0.07987122237682343, 0.0378192774951458
0.1158529669046402, 0.04146238788962364
0.08381322771310806, 0.040983427315950394
0.06836721301078796, 0.04226972535252571
0.12115445733070374, 0.08092919737100601
0.1818031519651413, 0.09745997935533524
0.19255942106246948, 0.1164470985531807
0.16070279479026794, 0.10091782361268997
0.2483147233724594, 0.11042504012584686
0.2785206735134125, 0.13041390478610992
0.17648060619831085, 0.10549606382846832
0.11778998374938965, 0.050575658679008484
0.08311536908149719, 0.03483288362622261
0.1808546483516693, 0.09180798381567001
0.18859785795211792, 0.06840082257986069
0.250984787940979, 0.08215764909982681
0.22795255482196808, 0.08238932490348816
0.13449369370937347, 0.04735517501831055
0.14359192550182343, 0.0736672431230545
0.09591000527143478, 0.03871431201696396
0.14616790413856506, 0.0677892342209816
0.09761839359998703, 0.05203516036272049
0.10559561103582382, 0.03773939236998558
0.06304660439491272, 0.024990318343043327
0.1731959581375122, 0.05974521487951279
0.12276170402765274, 0.06519107520580292
0.11970823258161545, 0.05327223613858223
0.12148290127515793, 0.0667424350976944
0.18192477524280548, 0.08636889606714249
0.16172918677330017, 0.08538826555013657
0.1294063776731491, 0.05798868089914322
0.10400091856718063, 0.04157198593020439
0.17190022766590118, 0.05682293325662613
0.17618831992149353, 0.06150754913687706
0.1175992488861084, 0.07942302525043488
0.132206991314888, 0.050946034491062164
0.15453779697418213, 0.05715998262166977
0.12555469572544098, 0.054949577897787094
0.16468243300914764, 0.060949765145778656
0.2536761462688446, 0.08851299434900284
0.1593657284975052, 0.06780273467302322
0.10164515674114227, 0.04481781646609306
0.19748401641845703, 0.07447386533021927
0.15722721815109253, 0.06500200182199478
0.06797156482934952, 0.036581359803676605
0.0717453584074974, 0.03814392536878586
0.10607524961233139, 0.0536879301071167
0.146258145570755, 0.05454504117369652
0.15371963381767273, 0.05460340157151222
0.14594106376171112, 0.06646951287984848
0.1425439566373825, 0.059583086520433426
0.1437324434518814, 0.0634995773434639
0.19393926858901978, 0.09410756826400757
0.10033176094293594, 0.04189278185367584
0.10709454119205475, 0.05630882456898689
0.12244942784309387, 0.058186594396829605
0.1017080694437027, 0.03996779024600983
0.11753145605325699, 0.056346189230680466
0.07585851848125458, 0.029208078980445862
0.10359052568674088, 0.05038365721702576
0.08705227077007294, 0.04025035351514816
0.1295069009065628, 0.04385259747505188
0.10612734407186508, 0.029860328882932663
0.14101608097553253, 0.05550003796815872
0.10725635290145874, 0.06414350867271423
0.1531897634267807, 0.0858175978064537
0.1968391090631485, 0.06029343977570534
0.1458366960287094, 0.06246959790587425
0.13929350674152374, 0.0633498951792717
0.09904324263334274, 0.060796454548835754
0.1673051416873932, 0.0630311518907547
0.15208418667316437, 0.07191456109285355
0.143835186958313, 0.04821053519845009
0.10678224265575409, 0.07431146502494812
0.1405079960823059, 0.061255332082509995
0.17936046421527863, 0.05781456083059311
0.10716303437948227, 0.04779645800590515
0.06530556827783585, 0.023397698998451233
0.1312173455953598, 0.055186085402965546
0.11320511251688004, 0.0534508042037487
0.17174196243286133, 0.07232361286878586
0.12642361223697662, 0.06900790333747864
0.12022777646780014, 0.08130606263875961
0.20013098418712616, 0.10299220681190491
0.12051999568939209, 0.05933251231908798
0.11240783333778381, 0.04230295494198799
0.1424359381198883, 0.07857269793748856
0.13093489408493042, 0.053027331829071045
0.13875819742679596, 0.04708261787891388
0.14840570092201233, 0.0680803433060646
0.16677269339561462, 0.06607142835855484
0.07503015547990799, 0.039193522185087204
0.10206624865531921, 0.05411216989159584
0.07414587587118149, 0.03488410636782646
0.07061048597097397, 0.031236309558153152
0.1041504293680191, 0.03442756086587906
0.14675162732601166, 0.04384864121675491
0.12165606021881104, 0.07177320867776871
0.12200520932674408, 0.06627136468887329
0.12261960655450821, 0.07789058983325958
0.15824368596076965, 0.07278700917959213
0.08768590539693832, 0.04375753924250603
0.07435069978237152, 0.03280549868941307
0.1913423091173172, 0.07476064562797546
0.16188932955265045, 0.054294370114803314
0.22433383762836456, 0.09124258160591125
0.12982851266860962, 0.06199278682470322
0.13414157927036285, 0.04907464608550072
0.13038663566112518, 0.05204113572835922
0.11782385408878326, 0.04203347489237785
0.09429227560758591, 0.028732730075716972
0.09662123769521713, 0.04353697597980499
0.11985526978969574, 0.05886780098080635
0.15856772661209106, 0.06917891651391983
0.15348292887210846, 0.06277837604284286
0.1264680027961731, 0.04915255680680275
0.1922747790813446, 0.09595693647861481
0.26323777437210083, 0.10705921053886414
0.2515558898448944, 0.11729121208190918
0.23974524438381195, 0.08794794231653214
0.15150946378707886, 0.034312695264816284
0.14935250580310822, 0.05991223827004433
0.1387152224779129, 0.06394296139478683
0.12364869564771652, 0.03760900720953941
0.10514511168003082, 0.0522567518055439
0.11384157091379166, 0.0475459024310112
0.09610407799482346, 0.0462762750685215
0.09301470220088959, 0.043094441294670105
0.12754404544830322, 0.06842721998691559
0.09184640645980835, 0.04948100075125694
0.09510963410139084, 0.04484465718269348
0.13580934703350067, 0.04584905877709389
0.10460736602544785, 0.05005789175629616
0.10553344339132309, 0.047484517097473145
0.14055800437927246, 0.0699419379234314
0.13024082779884338, 0.0471203550696373
0.15003818273544312, 0.041824936866760254
0.15503188967704773, 0.054862793534994125
0.17974810302257538, 0.06550416350364685
0.12590593099594116, 0.055011630058288574
0.11632924526929855, 0.06610607355833054
0.08564814925193787, 0.03897489607334137
0.13799718022346497, 0.06151190400123596
0.10731146484613419, 0.0455758236348629
0.12317608296871185, 0.061792898923158646
0.22660626471042633, 0.08283856511116028
0.20945411920547485, 0.10019063949584961
0.17269012331962585, 0.08059972524642944
0.22887535393238068, 0.09823738038539886
0.21073207259178162, 0.1004696860909462
0.1616474688053131, 0.09707887470722198
0.12423653155565262, 0.04217100888490677
0.13578231632709503, 0.06292234361171722
0.2063954621553421, 0.10341309756040573
0.15670664608478546, 0.06643520295619965
0.08954212814569473, 0.040403448045253754
0.13300080597400665, 0.06583742797374725
0.16405461728572845, 0.08030549436807632
0.12955671548843384, 0.04955873265862465
0.11508210748434067, 0.052577707916498184
0.17822839319705963, 0.09099330753087997
0.08762579411268234, 0.04169589653611183
0.15963996946811676, 0.10105646401643753
0.14318831264972687, 0.06203778460621834
0.17434830963611603, 0.060309942811727524
0.16854244470596313, 0.06634866446256638
0.13370248675346375, 0.07716085761785507
0.18918795883655548, 0.07531952857971191
0.11896170675754547, 0.04070837423205376
0.26219257712364197, 0.1111990436911583
0.1898561418056488, 0.07768864184617996
0.19164076447486877, 0.07411188632249832
0.1570228636264801, 0.07986534386873245
0.15713681280612946, 0.06987400352954865
0.12441481649875641, 0.04779651388525963
0.1256077140569687, 0.046455707401037216
0.1398307979106903, 0.07450158894062042
0.1570751667022705, 0.06013317406177521
0.14277306199073792, 0.06881588697433472
0.14313717186450958, 0.0543014295399189
0.13864809274673462, 0.052637044340372086
0.13116638362407684, 0.04856368154287338
0.1064162626862526, 0.03672021999955177
0.14836040139198303, 0.05475053936243057
0.1112481877207756, 0.058047156780958176
0.1045566201210022, 0.05619041249155998
0.13481153547763824, 0.06859053671360016
0.08337877690792084, 0.03513215482234955
0.08245321363210678, 0.0367073193192482
0.10566391050815582, 0.04421832412481308
0.1361394077539444, 0.09022415429353714
0.20209431648254395, 0.06631181389093399
0.15529067814350128, 0.07333295047283173
0.1234234943985939, 0.07766608893871307
0.15230785310268402, 0.05305730551481247
0.14269845187664032, 0.05450982227921486
0.08039070665836334, 0.05038172006607056
0.08629477024078369, 0.04488372430205345
0.07423803210258484, 0.06287214159965515
0.11447516083717346, 0.05572667717933655
0.15415264666080475, 0.058279383927583694
0.15743885934352875, 0.07843491435050964
0.11010818183422089, 0.052566517144441605
0.10483495891094208, 0.07753611356019974
0.19668228924274445, 0.07088936865329742
0.1894703358411789, 0.08037514239549637
0.1167667955160141, 0.04629615694284439
0.17788420617580414, 0.07165680825710297
0.15797600150108337, 0.07716237008571625
0.13789638876914978, 0.058486517518758774
0.19086380302906036, 0.06670407950878143
0.190427765250206, 0.0650792196393013
0.1062755361199379, 0.052031826227903366
0.09478962421417236, 0.04083915799856186
0.09865573048591614, 0.04530176892876625
0.10358697175979614, 0.04690573737025261
0.10157929360866547, 0.03654232993721962
0.11487133055925369, 0.0628955215215683
0.15043672919273376, 0.05545360594987869
0.11506186425685883, 0.043934985995292664
0.09576816111803055, 0.04246776923537254
0.07491901516914368, 0.035576242953538895
0.1127082109451294, 0.04801984131336212
0.10136259347200394, 0.03184982016682625
0.08328411728143692, 0.03829623758792877
0.09832407534122467, 0.05179356038570404
0.1388966292142868, 0.04499587416648865
0.15847532451152802, 0.07113484293222427
0.12647858262062073, 0.057863276451826096
0.12502507865428925, 0.04600862041115761
0.10799644887447357, 0.04725082218647003
0.13184021413326263, 0.04611586779356003
0.10902326554059982, 0.04216182231903076
0.10915807634592056, 0.04578852653503418
0.20592306554317474, 0.08844256401062012
0.17137396335601807, 0.08847566694021225
0.1441459357738495, 0.08106161653995514
0.14306658506393433, 0.06521677225828171
0.13869687914848328, 0.07709039747714996
0.18829523026943207, 0.06753502041101456
0.20311589539051056, 0.07062799483537674
0.21575474739074707, 0.07054183632135391
0.14037150144577026, 0.04768494889140129
0.10815084725618362, 0.0456528477370739
0.12097270041704178, 0.049498748034238815
0.1432334929704666, 0.041659366339445114
0.15030048787593842, 0.05141424387693405
0.17775334417819977, 0.07507940381765366
0.10362805426120758, 0.04712672904133797
0.15812695026397705, 0.06017057225108147
0.15755020081996918, 0.09561526030302048
0.0870032086968422, 0.032708942890167236
0.1107010766863823, 0.04278196766972542
0.11472877115011215, 0.05583638325333595
0.14460758864879608, 0.06310315430164337
0.14944753050804138, 0.07431312650442123
0.1246781200170517, 0.06980659812688828
0.09860055148601532, 0.049602851271629333
0.1491439938545227, 0.05210895836353302
0.19744159281253815, 0.08051550388336182
0.1491667628288269, 0.08664730191230774
0.16362285614013672, 0.08906839787960052
0.11952735483646393, 0.045815132558345795
0.09569574147462845, 0.041423723101615906
0.17289669811725616, 0.06002170220017433
0.11559542268514633, 0.05662696808576584
0.10220564156770706, 0.0645793005824089
0.12144788354635239, 0.041819002479314804
0.10922054201364517, 0.045631345361471176
0.15475167334079742, 0.05940146744251251
0.07271052896976471, 0.0386800542473793
0.11243985593318939, 0.06629137694835663
0.16724906861782074, 0.06854543089866638
0.13212893903255463, 0.05338418111205101
0.12985603511333466, 0.06329331547021866
0.144840806722641, 0.08130796253681183
0.1781338006258011, 0.09274692833423615
0.18696270883083344, 0.07877794653177261
0.13491062819957733, 0.07944021373987198
0.13039521872997284, 0.07233694195747375
0.1530490219593048, 0.060000721365213394
0.08837571740150452, 0.040333207696676254
0.09571819007396698, 0.034638773649930954
0.1011369526386261, 0.0557342991232872
0.12845979630947113, 0.04208778962492943
0.16071368753910065, 0.07362064719200134
0.12289112061262131, 0.08098512887954712
0.17161136865615845, 0.09371670335531235
0.16429182887077332, 0.07525701075792313
0.13158294558525085, 0.06786658614873886
0.21940167248249054, 0.10244973748922348
0.2129773646593094, 0.08283186703920364
0.15833038091659546, 0.059828516095876694
0.07561389356851578, 0.03204959258437157
0.0758860781788826, 0.02157214656472206
0.09649040549993515, 0.06798870861530304
0.0886346623301506, 0.03152143210172653
0.15598545968532562, 0.09152011573314667
0.13306675851345062, 0.06033477932214737
0.10988111793994904, 0.046259183436632156
0.1029953882098198, 0.03461391478776932
0.15220971405506134, 0.08742585778236389
0.10565044730901718, 0.04471117630600929
0.15165726840496063, 0.08457881212234497
0.18531087040901184, 0.06783644109964371
0.20338265597820282, 0.0971793532371521
0.13799770176410675, 0.08423752337694168
0.12141520529985428, 0.05089441314339638
0.12649370729923248, 0.04223009943962097
0.1220925897359848, 0.06264208257198334
0.08822236955165863, 0.038175102323293686
0.1579314023256302, 0.08176331967115402
0.10423091799020767, 0.03915411978960037
0.11490113288164139, 0.0659833550453186
0.11456330865621567, 0.04699413850903511
0.08951982855796814, 0.041929692029953
0.12045305222272873, 0.0605977438390255
0.07430817186832428, 0.034599654376506805
0.07301633059978485, 0.03515174984931946
0.11262581497430801, 0.05604737251996994
0.12535175681114197, 0.07425830513238907
0.13091951608657837, 0.04567011818289757
0.135398730635643, 0.06512989103794098
0.13834331929683685, 0.049224626272916794
0.11853287369012833, 0.06167953088879585
0.12983807921409607, 0.05173385143280029
0.2095821350812912, 0.08313711732625961
0.20735633373260498, 0.0800548642873764
0.18541868031024933, 0.08697635680437088
0.11013267189264297, 0.046234045177698135
0.1316012591123581, 0.03982605040073395
0.17554819583892822, 0.06705035269260406
0.11353150010108948, 0.048398178070783615
0.11426474153995514, 0.06030778959393501
0.17880043387413025, 0.056169427931308746
0.09975127130746841, 0.05847328156232834
0.06890809535980225, 0.01846637763082981
0.0713222399353981, 0.03680163621902466
0.14318178594112396, 0.07236530631780624
0.16141986846923828, 0.08745879679918289
0.1695246696472168, 0.10799723118543625
0.1302139014005661, 0.05655131861567497
0.10809336602687836, 0.047051481902599335
0.09702035039663315, 0.04645252972841263
0.10437505692243576, 0.04484712705016136
0.08627238124608994, 0.0493713803589344
0.1339004784822464, 0.0622883103787899
0.13333481550216675, 0.05153461918234825
0.16617295145988464, 0.07766176760196686
0.12086275964975357, 0.06031816825270653
0.09094611555337906, 0.03050355426967144
