mean, std
0.3272223174571991, 0.01621329039335251
0.3280334174633026, 0.017335431650280952
0.3290775716304779, 0.018484946340322495
0.3253406286239624, 0.015969151630997658
0.3256371021270752, 0.015943018719553947
0.3217851221561432, 0.017078978940844536
0.2840396463871002, 0.027615441009402275
0.20979668200016022, 0.0170130655169487
0.19068433344364166, 0.016548849642276764
0.17334166169166565, 0.012032928876578808
0.16802984476089478, 0.014669198542833328
0.1662304550409317, 0.010411960072815418
0.16541245579719543, 0.01036809105426073
0.16494248807430267, 0.014020978473126888
0.16532935202121735, 0.01321109663695097
0.16459448635578156, 0.010727029293775558
0.16539770364761353, 0.01278463751077652
0.16499996185302734, 0.011813011020421982
0.16536583006381989, 0.01649692840874195
0.16503499448299408, 0.011969469487667084
0.16463279724121094, 0.012747108936309814
0.16495516896247864, 0.011310817673802376
0.16412724554538727, 0.010612818412482738
0.16459935903549194, 0.011291851289570332
0.1653497964143753, 0.01091722585260868
0.16550511121749878, 0.01060741301625967
0.16574619710445404, 0.011717401444911957
0.16500893235206604, 0.009535929188132286
0.16551253199577332, 0.011964330449700356
0.164938822388649, 0.014083349145948887
0.16580882668495178, 0.010823243297636509
0.1655571609735489, 0.012005101889371872
0.1646433025598526, 0.01193175558000803
0.16520114243030548, 0.013085341081023216
0.1643373668193817, 0.013743285089731216
0.16466183960437775, 0.015768248587846756
0.16448000073432922, 0.014496266841888428
0.16416803002357483, 0.013200209476053715
0.16475294530391693, 0.013480441644787788
0.16507874429225922, 0.008451897650957108
0.16455014050006866, 0.011104421690106392
0.16483624279499054, 0.011825978755950928
0.16590295732021332, 0.012384946458041668
0.16454969346523285, 0.012634219601750374
0.1651485711336136, 0.012958214618265629
0.16370470821857452, 0.017416663467884064
0.16417557001113892, 0.012054052203893661
0.1655021458864212, 0.011465128511190414
0.16430255770683289, 0.0131590710952878
0.16497333347797394, 0.008568955585360527
0.16492684185504913, 0.012679945677518845
0.1638488918542862, 0.01645895093679428
0.16404391825199127, 0.014244705438613892
0.16489072144031525, 0.011416144669055939
0.16481256484985352, 0.01129952259361744
0.1650446355342865, 0.012468378059566021
0.16475923359394073, 0.010670308023691177
0.1647057980298996, 0.013128536753356457
0.16535396873950958, 0.010423523373901844
0.16481666266918182, 0.013327470049262047
0.16398054361343384, 0.01092445570975542
0.16540713608264923, 0.010431838221848011
0.16524752974510193, 0.011843923479318619
0.16490182280540466, 0.01233979593962431
0.16548418998718262, 0.011158879846334457
0.1645604521036148, 0.014431650750339031
0.16432248055934906, 0.010998530313372612
0.16437868773937225, 0.01583603210747242
0.1649450808763504, 0.009561450220644474
0.16387806832790375, 0.013898809440433979
0.16376851499080658, 0.013107145205140114
0.16468390822410583, 0.011334381066262722
0.1650478094816208, 0.012958366423845291
0.16349337995052338, 0.01024047564715147
0.1653956174850464, 0.010536502115428448
0.16437767446041107, 0.011095223017036915
0.16484984755516052, 0.010085683315992355
0.16415901482105255, 0.014324500225484371
0.16456323862075806, 0.013253925368189812
0.165000319480896, 0.012093253433704376
0.1641254425048828, 0.00971997156739235
0.16445936262607574, 0.013752111233770847
0.1638478934764862, 0.01196387317031622
0.16324728727340698, 0.015515435487031937
0.16462692618370056, 0.01337641105055809
0.16434802114963531, 0.012073781341314316
0.16410525143146515, 0.015197108499705791
0.1633218377828598, 0.014168099500238895
0.16558261215686798, 0.010300545021891594
0.1652407944202423, 0.013349218294024467
0.1647343635559082, 0.010201548226177692
0.16501714289188385, 0.014591963030397892
0.16500242054462433, 0.011908709071576595
0.16387175023555756, 0.009074880741536617
0.1636108011007309, 0.015475926920771599
0.16548337042331696, 0.008442994207143784
0.16446788609027863, 0.011080777272582054
0.16510596871376038, 0.009398193098604679
0.16417641937732697, 0.013085843995213509
0.16457757353782654, 0.010988700203597546
0.16482308506965637, 0.009365268982946873
0.16380427777767181, 0.010219820775091648
0.16521306335926056, 0.012810551561415195
0.16419203579425812, 0.007370842155069113
0.16398294270038605, 0.010582972317934036
0.16410288214683533, 0.01609254628419876
0.1643519550561905, 0.011060035787522793
0.16417215764522552, 0.007320620119571686
0.16326232254505157, 0.012049774639308453
0.16384178400039673, 0.010669354349374771
0.16353042423725128, 0.009452625177800655
0.16368447244167328, 0.014732790179550648
0.1631523221731186, 0.012609356082975864
0.1633729785680771, 0.012463551014661789
0.16377168893814087, 0.014079298824071884
0.16472166776657104, 0.013537480495870113
0.16349607706069946, 0.01152381394058466
0.16298288106918335, 0.01709340140223503
0.1652168184518814, 0.011947075836360455
0.16453082859516144, 0.014318989589810371
0.16312845051288605, 0.009988289326429367
0.16412393748760223, 0.014564103446900845
0.16375067830085754, 0.015008561313152313
0.1632874310016632, 0.013613520190119743
0.1634913831949234, 0.011082401499152184
0.1630527377128601, 0.010146597400307655
0.16345174610614777, 0.01166391558945179
0.16280680894851685, 0.010647834278643131
0.1629391461610794, 0.015848742797970772
0.16223815083503723, 0.012569976039230824
0.16358919441699982, 0.011070767417550087
0.1637067049741745, 0.012317333370447159
0.1632113754749298, 0.01305478997528553
0.1631384640932083, 0.01232216041535139
0.16297169029712677, 0.014166701585054398
0.1638685017824173, 0.011382664553821087
0.1635180562734604, 0.01450188085436821
0.16228969395160675, 0.013232484459877014
0.16254322230815887, 0.010253921151161194
0.1641208380460739, 0.007634788751602173
0.16311724483966827, 0.011940857395529747
0.16273482143878937, 0.019809214398264885
0.16274526715278625, 0.012550575658679008
0.1632317304611206, 0.009095290675759315
0.1628786325454712, 0.015286250039935112
0.1637759506702423, 0.009979900903999805
0.1624988466501236, 0.011358672752976418
0.16263647377490997, 0.015043273568153381
0.16266624629497528, 0.011585000902414322
0.16256099939346313, 0.013753675855696201
0.1617896407842636, 0.01835465058684349
0.16281810402870178, 0.014099127613008022
0.16318784654140472, 0.011449428275227547
0.1639031171798706, 0.009152302518486977
0.1620272994041443, 0.0165975634008646
0.16331107914447784, 0.012390734627842903
0.1626562774181366, 0.011662963777780533
0.1640072911977768, 0.013373934663832188
0.1613217145204544, 0.015242945402860641
0.1631004363298416, 0.008558963425457478
0.16179095208644867, 0.011507976800203323
0.16178204119205475, 0.012189836241304874
0.16252662241458893, 0.012482387013733387
0.16094127297401428, 0.014010400511324406
0.16244830191135406, 0.0126667320728302
0.16093096137046814, 0.01737549901008606
0.1609162539243698, 0.012669836170971394
0.1605551838874817, 0.013251468539237976
0.16051216423511505, 0.015349896624684334
0.16143104434013367, 0.012305531650781631
0.1625204086303711, 0.010258580558001995
0.16105146706104279, 0.013243449851870537
0.16071747243404388, 0.01334288902580738
0.16043873131275177, 0.01249645184725523
0.16125451028347015, 0.010628610849380493
0.16117632389068604, 0.015237719751894474
0.16195008158683777, 0.016210803762078285
0.16021212935447693, 0.01115060318261385
0.16073893010616302, 0.013148114085197449
0.16021479666233063, 0.0076974136754870415
0.15996868908405304, 0.010089059360325336
0.15958718955516815, 0.015574206598103046
0.15927572548389435, 0.01607503555715084
0.1601836234331131, 0.01423496101051569
0.1628151684999466, 0.00916138757020235
0.1604948788881302, 0.010284874588251114
0.15921202301979065, 0.011296194978058338
0.15995536744594574, 0.014607764780521393
0.16157618165016174, 0.012857946567237377
0.16096825897693634, 0.009342100471258163
0.16103346645832062, 0.011986956000328064
0.16144077479839325, 0.012716987170279026
0.16074571013450623, 0.010587886907160282
0.16009029746055603, 0.011658578179776669
0.16221946477890015, 0.013391898944973946
0.1609233021736145, 0.012958037666976452
0.16064484417438507, 0.012199239805340767
0.16048121452331543, 0.0119340093806386
0.16179926693439484, 0.013520775362849236
0.16024386882781982, 0.01237129233777523
0.16046777367591858, 0.014805651269853115
0.1606692522764206, 0.009759843349456787
0.16084234416484833, 0.011533542536199093
0.15966898202896118, 0.01334652490913868
0.1612161248922348, 0.011366727761924267
0.16145749390125275, 0.009704713709652424
0.1602219194173813, 0.01190255768597126
0.16168856620788574, 0.011500670574605465
0.1608523279428482, 0.013080385513603687
0.16041600704193115, 0.014919723384082317
0.16102679073810577, 0.012311868369579315
0.1603780835866928, 0.013638503849506378
0.1595963090658188, 0.016214044764637947
0.16087444126605988, 0.010001645423471928
0.1596025824546814, 0.01524097379297018
0.15856249630451202, 0.010954784229397774
0.16103774309158325, 0.01264811772853136
0.15955086052417755, 0.01226650457829237
0.16013549268245697, 0.011087159626185894
0.16023197770118713, 0.012246934697031975
0.15946589410305023, 0.013439896516501904
0.1598850041627884, 0.015515345148742199
0.16019819676876068, 0.011667982675135136
0.1606915444135666, 0.01020097266882658
0.15922848880290985, 0.009131273254752159
0.16042767465114594, 0.014311414211988449
0.16114600002765656, 0.012309904210269451
0.15964467823505402, 0.014767280779778957
0.16011106967926025, 0.01128513365983963
0.1598086804151535, 0.012830998748540878
0.1597743034362793, 0.010768016800284386
0.1589135080575943, 0.016553685069084167
0.16025882959365845, 0.011392347514629364
0.1599186807870865, 0.011352903209626675
0.1609131395816803, 0.014230187982320786
0.1598634272813797, 0.014229449443519115
0.15995822846889496, 0.010985324159264565
0.16053743660449982, 0.010380926541984081
0.16014303267002106, 0.012691677547991276
0.16136890649795532, 0.009383294731378555
0.16051529347896576, 0.011079870164394379
0.15952672064304352, 0.011304798536002636
0.16013409197330475, 0.011813599616289139
0.1595369428396225, 0.012417628429830074
0.16154682636260986, 0.01225847564637661
0.16058428585529327, 0.010657072067260742
0.160068541765213, 0.012858668342232704
0.16006141901016235, 0.011782114394009113
0.1600877344608307, 0.01287212036550045
0.1595354825258255, 0.011811788193881512
0.16037216782569885, 0.013040956109762192
0.16039058566093445, 0.012239624746143818
0.15966029465198517, 0.012869331985712051
0.16113309562206268, 0.013948095962405205
0.160907581448555, 0.014767127111554146
0.16098277270793915, 0.009470202028751373
0.15969699621200562, 0.010400206781923771
0.15864121913909912, 0.016097769141197205
0.15843085944652557, 0.010622566565871239
0.15551064908504486, 0.01251604501157999
0.1493746042251587, 0.00936924573034048
0.141060471534729, 0.012032304890453815
0.13695938885211945, 0.01215287297964096
0.13156627118587494, 0.010586275719106197
0.12997759878635406, 0.011777207255363464
0.12858934700489044, 0.013490607962012291
0.12701044976711273, 0.013476171530783176
0.1264205276966095, 0.011159097775816917
0.1248144581913948, 0.00869831070303917
0.12423285096883774, 0.014378907158970833
0.12403934448957443, 0.01214582845568657
0.1230815127491951, 0.01077489834278822
0.12151312828063965, 0.014842672273516655
0.12208560109138489, 0.011469529941678047
0.12175648659467697, 0.010970027185976505
0.12150146067142487, 0.011943301185965538
0.12239808589220047, 0.010499660857021809
0.12061534821987152, 0.012662128545343876
0.12113075703382492, 0.013217110186815262
0.12137118726968765, 0.013995237648487091
0.12018321454524994, 0.015048825182020664
0.12088208645582199, 0.012946764007210732
0.1205260381102562, 0.01183297298848629
0.1203005462884903, 0.013973750174045563
0.11979545652866364, 0.012142783962190151
0.12003304064273834, 0.010381598956882954
0.11987292766571045, 0.010798419825732708
0.12101522088050842, 0.009478932246565819
0.11981313675642014, 0.009816802106797695
0.11991236358880997, 0.015490179881453514
0.12033765763044357, 0.01275541726499796
0.12040017545223236, 0.011804900132119656
0.119473896920681, 0.010802410542964935
0.11918226629495621, 0.014947505667805672
0.12012844532728195, 0.009053409099578857
0.11954283714294434, 0.010688595473766327
0.11977750808000565, 0.012291491962969303
0.11997457593679428, 0.00851299799978733
0.11981648951768875, 0.008735316805541515
0.1185770332813263, 0.01224899385124445
0.12045039236545563, 0.00700198020786047
0.11976104229688644, 0.010911241173744202
0.1188102588057518, 0.007520732469856739
0.11927643418312073, 0.01714070700109005
0.11938013136386871, 0.01623597741127014
0.11911453306674957, 0.010797080583870411
0.12060669809579849, 0.011396270245313644
0.12025969475507736, 0.01112142950296402
0.12052622437477112, 0.012520923279225826
0.1218576431274414, 0.011142520233988762
0.11957800388336182, 0.009499259293079376
0.11836834996938705, 0.01061174739152193
0.11829236149787903, 0.015468720346689224
0.11955682188272476, 0.0094691077247262
0.11944202333688736, 0.013520261272788048
0.12035436183214188, 0.010489675216376781
0.11956442892551422, 0.014027903787791729
0.12048105150461197, 0.011067811399698257
0.11976782232522964, 0.01230593305081129
0.11920464038848877, 0.010648076422512531
0.11940129846334457, 0.01062352117151022
0.11846163868904114, 0.012175546027719975
0.11878130584955215, 0.017718303948640823
0.11839979141950607, 0.009465793147683144
0.11967738717794418, 0.01198333129286766
0.11973406374454498, 0.01079806312918663
0.1201724112033844, 0.012233544141054153
0.11871054768562317, 0.01131161767989397
0.1189483180642128, 0.012947928160429
0.11919540911912918, 0.00935916043817997
0.11955062299966812, 0.013562334701418877
0.11957815289497375, 0.008477570489048958
0.1197369247674942, 0.010415726341307163
0.11802976578474045, 0.008138143457472324
0.11933685839176178, 0.008983130566775799
0.11889992654323578, 0.013346279971301556
0.11849897354841232, 0.012808340601623058
0.11899120360612869, 0.013445554301142693
0.1191452369093895, 0.01094597578048706
0.11857083439826965, 0.012828805483877659
0.11820149421691895, 0.013348612003028393
0.1196274533867836, 0.01429478544741869
0.11862023919820786, 0.010184505954384804
0.11765270680189133, 0.011558440513908863
0.11838163435459137, 0.007404055912047625
0.11902814358472824, 0.011398625560104847
0.1185673251748085, 0.013342686928808689
0.11904624104499817, 0.012417865917086601
0.11890266090631485, 0.010864869691431522
0.11830564588308334, 0.012828024104237556
0.12003818899393082, 0.011622383259236813
0.11818279325962067, 0.012993604876101017
0.11898546665906906, 0.012587017379701138
0.11809106916189194, 0.011450987309217453
0.11919727921485901, 0.013505677692592144
0.11848916113376617, 0.011810604482889175
0.11868931353092194, 0.01340137142688036
0.11944406479597092, 0.016489963978528976
0.11884123831987381, 0.012511142529547215
0.1192166805267334, 0.012912692502140999
0.11865423619747162, 0.011242376640439034
0.11784841120243073, 0.015118502080440521
0.11904941499233246, 0.012870966456830502
0.11770999431610107, 0.01112983375787735
0.119711734354496, 0.011775519698858261
0.11861296743154526, 0.011416152119636536
0.11965460330247879, 0.011664112098515034
0.11868631839752197, 0.010967203415930271
0.11749180406332016, 0.013996769674122334
0.11943060904741287, 0.009220976382493973
0.11909426748752594, 0.013742044568061829
0.11933198571205139, 0.01641874946653843
0.12017253041267395, 0.009075910784304142
0.11956825852394104, 0.012065024115145206
0.11937180161476135, 0.008660037070512772
0.11901596188545227, 0.013330422341823578
0.1183924674987793, 0.010555694811046124
0.11813590675592422, 0.011529374867677689
0.11899443715810776, 0.014344172552227974
0.11912576109170914, 0.012517162598669529
0.11959579586982727, 0.01005987636744976
0.11832829564809799, 0.014759551733732224
0.11979988217353821, 0.010053384117782116
0.11850052326917648, 0.01452577207237482
0.11895366758108139, 0.013429839164018631
0.11947572231292725, 0.010811742395162582
0.11828425526618958, 0.009394869208335876
0.11949598789215088, 0.01041655708104372
0.11817768961191177, 0.013037556782364845
0.11874956637620926, 0.012537246569991112
0.1196056380867958, 0.013658437877893448
0.118611179292202, 0.01288310531526804
0.11920125037431717, 0.012221491895616055
0.11784400045871735, 0.014363475143909454
0.11900390684604645, 0.011183141730725765
0.11812480539083481, 0.013588464818894863
0.11857815831899643, 0.01531977578997612
0.11895886063575745, 0.01143425889313221
0.11888359487056732, 0.013281406834721565
0.11880985647439957, 0.014047455973923206
0.118511863052845, 0.014920227229595184
0.11883126199245453, 0.011136772111058235
0.11970443278551102, 0.012467581778764725
0.11921069771051407, 0.01146691758185625
0.11926407366991043, 0.01286520529538393
0.11707646399736404, 0.02148515172302723
0.11876211315393448, 0.014146989211440086
0.1181703582406044, 0.009069221094250679
0.11921318620443344, 0.01058480329811573
0.1189744845032692, 0.014886113815009594
0.11638811230659485, 0.011579092592000961
0.11935219913721085, 0.008952542208135128
0.11893855035305023, 0.009791900403797626
0.11854689568281174, 0.011241486296057701
0.11957372725009918, 0.011346012353897095
0.11843229830265045, 0.010927832685410976
0.11938292533159256, 0.013076798059046268
0.11849416792392731, 0.01071248110383749
0.1185985580086708, 0.009494251571595669
0.11856463551521301, 0.014222584664821625
0.11930803209543228, 0.013207810930907726
0.11921501159667969, 0.007473241072148085
0.11942502111196518, 0.012260330840945244
0.11848746240139008, 0.008793407119810581
0.1190476268529892, 0.00854103360325098
0.1183939129114151, 0.006658127997070551
0.11808712035417557, 0.011954332701861858
0.117960125207901, 0.01077446062117815
0.11821761727333069, 0.013214905746281147
0.11903790384531021, 0.010343953035771847
0.11849778145551682, 0.01042214035987854
0.11875927448272705, 0.014083263464272022
0.11843061447143555, 0.012568597681820393
0.11983784288167953, 0.01103205792605877
0.11885061860084534, 0.012117418460547924
0.11832964420318604, 0.009487616829574108
0.11964084208011627, 0.009745869785547256
0.11966361105442047, 0.009583805687725544
0.119496189057827, 0.012427187524735928
0.11927885562181473, 0.010005771182477474
0.11797637492418289, 0.011861245147883892
0.1192237138748169, 0.010112601332366467
0.11900695413351059, 0.011947083286941051
0.11839697510004044, 0.01045361626893282
0.1176876351237297, 0.012760022655129433
0.11842916905879974, 0.01164159830659628
0.11957362294197083, 0.011053296737372875
0.12007570266723633, 0.009208081290125847
0.11898913979530334, 0.008368423208594322
0.11796722561120987, 0.011478187516331673
0.12012631446123123, 0.01078688632696867
0.11987797170877457, 0.01110805757343769
0.11837159097194672, 0.012194042094051838
0.11882141977548599, 0.012112257070839405
0.11959096044301987, 0.01382307056337595
0.11839497089385986, 0.012465477921068668
0.11844910681247711, 0.012351438403129578
0.11943075805902481, 0.008085857145488262
0.11785280704498291, 0.011970859952270985
0.11784279346466064, 0.010336754843592644
0.11791893094778061, 0.010803905315697193
0.11809424310922623, 0.015701035037636757
0.1193900927901268, 0.009455468505620956
0.11912515759468079, 0.011431233957409859
0.1181027740240097, 0.011925289407372475
0.11999930441379547, 0.010376520454883575
0.11844930797815323, 0.011273268610239029
0.11868539452552795, 0.014773767441511154
0.11866716295480728, 0.01076324563473463
0.11890611797571182, 0.012707256712019444
0.11830026656389236, 0.01420680247247219
0.11795731633901596, 0.014557681046426296
0.11813981086015701, 0.010124249383807182
0.11785254627466202, 0.013164198026061058
0.11734725534915924, 0.014970153570175171
0.11709531396627426, 0.01340207178145647
0.11854595690965652, 0.016330979764461517
0.11860797554254532, 0.012345544062554836
0.11932386457920074, 0.011370118707418442
0.11865602433681488, 0.010457237251102924
0.11814264208078384, 0.015099544078111649
0.11844222992658615, 0.01415892131626606
0.11902783066034317, 0.014324624091386795
0.11923510581254959, 0.009645228274166584
0.11898141354322433, 0.005513741169124842
0.11908160150051117, 0.014514668844640255
0.11880574375391006, 0.013650264590978622
0.11825018376111984, 0.013887161388993263
0.11930874735116959, 0.009341050870716572
0.11814864724874496, 0.012939639389514923
0.11801069229841232, 0.013109060935676098
0.11903928220272064, 0.00979662500321865
0.11818190664052963, 0.012300366535782814
0.11899717897176743, 0.014493145979940891
0.11940488964319229, 0.00893244706094265
0.11902111023664474, 0.013529421761631966
0.11827352643013, 0.012985613197088242
0.11957863718271255, 0.011266378685832024
0.11864186823368073, 0.007736061234027147
0.11856228858232498, 0.013509342446923256
0.11930791288614273, 0.006578476168215275
0.119221530854702, 0.01258222758769989
0.1192685216665268, 0.011275355704128742
0.11774032562971115, 0.013636765070259571
0.11932369321584702, 0.013172264210879803
0.11966853588819504, 0.01031995378434658
0.11907810717821121, 0.009556987322866917
0.11839919537305832, 0.013269596733152866
0.1192094087600708, 0.012719311751425266
0.11880984902381897, 0.011863179504871368
0.11787474155426025, 0.011356290429830551
0.11767277866601944, 0.010722448118031025
0.11825285851955414, 0.012459470890462399
0.11858581006526947, 0.012815904803574085
0.11906816065311432, 0.0119143882766366
0.11712399870157242, 0.012801248580217361
0.11854235082864761, 0.01420571468770504
0.11949704587459564, 0.01136202085763216
0.11872829496860504, 0.01283176802098751
0.11867943406105042, 0.013094641268253326
0.11934934556484222, 0.01185283437371254
0.11840035021305084, 0.015699176117777824
0.1188553050160408, 0.01318877749145031
0.1190454289317131, 0.012422001920640469
0.11910508573055267, 0.01419143844395876
0.11788688600063324, 0.018786877393722534
0.11929084360599518, 0.011575027368962765
0.11877928674221039, 0.011738751083612442
0.11866553872823715, 0.00936581939458847
0.11875128746032715, 0.012554841116070747
0.11877582222223282, 0.012003895826637745
0.11864307522773743, 0.010260089300572872
0.11776701360940933, 0.010589439421892166
0.11974375694990158, 0.014141869731247425
0.11998181790113449, 0.010452860035002232
0.11860285699367523, 0.012632953003048897
0.11852104216814041, 0.014136492274701595
0.11970178037881851, 0.012603091076016426
0.1188981682062149, 0.014262677170336246
0.11885891109704971, 0.01127870287746191
0.11889628320932388, 0.013947549276053905
0.11830935627222061, 0.012336893007159233
0.11874083429574966, 0.011255781166255474
0.11914336681365967, 0.010103152133524418
0.11989099532365799, 0.01199900172650814
0.11921373009681702, 0.010231729596853256
0.11884479969739914, 0.01138575840741396
0.1192113533616066, 0.011894754134118557
0.11843562126159668, 0.012291817925870419
0.11915192753076553, 0.008545894175767899
0.11868564039468765, 0.012796628288924694
0.11876930296421051, 0.01155290100723505
0.11849547922611237, 0.010357829742133617
0.11907597631216049, 0.011531365104019642
0.11888513714075089, 0.009799010120332241
0.11840663850307465, 0.014040863141417503
0.11956420540809631, 0.013274622149765491
0.11898016929626465, 0.013543198816478252
0.1177000105381012, 0.016944818198680878
0.11811602115631104, 0.012183641083538532
0.11827193200588226, 0.011070048436522484
0.1182212308049202, 0.012944119051098824
0.11870688945055008, 0.008215256966650486
0.11892437934875488, 0.01092853769659996
0.11942725628614426, 0.009902290999889374
0.11916005611419678, 0.010158658027648926
0.1186278685927391, 0.010938969440758228
0.11772634088993073, 0.011996598914265633
0.11812382191419601, 0.009594432078301907
0.11950336396694183, 0.009145018644630909
0.1178058534860611, 0.01254976261407137
0.11741779744625092, 0.011772640980780125
0.12019423395395279, 0.008247063495218754
0.1188039779663086, 0.012117802165448666
0.11809521168470383, 0.011650855652987957
0.11912267655134201, 0.011221698485314846
0.11876533180475235, 0.012675047852098942
0.11791299283504486, 0.013910194858908653
0.11816157400608063, 0.010735079646110535
0.11856701970100403, 0.010889741592109203
0.11828584223985672, 0.012155977077782154
0.11830340325832367, 0.010429587215185165
0.11934085935354233, 0.01133586373180151
0.11868108808994293, 0.012244953773915768
0.11873947083950043, 0.009381544776260853
0.11707324534654617, 0.009585597552359104
0.11886029690504074, 0.009745151735842228
0.11892034113407135, 0.008100408129394054
0.11967886984348297, 0.013086143881082535
0.11873466521501541, 0.012670273892581463
0.11928750574588776, 0.009676382876932621
0.11859828978776932, 0.010027995333075523
0.11987783014774323, 0.009391238912940025
0.11917231976985931, 0.010447654873132706
0.11919939517974854, 0.008287725038826466
0.11888636648654938, 0.013575902208685875
0.11771558225154877, 0.011187884025275707
0.11826513707637787, 0.014402089640498161
0.11737324297428131, 0.011972188018262386
0.11927572637796402, 0.011315539479255676
0.11828406900167465, 0.012708371505141258
0.11726424843072891, 0.011583182029426098
0.1194053366780281, 0.008536315523087978
0.11817113310098648, 0.011184423230588436
0.11883674561977386, 0.010183949023485184
0.11929216980934143, 0.013107404112815857
0.11869484931230545, 0.007275015581399202
0.11859104782342911, 0.013297763653099537
0.11874888837337494, 0.01002289168536663
0.11865752190351486, 0.011582989245653152
0.11920612305402756, 0.011832322925329208
0.11844734102487564, 0.010995646007359028
0.11894305795431137, 0.011380980722606182
0.11779256910085678, 0.012398350052535534
0.1181865707039833, 0.010163879953324795
0.11911862343549728, 0.01281910203397274
0.11817358434200287, 0.010700412094593048
0.11804123967885971, 0.011869998648762703
0.11904430389404297, 0.010706610046327114
0.11837228387594223, 0.008967792615294456
0.11767809838056564, 0.008039693348109722
0.11821845173835754, 0.016096677631139755
0.11833018809556961, 0.012836512178182602
0.11816147714853287, 0.014366830699145794
0.11796074360609055, 0.012478464283049107
0.11793257296085358, 0.01086146105080843
0.11925221979618073, 0.013171087950468063
0.1188167855143547, 0.01366584561765194
0.11900578439235687, 0.0090263020247221
0.1182219460606575, 0.014187874272465706
0.1181141808629036, 0.010639218613505363
0.11882229894399643, 0.013981033116579056
0.11864648759365082, 0.013456135988235474
0.11851106584072113, 0.014305627904832363
0.1181110143661499, 0.013479904271662235
0.11988995969295502, 0.010614268481731415
0.11852318793535233, 0.012289871461689472
0.11815495043992996, 0.010908626019954681
0.11916676163673401, 0.011358958669006824
0.11908967047929764, 0.00962077733129263
0.11798868328332901, 0.014145691879093647
0.11891555786132812, 0.011763746850192547
0.11962175369262695, 0.013380971737205982
0.11822447925806046, 0.013544369488954544
0.119465671479702, 0.010194784961640835
0.11915324628353119, 0.007056321948766708
0.11801155656576157, 0.012836888432502747
0.11902691423892975, 0.009968684054911137
0.11868255585432053, 0.013152476400136948
0.11958859860897064, 0.011111988686025143
0.1186506524682045, 0.010220133699476719
0.1175679937005043, 0.010298586450517178
0.11938033998012543, 0.013121540658175945
0.1187339648604393, 0.011421585455536842
0.11787855625152588, 0.015081638470292091
0.11818747967481613, 0.011983943171799183
0.11857087165117264, 0.010325976647436619
0.11916638910770416, 0.01119544543325901
0.11943136155605316, 0.008485700003802776
0.11842980980873108, 0.013645273633301258
0.1188361644744873, 0.009594202041625977
0.11843670904636383, 0.015423933044075966
0.11883718520402908, 0.01111999899148941
0.11895325779914856, 0.010051470249891281
0.11928270012140274, 0.012100991792976856
0.11819565296173096, 0.01154959388077259
0.11791280657052994, 0.012638448737561703
0.11865440756082535, 0.010829235427081585
0.11873333901166916, 0.01017729938030243
0.1190788596868515, 0.013638625852763653
0.11770132929086685, 0.012615581043064594
0.11724010109901428, 0.013974358327686787
0.11823572218418121, 0.010741719044744968
0.11895731836557388, 0.0147708710283041
0.11913783103227615, 0.011973490938544273
0.11771724373102188, 0.011962785385549068
0.11925245821475983, 0.010422363877296448
0.11908849328756332, 0.009591580368578434
0.11815057694911957, 0.013179287314414978
0.11728084087371826, 0.01662181317806244
0.11915169656276703, 0.012138345278799534
0.11781322956085205, 0.010163741186261177
0.11911581456661224, 0.012326286174356937
0.11790609359741211, 0.012164736166596413
0.11893937736749649, 0.010589818470180035
0.11682001501321793, 0.010656948201358318
0.11825386434793472, 0.012031753547489643
0.1186276450753212, 0.011609903536736965
0.11889506876468658, 0.009844235144555569
0.11876960843801498, 0.014255699701607227
0.11837773770093918, 0.009402235969901085
0.1185285821557045, 0.01492893137037754
0.11842775344848633, 0.014791861176490784
0.11846330761909485, 0.011771081946790218
0.11887288093566895, 0.01184308435767889
0.11995045095682144, 0.008897474966943264
0.1180700734257698, 0.009652050212025642
0.11876022815704346, 0.012826771475374699
0.11885658651590347, 0.011513040401041508
0.1178271621465683, 0.01314785797148943
0.11898171901702881, 0.010428890585899353
0.11966466903686523, 0.008530833758413792
0.11865716427564621, 0.01201323326677084
0.11931785196065903, 0.011991034261882305
0.11794556677341461, 0.011261303909122944
0.11791172623634338, 0.011937696486711502
0.119363933801651, 0.011611437425017357
0.11691216379404068, 0.01920926757156849
0.11797147244215012, 0.010964524932205677
0.11866092681884766, 0.010196194984018803
0.11827683448791504, 0.01093461737036705
0.1186366081237793, 0.01278368104249239
0.11905866116285324, 0.00890399981290102
0.11713744699954987, 0.011945992708206177
0.1196228563785553, 0.008094966411590576
0.11950669437646866, 0.009497938677668571
0.11877299845218658, 0.012973257340490818
0.11739948391914368, 0.016921622678637505
0.11807121336460114, 0.009746929630637169
0.11915434896945953, 0.010867659002542496
0.11790702491998672, 0.011476894840598106
0.11823376268148422, 0.014801949262619019
0.11844844371080399, 0.010101388208568096
0.1184987872838974, 0.010650419630110264
0.11877056211233139, 0.012669289484620094
0.11806176602840424, 0.01297370158135891
0.11918376386165619, 0.010206086561083794
0.11835324764251709, 0.012134355492889881
0.11851947754621506, 0.01245852094143629
0.11856889724731445, 0.010679572820663452
0.11921821534633636, 0.012720363214612007
0.11957798898220062, 0.011754045262932777
0.11910414695739746, 0.014337249100208282
0.11827650666236877, 0.011343789286911488
0.11883510649204254, 0.015419400297105312
0.11779039353132248, 0.013797730207443237
0.11839202791452408, 0.013746208511292934
0.11837372928857803, 0.011534914374351501
0.11870791018009186, 0.010146336629986763
0.11917384713888168, 0.0078033218160271645
0.11919441819190979, 0.01105109415948391
0.1185661181807518, 0.009348189458251
0.11941546946763992, 0.010172984562814236
0.11843012273311615, 0.010790076106786728
0.11818117648363113, 0.011728543788194656
0.11829648166894913, 0.0097917839884758
0.11830347031354904, 0.011575080454349518
0.11888711899518967, 0.012349330820143223
0.11889958381652832, 0.01223176158964634
0.1190667450428009, 0.008325902745127678
0.11844376474618912, 0.01085177343338728
0.11859168112277985, 0.013190703466534615
0.11858878284692764, 0.01563887856900692
0.11818868666887283, 0.01174868643283844
0.11928281933069229, 0.015321054495871067
0.11968532204627991, 0.012839212082326412
0.11984679847955704, 0.007897126488387585
0.11895203590393066, 0.011478576809167862
0.11953277140855789, 0.011961649172008038
0.11923549324274063, 0.013381005264818668
0.11910223960876465, 0.007480734959244728
0.11738187819719315, 0.01285709161311388
0.11852230131626129, 0.010271417908370495
0.11899261921644211, 0.010288345627486706
0.11896761506795883, 0.012289626523852348
0.1187661662697792, 0.013379084877669811
0.1178300678730011, 0.012758078053593636
0.11886504292488098, 0.012349453754723072
0.11869887262582779, 0.01086890697479248
0.11842308193445206, 0.009573916904628277
0.11740480363368988, 0.014637620188295841
0.11815381050109863, 0.015245429240167141
0.11929353326559067, 0.01347817201167345
0.11947343498468399, 0.011928289197385311
0.11750176548957825, 0.01427012961357832
0.11969134956598282, 0.010350235737860203
0.1185685396194458, 0.011219159699976444
0.11827688664197922, 0.016327980905771255
0.11867373436689377, 0.008317393250763416
0.11853035539388657, 0.012863603420555592
0.11799711734056473, 0.010081644169986248
0.11763685196638107, 0.00967273861169815
0.11875133961439133, 0.009145885705947876
0.11901036649942398, 0.011869153939187527
0.11823025345802307, 0.01401467714458704
0.11793720722198486, 0.015062223188579082
0.11933496594429016, 0.010990946553647518
0.1189667135477066, 0.012424666434526443
0.1182282492518425, 0.012582503259181976
0.11843779683113098, 0.011958928778767586
0.11887441575527191, 0.011940873228013515
0.11736438423395157, 0.013691865839064121
0.11822079122066498, 0.010937868617475033
0.1186157613992691, 0.011700139380991459
0.1182459220290184, 0.011466294527053833
0.11866533756256104, 0.012042946182191372
0.1177741289138794, 0.014927016571164131
0.11877761781215668, 0.011139421723783016
0.11831196397542953, 0.01125417836010456
0.11846663057804108, 0.010988605208694935
0.11628071218729019, 0.015997828915715218
0.11768753081560135, 0.010811438784003258
0.11870765686035156, 0.010859481059014797
0.11847487092018127, 0.011253108270466328
0.11778291314840317, 0.014590788632631302
0.11895797401666641, 0.014175784774124622
0.11754623055458069, 0.011956192553043365
0.11781781166791916, 0.013663279823958874
0.11875364929437637, 0.011417393572628498
0.11825267225503922, 0.008116299286484718
0.11922436207532883, 0.011946153827011585
0.1189364343881607, 0.012991317547857761
0.11776001006364822, 0.0141208590939641
0.1175537109375, 0.012732193805277348
0.11811872571706772, 0.014653082005679607
0.11813551932573318, 0.015769032761454582
0.11860144138336182, 0.013630934059619904
0.11855129152536392, 0.014369822107255459
0.11903270334005356, 0.011553886346518993
0.11896129697561264, 0.008213263936340809
0.11825460940599442, 0.012407837435603142
0.11848538368940353, 0.012847652658820152
0.1185375303030014, 0.010127811692655087
0.11781671643257141, 0.014141642488539219
0.11827035993337631, 0.011846589855849743
0.11822572350502014, 0.006839802023023367
0.1183699369430542, 0.010110572911798954
0.11753833293914795, 0.009082403965294361
0.11881168931722641, 0.011251830495893955
0.11826516687870026, 0.013752661645412445
0.1178608238697052, 0.01231232937425375
0.11731505393981934, 0.011933119967579842
0.11821511387825012, 0.011878511868417263
0.11914236098527908, 0.010013134218752384
0.11861353367567062, 0.015202122740447521
0.11891961097717285, 0.013643461279571056
0.11972607672214508, 0.008661434054374695
0.11832252889871597, 0.009001214057207108
0.11857817322015762, 0.0110500892624259
0.11760857701301575, 0.011657469905912876
0.11849379539489746, 0.013631535694003105
0.11868216097354889, 0.012605772353708744
0.11819357424974442, 0.010173889808356762
0.1179371029138565, 0.012260371819138527
0.11792323738336563, 0.009906746447086334
0.11722975224256516, 0.010269460268318653
0.11860340088605881, 0.009514817036688328
0.11803276091814041, 0.010251340456306934
0.11892415583133698, 0.012291470542550087
0.11849967390298843, 0.01350250095129013
0.11872604489326477, 0.012546573765575886
0.11868911236524582, 0.012840963900089264
0.11827247589826584, 0.012330851517617702
0.1190338283777237, 0.012360007502138615
0.1187383309006691, 0.011073494330048561
0.1177934780716896, 0.012086242437362671
0.11893341690301895, 0.012371343560516834
0.1192338839173317, 0.009888424538075924
0.11819757521152496, 0.0157526396214962
0.11863793432712555, 0.010890686884522438
0.11820464581251144, 0.014038008637726307
0.11884013563394547, 0.012726467102766037
0.1196785643696785, 0.011265475302934647
0.11812663078308105, 0.0138759296387434
0.11876031011343002, 0.009669478051364422
0.11777365207672119, 0.012671045958995819
0.11721280217170715, 0.010017412714660168
0.1182185709476471, 0.01101009827107191
0.11819835752248764, 0.010252857580780983
0.11831971257925034, 0.012944510206580162
0.11757792532444, 0.01591682806611061
0.11848366260528564, 0.013725092634558678
0.11822877079248428, 0.01100370567291975
0.11800607293844223, 0.011839037761092186
0.11924395710229874, 0.01432756707072258
0.11681333184242249, 0.013811713084578514
0.11840245872735977, 0.011851516552269459
0.1188790574669838, 0.01140177994966507
0.11827819794416428, 0.013122702948749065
0.11830750107765198, 0.014565728604793549
0.11854241788387299, 0.013307052664458752
0.11919707804918289, 0.00996426958590746
0.11833213269710541, 0.012260619550943375
0.11885911971330643, 0.009768190793693066
0.11844827234745026, 0.01383183803409338
0.11860097944736481, 0.012101005762815475
0.11818235367536545, 0.010797973722219467
0.11877727508544922, 0.013067121617496014
0.11965211480855942, 0.011174948886036873
0.11849787831306458, 0.009622422978281975
0.11874455958604813, 0.010682309977710247
0.1181575357913971, 0.013421596959233284
0.11836013942956924, 0.011512203142046928
0.11917953938245773, 0.012993440963327885
0.11642452329397202, 0.010236925445497036
0.1180402860045433, 0.009685656987130642
0.1176515445113182, 0.011506887152791023
0.1190766915678978, 0.0132831372320652
0.11905789375305176, 0.013236171565949917
0.11922335624694824, 0.012905404902994633
0.11893387883901596, 0.012964227236807346
0.11876776814460754, 0.013602115213871002
0.11736239492893219, 0.01565682888031006
0.11815158277750015, 0.014483693987131119
0.11924224346876144, 0.01044069416821003
0.11823349446058273, 0.011378108523786068
0.11815980821847916, 0.008708550594747066
0.11943765729665756, 0.010727399960160255
0.11818688362836838, 0.014861957170069218
0.1168762817978859, 0.010660722851753235
0.11869670450687408, 0.012890729121863842
0.11877153068780899, 0.013958846218883991
0.11776235699653625, 0.013407566584646702
0.11918331682682037, 0.010600841604173183
0.1181018128991127, 0.013776030391454697
0.11811206489801407, 0.010283195413649082
0.11841407418251038, 0.010936920531094074
0.11816952377557755, 0.00994790904223919
0.11885537207126617, 0.008270589634776115
0.11882849782705307, 0.010917595587670803
0.11901799589395523, 0.012408905662596226
0.11768429726362228, 0.01449944730848074
0.11799529939889908, 0.011333911679685116
0.11797022819519043, 0.013163300231099129
0.11867164075374603, 0.011020520702004433
0.11787623912096024, 0.010710635222494602
0.11701150983572006, 0.012370707467198372
0.11905692517757416, 0.012345883995294571
0.1191510260105133, 0.011407929472625256
0.11797574907541275, 0.015590746887028217
0.11881425976753235, 0.010974977165460587
0.11787770688533783, 0.010848130099475384
0.11712709069252014, 0.01311456598341465
0.11851881444454193, 0.014008957892656326
0.11770914494991302, 0.01502571627497673
0.11885886639356613, 0.015446176752448082
0.11891015619039536, 0.010205480270087719
0.1194099560379982, 0.010180574841797352
0.11898229271173477, 0.012453286908566952
0.11937440931797028, 0.010201401077210903
0.11823789030313492, 0.011065912432968616
0.11867771297693253, 0.0144503153860569
0.11744536459445953, 0.012798032723367214
0.11973229795694351, 0.011042875237762928
0.11770880222320557, 0.012803636491298676
0.11863362789154053, 0.010938786901533604
0.11825307458639145, 0.011763039045035839
0.11853958666324615, 0.009933887049555779
0.1186978816986084, 0.014462518505752087
0.11887429654598236, 0.012006891891360283
0.11857402324676514, 0.011842493899166584
0.11872845143079758, 0.010431831702589989
0.1182345449924469, 0.012117888778448105
0.11879084259271622, 0.01036321371793747
0.11835780739784241, 0.011570094153285027
0.1176249161362648, 0.011814662255346775
0.11883985996246338, 0.012865785509347916
0.11813700199127197, 0.010592261329293251
0.11835644394159317, 0.014044259674847126
0.11902943253517151, 0.011863656342029572
0.11864688992500305, 0.014730892144143581
0.11943145841360092, 0.012067992240190506
0.11771564930677414, 0.011538210324943066
0.11959145963191986, 0.010060494765639305
0.11817518621683121, 0.01518278568983078
0.11897209286689758, 0.011970190331339836
0.11797410994768143, 0.015133917331695557
0.11933469772338867, 0.010900328867137432
0.11857794225215912, 0.013837759383022785
0.11820512264966965, 0.010478015057742596
0.11801205575466156, 0.009420049376785755
0.11739537864923477, 0.0128172617405653
0.11914375424385071, 0.01207196619361639
0.11808008700609207, 0.013062719255685806
0.11850415170192719, 0.01120193861424923
0.11868694424629211, 0.011845313012599945
0.11841245740652084, 0.012305447831749916
0.11898606270551682, 0.009332496672868729
0.11943129450082779, 0.008777217008173466
0.11793982982635498, 0.014128134585916996
0.11919842660427094, 0.011462528258562088
0.11805706471204758, 0.013203303329646587
0.11862468719482422, 0.010850133374333382
0.117679663002491, 0.010339037515223026
0.11788655817508698, 0.014938508160412312
0.11821557581424713, 0.01191132701933384
0.11831936985254288, 0.009282324463129044
0.11873970180749893, 0.00788737740367651
0.11885498464107513, 0.01152972225099802
0.11799481511116028, 0.01191830262541771
0.11794793605804443, 0.009628290310502052
0.11925163865089417, 0.009143700823187828
0.11720636487007141, 0.011184687726199627
0.11757538467645645, 0.012164569459855556
0.11846412718296051, 0.010737251490354538
0.11901303380727768, 0.011881104670464993
0.11759918183088303, 0.012160100042819977
0.11874706298112869, 0.010252747684717178
0.11924383789300919, 0.008540497161448002
0.11926589161157608, 0.009326382540166378
0.11876282840967178, 0.01242019236087799
0.11953210830688477, 0.011176778003573418
0.11749885976314545, 0.011923521757125854
0.11781167984008789, 0.01087488979101181
0.1178375631570816, 0.015001045539975166
0.11824940145015717, 0.013999938033521175
0.1180933341383934, 0.010938283056020737
0.11802802979946136, 0.009878512471914291
0.11893341690301895, 0.012198913842439651
0.11746997386217117, 0.011877702549099922
0.11966422945261002, 0.011651036329567432
0.11787038296461105, 0.012539811432361603
0.11830581724643707, 0.00961918942630291
0.11875399202108383, 0.010094885714352131
0.1185823455452919, 0.01427644956856966
0.1188262552022934, 0.010148702189326286
0.11937468498945236, 0.013227001763880253
0.11917074769735336, 0.013432711362838745
0.11809554696083069, 0.01161841582506895
0.1176246777176857, 0.013714960776269436
0.11783002316951752, 0.013038983568549156
0.11840559542179108, 0.013658585026860237
0.11831620335578918, 0.012240616604685783
0.11915801465511322, 0.011472785845398903
0.11896727234125137, 0.012207896448671818
0.11877132952213287, 0.011787819676101208
0.11808004975318909, 0.015851162374019623
0.1188013032078743, 0.011534779332578182
0.11840971559286118, 0.012686378322541714
0.11837564408779144, 0.010520904324948788
0.11827529966831207, 0.009450457990169525
0.11863871663808823, 0.012633519247174263
0.1188879981637001, 0.01390345674008131
0.11915828287601471, 0.01128586195409298
0.11844130605459213, 0.012680841609835625
0.11925787478685379, 0.0126798739656806
0.11779562383890152, 0.009940629824995995
0.11861380189657211, 0.011705808341503143
0.11779721826314926, 0.01088114082813263
0.11863504350185394, 0.010087601840496063
0.11911601573228836, 0.012790068052709103
0.1177351102232933, 0.013096760958433151
0.11914793401956558, 0.013823718763887882
0.1182188093662262, 0.01338209118694067
0.11907912790775299, 0.01310107484459877
0.11891136318445206, 0.011549086309969425
0.11757082492113113, 0.012429867871105671
0.11852751672267914, 0.010476391762495041
0.11880484968423843, 0.010271096602082253
0.11971429735422134, 0.0095718028023839
0.11833465099334717, 0.012090934440493584
0.11884164810180664, 0.010213196277618408
0.11813990026712418, 0.013736017979681492
0.11893043667078018, 0.013279388658702374
0.11729906499385834, 0.013642149046063423
0.11818794161081314, 0.012576086446642876
0.1171877384185791, 0.01142839901149273
0.11867274343967438, 0.010904504917562008
0.11743680387735367, 0.015533889643847942
0.11888252198696136, 0.008979132398962975
0.11886666715145111, 0.011361069045960903
0.11824031919240952, 0.014788124710321426
0.11832257360219955, 0.01460742112249136
0.11896210163831711, 0.014496730640530586
0.11736219376325607, 0.014699673280119896
0.11794017255306244, 0.011287391185760498
0.11861167103052139, 0.00996488705277443
0.11831436306238174, 0.015521063469350338
0.11858049780130386, 0.010267984122037888
0.11751870065927505, 0.01182694360613823
0.11841877549886703, 0.01127434428781271
0.11817862093448639, 0.011851757764816284
0.11640099436044693, 0.014237296767532825
0.11791135370731354, 0.014953549951314926
0.11887747794389725, 0.012396600097417831
0.11873160302639008, 0.012457942590117455
0.1175113096833229, 0.01469453051686287
0.11790362745523453, 0.009887208230793476
0.11927788704633713, 0.01103324256837368
0.11837604641914368, 0.01099300105124712
0.11898709833621979, 0.0163591131567955
0.11853427439928055, 0.01480438094586134
0.11813167482614517, 0.010759010910987854
0.11845880001783371, 0.008820247836411
0.11840204149484634, 0.015390035696327686
0.11859405040740967, 0.012703333050012589
0.11923233419656754, 0.009422769770026207
0.11776375770568848, 0.01219045277684927
0.1182994693517685, 0.013394337147474289
0.11866357922554016, 0.011926867067813873
0.11901389062404633, 0.013228199444711208
0.11830678582191467, 0.009086024016141891
0.11863221228122711, 0.009666831232607365
0.11859671026468277, 0.010033071041107178
0.11851847171783447, 0.011995883658528328
0.11803396791219711, 0.01123900804668665
0.11925564706325531, 0.011911286041140556
0.11803415417671204, 0.012564036063849926
0.11802109330892563, 0.013421385549008846
0.11874360591173172, 0.011835575103759766
0.11855524033308029, 0.010531955398619175
0.11808273941278458, 0.014515035785734653
0.11892154812812805, 0.012615649960935116
0.11871954053640366, 0.009742469526827335
0.11853941529989243, 0.014243167825043201
0.11823073774576187, 0.009181431494653225
0.11864186823368073, 0.01323470938950777
0.11913841217756271, 0.011684483848512173
0.11824779957532883, 0.012821718119084835
0.11851934343576431, 0.011540203355252743
0.11891424655914307, 0.013041331432759762
0.11762434989213943, 0.013554702512919903
0.11844735592603683, 0.012846533209085464
0.11905528604984283, 0.012699568644165993
0.11768247187137604, 0.012227009981870651
0.11824209243059158, 0.011429600417613983
0.11857044696807861, 0.012261206284165382
0.11717779189348221, 0.01022313255816698
0.11814992874860764, 0.007911992259323597
0.1177079975605011, 0.01302383467555046
0.11753887683153152, 0.009710133075714111
0.11928015202283859, 0.010679702274501324
0.11909279972314835, 0.010614077560603619
0.1189500242471695, 0.012936021201312542
0.11773202568292618, 0.014254478737711906
0.11890459060668945, 0.015174902975559235
0.11824119091033936, 0.011133488267660141
0.11813892424106598, 0.012663714587688446
0.11761205643415451, 0.011953742243349552
0.1171862930059433, 0.016558030620217323
0.11850284039974213, 0.013564320281147957
0.11968369036912918, 0.007425546180456877
0.11783715337514877, 0.010778135620057583
0.11778848618268967, 0.00840704794973135
0.11874739080667496, 0.01325179636478424
0.1190543994307518, 0.014357847161591053
0.11793989688158035, 0.011515730991959572
0.118519626557827, 0.014399060979485512
0.11909578740596771, 0.010718858800828457
0.11815566569566727, 0.010039123706519604
0.11704415827989578, 0.014635213650763035
0.11855792999267578, 0.012364523485302925
0.11926787346601486, 0.009407635778188705
0.11814836412668228, 0.011273598298430443
0.11884370446205139, 0.012739515863358974
0.11846380680799484, 0.010613545775413513
0.1184191182255745, 0.013559535145759583
0.11910692602396011, 0.011085299775004387
0.11877381801605225, 0.012577599845826626
0.11811111122369766, 0.01041118148714304
0.11632130295038223, 0.011189746670424938
0.11821062117815018, 0.009654218330979347
0.1187983900308609, 0.01244799979031086
0.11872575432062149, 0.01595293916761875
0.11914323270320892, 0.01096973568201065
0.11875960975885391, 0.012682128697633743
0.11791954934597015, 0.015628958120942116
0.1196836605668068, 0.01121534314006567
0.11827345937490463, 0.01134641095995903
0.11675388365983963, 0.013377728872001171
0.11862335354089737, 0.01196485385298729
0.11842279881238937, 0.008851122111082077
0.11887568980455399, 0.011877072975039482
0.1170770451426506, 0.007400534115731716
0.11959351599216461, 0.014263784512877464
0.11779974400997162, 0.00838145799934864
0.11816210299730301, 0.011234686709940434
0.11867640167474747, 0.010657391510903835
0.1181071475148201, 0.010876873508095741
0.11811116337776184, 0.012226320803165436
0.11811847239732742, 0.01035479735583067
0.1188218966126442, 0.012311900034546852
0.11851795762777328, 0.01207492034882307
0.11846701055765152, 0.007620485965162516
0.11912926286458969, 0.013583998195827007
0.118563212454319, 0.012988561764359474
0.11845758557319641, 0.015335761941969395
0.11861215531826019, 0.015836035832762718
0.11795148998498917, 0.013553469441831112
0.11758938431739807, 0.012704678811132908
0.11897097527980804, 0.009977747686207294
0.1189974695444107, 0.009084961377084255
0.11873796582221985, 0.015030182898044586
0.1181730180978775, 0.012122252956032753
0.11885634064674377, 0.010005054995417595
0.11702300608158112, 0.012167640961706638
0.11824540048837662, 0.010432076640427113
0.11829735338687897, 0.013246279209852219
0.11909981817007065, 0.011871354654431343
0.11834456026554108, 0.013354395516216755
0.1184588149189949, 0.012902419082820415
0.119002565741539, 0.012726472690701485
0.11788831651210785, 0.013010164722800255
0.11878672242164612, 0.010872884653508663
0.11869564652442932, 0.012897150591015816
0.11755963414907455, 0.01131703145802021
0.1190071776509285, 0.013732115738093853
0.11898056417703629, 0.009493213146924973
0.11822105944156647, 0.012292652390897274
0.11833830922842026, 0.00956878624856472
0.11939361691474915, 0.01053338311612606
0.11891508102416992, 0.007277180440723896
0.11812034994363785, 0.013851196505129337
0.11853267252445221, 0.016890253871679306
0.11737649887800217, 0.013801499269902706
0.1185469776391983, 0.013320758007466793
0.11789558827877045, 0.012736924923956394
0.11874275654554367, 0.011887759901583195
0.11675155162811279, 0.0133375758305192
0.11748448014259338, 0.015515183098614216
0.11890379339456558, 0.010976368561387062
0.11880658566951752, 0.012980901636183262
0.11920005828142166, 0.012232274748384953
0.11880980432033539, 0.012307574972510338
0.1189565435051918, 0.00799680408090353
0.11923711746931076, 0.009003291837871075
0.11875084787607193, 0.009535307064652443
0.11745146661996841, 0.01810038834810257
0.11876638978719711, 0.010554940439760685
0.11879605799913406, 0.015965919941663742
0.11777480691671371, 0.011954817920923233
0.11790106445550919, 0.010129659436643124
0.11689204722642899, 0.00991174578666687
0.1189872995018959, 0.008024686016142368
0.11850297451019287, 0.015399147756397724
0.11764160543680191, 0.012739455327391624
0.1184823289513588, 0.010062322951853275
0.11795612424612045, 0.00836537778377533
0.11854662001132965, 0.014262913726270199
0.11764898896217346, 0.012944420799612999
0.11781741678714752, 0.012687553651630878
0.1178579330444336, 0.012334151193499565
0.11889604479074478, 0.012233272194862366
0.11855970323085785, 0.00943836010992527
0.1180940642952919, 0.016471797600388527
0.11880770325660706, 0.010126229375600815
0.11986847966909409, 0.010599796660244465
0.11939451843500137, 0.011939960531890392
0.11839354038238525, 0.013702130876481533
0.1184493824839592, 0.010112106800079346
0.11923147737979889, 0.011463411152362823
0.11800946295261383, 0.011966963298618793
0.11859308183193207, 0.009446782991290092
0.11771195381879807, 0.010249954648315907
0.11934137344360352, 0.010545086115598679
0.11916698515415192, 0.007402739021927118
0.11776676774024963, 0.012712745927274227
0.11892334371805191, 0.01070604007691145
0.11806400865316391, 0.010112305171787739
0.11698155850172043, 0.01237688958644867
0.11851944029331207, 0.007237526588141918
0.11838147789239883, 0.011965721845626831
0.11847434192895889, 0.012622447684407234
0.11902716755867004, 0.013370395638048649
0.11811358481645584, 0.012183106504380703
0.11796906590461731, 0.01063193567097187
0.11866839975118637, 0.009181689471006393
0.11765453964471817, 0.011812870390713215
0.11860685795545578, 0.01000899076461792
0.11847121268510818, 0.01324436441063881
0.11872805655002594, 0.01315887738019228
0.1189267635345459, 0.013424280099570751
0.11839523911476135, 0.009186089970171452
0.11878760904073715, 0.012964824214577675
0.11783695220947266, 0.011964467354118824
0.11894263327121735, 0.008538668975234032
0.11819116026163101, 0.01476422417908907
0.11877889186143875, 0.012247473932802677
0.1184355840086937, 0.011546768248081207
0.11886618286371231, 0.010593703016638756
0.11880670487880707, 0.015185289084911346
0.11851904541254044, 0.011050388216972351
0.1189701035618782, 0.012406580150127411
0.12006178498268127, 0.008534985594451427
0.12001398205757141, 0.01262129470705986
0.1177486851811409, 0.01471043936908245
0.11908606439828873, 0.012136747129261494
0.11859426647424698, 0.0118492366746068
0.11978857964277267, 0.010437991470098495
0.11894271522760391, 0.012213574722409248
0.11832262575626373, 0.013620726764202118
0.11757046729326248, 0.010144498199224472
0.11888638883829117, 0.007968793623149395
0.11770599335432053, 0.011827661655843258
0.11787920445203781, 0.015952350571751595
0.11807237565517426, 0.011214072816073895
0.11814907938241959, 0.013210809789597988
0.11838939785957336, 0.014104003086686134
0.11840086430311203, 0.011293018236756325
0.11831722408533096, 0.011126654222607613
0.11884976923465729, 0.008865528739988804
0.11926481872797012, 0.011568183079361916
0.1174202486872673, 0.008776775561273098
0.11927984654903412, 0.011669390834867954
0.11939365416765213, 0.009832263924181461
0.11714892834424973, 0.011506554670631886
0.11842981725931168, 0.011771556921303272
0.11793499439954758, 0.015153908170759678
0.1192229613661766, 0.01104032527655363
0.11849220842123032, 0.012515909038484097
0.11815185099840164, 0.01481284387409687
0.11859472841024399, 0.011162113398313522
0.11812848597764969, 0.011943802237510681
0.11817606538534164, 0.009055756032466888
0.11845751851797104, 0.01048461813479662
0.11904243379831314, 0.011598262935876846
0.11680519580841064, 0.011098136194050312
0.11789064854383469, 0.011743932031095028
0.11901405453681946, 0.010058075189590454
0.11766413599252701, 0.017577525228261948
0.11855663359165192, 0.012054817751049995
0.11920416355133057, 0.014124837704002857
0.11798054724931717, 0.013047346845269203
0.11944474279880524, 0.009229305200278759
0.11848044395446777, 0.011762893758714199
0.11903239786624908, 0.015063462778925896
0.1175837367773056, 0.012286379002034664
0.11752215027809143, 0.013161111623048782
0.11959395557641983, 0.011977062560617924
0.11843875050544739, 0.011910189874470234
0.1187296062707901, 0.014140057377517223
0.11783920228481293, 0.011998842470347881
0.11965346336364746, 0.009430673904716969
0.11817804723978043, 0.013482367619872093
0.11908886581659317, 0.014848976396024227
0.11856141686439514, 0.01201839279383421
0.11786141991615295, 0.010431104339659214
0.11816644668579102, 0.018212756142020226
0.1177060455083847, 0.010517838411033154
0.11853403598070145, 0.013125845231115818
0.1186641976237297, 0.010876246728003025
0.11802835017442703, 0.010941674001514912
0.11761244386434555, 0.016451595351099968
0.1183851957321167, 0.012099853716790676
0.11825447529554367, 0.009433906525373459
0.11838841438293457, 0.014266318641602993
0.11772274971008301, 0.011792095378041267
0.11787553876638412, 0.011158762499690056
0.11695881932973862, 0.014524506404995918
0.11907505989074707, 0.010338776744902134
0.11886293441057205, 0.012974552810192108
0.1191621869802475, 0.010306895710527897
0.11832805722951889, 0.013718354515731335
0.11879456043243408, 0.009811530821025372
0.11879187077283859, 0.009806281886994839
0.11878515779972076, 0.013764938339591026
0.11761150509119034, 0.01022365689277649
0.11840339750051498, 0.01240612380206585
0.11758102476596832, 0.011432351544499397
0.11812295019626617, 0.012729106470942497
0.11814752221107483, 0.01189471036195755
0.11865157634019852, 0.01175749022513628
0.11917410790920258, 0.00980721227824688
0.11712882667779922, 0.014290042221546173
0.11860322952270508, 0.011836782097816467
0.11872286349534988, 0.010692069306969643
0.11798980832099915, 0.013987613841891289
0.11856339126825333, 0.012400724925100803
0.11898158490657806, 0.010712740011513233
0.11813461780548096, 0.011025204323232174
0.11838129907846451, 0.012696965597569942
0.1188424825668335, 0.014937382191419601
0.11770639568567276, 0.01215891819447279
0.11883988976478577, 0.01110377348959446
0.11735514551401138, 0.014320921152830124
0.11875984817743301, 0.010012583807110786
0.11840195208787918, 0.012512718327343464
0.11897757649421692, 0.010197748430073261
0.11767593026161194, 0.01196938194334507
0.11839110404253006, 0.0097791263833642
0.11743158847093582, 0.015513542108237743
0.11822173744440079, 0.012408599257469177
0.11739054322242737, 0.0129288574680686
0.11855360120534897, 0.013627750799059868
0.11836915463209152, 0.012004801072180271
0.11847271025180817, 0.009316527284681797
0.11815311014652252, 0.01091271173208952
0.1187906265258789, 0.011220648884773254
0.11833056062459946, 0.013125154189765453
0.11811775714159012, 0.011506576091051102
0.11838348954916, 0.013563697226345539
0.11761163175106049, 0.011925035156309605
0.11827754974365234, 0.012250482104718685
0.11790898442268372, 0.010426233522593975
0.11866537481546402, 0.010203995741903782
0.11803701519966125, 0.008757773786783218
0.11839456111192703, 0.014317186549305916
0.11785765737295151, 0.013673612847924232
0.1179741770029068, 0.013112758286297321
0.11809999495744705, 0.011252845637500286
0.11852194368839264, 0.008982392959296703
0.11900430172681808, 0.013925576582551003
0.11836477369070053, 0.010987232439219952
0.11810510605573654, 0.014175820164382458
0.11707992106676102, 0.010416771285235882
0.11751729995012283, 0.01596788689494133
0.11819589138031006, 0.010078147985041142
0.11799417436122894, 0.018851326778531075
0.11878605931997299, 0.01054944284260273
0.1183634102344513, 0.012844915501773357
0.1186373382806778, 0.01210861001163721
0.11799272149801254, 0.010042024776339531
0.11831340938806534, 0.012357387691736221
0.11755988746881485, 0.01123381219804287
0.11790571361780167, 0.011563478969037533
0.11776803433895111, 0.012577911838889122
0.11877759546041489, 0.013371332548558712
0.11825866252183914, 0.012624261900782585
0.11847545206546783, 0.009960195980966091
0.11870459467172623, 0.011272959411144257
0.11819390207529068, 0.012700595892965794
0.11821843683719635, 0.01078711450099945
0.11672450602054596, 0.014279903843998909
0.11830972135066986, 0.014354078099131584
0.1189458891749382, 0.01483586709946394
0.11809968948364258, 0.015569171868264675
0.11821217089891434, 0.015444324351847172
0.11712799221277237, 0.014579440467059612
0.11890844255685806, 0.007160240784287453
0.11844494938850403, 0.013201422989368439
0.11801913380622864, 0.010933277197182178
0.11860251426696777, 0.010123058222234249
0.11811933666467667, 0.015170120634138584
0.11780224740505219, 0.012883223593235016
0.11818642169237137, 0.011798519641160965
0.1181168183684349, 0.014660768210887909
0.11886872351169586, 0.01082276739180088
0.11748424172401428, 0.012797345407307148
0.11827541887760162, 0.009292272850871086
0.11832482367753983, 0.015656447038054466
0.11732430011034012, 0.010947017930448055
0.11834899336099625, 0.010501688346266747
0.11841236054897308, 0.013882230035960674
0.11905859410762787, 0.010573052801191807
0.11676781624555588, 0.012748329900205135
0.11833397299051285, 0.010516383685171604
0.11839078366756439, 0.011210089549422264
0.11813536286354065, 0.013490034267306328
0.11871103197336197, 0.00932607613503933
0.11919908970594406, 0.011911449022591114
0.11872559040784836, 0.015954552218317986
0.1185314804315567, 0.011423837393522263
0.1194683089852333, 0.008992824703454971
0.1183554083108902, 0.009242748841643333
0.11800447106361389, 0.011135678738355637
0.11841116100549698, 0.011554043740034103
0.11870625615119934, 0.011669239960610867
0.11902414262294769, 0.01337488740682602
0.11824517697095871, 0.013353241607546806
0.11940696835517883, 0.01113919448107481
0.11814180016517639, 0.015074105001986027
0.11698504537343979, 0.014043314382433891
0.11860541254281998, 0.012781024910509586
0.11831271648406982, 0.009970014914870262
0.11745315045118332, 0.011150759644806385
0.11827252060174942, 0.01400058064609766
0.1188332661986351, 0.011391202919185162
0.11895332485437393, 0.010872641578316689
0.11740270256996155, 0.012128275819122791
0.11749780178070068, 0.011165076866745949
0.11784437298774719, 0.012431391514837742
0.11811988800764084, 0.011405707336962223
0.11812794208526611, 0.011460582725703716
0.11770513653755188, 0.015164567157626152
0.11862865090370178, 0.01015401165932417
0.11720310151576996, 0.01630740985274315
0.11836107820272446, 0.009225722402334213
0.11882555484771729, 0.011545033194124699
0.11892187595367432, 0.01107656117528677
0.11687204986810684, 0.016865400597453117
0.1188807338476181, 0.011540067382156849
0.118096724152565, 0.011100376024842262
0.11839915812015533, 0.01295558549463749
0.11809411644935608, 0.014396178536117077
0.11865513771772385, 0.011462699621915817
0.11794684082269669, 0.01403036154806614
0.11826585233211517, 0.014134027063846588
0.11898873001337051, 0.013867962174117565
0.11887025833129883, 0.009944689460098743
0.11890232563018799, 0.01116567850112915
0.11842608451843262, 0.012859826907515526
0.11730604618787766, 0.009645185433328152
0.11798291653394699, 0.013533128425478935
0.11856018006801605, 0.01144423708319664
0.11813990026712418, 0.013499543070793152
0.11768625676631927, 0.013472065329551697
0.11813019216060638, 0.012713847681879997
0.117878757417202, 0.013412156142294407
0.11856240779161453, 0.013259432278573513
0.1180606409907341, 0.012328828684985638
0.11845178157091141, 0.012490250170230865
0.11791450530290604, 0.009172234684228897
0.11879927664995193, 0.008656634949147701
0.11895301938056946, 0.011074541136622429
0.11910934001207352, 0.012005675584077835
0.11797235161066055, 0.014663640409708023
0.11868494004011154, 0.013242566958069801
0.11813705414533615, 0.011622247286140919
0.11856324225664139, 0.01036843005567789
0.1187116950750351, 0.014510753564536572
