mean, std
0.16856220364570618, 0.04102787375450134
0.10189739614725113, 0.009363194927573204
0.08753017336130142, 0.008491001091897488
0.08941923081874847, 0.0066777439787983894
0.08885195106267929, 0.007452020421624184
0.08445397764444351, 0.008619463071227074
0.08472499996423721, 0.00845678523182869
0.08579001575708389, 0.012020367197692394
0.08448192477226257, 0.012240618467330933
0.0933382511138916, 0.014810722321271896
0.08314164727926254, 0.010964011773467064
0.07593029737472534, 0.018785640597343445
0.07447347044944763, 0.01432107388973236
0.07620146125555038, 0.02199292555451393
0.0719636082649231, 0.012935183010995388
0.07462194561958313, 0.014430077746510506
0.07572497427463531, 0.014749685302376747
0.07500128448009491, 0.01976621523499489
0.07860294729471207, 0.018071794882416725
0.07780240476131439, 0.01919161155819893
0.0782613605260849, 0.020695760846138
0.07764039188623428, 0.016616802662611008
0.07855073362588882, 0.013142113573849201
0.07329477369785309, 0.01972166821360588
0.07454634457826614, 0.013733663596212864
0.07878290116786957, 0.015803368762135506
0.08109909296035767, 0.016828684136271477
0.07447033375501633, 0.017734229564666748
0.07473280280828476, 0.022098852321505547
0.07557489722967148, 0.01900603622198105
0.07859665900468826, 0.01996711827814579
0.07729003578424454, 0.016348645091056824
0.0749572142958641, 0.02333454042673111
0.06745975464582443, 0.01393136940896511
0.07815014570951462, 0.033133890479803085
0.06739924848079681, 0.011539284139871597
0.07407470792531967, 0.019409431144595146
0.07338110357522964, 0.019460096955299377
0.0752987340092659, 0.023162635043263435
0.07238313555717468, 0.020000837743282318
0.0726892426609993, 0.015050642192363739
0.0788549855351448, 0.025499559938907623
0.06851571053266525, 0.016967186704277992
0.0811317041516304, 0.023522932082414627
0.07443550229072571, 0.014600641094148159
0.06940353661775589, 0.016232160851359367
0.0798492431640625, 0.029352674260735512
0.07154453545808792, 0.02084416151046753
0.0722133070230484, 0.02442556619644165
0.07417339831590652, 0.022526327520608902
0.07611514627933502, 0.01387313473969698
0.07590780407190323, 0.01621236465871334
0.07440082728862762, 0.017251985147595406
0.08910194784402847, 0.027868831530213356
0.07870931178331375, 0.0195496566593647
0.06906204670667648, 0.018463527783751488
0.0702751949429512, 0.014985744841396809
0.07298298925161362, 0.018854284659028053
0.06598828732967377, 0.012004057876765728
0.07144574820995331, 0.011801479384303093
0.07489199936389923, 0.02354651875793934
0.0721207857131958, 0.016501711681485176
0.07381733506917953, 0.02240915596485138
0.07365316152572632, 0.018837733194231987
0.07615713030099869, 0.017506415024399757
0.06788364797830582, 0.01688980497419834
0.08310690522193909, 0.015276459977030754
0.06927844136953354, 0.01565416529774666
0.07857884466648102, 0.0197384562343359
0.06959216296672821, 0.01339063048362732
0.0773930624127388, 0.014580209739506245
0.07218364626169205, 0.016430947929620743
0.08228659629821777, 0.031736038625240326
0.0728667676448822, 0.019187266007065773
0.07911617308855057, 0.01365451980382204
0.0726882591843605, 0.015079723671078682
0.07184849679470062, 0.015782231464982033
0.07614457607269287, 0.017546549439430237
0.0724024698138237, 0.02059452049434185
0.0763135552406311, 0.016721833497285843
0.076693095266819, 0.025558996945619583
0.0721244364976883, 0.013296560384333134
0.07839958369731903, 0.017813822254538536
0.08162049949169159, 0.01695612259209156
0.07113578170537949, 0.011119323782622814
0.07462819665670395, 0.020776476711034775
0.0771307721734047, 0.020723437890410423
0.0740453451871872, 0.02455146051943302
0.07217882573604584, 0.01557388436049223
0.08238128572702408, 0.025261497125029564
0.06757599115371704, 0.015550585463643074
0.07647162675857544, 0.019163448363542557
0.07185769826173782, 0.01828840933740139
0.08154080808162689, 0.023856686428189278
0.08446543663740158, 0.015682702884078026
0.06952125579118729, 0.019218971952795982
0.0847153440117836, 0.022140666842460632
0.07336700707674026, 0.01743103191256523
0.07661323994398117, 0.014812791720032692
0.0765090361237526, 0.022170105949044228
0.0748770609498024, 0.016413487493991852
0.08097434043884277, 0.019317109137773514
0.07608824223279953, 0.015454101376235485
0.08369330316781998, 0.0202522911131382
0.07489187270402908, 0.018758326768875122
0.07591652125120163, 0.022495945915579796
0.07435347139835358, 0.019497938454151154
0.07955066114664078, 0.01726159080862999
0.07324709743261337, 0.016485612839460373
0.07462289929389954, 0.013618686236441135
0.0735756903886795, 0.015549729578197002
0.06910999864339828, 0.01580090820789337
0.07541131973266602, 0.018600335344672203
0.08366451412439346, 0.01646464504301548
0.08208345621824265, 0.019801713526248932
0.07238750159740448, 0.017267046496272087
0.07988514006137848, 0.020563455298542976
0.08051151782274246, 0.013669156469404697
0.07559884339570999, 0.02081240527331829
0.07918960601091385, 0.020991383120417595
0.07401394844055176, 0.013983586803078651
0.07654832303524017, 0.026342246681451797
0.07413873076438904, 0.02058769389986992
0.0753229409456253, 0.012615829706192017
0.07545869797468185, 0.017601894214749336
0.07424987107515335, 0.013913730159401894
0.0803270936012268, 0.02069809101521969
0.08455215394496918, 0.017683662474155426
0.06306493282318115, 0.013196839019656181
0.07272747904062271, 0.019226418808102608
0.06994672119617462, 0.015260987915098667
0.07652448117733002, 0.020704474300146103
0.07663646340370178, 0.01229774672538042
0.07700131833553314, 0.019123058766126633
0.0740116611123085, 0.014424646273255348
0.07711348682641983, 0.018435310572385788
0.07515133172273636, 0.01588285155594349
0.07492417097091675, 0.01901126652956009
0.06937379390001297, 0.012115058489143848
0.08203742653131485, 0.01773420162498951
0.08009904623031616, 0.018529007211327553
0.07389706373214722, 0.01515525858849287
0.08060937374830246, 0.021717853844165802
0.07815374433994293, 0.01693536527454853
0.07774069160223007, 0.015565169975161552
0.07386242598295212, 0.010640478692948818
0.07062333077192307, 0.019620170816779137
0.0766628310084343, 0.013654125854372978
0.07218431681394577, 0.013062814250588417
0.07735002785921097, 0.015592125244438648
0.08357270807027817, 0.0171582642942667
0.07272863388061523, 0.016406157985329628
0.07042896002531052, 0.018312929198145866
0.07785066962242126, 0.015555624850094318
0.07854359596967697, 0.017135649919509888
0.07119376212358475, 0.011030650697648525
0.08174075186252594, 0.02399682253599167
0.07605371624231339, 0.017109982669353485
0.07976116985082626, 0.01516383420675993
0.07827549427747726, 0.013969369232654572
0.07748020440340042, 0.017158865928649902
0.06632916629314423, 0.014550275169312954
0.0783315971493721, 0.020922796800732613
0.08034678548574448, 0.020369399338960648
0.08032568544149399, 0.02530943788588047
0.07056915760040283, 0.01051715575158596
0.07248174399137497, 0.020359287038445473
0.07696352154016495, 0.01652487739920616
0.07274693995714188, 0.011867769993841648
0.07396320253610611, 0.018662206828594208
0.07100512832403183, 0.013111353851854801
0.0726795569062233, 0.016262300312519073
0.0713287889957428, 0.01271946169435978
0.06486403197050095, 0.014499032869935036
0.06726699322462082, 0.017696203663945198
0.07659188657999039, 0.013987576588988304
0.07877388596534729, 0.01750856824219227
0.07592987269163132, 0.017980391159653664
0.07259580492973328, 0.01794580928981304
0.06788429617881775, 0.01656840741634369
0.07574040442705154, 0.019295452162623405
0.07777661830186844, 0.015746014192700386
0.07499153167009354, 0.015169077552855015
0.07392670214176178, 0.018253248184919357
0.07198410481214523, 0.017925046384334564
0.07535315304994583, 0.014263998717069626
0.06706355512142181, 0.018856631591916084
0.07403372973203659, 0.015079683624207973
0.07713628560304642, 0.01616814360022545
0.07363402843475342, 0.016236618161201477
0.08192764967679977, 0.023140924051404
0.08024773746728897, 0.021631186828017235
0.07851622998714447, 0.02259676158428192
0.06115007400512695, 0.013513674028217793
0.07088672369718552, 0.01644809916615486
0.07027072459459305, 0.014702572487294674
0.07300786674022675, 0.022124221548438072
0.0667526125907898, 0.014317231252789497
0.07379394769668579, 0.01811748929321766
0.07116857171058655, 0.018683243542909622
0.08397284895181656, 0.018112845718860626
0.07146649807691574, 0.016501430422067642
0.07407306134700775, 0.013349308632314205
0.07289450615644455, 0.013759118504822254
0.06982939690351486, 0.01730813831090927
0.07340297847986221, 0.011884031817317009
0.0706465020775795, 0.011631396599113941
0.07554011046886444, 0.01883934810757637
0.06531962007284164, 0.01671415939927101
0.07267946004867554, 0.017387108877301216
0.06961605697870255, 0.012634544633328915
0.07481364160776138, 0.012493922375142574
0.07472804933786392, 0.010813592001795769
0.06670133769512177, 0.017664991319179535
0.06782118231058121, 0.015472615137696266
0.07442276179790497, 0.016203755512833595
0.06673242151737213, 0.01252996176481247
0.06861510872840881, 0.014305436983704567
0.07596839964389801, 0.01758738048374653
0.07127643376588821, 0.01151930633932352
0.0695415511727333, 0.010637258179485798
0.06712780147790909, 0.013538499362766743
0.07092753052711487, 0.018332306295633316
0.06495101749897003, 0.012415693141520023
0.07460533082485199, 0.01596824638545513
0.07570501416921616, 0.012638548389077187
0.06707878410816193, 0.010925852693617344
0.06787870079278946, 0.01569328084588051
0.06350679695606232, 0.015928270295262337
0.07259047031402588, 0.015343300998210907
0.06860677897930145, 0.014771845191717148
0.06963899731636047, 0.011291841976344585
0.07151872664690018, 0.015409954823553562
0.07145872712135315, 0.018357088789343834
0.07058510929346085, 0.010858499445021152
0.06897988170385361, 0.014477738179266453
0.069468654692173, 0.017431017011404037
0.07522381097078323, 0.015641016885638237
0.06614354997873306, 0.012548004277050495
0.06493333727121353, 0.011539764702320099
0.06631918996572495, 0.012877123430371284
0.06734923273324966, 0.013583235442638397
0.07413285970687866, 0.02064250037074089
0.06890711188316345, 0.017410842701792717
0.07859408110380173, 0.021008217707276344
0.07752145826816559, 0.014502647332847118
0.06752487272024155, 0.015869243070483208
0.07171601057052612, 0.019337432458996773
0.08052878826856613, 0.014497250318527222
0.06878681480884552, 0.014204691164195538
0.07477613538503647, 0.016098201274871826
0.06868307292461395, 0.012519096955657005
0.06893213093280792, 0.017627915367484093
0.07273594290018082, 0.016316182911396027
0.07521712779998779, 0.01986725628376007
0.07364521920681, 0.021032920107245445
0.07810144871473312, 0.017566600814461708
0.06297475099563599, 0.011515962891280651
0.07489881664514542, 0.021995695307850838
0.07114681601524353, 0.012775647453963757
0.06633444875478745, 0.014732894487679005
0.0760602280497551, 0.02070360630750656
0.07688616961240768, 0.020542306825518608
0.07442288100719452, 0.015861615538597107
0.07326242327690125, 0.012958892621099949
0.07574806362390518, 0.0181320421397686
0.06933099776506424, 0.014326980337500572
0.07482197880744934, 0.015455021522939205
0.07301567494869232, 0.01994330808520317
0.06949285417795181, 0.021396547555923462
0.07036656886339188, 0.01895366609096527
0.07630410045385361, 0.020053772255778313
0.07349365949630737, 0.017380837351083755
0.06947500258684158, 0.015850484371185303
0.07465188205242157, 0.02043974958360195
0.07279229909181595, 0.015680978074669838
0.07680068910121918, 0.01903647556900978
0.07647652179002762, 0.02043447270989418
0.06837394833564758, 0.014227688312530518
0.07378137111663818, 0.014414258301258087
0.0764382928609848, 0.016231197863817215
0.06736019253730774, 0.012957035563886166
0.07989107072353363, 0.015650589019060135
0.06881760060787201, 0.014642942696809769
0.06598211824893951, 0.013372448273003101
0.06783748418092728, 0.017394911497831345
0.0750112533569336, 0.019940726459026337
0.07482010126113892, 0.018774043768644333
0.06922721117734909, 0.015333985909819603
0.06409019976854324, 0.014095853082835674
0.07618802785873413, 0.018814682960510254
0.07364112883806229, 0.012093285098671913
0.0715915635228157, 0.014833467081189156
0.07414846122264862, 0.009079746901988983
0.07012657076120377, 0.01596779190003872
0.07445314526557922, 0.014030483551323414
0.07202329486608505, 0.01264454796910286
0.07350614666938782, 0.009675275534391403
0.08608555048704147, 0.016705233603715897
0.07865256816148758, 0.014484005980193615
0.07124266773462296, 0.01046891137957573
0.07901779562234879, 0.01429103035479784
0.07333254814147949, 0.01459774374961853
0.0813751295208931, 0.018702294677495956
0.06649199873209, 0.010334725491702557
0.0730036124587059, 0.015818042680621147
0.06808434426784515, 0.013895588926970959
0.07424376159906387, 0.020863709971308708
0.06692028790712357, 0.0131142633035779
0.07160750776529312, 0.012510384432971478
0.06609025597572327, 0.014720730483531952
0.06908445060253143, 0.0161159485578537
0.07055334001779556, 0.012386785820126534
0.07113055139780045, 0.017351917922496796
0.07160650938749313, 0.01631682924926281
0.07235395163297653, 0.020351851359009743
0.06952261179685593, 0.01810956560075283
0.06608282774686813, 0.013558417558670044
0.0672772228717804, 0.012595809996128082
0.07234394550323486, 0.015521879307925701
0.07069378346204758, 0.01468335185199976
0.06113748997449875, 0.008695999160408974
0.06590915471315384, 0.01146202627569437
0.07929394394159317, 0.01490557286888361
0.07482974976301193, 0.016224246472120285
0.06625131517648697, 0.015112052671611309
0.07007163763046265, 0.013996884226799011
0.07901889085769653, 0.019824381917715073
0.07441692799329758, 0.01746831275522709
0.07646346092224121, 0.017890963703393936
0.07113094627857208, 0.014594297856092453
0.07495024055242538, 0.015593933872878551
0.06906194239854813, 0.013701456598937511
0.06986464560031891, 0.013603586703538895
0.07558136433362961, 0.01747381128370762
0.07491189986467361, 0.01589997671544552
0.07325217872858047, 0.01887008547782898
0.07797311246395111, 0.016991043463349342
0.07589849084615707, 0.01281553041189909
0.07798854261636734, 0.015110262669622898
0.07606754451990128, 0.011232064105570316
0.0634453073143959, 0.009813886135816574
0.06682520359754562, 0.012979190796613693
0.0738796591758728, 0.009669926948845387
0.07774046063423157, 0.020250147208571434
0.0759684219956398, 0.01592262089252472
0.07628575712442398, 0.015521085821092129
0.07370170950889587, 0.014987897127866745
0.06531703472137451, 0.012142480351030827
0.06808914244174957, 0.018233057111501694
0.0720893070101738, 0.01205748412758112
0.0782230868935585, 0.017945105209946632
0.076959028840065, 0.015238049440085888
0.07152732461690903, 0.015633562579751015
0.06773015856742859, 0.015390516258776188
0.07012195140123367, 0.012180899269878864
0.07039123773574829, 0.012098490260541439
0.07092616707086563, 0.011800005100667477
0.0719146579504013, 0.013270653784275055
0.0777592733502388, 0.021106300875544548
0.07474122196435928, 0.013861446641385555
0.07986743003129959, 0.015318073332309723
0.0723738819360733, 0.014875289052724838
0.07178928703069687, 0.013839039951562881
0.07017811387777328, 0.018918879330158234
0.06861317157745361, 0.013073215261101723
0.06883740425109863, 0.014070598408579826
0.06808926165103912, 0.011863765306770802
0.07561235129833221, 0.014052167534828186
0.07321939617395401, 0.013698205351829529
0.07655709236860275, 0.016202423721551895
0.07232600450515747, 0.010354829952120781
0.07722360640764236, 0.016946453601121902
0.08254354447126389, 0.013017194345593452
0.0756789967417717, 0.012063109315931797
0.0634780302643776, 0.01116593275219202
0.07205633074045181, 0.013750409707427025
0.06920444965362549, 0.01369521301239729
0.06954025477170944, 0.013811038807034492
0.068222276866436, 0.014133415184915066
0.07938525825738907, 0.01507094781845808
0.07909668236970901, 0.021052762866020203
0.07520045340061188, 0.01454432774335146
0.07517080754041672, 0.014567222446203232
0.07165483385324478, 0.013605082407593727
0.06708639860153198, 0.01122902799397707
0.07408516854047775, 0.014229304157197475
0.07418127357959747, 0.021257126703858376
0.07891034334897995, 0.01690676435828209
0.07537424564361572, 0.012095542624592781
0.07781938463449478, 0.016005272045731544
0.07287098467350006, 0.02040116675198078
0.08129183202981949, 0.020501703023910522
0.0869063138961792, 0.020665379241108894
0.0850403904914856, 0.01452010590583086
0.06985262036323547, 0.015575990080833435
0.06789577007293701, 0.014419503509998322
0.07093831151723862, 0.01565747708082199
0.06820087879896164, 0.014875853434205055
0.06813883781433105, 0.012239575386047363
0.08051327615976334, 0.011912969872355461
0.08442255109548569, 0.022462550550699234
0.08351943641901016, 0.02329607866704464
0.07238929718732834, 0.01596720889210701
0.06995537877082825, 0.015293033793568611
0.06912607699632645, 0.01305874902755022
0.0686236023902893, 0.015685822814702988
0.07192765921354294, 0.013507144525647163
0.07170926779508591, 0.016924003139138222
0.06772586703300476, 0.015563219785690308
0.07690407335758209, 0.014458651654422283
0.07471345365047455, 0.013317365199327469
0.07721933722496033, 0.013260957784950733
0.07783225178718567, 0.015555514954030514
0.07420579344034195, 0.019674425944685936
0.07511035352945328, 0.017378956079483032
0.0722755491733551, 0.012139497324824333
0.06975390762090683, 0.010592279024422169
0.06675426661968231, 0.01722019538283348
0.07345432788133621, 0.01660347543656826
0.07056192308664322, 0.017866935580968857
0.07720416784286499, 0.015434297733008862
0.0805291011929512, 0.017248259857296944
0.08517910540103912, 0.014293269254267216
0.06915027648210526, 0.009106813929975033
0.07574156671762466, 0.012866096571087837
0.0734052062034607, 0.019412586465477943
0.07309544086456299, 0.01581661030650139
0.07842210680246353, 0.013830400072038174
0.07621154934167862, 0.023792441934347153
0.07558941841125488, 0.015458079054951668
0.0760069265961647, 0.016765963286161423
0.06868130713701248, 0.014815207570791245
0.07140475511550903, 0.01712161675095558
0.07241514325141907, 0.017872851341962814
0.07530365139245987, 0.020810039713978767
0.07070750743150711, 0.017245622351765633
0.06729841977357864, 0.011957639828324318
0.069505475461483, 0.012750165536999702
0.07916855067014694, 0.019701311364769936
0.07377538830041885, 0.007441970054060221
0.06818806380033493, 0.012751973234117031
0.06862971931695938, 0.011617164127528667
0.07369235903024673, 0.01738870143890381
0.06749315559864044, 0.015060058794915676
0.06957228481769562, 0.009942896664142609
0.07233021408319473, 0.016045060008764267
0.07150568068027496, 0.013545493595302105
0.07302769273519516, 0.01780836470425129
0.06643243879079819, 0.014012559317052364
0.07061056047677994, 0.015049573965370655
0.07782401144504547, 0.02088565193116665
0.08033867180347443, 0.017133673653006554
0.07094170898199081, 0.016710501164197922
0.07525757700204849, 0.0193292535841465
0.08061598986387253, 0.016694631427526474
0.07771148532629013, 0.019093450158834457
0.07243309915065765, 0.013968218117952347
0.07485852390527725, 0.02202562429010868
0.06967390328645706, 0.014488867484033108
0.0633004903793335, 0.012750023044645786
0.07225766777992249, 0.01303193811327219
0.07288296520709991, 0.010129626840353012
0.06893738359212875, 0.011531301774084568
0.07400907576084137, 0.021702056750655174
0.07025780528783798, 0.012977455742657185
0.07361291348934174, 0.011719613336026669
0.07617764919996262, 0.018347710371017456
0.07612226903438568, 0.016470761969685555
0.07140187919139862, 0.012239201925694942
0.07539136707782745, 0.016852088272571564
0.07455859333276749, 0.015415937639772892
0.07327313721179962, 0.009943763725459576
0.0734904557466507, 0.015633396804332733
0.07263969630002975, 0.01648481748998165
0.07269088178873062, 0.015357195399701595
0.06746231764554977, 0.013965008780360222
0.0686754360795021, 0.012149819172918797
0.07322625815868378, 0.019826648756861687
0.0733744278550148, 0.01410644967108965
0.06999552994966507, 0.015153522603213787
0.07661076635122299, 0.011862464249134064
0.06588281691074371, 0.009139979258179665
0.07334481179714203, 0.01535804197192192
0.07489778846502304, 0.01658891886472702
0.08012915402650833, 0.015342029742896557
0.07223271578550339, 0.01369758602231741
0.07970818132162094, 0.0164537001401186
0.08165889978408813, 0.026669148355722427
0.07659903913736343, 0.013506448827683926
0.0699237659573555, 0.014540896750986576
0.07669705152511597, 0.012561030685901642
0.07301587611436844, 0.012548663653433323
0.06518170982599258, 0.014273196458816528
0.06818947196006775, 0.013256649486720562
0.07073386758565903, 0.014716742560267448
0.07074359804391861, 0.012071399949491024
0.07744557410478592, 0.01618613861501217
0.07906696200370789, 0.02071215771138668
0.0808701366186142, 0.02246377430856228
0.08375170081853867, 0.015204288065433502
0.07114516943693161, 0.016240563243627548
0.0735931247472763, 0.014242931269109249
0.06404025107622147, 0.013429127633571625
0.07574671506881714, 0.01668695919215679
0.07379725575447083, 0.018902292475104332
0.0787639394402504, 0.021202102303504944
0.07522429525852203, 0.018519330769777298
0.061960119754076004, 0.011397861875593662
0.07255356013774872, 0.016844358295202255
0.07097504287958145, 0.01412337739020586
0.06765931099653244, 0.010627897456288338
0.07301047444343567, 0.01813720352947712
0.07909787446260452, 0.017103547230362892
0.07292268425226212, 0.02100485749542713
0.08247195929288864, 0.017841670662164688
0.07373945415019989, 0.016791321337223053
0.07514283806085587, 0.012039273045957088
0.07620976865291595, 0.015491691417992115
0.07345560193061829, 0.013687638565897942
0.0771590992808342, 0.012734371237456799
0.0705014318227768, 0.012894993647933006
0.07223126292228699, 0.014011087827384472
0.07384872436523438, 0.012312964536249638
0.06934839487075806, 0.013947945088148117
0.07332443445920944, 0.014636566862463951
0.07260435074567795, 0.015450106002390385
0.07876666635274887, 0.01753196306526661
0.07028132677078247, 0.013604857958853245
0.0768793374300003, 0.02506447397172451
0.07327613979578018, 0.0157088041305542
0.068593330681324, 0.015359283424913883
0.0736602321267128, 0.019328255206346512
0.0753118172287941, 0.017321201041340828
0.07881670445203781, 0.018763162195682526
0.06717947870492935, 0.01230981107801199
0.07751452177762985, 0.015371877700090408
0.07788560539484024, 0.016542483121156693
0.08430908620357513, 0.02367343381047249
0.06910807639360428, 0.017370181158185005
0.06934559345245361, 0.0178688857704401
0.06762389093637466, 0.01672067865729332
0.07139308750629425, 0.011184489354491234
0.07045341283082962, 0.015113766305148602
0.08042886108160019, 0.01829703152179718
0.06922993808984756, 0.014458458870649338
0.06989472359418869, 0.014833196066319942
0.06983917951583862, 0.024294255301356316
0.06791883707046509, 0.012827559374272823
0.07414554804563522, 0.01572188176214695
0.06814298033714294, 0.012045728042721748
0.0726756900548935, 0.014046830125153065
0.07560630887746811, 0.013528453186154366
0.07581449300050735, 0.014125535264611244
0.06710515916347504, 0.01232731994241476
0.07546038925647736, 0.015643509104847908
0.07372341305017471, 0.013478974811732769
0.07023778557777405, 0.011217057704925537
0.0700901597738266, 0.015564275905489922
0.07629094272851944, 0.010584241710603237
0.06747779995203018, 0.012684092856943607
0.07483670860528946, 0.01381781417876482
0.07364481687545776, 0.012872692197561264
0.06992268562316895, 0.011543339118361473
0.07006481289863586, 0.012298144400119781
0.0711381733417511, 0.015539374202489853
0.08300377428531647, 0.018609384074807167
0.07636509090662003, 0.01683850772678852
0.07025758177042007, 0.015793267637491226
0.07101955264806747, 0.015308902598917484
0.0703858956694603, 0.01422944013029337
0.0726516842842102, 0.01927664875984192
0.07487670332193375, 0.012822474353015423
0.07670526951551437, 0.014678385108709335
0.08138437569141388, 0.020437976345419884
0.07644018530845642, 0.015915025025606155
0.08256031572818756, 0.021744169294834137
0.08524122089147568, 0.022549239918589592
0.07749990373849869, 0.015345102176070213
0.06986586004495621, 0.015292742289602757
0.0744805783033371, 0.01428236998617649
0.07186762243509293, 0.01893102005124092
0.07002641260623932, 0.012682635337114334
0.07672694325447083, 0.013946641236543655
0.07805198431015015, 0.022021103650331497
0.06992463022470474, 0.014410815201699734
0.07768585532903671, 0.018550973385572433
0.07109568268060684, 0.01148240640759468
0.07079750299453735, 0.012367576360702515
0.07458145171403885, 0.01854722574353218
0.08296147733926773, 0.021632494404911995
0.06795239448547363, 0.013540491461753845
0.07352331280708313, 0.015292228199541569
0.0772654190659523, 0.01306909415870905
0.06803074479103088, 0.016451651230454445
0.07509379088878632, 0.013844028115272522
0.07374728471040726, 0.013735314831137657
0.06849902123212814, 0.011662859469652176
0.06721782684326172, 0.010084031149744987
0.07073322683572769, 0.015170994214713573
0.07568975538015366, 0.023455623537302017
0.07697579264640808, 0.01341051422059536
0.07409179210662842, 0.01684352196753025
0.06472239643335342, 0.014007143676280975
0.07652915269136429, 0.017840007320046425
0.07553272694349289, 0.015285775996744633
0.0751476064324379, 0.011895143426954746
0.07411864399909973, 0.010822231881320477
0.07126174122095108, 0.016158197075128555
0.07216007262468338, 0.014233983121812344
0.07642263919115067, 0.01472720317542553
0.07652226090431213, 0.012216622941195965
0.07249967753887177, 0.014742308296263218
0.07028242945671082, 0.012421299703419209
0.0743609219789505, 0.015380598604679108
0.07409071922302246, 0.015531267039477825
0.07831130176782608, 0.01084166020154953
0.0746845155954361, 0.015646399930119514
0.06658672541379929, 0.015398828312754631
0.07428058236837387, 0.01295556128025055
0.07135853171348572, 0.016073554754257202
0.06636474281549454, 0.011959715746343136
0.07155515253543854, 0.016818787902593613
0.0744779109954834, 0.013774213381111622
0.06448004394769669, 0.01015431247651577
0.07154712826013565, 0.014187770895659924
0.07322949916124344, 0.01795390620827675
0.07731351256370544, 0.016307910904288292
0.07132832705974579, 0.01799897477030754
0.07064422965049744, 0.018806951120495796
0.07555493712425232, 0.014605502597987652
0.0718991830945015, 0.019350560382008553
0.07235346734523773, 0.014741997234523296
0.07327719032764435, 0.01632390357553959
0.07549738883972168, 0.015615873038768768
0.07113335281610489, 0.017764510586857796
0.07633047550916672, 0.017950788140296936
0.06581244617700577, 0.015612383373081684
0.07252439856529236, 0.018306251615285873
0.06933871656656265, 0.019068270921707153
0.06818369030952454, 0.013568639755249023
0.06910113990306854, 0.010319904424250126
0.0709531232714653, 0.012643123045563698
0.07536478340625763, 0.013744122348725796
0.0711243525147438, 0.011030481196939945
0.06677398085594177, 0.01560867577791214
0.07535962015390396, 0.016548579558730125
0.06998716294765472, 0.01421943586319685
0.07072267681360245, 0.013727763667702675
0.06920001655817032, 0.018720494583249092
0.0740632489323616, 0.010631329379975796
0.07531681656837463, 0.016802014783024788
0.07273601740598679, 0.009944343008100986
0.06790243089199066, 0.01739233173429966
0.067485012114048, 0.014583021402359009
0.07098406553268433, 0.014212340116500854
0.07760430872440338, 0.012504057958722115
0.0700097531080246, 0.0160899069160223
0.07028565555810928, 0.015107555314898491
0.06857584416866302, 0.021387740969657898
0.08514579385519028, 0.022992463782429695
0.07334664463996887, 0.01619001291692257
0.0745532214641571, 0.012801037169992924
0.07510296255350113, 0.013569053262472153
0.06807845830917358, 0.013943199068307877
0.06557381898164749, 0.013225162401795387
0.06816411763429642, 0.010752537287771702
0.06806905567646027, 0.012940150685608387
0.06573047488927841, 0.013100394047796726
0.07404708862304688, 0.012427018955349922
0.0818929374217987, 0.016284117475152016
0.07541448622941971, 0.017448190599679947
0.08546844124794006, 0.022462651133537292
0.06890301406383514, 0.01493894588202238
0.06766457110643387, 0.016194548457860947
0.07790878415107727, 0.01285961177200079
0.0732368603348732, 0.014992392621934414
0.06820891797542572, 0.014295365661382675
0.07644546031951904, 0.018499484285712242
0.07753213495016098, 0.015281129628419876
0.07531590759754181, 0.018089571967720985
0.07885707169771194, 0.01996462419629097
0.07497821003198624, 0.01926754228770733
0.07135795056819916, 0.013507063500583172
0.07161452621221542, 0.01133168675005436
0.07959156483411789, 0.020170537754893303
0.07174374163150787, 0.014690917916595936
0.07568518072366714, 0.024569550529122353
0.07485546171665192, 0.0170320775359869
0.0744960829615593, 0.019630970433354378
0.0729982927441597, 0.01787332259118557
0.07848472148180008, 0.0168119166046381
0.07782736420631409, 0.015261383727192879
0.07858763635158539, 0.020054033026099205
0.07388625293970108, 0.016478750854730606
0.07639484107494354, 0.019548200070858
0.06417103856801987, 0.012417572550475597
0.07636705785989761, 0.01125483587384224
0.07303741574287415, 0.017828378826379776
0.07805714011192322, 0.018994292244315147
0.07671451568603516, 0.0185844823718071
0.07009894400835037, 0.018297506496310234
0.07435131818056107, 0.009906644001603127
0.06903009116649628, 0.009627881459891796
0.07196258008480072, 0.014417430385947227
0.0757114589214325, 0.014986780472099781
0.07972338050603867, 0.017154622822999954
0.06725247204303741, 0.017220700159668922
0.06988109648227692, 0.016414085403084755
0.07253032177686691, 0.014974929392337799
0.07144950330257416, 0.013429014943540096
0.07206546515226364, 0.018593424931168556
0.07337543368339539, 0.014285027049481869
0.07691678404808044, 0.020133377984166145
0.06913748383522034, 0.016228994354605675
0.07143274694681168, 0.016070282086730003
0.07825800031423569, 0.014776385389268398
0.07285367697477341, 0.018495619297027588
0.0697460025548935, 0.014874503016471863
0.0778026431798935, 0.017735043540596962
0.07112403959035873, 0.016425790265202522
0.07151300460100174, 0.016288647428154945
0.07123156636953354, 0.009888014756143093
0.08146819472312927, 0.016399692744016647
0.06992598623037338, 0.015167315490543842
0.06610175222158432, 0.017436599358916283
0.07054644823074341, 0.019396333023905754
0.08197621256113052, 0.014448125846683979
0.07898356765508652, 0.0190129391849041
0.07045833021402359, 0.010080431587994099
0.06847751140594482, 0.017433224245905876
0.06732754409313202, 0.011355945840477943
0.06907594949007034, 0.0161221232265234
0.07378970086574554, 0.011738419532775879
0.07068721204996109, 0.016437428072094917
0.0712192952632904, 0.012949743308126926
0.07539337128400803, 0.02151116169989109
0.07529956102371216, 0.014640780165791512
0.06730637699365616, 0.015823546797037125
0.07424008846282959, 0.011227539740502834
0.07005012035369873, 0.012108216062188148
0.06674923747777939, 0.016107946634292603
0.06958546489477158, 0.01367106195539236
0.07088571041822433, 0.013899390585720539
0.07394512742757797, 0.018101021647453308
0.08344882726669312, 0.0224203709512949
0.06811882555484772, 0.012181923724710941
0.07823792845010757, 0.018387503921985626
0.07644426077604294, 0.017516644671559334
0.07566528022289276, 0.017453541979193687
0.07515960186719894, 0.020038599148392677
0.07030998915433884, 0.013222003355622292
0.07201806455850601, 0.01484841387718916
0.07299061119556427, 0.013439287431538105
0.07583411782979965, 0.02268800511956215
0.08086779713630676, 0.018128568306565285
0.08298589289188385, 0.0205835048109293
0.07111580669879913, 0.019991757348179817
0.06542684137821198, 0.012509003281593323
0.07456991076469421, 0.01741999201476574
0.07006894797086716, 0.01220021117478609
0.07501400262117386, 0.020695321261882782
0.0803573876619339, 0.01776202768087387
0.07455960661172867, 0.012920462526381016
0.07569301128387451, 0.01697351597249508
0.07467082142829895, 0.0187053345143795
0.0682656466960907, 0.017894135788083076
0.0747002363204956, 0.013893495313823223
0.07718998193740845, 0.012608752585947514
0.07877256721258163, 0.02023167908191681
0.06930770725011826, 0.013865825720131397
0.08017725497484207, 0.017578652128577232
0.07037018984556198, 0.010708271525800228
0.06459397077560425, 0.011226510629057884
0.0641167089343071, 0.009653693996369839
0.06584811955690384, 0.011823516339063644
0.0748995766043663, 0.017946412786841393
0.06807514280080795, 0.015775373205542564
0.06884640455245972, 0.012050272896885872
0.07266192138195038, 0.01976686716079712
0.07386525720357895, 0.01454831101000309
0.07049288600683212, 0.013511234894394875
0.07167431712150574, 0.015492651611566544
0.0740855485200882, 0.014371044933795929
0.07078230381011963, 0.011550035327672958
0.06754251569509506, 0.013684871606528759
0.0764097198843956, 0.0198935829102993
0.07660356163978577, 0.018041059374809265
0.07501170784235, 0.017958864569664
0.08912111073732376, 0.025956984609365463
0.07759056240320206, 0.013683256693184376
0.06525006890296936, 0.013028077781200409
0.0724310353398323, 0.012227700091898441
0.07043160498142242, 0.020520204678177834
0.07770096510648727, 0.020206110551953316
0.07004769891500473, 0.01152923796325922
0.07652334123849869, 0.013367529027163982
0.06946387141942978, 0.014919092878699303
0.06447754055261612, 0.014705345965921879
0.06824350357055664, 0.012446285225450993
0.06454286724328995, 0.013714807108044624
0.0690983310341835, 0.012667771428823471
0.0685216560959816, 0.013714087195694447
0.0712006464600563, 0.012138435617089272
0.07160627096891403, 0.011204312555491924
0.07439757883548737, 0.012500028125941753
0.07206161320209503, 0.0177689790725708
0.07659737020730972, 0.01559791062027216
0.0730069950222969, 0.011963790282607079
0.07764855027198792, 0.01855703629553318
0.07016398012638092, 0.016132598742842674
0.07698429375886917, 0.017380861565470695
0.07643362134695053, 0.01820414699614048
0.0651414692401886, 0.011537931859493256
0.07307152450084686, 0.01313524879515171
0.07115526497364044, 0.01963580586016178
0.0752953588962555, 0.01795865409076214
0.0798407793045044, 0.022494468837976456
0.06587658077478409, 0.010512086562812328
0.07048052549362183, 0.01449383981525898
0.06615278869867325, 0.018424205482006073
0.06790868192911148, 0.014790214598178864
0.06855499744415283, 0.017359131947159767
0.06579379737377167, 0.01042046956717968
0.06936856359243393, 0.015512162819504738
0.07250169664621353, 0.01653211936354637
0.07075309008359909, 0.012102638371288776
0.07028279453516006, 0.013050584122538567
0.06694401800632477, 0.017124341800808907
0.07423381507396698, 0.020582156255841255
0.07611401379108429, 0.012752038426697254
0.06840024143457413, 0.011274576187133789
0.07114522904157639, 0.012165289372205734
0.06620324403047562, 0.01386730745434761
0.0743732899427414, 0.02121441252529621
0.07071217894554138, 0.010386341251432896
0.06795655936002731, 0.017851708456873894
0.06752394884824753, 0.014865494333207607
0.0715540200471878, 0.017659587785601616
0.07362064719200134, 0.014707433059811592
0.06703632324934006, 0.011029579676687717
0.06405726075172424, 0.013138290494680405
0.0677889958024025, 0.0166435819119215
0.06630276888608932, 0.011284979991614819
0.07383997738361359, 0.013821420259773731
0.07618493586778641, 0.014567582868039608
0.0781419426202774, 0.018877550959587097
0.07602535933256149, 0.023762863129377365
0.07884891331195831, 0.011166972108185291
0.0647764578461647, 0.009916681796312332
0.06746726483106613, 0.01519546564668417
0.06622178852558136, 0.016715364530682564
0.06597469747066498, 0.011153295636177063
0.07490917295217514, 0.015818137675523758
0.07402191311120987, 0.017096050083637238
0.07470908015966415, 0.01521002035588026
0.07694248110055923, 0.01619567908346653
0.07157368212938309, 0.013879753649234772
0.07552621513605118, 0.011180616915225983
0.0702199712395668, 0.010856025852262974
0.07151690870523453, 0.013006608933210373
0.07789557427167892, 0.01543064508587122
0.08138912171125412, 0.016709348186850548
0.07305701822042465, 0.012616167776286602
0.07341109216213226, 0.01608653925359249
0.07683281600475311, 0.015706583857536316
0.07833896577358246, 0.019616175442934036
0.07192696630954742, 0.01632058247923851
0.07710041105747223, 0.015556863509118557
0.0681430920958519, 0.011306894943118095
0.07652641832828522, 0.017239416018128395
0.07026565074920654, 0.011831166222691536
0.07672479003667831, 0.016836201772093773
0.08220187574625015, 0.012647615745663643
0.0746474489569664, 0.015078451484441757
0.0741669163107872, 0.02252313680946827
0.07750394195318222, 0.01495929341763258
0.08102749288082123, 0.025694668292999268
0.0720585435628891, 0.014592946507036686
0.07889024168252945, 0.02104346826672554
0.08413906395435333, 0.018681513145565987
0.07828372716903687, 0.01950039714574814
0.07091277837753296, 0.010068715550005436
0.07193656265735626, 0.01610351726412773
0.07046183943748474, 0.0165067408233881
0.07837953418493271, 0.018622515723109245
0.07357386499643326, 0.015936728566884995
0.06745962798595428, 0.011612024158239365
0.06776179373264313, 0.015026270411908627
0.07653874158859253, 0.019274814054369926
0.06396661698818207, 0.012552552856504917
0.0707397535443306, 0.014477632939815521
0.06683482229709625, 0.011197899468243122
0.07799263298511505, 0.01831725984811783
0.08065024763345718, 0.017710629850625992
0.07684389501810074, 0.022103358060121536
0.0720415785908699, 0.018141480162739754
0.07715620845556259, 0.012716897763311863
0.07376530021429062, 0.01602528989315033
0.07160352170467377, 0.020161977037787437
0.06839079409837723, 0.011937686242163181
0.07239633798599243, 0.011218907311558723
0.06749289482831955, 0.01520177535712719
0.08042936772108078, 0.01594969816505909
0.07690539956092834, 0.026614105328917503
0.07506363093852997, 0.017705900594592094
0.07489442825317383, 0.016111254692077637
0.07398957759141922, 0.009599930606782436
0.07937239855527878, 0.021274683997035027
0.0780336856842041, 0.013841666281223297
0.0760062038898468, 0.01853225566446781
0.07272300124168396, 0.0173406470566988
0.07097256183624268, 0.013574935495853424
0.07426317781209946, 0.01583792082965374
0.0691065713763237, 0.018527548760175705
0.06900801509618759, 0.0119883818551898
0.07047010958194733, 0.011950152926146984
0.07148995250463486, 0.017964480444788933
0.0700279027223587, 0.014315016567707062
0.07414210587739944, 0.014658069238066673
0.07433775812387466, 0.017599906772375107
0.0763535127043724, 0.016316425055265427
0.07350274920463562, 0.017400428652763367
0.07356846332550049, 0.01343025267124176
0.07082521170377731, 0.009698869660496712
0.07110296189785004, 0.01768328994512558
0.07674305886030197, 0.015171151608228683
0.07794693857431412, 0.017611639574170113
0.07458912581205368, 0.017621826380491257
0.06922873854637146, 0.01380716823041439
0.07712309807538986, 0.018430307507514954
0.07746095210313797, 0.01711580716073513
0.08121804147958755, 0.015590766444802284
0.07497592270374298, 0.020060313865542412
0.06892263889312744, 0.014320997521281242
0.06925047934055328, 0.016279155388474464
0.0754827931523323, 0.016024881973862648
0.07672328501939774, 0.015171723440289497
0.07335352897644043, 0.013970796018838882
0.08235080540180206, 0.016992656514048576
0.07355707883834839, 0.015971362590789795
0.0758776143193245, 0.01296993624418974
0.0709211602807045, 0.014003696851432323
0.0776086375117302, 0.017238983884453773
0.07545708119869232, 0.015620382502675056
0.08188984543085098, 0.01403823308646679
0.0708070620894432, 0.012936708517372608
0.07699880748987198, 0.021552182734012604
0.07707713544368744, 0.016559403389692307
0.07208199799060822, 0.020534222945570946
0.07366420328617096, 0.016078615561127663
0.07290622591972351, 0.01739494502544403
0.06962466984987259, 0.014168398454785347
0.0654062032699585, 0.010097580961883068
0.06945408880710602, 0.01405078824609518
0.06905252486467361, 0.0145468944683671
0.07214800268411636, 0.012700655497610569
0.07686436921358109, 0.015299304388463497
0.07295458018779755, 0.018083950504660606
0.07107637822628021, 0.015798941254615784
0.07110641896724701, 0.014259771443903446
0.07205000519752502, 0.015027167275547981
0.06566289812326431, 0.016975676640868187
0.07561646401882172, 0.02218998409807682
0.07974766194820404, 0.016579393297433853
0.07820358127355576, 0.01354222372174263
0.07824556529521942, 0.0169055238366127
0.07471830397844315, 0.011981755495071411
0.07240086793899536, 0.013503809459507465
0.07018380612134933, 0.017890863120555878
0.07292889803647995, 0.01689884066581726
0.06593823432922363, 0.011474676430225372
0.06782005727291107, 0.013001860119402409
0.08230362087488174, 0.020608339458703995
0.07139881700277328, 0.01640479639172554
0.07233284413814545, 0.017679443582892418
0.07440070807933807, 0.015309498645365238
0.07181735336780548, 0.016452429816126823
0.07723033428192139, 0.01608741655945778
0.06759700179100037, 0.009961571544408798
0.07070357352495193, 0.01816529780626297
0.07234875112771988, 0.012017643079161644
0.06685148179531097, 0.01413022167980671
0.07017849385738373, 0.011594535782933235
0.0724111869931221, 0.011205811984837055
0.08522753417491913, 0.02194812148809433
0.07858145982027054, 0.01667816936969757
0.06894300132989883, 0.01483722124248743
0.06904467195272446, 0.014688494615256786
0.06070730462670326, 0.00848108809441328
0.07308156043291092, 0.014157924801111221
0.08042348921298981, 0.016694311052560806
0.0725325271487236, 0.01583576388657093
0.07266388833522797, 0.012773146852850914
0.07105106860399246, 0.01687617413699627
0.07993277907371521, 0.015810620039701462
0.07204744219779968, 0.013873906806111336
0.0698440819978714, 0.01418854296207428
0.07091006636619568, 0.01561591774225235
0.06830299645662308, 0.014365839771926403
0.06058663874864578, 0.011958622373640537
0.06924043595790863, 0.015002166852355003
0.0698244720697403, 0.016372596845030785
0.07414527237415314, 0.01589476317167282
0.07609942555427551, 0.019750436767935753
0.07423238456249237, 0.013780103996396065
0.06992962211370468, 0.014316716231405735
0.06848099082708359, 0.01596161536872387
0.07177332788705826, 0.01141989417374134
0.07098917663097382, 0.013548350892961025
0.07236296683549881, 0.020351067185401917
0.0695771723985672, 0.013277149759232998
0.07189690321683884, 0.013746587559580803
0.06556204706430435, 0.015941649675369263
0.06618538498878479, 0.013875666074454784
0.07342338562011719, 0.01375507190823555
0.0754564180970192, 0.014796286821365356
0.08214350789785385, 0.021989716216921806
0.07688387483358383, 0.017114119604229927
0.06549134105443954, 0.014345950447022915
0.07262919098138809, 0.01262706145644188
0.07832292467355728, 0.019760098308324814
0.07573626190423965, 0.01766348071396351
0.06696131080389023, 0.014197182841598988
0.06794635206460953, 0.008300138637423515
0.08148032426834106, 0.011704896576702595
0.06773951649665833, 0.010085172951221466
0.07506218552589417, 0.02315768040716648
0.07585887610912323, 0.01545508299022913
0.07558412104845047, 0.018935400992631912
0.06790249049663544, 0.01047542318701744
0.06812486052513123, 0.019369343295693398
0.07123986631631851, 0.017721926793456078
0.07194329798221588, 0.014955977909266949
0.07452381402254105, 0.018651176244020462
0.06799058616161346, 0.013643121346831322
0.08189589530229568, 0.023750385269522667
0.07201973348855972, 0.01691484823822975
0.07332444190979004, 0.013067939318716526
0.08291330188512802, 0.022023972123861313
0.07101090252399445, 0.014059800654649734
0.07185371965169907, 0.019394436851143837
0.06834210455417633, 0.009678968228399754
0.06890048831701279, 0.009438589215278625
0.06693714112043381, 0.010694677010178566
0.06596654653549194, 0.016373654827475548
0.08037200570106506, 0.019160151481628418
0.07472407817840576, 0.021649962291121483
0.07214426249265671, 0.014821450226008892
0.07694736868143082, 0.020467044785618782
0.0715683326125145, 0.011969463899731636
0.06792430579662323, 0.01569467969238758
0.07038233429193497, 0.01447279378771782
0.07270357757806778, 0.0175769105553627
0.06758688390254974, 0.015173109248280525
0.07076726853847504, 0.012261341325938702
0.0676003098487854, 0.013880274258553982
0.06970330327749252, 0.012995051220059395
0.07660986483097076, 0.012022551149129868
0.07498431205749512, 0.013511448167264462
0.07192029058933258, 0.011347552761435509
0.07491640001535416, 0.014110780321061611
0.07344712316989899, 0.02204233966767788
0.07632981985807419, 0.015783868730068207
0.07568258792161942, 0.01791316829621792
0.07415491342544556, 0.020242223516106606
0.07821153104305267, 0.013782205060124397
0.0788436010479927, 0.018720198422670364
0.07006419450044632, 0.014629279263317585
0.07067319005727768, 0.014185408130288124
0.06877028197050095, 0.00925304926931858
0.07309264689683914, 0.0161625687032938
0.07107865810394287, 0.011095711961388588
0.0808400884270668, 0.017147980630397797
0.07400539517402649, 0.018541214987635612
0.07689043134450912, 0.021128783002495766
0.07249564677476883, 0.015523932874202728
0.07398293167352676, 0.014876178465783596
0.07424598187208176, 0.01415204256772995
0.07536021620035172, 0.01467621698975563
0.07627489417791367, 0.013931412249803543
0.07031894475221634, 0.020625557750463486
0.07744234800338745, 0.012798176147043705
0.07053245604038239, 0.013809321448206902
0.07140079885721207, 0.012732460163533688
0.07587233930826187, 0.014765099622309208
0.06871457397937775, 0.012113613076508045
0.06803538650274277, 0.007779326755553484
0.07502573728561401, 0.013658995740115643
0.07078146934509277, 0.014633161947131157
0.0759015753865242, 0.020763525739312172
0.07891013473272324, 0.020699869841337204
0.07539793848991394, 0.01610209420323372
0.073272705078125, 0.01346960011869669
0.07442604750394821, 0.015146399848163128
0.07704678177833557, 0.019166531041264534
0.07606304436922073, 0.011545869521796703
0.07346367090940475, 0.013205287046730518
0.08589018881320953, 0.02915758267045021
0.07916533946990967, 0.013926264829933643
0.07522233575582504, 0.019117005169391632
0.07606551051139832, 0.017584240064024925
0.07046276330947876, 0.013065760023891926
0.06903735548257828, 0.012018418870866299
0.07631848007440567, 0.015138616785407066
0.07851015776395798, 0.02081380970776081
0.07726887613534927, 0.01911989040672779
0.07007328420877457, 0.010073579847812653
0.06302805244922638, 0.011784881353378296
0.074388787150383, 0.013339128345251083
0.0749521553516388, 0.012398484162986279
0.07201457023620605, 0.015557147562503815
0.07267492264509201, 0.02025276981294155
0.07135022431612015, 0.017551591619849205
0.07016634941101074, 0.016259977594017982
0.06616433709859848, 0.010986068286001682
0.07284651696681976, 0.01235336996614933
0.07037243247032166, 0.017413770779967308
0.06772009283304214, 0.013283880427479744
0.07960573583841324, 0.020912734791636467
0.07746221870183945, 0.020619329065084457
0.08044435828924179, 0.017770446836948395
0.07113227993249893, 0.010152831673622131
0.0799875557422638, 0.0183258093893528
0.07009448856115341, 0.011144507676362991
0.07080411165952682, 0.012523988261818886
0.06825853884220123, 0.013268671929836273
0.07258922606706619, 0.01381315290927887
0.06747394800186157, 0.014084219932556152
0.07118812948465347, 0.014937140978872776
0.06609933823347092, 0.011348992586135864
0.07743576169013977, 0.017460422590374947
0.07396245747804642, 0.014950350858271122
0.07277683913707733, 0.018443096429109573
0.07405602186918259, 0.012111607007682323
0.0710839182138443, 0.01552638877183199
0.06227203831076622, 0.014686019159853458
0.07636384665966034, 0.017924776300787926
0.06929320842027664, 0.013238758780062199
0.07654736936092377, 0.015728166326880455
0.0749078243970871, 0.021842965856194496
0.07235198467969894, 0.016436317935585976
0.07727272808551788, 0.016895107924938202
0.07214093953371048, 0.01709982380270958
0.0714864730834961, 0.011440353468060493
0.07208286225795746, 0.017160823568701744
0.07740918546915054, 0.013753784820437431
0.07813696563243866, 0.016082704067230225
0.07142055034637451, 0.013697768561542034
0.07284046709537506, 0.01501373015344143
0.06684742867946625, 0.016354426741600037
0.06469383090734482, 0.0086320536211133
0.07932527363300323, 0.018389863893389702
0.07772674411535263, 0.020558472722768784
0.07571593672037125, 0.014227828942239285
0.07290402054786682, 0.016604771837592125
0.08230434358119965, 0.01778046041727066
0.07455901056528091, 0.01399871427565813
0.06914721429347992, 0.014736305922269821
0.07333702594041824, 0.013349007815122604
0.07572022825479507, 0.01111864484846592
0.06454882770776749, 0.014376700855791569
0.07005967944860458, 0.012554452754557133
0.07761107385158539, 0.024183165282011032
0.07425221800804138, 0.02187962271273136
0.08006608486175537, 0.016890807077288628
0.0728350356221199, 0.01647447980940342
0.06889062374830246, 0.012340370565652847
0.07467616349458694, 0.018278321251273155
0.06917966157197952, 0.013982179574668407
0.08009663969278336, 0.016687115654349327
0.07498405128717422, 0.012214130721986294
0.06884481012821198, 0.019448602572083473
0.07067782431840897, 0.011203506030142307
0.06682051718235016, 0.016736119985580444
0.07719266414642334, 0.014726691879332066
0.0824510008096695, 0.0166502483189106
0.07177126407623291, 0.011720853857696056
0.07775228470563889, 0.014479664154350758
0.08231812715530396, 0.01742946170270443
0.08075157552957535, 0.018666237592697144
0.07857918739318848, 0.015037380158901215
0.08023852854967117, 0.016048613935709
0.07415160536766052, 0.014790337532758713
0.07347064465284348, 0.016766078770160675
0.07793986797332764, 0.017299890518188477
0.07865986227989197, 0.01885518804192543
0.07667089998722076, 0.016992494463920593
0.07112093269824982, 0.01525801606476307
0.07140827178955078, 0.012568162754178047
0.06724049896001816, 0.00999174639582634
0.07199889421463013, 0.018564462661743164
0.07146663963794708, 0.014466758817434311
0.07354481518268585, 0.01672140322625637
0.07360062748193741, 0.014330307021737099
0.0796649158000946, 0.020706595852971077
0.07154028862714767, 0.017460545524954796
0.06955521553754807, 0.008727526292204857
0.06922663003206253, 0.012707903049886227
0.06873170286417007, 0.012321202084422112
0.0652756541967392, 0.012647434137761593
0.07871804386377335, 0.011889282613992691
0.07054940611124039, 0.0095017459243536
0.07085587829351425, 0.017499111592769623
0.07286899536848068, 0.015597159042954445
0.07416144013404846, 0.01737438701093197
0.07058040052652359, 0.01606767252087593
0.07152197510004044, 0.016747139394283295
0.07188127189874649, 0.015236485749483109
0.07324960827827454, 0.015421927906572819
0.0681983232498169, 0.01627228781580925
0.07556573301553726, 0.01669936813414097
0.07281741499900818, 0.016876982524991035
0.0804428830742836, 0.016093391925096512
0.07845684140920639, 0.018638500943779945
0.07242176681756973, 0.015523625537753105
0.07780866324901581, 0.016121268272399902
0.07454275339841843, 0.017386149615049362
0.0754147469997406, 0.015017342753708363
0.0668119564652443, 0.017131786793470383
0.07481411099433899, 0.01578104868531227
0.07293523848056793, 0.014544801786541939
0.07034042477607727, 0.016866281628608704
0.0754578486084938, 0.01605561003088951
0.07480481266975403, 0.01583494432270527
0.07580665498971939, 0.015674594789743423
0.08213977515697479, 0.014196252450346947
0.07125493884086609, 0.009479429572820663
0.07357259839773178, 0.014408979564905167
0.07165058702230453, 0.015409150160849094
0.07454631477594376, 0.015072766691446304
0.07661951333284378, 0.015147445723414421
0.07059990614652634, 0.01465013436973095
0.07350162416696548, 0.01493033766746521
0.07766012102365494, 0.01783049665391445
0.08654353767633438, 0.018973415717482567
0.07733146101236343, 0.016340456902980804
0.06329615414142609, 0.014557034708559513
0.07236781716346741, 0.020337620750069618
0.07041497528553009, 0.014757119119167328
0.07985207438468933, 0.021128609776496887
0.0695982575416565, 0.015707876533269882
0.07944504171609879, 0.02928580716252327
0.0765620619058609, 0.018701832741498947
0.07246051728725433, 0.01685507781803608
0.07529077678918839, 0.015737242996692657
0.06961510330438614, 0.014633134938776493
0.06891701370477676, 0.014773059636354446
0.07312728464603424, 0.01412651501595974
0.07441966980695724, 0.016952132806181908
0.07802332937717438, 0.018269823864102364
0.06664321571588516, 0.013052360154688358
0.07199213653802872, 0.01447566132992506
0.07678190618753433, 0.01790127530694008
0.07668441534042358, 0.01547219417989254
0.06712690740823746, 0.008798226714134216
0.07183627784252167, 0.018131542950868607
0.07466549426317215, 0.016126910224556923
0.07227814942598343, 0.015979204326868057
0.07107396423816681, 0.014199885539710522
0.06419946253299713, 0.013661726377904415
0.0784977450966835, 0.017793145030736923
0.08104079216718674, 0.01813545636832714
0.08019929379224777, 0.023014504462480545
0.07181128114461899, 0.010377027094364166
0.06848478317260742, 0.015702923759818077
0.06999806314706802, 0.01555380318313837
0.07598323374986649, 0.016515232622623444
0.0747024416923523, 0.019371969625353813
0.07290680706501007, 0.01215959619730711
0.07099605351686478, 0.01525220274925232
0.0737534835934639, 0.013242635875940323
0.06563587486743927, 0.011400020681321621
0.07533097267150879, 0.013323357328772545
0.07548712193965912, 0.01523891743272543
0.07637622207403183, 0.02028580941259861
0.07854808866977692, 0.01650153659284115
0.0728931650519371, 0.01570163480937481
0.07799788564443588, 0.018249260261654854
0.07605244219303131, 0.01564713753759861
0.07268726080656052, 0.015332268550992012
0.07162023335695267, 0.012539009563624859
0.07250400632619858, 0.018508415669202805
0.07295665889978409, 0.014417602680623531
0.07665974646806717, 0.016545521095395088
0.07762198895215988, 0.018374653533101082
0.07883033156394958, 0.019444938749074936
0.07184425741434097, 0.0129003394395113
0.07485506683588028, 0.010109196417033672
0.07200969010591507, 0.012606615200638771
0.07352700084447861, 0.012605767697095871
0.0691438764333725, 0.012024926953017712
0.06974635273218155, 0.018557794392108917
0.07375463843345642, 0.013499235734343529
0.06856797635555267, 0.01491610985249281
0.07464520633220673, 0.01697392202913761
0.07261990755796432, 0.014252246357500553
0.07506173849105835, 0.02126184292137623
0.0652117133140564, 0.014563938602805138
0.07021830976009369, 0.011299672536551952
0.07454679161310196, 0.014864819124341011
0.06874186545610428, 0.013184656389057636
0.07389670610427856, 0.009065752848982811
0.07635181397199631, 0.01956131123006344
0.06574235111474991, 0.012719681486487389
0.07034691423177719, 0.011372566223144531
0.06648971140384674, 0.013458129949867725
0.07668956369161606, 0.015763256698846817
0.07377597689628601, 0.013820337131619453
0.0696159079670906, 0.01701219193637371
0.0740782618522644, 0.016842393204569817
0.07501950860023499, 0.011110031045973301
0.08110466599464417, 0.016801750287413597
0.07520177215337753, 0.013148975558578968
0.07454477250576019, 0.016322078183293343
0.08131829649209976, 0.016981901600956917
0.06890096515417099, 0.014944470487535
0.06795714050531387, 0.014621831476688385
0.07250563055276871, 0.016478920355439186
0.07162010669708252, 0.015771428123116493
0.07520893961191177, 0.012064828537404537
0.07811813801527023, 0.0164602342993021
0.07403406500816345, 0.018895097076892853
0.08139561861753464, 0.01641732081770897
0.0682666152715683, 0.016808679327368736
0.07900578528642654, 0.01933974400162697
0.07054175436496735, 0.016563769429922104
0.07577753067016602, 0.017482228577136993
0.07417874783277512, 0.015558717772364616
0.06836668401956558, 0.011881901882588863
0.07186870276927948, 0.009233967401087284
0.07073245197534561, 0.013590152375400066
0.07208506017923355, 0.014298508875072002
0.0791717916727066, 0.011010346934199333
0.08149921149015427, 0.016042551025748253
0.07654616981744766, 0.013408939354121685
0.06810906529426575, 0.013010188937187195
0.0677630603313446, 0.012806978076696396
0.07300294190645218, 0.018557030707597733
0.06865953654050827, 0.013965988531708717
0.07902504503726959, 0.015272712334990501
0.06664081662893295, 0.01925465650856495
0.06264705210924149, 0.009628687053918839
0.06913453340530396, 0.016570448875427246
0.07240558415651321, 0.014567246660590172
0.0688091292977333, 0.018546883016824722
0.07480397075414658, 0.017075521871447563
0.0719541683793068, 0.014290149323642254
0.07394032180309296, 0.01431321818381548
0.08134645223617554, 0.019996866583824158
0.06603597849607468, 0.0179903544485569
0.07145102322101593, 0.01703636534512043
0.0723903700709343, 0.011692513711750507
0.07422511279582977, 0.01566353067755699
0.07763013988733292, 0.012525778263807297
0.07485637813806534, 0.015404335223138332
0.07281968742609024, 0.020208459347486496
0.07557693868875504, 0.020893579348921776
0.06115683540701866, 0.01293937861919403
0.07465113699436188, 0.017760835587978363
0.08024736493825912, 0.020213888958096504
0.07534320652484894, 0.0178452730178833
0.07897266000509262, 0.01601509377360344
0.08543787151575089, 0.018088169395923615
0.08932150900363922, 0.01622876338660717
0.07861601561307907, 0.020151309669017792
0.08017189800739288, 0.016908250749111176
0.0684557855129242, 0.01994849368929863
0.07597580552101135, 0.01499374583363533
0.07693156599998474, 0.0160506758838892
0.07367272675037384, 0.01393274124711752
0.07736795395612717, 0.017313577234745026
0.06896781921386719, 0.008470914326608181
0.06792370229959488, 0.012819216586649418
0.07133970409631729, 0.01498070266097784
0.07830891013145447, 0.018779246136546135
0.06914619356393814, 0.01243868749588728
0.07355052977800369, 0.015768948942422867
0.07969324290752411, 0.0141590666025877
0.07755550742149353, 0.017177153378725052
0.06997930258512497, 0.01651327684521675
0.07359997183084488, 0.020120760425925255
0.06643711030483246, 0.017916422337293625
0.0734267458319664, 0.015244124457240105
0.07997716963291168, 0.014179576188325882
0.07433760166168213, 0.015672041103243828
0.07236745953559875, 0.016495509073138237
0.07839600741863251, 0.01888105273246765
0.08070078492164612, 0.01832500845193863
0.08098379522562027, 0.020934153348207474
0.07906032353639603, 0.01792285218834877
0.07955887168645859, 0.02374129369854927
0.07876364141702652, 0.019753988832235336
0.0786399394273758, 0.01797572337090969
0.06735695898532867, 0.014675755985081196
0.07708506286144257, 0.018945610150694847
0.07176779955625534, 0.017801979556679726
0.07371324300765991, 0.016145721077919006
0.07084853947162628, 0.018426697701215744
0.06907772272825241, 0.011702491901814938
0.07638827711343765, 0.019624246284365654
0.07942050695419312, 0.019480230286717415
0.07392974197864532, 0.012372264638543129
0.07095028460025787, 0.013308131136000156
0.07228530198335648, 0.014729621820151806
0.07684345543384552, 0.012323252856731415
0.07352431863546371, 0.013990026898682117
0.07046770304441452, 0.017205247655510902
0.07818443328142166, 0.01579033024609089
0.07783577591180801, 0.020731115713715553
0.07955801486968994, 0.021544447168707848
0.07928872853517532, 0.0228867270052433
0.08485746383666992, 0.013484952040016651
0.07469610124826431, 0.02042115293443203
0.07887464016675949, 0.017938602715730667
0.07093086838722229, 0.015348647721111774
0.07447309792041779, 0.01622735895216465
0.06760641187429428, 0.01777670904994011
0.07386338710784912, 0.013525847345590591
0.08210490643978119, 0.013955919072031975
0.0680658146739006, 0.014505493454635143
0.07974372059106827, 0.019148867577314377
0.07116035372018814, 0.016821682453155518
0.07555452734231949, 0.01781652495265007
0.07146811485290527, 0.012967202812433243
0.07953435182571411, 0.013661710545420647
0.07899663597345352, 0.01698262430727482
0.07298334687948227, 0.011999374255537987
0.07511976361274719, 0.016959067434072495
0.07951535284519196, 0.018219441175460815
0.07890498638153076, 0.024928852915763855
0.06993786245584488, 0.01197205763310194
0.07254339009523392, 0.014243741519749165
0.0776732787489891, 0.01691369339823723
0.08258382230997086, 0.017973750829696655
0.0723663941025734, 0.01792508363723755
0.0724831148982048, 0.012140958569943905
0.07851748168468475, 0.016268914565443993
0.07736117392778397, 0.011864268220961094
0.08153937011957169, 0.01899993047118187
0.07671991735696793, 0.014250138774514198
0.07349041849374771, 0.01377868466079235
0.07632292062044144, 0.015013689175248146
0.07310233265161514, 0.014147661626338959
0.06446461379528046, 0.008354189805686474
0.07114560157060623, 0.021225348114967346
0.07889220863580704, 0.01659206859767437
0.08275589346885681, 0.01819203421473503
0.06642907112836838, 0.012328865006566048
0.0742127075791359, 0.016740182414650917
0.07425262778997421, 0.015255940146744251
0.07427866011857986, 0.018410785123705864
0.07017573714256287, 0.016875403001904488
0.06928136199712753, 0.01642310619354248
0.07140198349952698, 0.017135003581643105
0.06943334639072418, 0.01380711980164051
0.07817360758781433, 0.01687583513557911
0.07581821084022522, 0.015425662510097027
0.07186378538608551, 0.015597160905599594
0.07417991757392883, 0.018997300416231155
0.07892636209726334, 0.01893896795809269
0.0805799663066864, 0.018638281151652336
0.07680001109838486, 0.018496276810765266
0.07790171355009079, 0.01665322855114937
0.07641185820102692, 0.010584461502730846
0.07578808069229126, 0.020599521696567535
0.07927613705396652, 0.012423805892467499
0.07688137143850327, 0.01308020856231451
0.067746102809906, 0.0162077397108078
0.06640058755874634, 0.013225981034338474
0.06532173603773117, 0.01634042337536812
0.07505638897418976, 0.014030246995389462
0.07007722556591034, 0.012579694390296936
0.07471884042024612, 0.016986915841698647
0.08064252138137817, 0.01836390420794487
0.07350488007068634, 0.010152253322303295
0.078498475253582, 0.012123825959861279
0.07427232712507248, 0.013742734678089619
0.06550303846597672, 0.011703590862452984
0.07542768865823746, 0.01656978763639927
0.06977265328168869, 0.016908979043364525
0.06600112468004227, 0.01402867678552866
0.07232040166854858, 0.019836584106087685
0.06862546503543854, 0.012943943962454796
0.07813835144042969, 0.017523182556033134
0.07872403413057327, 0.017931640148162842
0.07564868032932281, 0.016336966305971146
0.07200470566749573, 0.018062803894281387
0.07456692308187485, 0.01664525829255581
0.07586029171943665, 0.015234865248203278
0.07742780447006226, 0.011409865692257881
0.06899003684520721, 0.01365850679576397
0.06818005442619324, 0.014008240774273872
0.07004287838935852, 0.012039849534630775
0.07315390557050705, 0.017314815893769264
0.07542232424020767, 0.017823874950408936
0.07346568256616592, 0.012768208980560303
0.07183030992746353, 0.01974010467529297
0.07472483068704605, 0.018457014113664627
0.08359067887067795, 0.017421577125787735
