mean, std
0.2683524191379547, 0.13065142929553986
0.11873321980237961, 0.01688269153237343
0.0925183892250061, 0.014974941499531269
0.0883750393986702, 0.015707163140177727
0.07793152332305908, 0.013152291998267174
0.07326024770736694, 0.01832777075469494
0.07718896120786667, 0.015591037459671497
0.08538807928562164, 0.019681962206959724
0.09095560014247894, 0.02830061875283718
0.10907760262489319, 0.030400274321436882
0.09898544102907181, 0.028147289529442787
0.09045735746622086, 0.023143190890550613
0.11442697048187256, 0.039339806884527206
0.10766077786684036, 0.03969963267445564
0.09178642928600311, 0.019901763647794724
0.11971962451934814, 0.04302695766091347
0.12859313189983368, 0.04352126270532608
0.10295214504003525, 0.029534529894590378
0.10992768406867981, 0.02802135981619358
0.1116194874048233, 0.04354991391301155
0.12345634400844574, 0.04612068086862564
0.1323627084493637, 0.03225938230752945
0.12431599199771881, 0.048290107399225235
0.12705747783184052, 0.042219944298267365
0.13578873872756958, 0.0576464906334877
0.13769693672657013, 0.046237003058195114
0.14761194586753845, 0.07476314902305603
0.12783463299274445, 0.03882778063416481
0.11947205662727356, 0.034481365233659744
0.13388775289058685, 0.06288891285657883
0.1567203253507614, 0.05059167742729187
0.1396978199481964, 0.06372066587209702
0.1393202245235443, 0.05744960904121399
0.12208252400159836, 0.03853597491979599
0.15289410948753357, 0.08139578998088837
0.1361946165561676, 0.06642014533281326
0.17026372253894806, 0.09480098634958267
0.13093045353889465, 0.05094693601131439
0.1319838911294937, 0.037083763629198074
0.12651585042476654, 0.03770500048995018
0.09927402436733246, 0.0456077866256237
0.16616106033325195, 0.08910258859395981
0.14817585051059723, 0.062455594539642334
0.09753160923719406, 0.02983258292078972
0.12522010505199432, 0.042606983333826065
0.10709256678819656, 0.02412332594394684
0.11654620617628098, 0.04196597635746002
0.1292920559644699, 0.06543506681919098
0.10171247273683548, 0.03399120643734932
0.11121135205030441, 0.028933210298419
0.09751174598932266, 0.03392665833234787
0.10316621512174606, 0.028024563565850258
0.1092364564538002, 0.05083508417010307
0.11862228810787201, 0.03639782592654228
0.12310206890106201, 0.04332902282476425
0.09560644626617432, 0.024443766102194786
0.10455208271741867, 0.0341336689889431
0.10662130266427994, 0.03930574655532837
0.1276743859052658, 0.06322028487920761
0.13083527982234955, 0.043479081243276596
0.10172974318265915, 0.04049636796116829
0.12295875698328018, 0.04499194771051407
0.1404973715543747, 0.05944516882300377
0.15930502116680145, 0.06268329173326492
0.14194343984127045, 0.05976077914237976
0.11281813681125641, 0.033322859555482864
0.12530754506587982, 0.038831450045108795
0.10957365483045578, 0.03740888088941574
0.12079761922359467, 0.04137684777379036
0.12208700180053711, 0.051167234778404236
0.09927873313426971, 0.03386631980538368
0.0955737978219986, 0.019421258941292763
0.11749141663312912, 0.04505142569541931
0.10780700296163559, 0.027133168652653694
0.10443713515996933, 0.032346051186323166
0.12761278450489044, 0.045376479625701904
0.10683709383010864, 0.03416091203689575
0.10509783774614334, 0.029357215389609337
0.11516008526086807, 0.027305269613862038
0.11117536574602127, 0.041474390774965286
0.10558854788541794, 0.03696979209780693
0.10397905856370926, 0.01882915012538433
0.11848828941583633, 0.061175018548965454
0.127205491065979, 0.05209806561470032
0.12745268642902374, 0.03294927254319191
0.1351354867219925, 0.037915486842393875
0.12417574971914291, 0.0271930955350399
0.11026135087013245, 0.025980621576309204
0.1163354218006134, 0.033049944788217545
0.11828114092350006, 0.04241589456796646
0.12208546698093414, 0.049840353429317474
0.11936885863542557, 0.0440644696354866
0.11399070173501968, 0.034390196204185486
0.1315855234861374, 0.043960943818092346
0.1370817869901657, 0.059342268854379654
0.11861927062273026, 0.051729168742895126
0.10908777266740799, 0.03224411979317665
0.10460199415683746, 0.025695886462926865
0.1453857719898224, 0.05478496104478836
0.12599052488803864, 0.03775787726044655
0.15692397952079773, 0.04810384660959244
0.14115525782108307, 0.056620799005031586
0.10720270872116089, 0.03477444872260094
0.11694213002920151, 0.02581588551402092
0.11416162550449371, 0.037733931094408035
0.10244904458522797, 0.03705522045493126
0.10517167299985886, 0.03461240977048874
0.10711874812841415, 0.018598336726427078
0.1015794426202774, 0.02785330079495907
0.12069952487945557, 0.04321887716650963
0.12108225375413895, 0.026837067678570747
0.11804408580064774, 0.038657043129205704
0.10646373778581619, 0.03434889018535614
0.12028072029352188, 0.04105386137962341
0.09038104116916656, 0.017664197832345963
0.09555389732122421, 0.021731866523623466
0.11347605288028717, 0.028169400990009308
0.11925064027309418, 0.04319936782121658
0.1057957261800766, 0.031178181990981102
0.10217122733592987, 0.02465452440083027
0.10485996305942535, 0.036830224096775055
0.10210776329040527, 0.022991172969341278
0.10548655688762665, 0.039128996431827545
0.10358203202486038, 0.02274182252585888
0.11052240431308746, 0.03789783641695976
0.11356554925441742, 0.02896549366414547
0.09718123823404312, 0.028628412634134293
0.10958739370107651, 0.030258702114224434
0.09386484324932098, 0.01937340572476387
0.12783248722553253, 0.02846638672053814
0.10929957777261734, 0.036306850612163544
0.11290739476680756, 0.03743239864706993
0.1256820559501648, 0.028672678396105766
0.13324196636676788, 0.05077056214213371
0.11698552221059799, 0.024236096069216728
0.10861078649759293, 0.032209400087594986
0.1128486767411232, 0.02538694068789482
0.11386741697788239, 0.043340470641851425
0.10788460075855255, 0.031140848994255066
0.1132630780339241, 0.022038735449314117
0.11661586910486221, 0.041314251720905304
0.10482987016439438, 0.026208581402897835
0.14919035136699677, 0.05004482343792915
0.12790289521217346, 0.03870873153209686
0.11644116789102554, 0.03649092838168144
0.09126297384500504, 0.01983637548983097
0.12156200408935547, 0.02944532409310341
0.12074220180511475, 0.03540860489010811
0.09667510539293289, 0.017315194010734558
0.10470134764909744, 0.03865499049425125
0.12082423269748688, 0.036648113280534744
0.11673784255981445, 0.04015833139419556
0.10654620826244354, 0.0378713496029377
0.11038424074649811, 0.03347324579954147
0.10955532640218735, 0.02221878059208393
0.1125459149479866, 0.027673598378896713
0.11975734680891037, 0.02699456177651882
0.12401311844587326, 0.028357481583952904
0.1306172013282776, 0.04536071792244911
0.10292620956897736, 0.026308612897992134
0.11128739267587662, 0.037201158702373505
0.1403331309556961, 0.041050106287002563
0.16945728659629822, 0.06011132895946503
0.10952597856521606, 0.022643262520432472
0.1090693324804306, 0.037948574870824814
0.11797896772623062, 0.036585886031389236
0.10840228199958801, 0.027797384187579155
0.139688640832901, 0.05481132119894028
0.11339904367923737, 0.03984265401959419
0.12559816241264343, 0.03706574812531471
0.1091739609837532, 0.026033958420157433
0.10715027898550034, 0.023859314620494843
0.12605781853199005, 0.03444111719727516
0.08309633284807205, 0.019606567919254303
0.1154848113656044, 0.03848307207226753
0.12005749344825745, 0.03078363835811615
0.1474461704492569, 0.03654680773615837
0.11100612580776215, 0.030763940885663033
0.10638049989938736, 0.0359310507774353
0.10955998301506042, 0.03403717279434204
0.11362312734127045, 0.03052598610520363
0.12030436098575592, 0.026052583009004593
0.11757910251617432, 0.0349867045879364
0.11817280203104019, 0.03210573270916939
0.11365240067243576, 0.02270449325442314
0.11522146314382553, 0.026500895619392395
0.13018503785133362, 0.04713545739650726
0.11235681176185608, 0.030555041506886482
0.11744749546051025, 0.03392229601740837
0.1171596422791481, 0.026779258623719215
0.1399877518415451, 0.038650032132864
0.12518055737018585, 0.02428477443754673
0.10571561008691788, 0.022231966257095337
0.10456816107034683, 0.028893880546092987
0.12031340599060059, 0.02973155304789543
0.10287097096443176, 0.029920827597379684
0.11852244287729263, 0.039629992097616196
0.12392633408308029, 0.036241255700588226
0.14408455789089203, 0.057995110750198364
0.1439099907875061, 0.04270355775952339
0.12709307670593262, 0.04142032563686371
0.10761282593011856, 0.03092546947300434
0.10148840397596359, 0.02469986490905285
0.1319047510623932, 0.047015994787216187
0.10892955213785172, 0.024607861414551735
0.11521431058645248, 0.03317027911543846
0.13732270896434784, 0.036615606397390366
0.11246628314256668, 0.026994341984391212
0.1001475527882576, 0.021866416558623314
0.09199310839176178, 0.023353129625320435
0.10744091868400574, 0.02261321060359478
0.12330668419599533, 0.036886829882860184
0.13809891045093536, 0.03786304220557213
0.10645931214094162, 0.032524991780519485
0.11309695243835449, 0.041024789214134216
0.12019071727991104, 0.024586129933595657
0.10626155883073807, 0.022097337990999222
0.10231784731149673, 0.02545643411576748
0.1005830392241478, 0.03267989680171013
0.11392908543348312, 0.030743617564439774
0.11284903436899185, 0.03792858123779297
0.12698893249034882, 0.03385474160313606
0.11505598574876785, 0.02863972820341587
0.12300002574920654, 0.0360606387257576
0.1275004744529724, 0.04048702493309975
0.10964198410511017, 0.025560438632965088
0.1183103695511818, 0.04546325281262398
0.14220906794071198, 0.039229340851306915
0.10837621986865997, 0.0346590019762516
0.1347178965806961, 0.043589383363723755
0.10277894139289856, 0.02590283378958702
0.10516665130853653, 0.022675421088933945
0.13412894308567047, 0.03793877735733986
0.13161493837833405, 0.03343500941991806
0.11500472575426102, 0.03557749465107918
0.1292954385280609, 0.03876558318734169
0.10743766278028488, 0.03336501494050026
0.11769381165504456, 0.03704596310853958
0.12398345023393631, 0.03174426406621933
0.11075691133737564, 0.0404927060008049
0.11272609233856201, 0.03652243688702583
0.12595298886299133, 0.04083559289574623
0.1314704418182373, 0.029913537204265594
0.1149136871099472, 0.024064207449555397
0.11870094388723373, 0.032652825117111206
0.09933873265981674, 0.02058890275657177
0.10753419250249863, 0.02881556935608387
0.11562442779541016, 0.0392896793782711
0.1420203000307083, 0.0345781147480011
0.12777510285377502, 0.04101703315973282
0.10073929280042648, 0.02508150041103363
0.12030287832021713, 0.02749651111662388
0.11064818501472473, 0.03815888240933418
0.10287002474069595, 0.029412919655442238
0.10618586093187332, 0.029394347220659256
0.11152026802301407, 0.03193662315607071
0.10867062956094742, 0.03235659375786781
0.13120967149734497, 0.05754673853516579
0.12151074409484863, 0.03358395770192146
0.11461615562438965, 0.027642959728837013
0.09096349775791168, 0.024774640798568726
0.13368624448776245, 0.0377846285700798
0.12392033636569977, 0.0376705639064312
0.1268419772386551, 0.03418123349547386
0.1308901011943817, 0.04709678143262863
0.1157197430729866, 0.021452177315950394
0.10728660970926285, 0.032730963081121445
0.11726155877113342, 0.03327086940407753
0.12676410377025604, 0.02862534299492836
0.11449168622493744, 0.025970468297600746
0.11853207647800446, 0.029886607080698013
0.15652525424957275, 0.04264545813202858
0.13359035551548004, 0.04484330490231514
0.09719297289848328, 0.023448187857866287
0.10399319976568222, 0.027644798159599304
0.10408932715654373, 0.036985110491514206
0.11026430130004883, 0.025373997166752815
0.1347964107990265, 0.038502197712659836
0.13983525335788727, 0.04445993900299072
0.12708957493305206, 0.0372701920568943
0.13562913239002228, 0.029118862003087997
0.12399746477603912, 0.030407827347517014
0.11695969104766846, 0.04249027371406555
0.10937787592411041, 0.03103865310549736
0.12375044822692871, 0.040528371930122375
0.10210356116294861, 0.02238280512392521
0.12047725170850754, 0.03201022744178772
0.1421632021665573, 0.048190902918577194
0.11583515256643295, 0.03827022388577461
0.1119188591837883, 0.02548309974372387
0.11010555177927017, 0.026867816224694252
0.11843171715736389, 0.029604259878396988
0.12994317710399628, 0.04175889492034912
0.1324259340763092, 0.035398777574300766
0.11792484670877457, 0.027142412960529327
0.13496699929237366, 0.04827933758497238
0.14401274919509888, 0.045955169945955276
0.10452403128147125, 0.02406189776957035
0.12106999009847641, 0.03494285047054291
0.11930607259273529, 0.03740275278687477
0.1493278294801712, 0.042678218334913254
0.1264818161725998, 0.031875986605882645
0.11977972090244293, 0.028737016022205353
0.11331479996442795, 0.03020601160824299
0.13252031803131104, 0.04352395236492157
0.131256565451622, 0.02801602892577648
0.13569855690002441, 0.034583427011966705
0.11318591237068176, 0.03157463297247887
0.10613453388214111, 0.025517981499433517
0.10483657568693161, 0.025113634765148163
0.10120031982660294, 0.031139016151428223
0.09510848671197891, 0.023480599746108055
0.11207125335931778, 0.028802920132875443
0.11979600042104721, 0.030136197805404663
0.104477159678936, 0.029090477153658867
0.11511484533548355, 0.04204139485955238
0.12688995897769928, 0.0355503186583519
0.12039180845022202, 0.03800196945667267
0.1065165176987648, 0.024111097678542137
0.11840176582336426, 0.03243009001016617
0.14138932526111603, 0.04003885015845299
0.10256598144769669, 0.034929126501083374
0.09908408671617508, 0.024201281368732452
0.13287585973739624, 0.03741205483675003
0.13261809945106506, 0.03248770534992218
0.11029894649982452, 0.026242749765515327
0.10733312368392944, 0.03222208470106125
0.12641191482543945, 0.0415906086564064
0.12307824194431305, 0.035296157002449036
0.12163367867469788, 0.0373481921851635
0.11793061345815659, 0.029153866693377495
0.12632879614830017, 0.04400266706943512
0.1284220814704895, 0.04086391627788544
0.12249546498060226, 0.039147257804870605
0.10983683168888092, 0.02422681450843811
0.12830784916877747, 0.03001519665122032
0.10539469867944717, 0.02495739422738552
0.11268386989831924, 0.035298675298690796
0.13275718688964844, 0.047626473009586334
0.10351592302322388, 0.02587789110839367
0.11665744334459305, 0.020580297335982323
0.12960028648376465, 0.0492321252822876
0.12770788371562958, 0.04240138828754425
0.11277292668819427, 0.033377259969711304
0.11966182291507721, 0.03335299342870712
0.12425853312015533, 0.03978358581662178
0.13048739731311798, 0.03624348342418671
0.11584758758544922, 0.02920076809823513
0.11317210644483566, 0.027632759883999825
0.11664298921823502, 0.0325654074549675
0.10143685340881348, 0.024523938074707985
0.10532614588737488, 0.018946940079331398
0.13046211004257202, 0.03379029780626297
0.12204919755458832, 0.027611825615167618
0.12405689805746078, 0.04174170270562172
0.10328878462314606, 0.025817852467298508
0.11013796925544739, 0.03651268035173416
0.12105423957109451, 0.03332183510065079
0.10741177946329117, 0.027953455224633217
0.13017012178897858, 0.032868318259716034
0.13360710442066193, 0.03628335893154144
0.16705499589443207, 0.050172001123428345
0.17543649673461914, 0.050669439136981964
0.16397586464881897, 0.05938105657696724
0.12598392367362976, 0.04384313523769379
0.11898662149906158, 0.04111749678850174
0.13009436428546906, 0.036628641188144684
0.14321990311145782, 0.036151718348264694
0.13008084893226624, 0.031447362154722214
0.11730877310037613, 0.029822442680597305
0.10629768669605255, 0.03119434416294098
0.12920284271240234, 0.03497977554798126
0.14250285923480988, 0.043342672288417816
0.14839595556259155, 0.03811134397983551
0.11407575756311417, 0.033353209495544434
0.10400376468896866, 0.021003201603889465
0.11524137109518051, 0.041006531566381454
0.13719359040260315, 0.039938170462846756
0.11294873803853989, 0.029790643602609634
0.09839639812707901, 0.022273654118180275
0.12886258959770203, 0.042205560952425
0.1250709444284439, 0.04489453136920929
0.13932453095912933, 0.04346560686826706
0.12484761327505112, 0.03890157863497734
0.11771196871995926, 0.03815842792391777
0.10451450943946838, 0.029492923989892006
0.1312110275030136, 0.03932436555624008
0.12579752504825592, 0.0418228954076767
0.1167830228805542, 0.024964436888694763
0.117201067507267, 0.035896532237529755
0.12211431562900543, 0.0342160165309906
0.1203230619430542, 0.02523651532828808
0.134565070271492, 0.03120376169681549
0.11700282990932465, 0.03310379758477211
0.11974094063043594, 0.024668553844094276
0.11165805906057358, 0.03499156981706619
0.10641295462846756, 0.038863010704517365
0.11450131982564926, 0.03523733466863632
0.11730384826660156, 0.027385739609599113
0.1270095556974411, 0.05536061152815819
0.11913993954658508, 0.036920301616191864
0.12502138316631317, 0.03113982267677784
0.13001032173633575, 0.042766716331243515
0.12184486538171768, 0.027771735563874245
0.11216708272695541, 0.03834112733602524
0.10221270471811295, 0.03157811984419823
0.11226395517587662, 0.028622133657336235
0.09686998277902603, 0.02037638984620571
0.10986898839473724, 0.03905482590198517
0.11126869171857834, 0.03603922948241234
0.11390018463134766, 0.028759779408574104
0.11425244808197021, 0.034470636397600174
0.1390833854675293, 0.04729461297392845
0.11860329657793045, 0.0286373533308506
0.10714716464281082, 0.030192961916327477
0.13260392844676971, 0.02628968097269535
0.13622593879699707, 0.05057120323181152
0.09753595292568207, 0.030072757974267006
0.09772450476884842, 0.028588898479938507
0.10943345725536346, 0.03474174067378044
0.11113617569208145, 0.0287043247371912
0.11951462179422379, 0.04250975325703621
0.167423814535141, 0.05639892816543579
0.13757652044296265, 0.050924744457006454
0.11227042227983475, 0.03643399477005005
0.15341885387897491, 0.04202452301979065
0.11442955583333969, 0.03437003865838051
0.12372132390737534, 0.040680091828107834
0.11395131051540375, 0.03482575714588165
0.1265561431646347, 0.05110478773713112
0.13885484635829926, 0.047844983637332916
0.13420772552490234, 0.025226298719644547
0.10187987238168716, 0.024213680997490883
0.11186110973358154, 0.018792949616909027
0.11420895159244537, 0.033151235431432724
0.1225016638636589, 0.04344045743346214
0.10957574844360352, 0.027668951079249382
0.10068865120410919, 0.025238873437047005
0.11248563230037689, 0.022592443972826004
0.12869688868522644, 0.030305366963148117
0.12191971391439438, 0.03287492319941521
0.10673457384109497, 0.02773999236524105
0.12965787947177887, 0.03197105601429939
0.10821585357189178, 0.0182782169431448
0.11576027423143387, 0.0330260805785656
0.12331005185842514, 0.02611309289932251
0.10181251913309097, 0.02272045984864235
0.11460056900978088, 0.03437938168644905
0.13204072415828705, 0.04881415143609047
0.11632677167654037, 0.03775704279541969
0.10370684415102005, 0.029061155393719673
0.11682704091072083, 0.028362421318888664
0.13693910837173462, 0.0453154630959034
0.11024107038974762, 0.02270819991827011
0.10265753418207169, 0.021538695320487022
0.1052999198436737, 0.02620754763484001
0.13394899666309357, 0.02636340819299221
0.1418776959180832, 0.05206184461712837
0.11712612211704254, 0.0428745374083519
0.11014490574598312, 0.02760685235261917
0.12740442156791687, 0.05590575933456421
0.15219348669052124, 0.05942034721374512
0.12119986116886139, 0.02843369171023369
0.1265391856431961, 0.032932788133621216
0.12875281274318695, 0.04148140922188759
0.1141098365187645, 0.02796841785311699
0.1169590950012207, 0.03477582708001137
0.16491065919399261, 0.03907547891139984
0.12281758338212967, 0.02962016500532627
0.1113961935043335, 0.030799882486462593
0.10875274240970612, 0.034762755036354065
0.11257990449666977, 0.029053421691060066
0.11263655126094818, 0.025297200307250023
0.10203699767589569, 0.020931197330355644
0.13008101284503937, 0.046297378838062286
0.13667917251586914, 0.038772404193878174
0.11649647355079651, 0.028994262218475342
0.10674633085727692, 0.025891276076436043
0.1557697206735611, 0.04307214170694351
0.125562384724617, 0.021754438057541847
0.12852932512760162, 0.029433850198984146
0.12366330623626709, 0.03380235284566879
0.12209854274988174, 0.026950504630804062
0.11189591884613037, 0.029041828587651253
0.10725577175617218, 0.032526902854442596
0.10797490179538727, 0.02532663755118847
0.11134575307369232, 0.033111583441495895
0.10240349173545837, 0.03131597489118576
0.11240580677986145, 0.02749832347035408
0.11379832774400711, 0.03693597763776779
0.11641119420528412, 0.02988640032708645
0.13707783818244934, 0.02169204130768776
0.13660256564617157, 0.04542796313762665
0.12816882133483887, 0.04128909856081009
0.10080493986606598, 0.02160084992647171
0.11338748037815094, 0.03627302125096321
0.10670118033885956, 0.03274458274245262
0.12384572625160217, 0.03366799280047417
0.17246751487255096, 0.0433499701321125
0.1698494255542755, 0.029955821111798286
0.14239753782749176, 0.04912411794066429
0.1083599403500557, 0.021706512197852135
0.10701087862253189, 0.0206068754196167
0.10781270265579224, 0.026542773470282555
0.14703407883644104, 0.03427635505795479
0.12443616986274719, 0.03665295988321304
0.13475383818149567, 0.02877655066549778
0.10477372258901596, 0.021462105214595795
0.09797065705060959, 0.030372176319360733
0.13162484765052795, 0.04090151563286781
0.12002161145210266, 0.02992549166083336
0.1168418750166893, 0.028914734721183777
0.10940900444984436, 0.02677197754383087
0.13060763478279114, 0.050755567848682404
0.11553708463907242, 0.038551002740859985
0.1397164911031723, 0.03918936476111412
0.13775523006916046, 0.03702680766582489
0.11305371671915054, 0.031799230724573135
0.10857105255126953, 0.030194243416190147
0.143183171749115, 0.04601539298892021
0.155562624335289, 0.04943479597568512
0.12671613693237305, 0.03636818006634712
0.12895259261131287, 0.037342701107263565
0.11456993967294693, 0.027776965871453285
0.12482550740242004, 0.05415204167366028
0.14208145439624786, 0.05171981453895569
0.12655730545520782, 0.04310110583901405
0.1214723214507103, 0.03189590945839882
0.10831455141305923, 0.027859101071953773
0.12468581646680832, 0.03522280231118202
0.12181498110294342, 0.02942752279341221
0.11036799103021622, 0.030708473175764084
0.11433055996894836, 0.031436651945114136
0.12936782836914062, 0.033684082329273224
0.09604340046644211, 0.023900479078292847
0.10727886110544205, 0.027578294277191162
0.12506702542304993, 0.030123623088002205
0.10321018844842911, 0.02395395003259182
0.1241292804479599, 0.04453737288713455
0.11236778646707535, 0.03585035353899002
0.11256822198629379, 0.03149951621890068
0.11874499917030334, 0.030813878402113914
0.12971799075603485, 0.03344179689884186
0.11619926989078522, 0.03325723856687546
0.13999412953853607, 0.034111138433218
0.11275830864906311, 0.03383278101682663
0.11621221154928207, 0.03277153894305229
0.11807051301002502, 0.03454631567001343
0.11505728214979172, 0.02588457427918911
0.15996725857257843, 0.044334277510643005
0.11541061848402023, 0.038778096437454224
0.10305001586675644, 0.02364584431052208
0.1165224090218544, 0.029984932392835617
0.10770474374294281, 0.033996935933828354
0.09452244639396667, 0.02000189572572708
0.12487976998090744, 0.036414045840501785
0.10540271550416946, 0.02440311200916767
0.10710246860980988, 0.025427838787436485
0.09600795060396194, 0.026031045243144035
0.1190924420952797, 0.0368550606071949
0.11600889265537262, 0.035331472754478455
0.12069950997829437, 0.031016990542411804
0.13849802315235138, 0.03824920207262039
0.12829768657684326, 0.04391825199127197
0.12832947075366974, 0.03727593272924423
0.09202270209789276, 0.019104354083538055
0.10333237797021866, 0.026790844276547432
0.11913171410560608, 0.038078952580690384
0.1480516940355301, 0.06060132384300232
0.1474705934524536, 0.044318389147520065
0.11999538540840149, 0.032325245440006256
0.10144542902708054, 0.025055503472685814
0.09831942617893219, 0.024778710678219795
0.11366713047027588, 0.035119447857141495
0.13055846095085144, 0.030129292979836464
0.12664565443992615, 0.04500309377908707
0.1208469346165657, 0.04693072661757469
0.10431377589702606, 0.024030817672610283
0.10720600187778473, 0.03550465777516365
0.13666920363903046, 0.04453686997294426
0.1143035739660263, 0.02869870513677597
0.12439627200365067, 0.031588874757289886
0.13954468071460724, 0.04129759222269058
0.12139332294464111, 0.023659607395529747
0.12011562287807465, 0.04337030649185181
0.10635758191347122, 0.026650702580809593
0.11598993837833405, 0.030086271464824677
0.10694777220487595, 0.02742084302008152
0.11299959570169449, 0.024420609697699547
0.11768129467964172, 0.03281112387776375
0.15503628551959991, 0.03461500257253647
0.10857956856489182, 0.03358421102166176
0.12327726930379868, 0.029989391565322876
0.12340573221445084, 0.04279165714979172
0.10672938078641891, 0.029669681563973427
0.12246790528297424, 0.03951862081885338
0.11076173931360245, 0.027134208008646965
0.10716529935598373, 0.03377559036016464
0.10505951195955276, 0.029780486598610878
0.11251723766326904, 0.033762525767087936
0.09884282946586609, 0.028958208858966827
0.1499706506729126, 0.04752686619758606
0.1342518925666809, 0.048291876912117004
0.11476514488458633, 0.03636530041694641
0.09544960409402847, 0.023043379187583923
0.13887706398963928, 0.04818339645862579
0.14222820103168488, 0.032039400190114975
0.10164584219455719, 0.01684645190834999
0.10656271129846573, 0.025398297235369682
0.1255406141281128, 0.03219856694340706
0.09913275390863419, 0.023902077227830887
0.10698548704385757, 0.023606767877936363
0.11302898824214935, 0.022064710035920143
0.1062568798661232, 0.02429988794028759
0.11253092437982559, 0.02775326929986477
0.12308229506015778, 0.03094439208507538
0.13030961155891418, 0.0323050357401371
0.14043134450912476, 0.046722572296857834
0.11501100659370422, 0.022677291184663773
0.1258430778980255, 0.03838592395186424
0.11357082426548004, 0.02856271341443062
0.10249141603708267, 0.03188176453113556
0.1101633831858635, 0.02597341500222683
0.11266329884529114, 0.022711236029863358
0.10093273967504501, 0.021395796909928322
0.11345679312944412, 0.03308400139212608
0.12579895555973053, 0.039427489042282104
0.12099292874336243, 0.03900856897234917
0.1122099980711937, 0.022730156779289246
0.1026492565870285, 0.01581587642431259
0.12521451711654663, 0.03312152624130249
0.09577639400959015, 0.02046530321240425
0.13779312372207642, 0.03130117803812027
0.11549275368452072, 0.0294752549380064
0.11863724142313004, 0.03417644649744034
0.11780321598052979, 0.033177416771650314
0.11707086116075516, 0.03220556303858757
0.10981811583042145, 0.02310461550951004
0.11218515783548355, 0.03234288468956947
0.13274961709976196, 0.03470879793167114
0.1227031797170639, 0.03577306494116783
0.10936282575130463, 0.03137442469596863
0.0985136553645134, 0.030885089188814163
0.126632422208786, 0.037185050547122955
0.12403619289398193, 0.02943386137485504
0.10280293226242065, 0.0225287564098835
0.10045836865901947, 0.0266514141112566
0.1291881948709488, 0.05477609485387802
0.11102259904146194, 0.0293764416128397
0.13847218453884125, 0.04432271048426628
0.11029201000928879, 0.027748793363571167
0.13532264530658722, 0.04570084437727928
0.1379138082265854, 0.04988427460193634
0.11685816198587418, 0.021295050159096718
0.1381843388080597, 0.050436634570360184
0.11292089521884918, 0.04234983026981354
0.11644569784402847, 0.02755161188542843
0.10228627175092697, 0.024251390248537064
0.15756617486476898, 0.04286368191242218
0.14519089460372925, 0.0418882817029953
0.13005775213241577, 0.036059532314538956
0.11743196099996567, 0.03355026617646217
0.1134871244430542, 0.02328062243759632
0.1117241382598877, 0.02909550815820694
0.10977471619844437, 0.027137430384755135
0.13406437635421753, 0.04930999502539635
0.12663134932518005, 0.03388993442058563
0.12241930514574051, 0.02370545268058777
0.10718422383069992, 0.028852267190814018
0.10260459780693054, 0.03023594617843628
0.14072401821613312, 0.03930439427495003
0.12266022711992264, 0.03237217664718628
0.09788530319929123, 0.027552608400583267
0.0894167572259903, 0.023526016622781754
0.10815241187810898, 0.028662564232945442
0.11932681500911713, 0.03402749076485634
0.14642265439033508, 0.04667402803897858
0.10110298544168472, 0.02131587453186512
0.12541618943214417, 0.038336314260959625
0.10392997413873672, 0.02932228520512581
0.12628884613513947, 0.044032707810401917
0.14514762163162231, 0.03601444512605667
0.12017692625522614, 0.034493040293455124
0.12886443734169006, 0.03202814236283302
0.10647707432508469, 0.0247502401471138
0.11002449691295624, 0.04177788272500038
0.1191464513540268, 0.037114717066287994
0.15451116859912872, 0.05376682057976723
0.11954992264509201, 0.030504396185278893
0.12192848324775696, 0.0256789717823267
0.10837666690349579, 0.025050543248653412
0.11030951142311096, 0.03642641752958298
0.146005317568779, 0.04577430337667465
0.1508176326751709, 0.04786665365099907
0.10611418634653091, 0.028243210166692734
0.11266062408685684, 0.031202662736177444
0.11692974716424942, 0.026032021269202232
0.12932781875133514, 0.04258844256401062
0.11492984741926193, 0.0364554300904274
0.11308872699737549, 0.03444965183734894
0.11305766552686691, 0.018021419644355774
0.1236511766910553, 0.03912952169775963
0.13470838963985443, 0.03625546768307686
0.13027910888195038, 0.03477673605084419
0.12960034608840942, 0.0381900891661644
0.11113647371530533, 0.03523418679833412
0.10818169265985489, 0.02380082942545414
0.0992567166686058, 0.02362344227731228
0.12013494968414307, 0.031102674081921577
0.10976437479257584, 0.021857719868421555
0.11433139443397522, 0.0401780866086483
0.11011718213558197, 0.029602080583572388
0.11989298462867737, 0.032917656004428864
0.11247052252292633, 0.04295879229903221
0.1327279508113861, 0.03439370170235634
0.13239099085330963, 0.04341454803943634
0.11900995671749115, 0.040530119091272354
0.11265472322702408, 0.027411654591560364
0.10280504077672958, 0.021900266408920288
0.10191840678453445, 0.022267688065767288
0.09448786079883575, 0.027432966977357864
0.1176987737417221, 0.03299859166145325
0.11855684220790863, 0.029855314642190933
0.11119624227285385, 0.025050994008779526
0.11416469514369965, 0.035737257450819016
0.10793483257293701, 0.033032577484846115
0.09235556423664093, 0.024224605411291122
0.11801113188266754, 0.022532710805535316
0.12809422612190247, 0.05101490765810013
0.13081321120262146, 0.0355001725256443
0.12092816829681396, 0.0369388684630394
0.10895315557718277, 0.03488585725426674
0.13003487884998322, 0.04100096970796585
0.10007090866565704, 0.03413522616028786
0.10510074347257614, 0.03181382268667221
0.14147967100143433, 0.032725438475608826
0.12808986008167267, 0.04356829449534416
0.12265712767839432, 0.04507843032479286
0.08841566741466522, 0.017291085794568062
0.12971290946006775, 0.028622513636946678
0.11210761219263077, 0.01715986244380474
0.10967257618904114, 0.034892916679382324
0.10330209881067276, 0.022108668461441994
0.11840927600860596, 0.03318403661251068
0.11560339480638504, 0.030837630853056908
0.137150377035141, 0.02800658531486988
0.12249956279993057, 0.029179377481341362
0.11414680629968643, 0.03327835723757744
0.10832524299621582, 0.029471423476934433
0.11367321014404297, 0.022950001060962677
0.10589250177145004, 0.02277197688817978
0.09290977567434311, 0.025322644039988518
0.11633111536502838, 0.047089818865060806
0.1362391859292984, 0.048997215926647186
0.10725101083517075, 0.026226382702589035
0.09798300266265869, 0.02544388361275196
0.10363364964723587, 0.02674940600991249
0.10242760181427002, 0.028498059138655663
0.10293841361999512, 0.03233122453093529
0.10080946981906891, 0.03398434817790985
0.12996749579906464, 0.04741630703210831
0.10226128995418549, 0.022975783795118332
0.12182997167110443, 0.03380871191620827
0.13267631828784943, 0.03685635328292847
0.10313782095909119, 0.025870773941278458
0.0953526571393013, 0.025643570348620415
0.0988006740808487, 0.02097502164542675
0.11826107650995255, 0.0472392700612545
0.12074703723192215, 0.035454072058200836
0.11185405403375626, 0.030892489477992058
0.11017842590808868, 0.024381957948207855
0.1036447063088417, 0.030140763148665428
0.11613951623439789, 0.034510161727666855
0.12479913234710693, 0.034408945590257645
0.11198339611291885, 0.04599620774388313
0.09861239790916443, 0.024473149329423904
0.10372975468635559, 0.028895830735564232
0.10607774555683136, 0.031604163348674774
0.09744494408369064, 0.025609904900193214
0.10878164321184158, 0.019397830590605736
0.10417795181274414, 0.03418174386024475
0.12289055436849594, 0.04308626800775528
0.10362108051776886, 0.023534202948212624
0.09648919850587845, 0.024252954870462418
0.11991963535547256, 0.0255816038697958
0.09087402373552322, 0.028645575046539307
0.11169420182704926, 0.02643897570669651
0.11559487879276276, 0.03246074169874191
0.11853747814893723, 0.03035200946033001
0.11561788618564606, 0.0259303729981184
0.09942236542701721, 0.024439629167318344
0.12334443628787994, 0.06004472076892853
0.14530183374881744, 0.03885452821850777
0.08928621560335159, 0.024487584829330444
0.09637399762868881, 0.03574465587735176
0.10761342197656631, 0.029903002083301544
0.1324223428964615, 0.04565485194325447
0.11011229455471039, 0.03510323911905289
0.10566902160644531, 0.028509147465229034
0.09765992313623428, 0.023404335603117943
0.09072369337081909, 0.024049129337072372
0.11490447074174881, 0.04321151599287987
0.12052258104085922, 0.035503122955560684
0.121501125395298, 0.028085660189390182
0.13500171899795532, 0.03564099967479706
0.11930259317159653, 0.03298119083046913
0.09480174630880356, 0.02580719068646431
0.12146563082933426, 0.02840672992169857
0.14064651727676392, 0.048587579280138016
0.1147867739200592, 0.05157996714115143
0.10644026100635529, 0.029625985771417618
0.13018740713596344, 0.043413590639829636
0.11021626740694046, 0.02783311903476715
0.1000877171754837, 0.03582386299967766
0.11080746352672577, 0.027250103652477264
0.11059247702360153, 0.02830684557557106
0.09803187847137451, 0.02578352950513363
0.13205090165138245, 0.041575778275728226
0.0951545462012291, 0.027190761640667915
0.10951832681894302, 0.02851381152868271
0.1150161549448967, 0.028797544538974762
0.10319920629262924, 0.022953839972615242
0.1020466610789299, 0.028778262436389923
0.09185218811035156, 0.023197578266263008
0.0997522622346878, 0.024051964282989502
0.10644623637199402, 0.03354500234127045
0.10660095512866974, 0.034393489360809326
0.10523650795221329, 0.016398480162024498
0.11012016236782074, 0.03690453991293907
0.09940642863512039, 0.03039783053100109
0.12952852249145508, 0.041718676686286926
0.11282220482826233, 0.040237605571746826
0.10942842811346054, 0.03224394842982292
0.08001281321048737, 0.016395380720496178
0.10485189408063889, 0.032673489302396774
0.10657133907079697, 0.02499290369451046
0.10548339784145355, 0.02561022900044918
0.12223401665687561, 0.03229069709777832
0.11771392822265625, 0.03186723589897156
0.11171483993530273, 0.03713839501142502
0.1063275933265686, 0.028020991012454033
0.1506706029176712, 0.04642675817012787
0.10604771971702576, 0.03900761902332306
0.1345793455839157, 0.030584635213017464
0.11093077808618546, 0.03287620097398758
0.14541566371917725, 0.043531354516744614
0.14685611426830292, 0.05189966782927513
0.10255604982376099, 0.0330684594810009
0.099345862865448, 0.022558405995368958
0.11295603215694427, 0.03444603085517883
0.11223423480987549, 0.026832254603505135
0.0900096669793129, 0.024082090705633163
0.117703877389431, 0.05040593445301056
0.09496394544839859, 0.026162870228290558
0.11111899465322495, 0.04341648519039154
0.10601219534873962, 0.023812279105186462
0.10373864322900772, 0.030645981431007385
0.12418413162231445, 0.03739206865429878
0.1196112111210823, 0.04869064688682556
0.10724655538797379, 0.025263892486691475
0.1395609825849533, 0.04316086322069168
0.10415384918451309, 0.020326141268014908
0.11349473148584366, 0.020849449560046196
0.09750447422266006, 0.024076925590634346
0.10373610258102417, 0.033866964280605316
0.12650594115257263, 0.04745546355843544
0.09610878676176071, 0.025475457310676575
0.10704142600297928, 0.027776464819908142
0.11797302216291428, 0.030518265441060066
0.1314094066619873, 0.035564593970775604
0.1349361389875412, 0.04302164912223816
0.11086314171552658, 0.04144121706485748
0.11236660927534103, 0.031691741198301315
0.1236952692270279, 0.03833561763167381
0.15939848124980927, 0.045780424028635025
0.1066497340798378, 0.02673313021659851
0.10304489731788635, 0.022866347804665565
0.10674063116312027, 0.02129717543721199
0.09527738392353058, 0.02934836596250534
0.10407672822475433, 0.028702277690172195
0.10631930083036423, 0.029584962874650955
0.10873737931251526, 0.026323145255446434
0.10960183292627335, 0.033656809478998184
0.09325993806123734, 0.034334827214479446
0.11753606796264648, 0.04458204656839371
0.1062566414475441, 0.024800166487693787
0.0970340445637703, 0.02605377323925495
0.09743823111057281, 0.025254162028431892
0.1280105859041214, 0.0320366770029068
0.14115066826343536, 0.04282126948237419
0.11523522436618805, 0.03817017748951912
0.09121230989694595, 0.02519305609166622
0.11353345960378647, 0.03815954923629761
0.12111476063728333, 0.03728331997990608
0.1629277616739273, 0.07156297564506531
0.12334778904914856, 0.03200681135058403
0.11914028227329254, 0.046298373490571976
0.10554695129394531, 0.028294071555137634
0.0962897315621376, 0.022212188690900803
0.09599336236715317, 0.014601805247366428
0.09305816888809204, 0.021450037136673927
0.108796626329422, 0.03153261914849281
0.11194060742855072, 0.03663408383727074
0.09779724478721619, 0.02341204136610031
0.10425636917352676, 0.029087411239743233
0.10706812143325806, 0.027892010286450386
0.11887244135141373, 0.033977992832660675
0.13290239870548248, 0.027908409014344215
0.13867123425006866, 0.05289875715970993
0.11793135106563568, 0.037087488919496536
0.09644699841737747, 0.03302440419793129
0.10106658935546875, 0.025374798104166985
0.09511718899011612, 0.02758786268532276
0.10448574274778366, 0.022825680673122406
0.10585252195596695, 0.029597725719213486
0.11983410269021988, 0.027773553505539894
0.11452639102935791, 0.043940603733062744
0.11001016944646835, 0.029681028798222542
0.10700121521949768, 0.03939960524439812
0.11264366656541824, 0.02238345518708229
0.11867453157901764, 0.04047467187047005
0.0943818911910057, 0.017601104453206062
0.08171068131923676, 0.023005370050668716
0.1126447543501854, 0.03538414463400841
0.1168026253581047, 0.040723711252212524
0.09350544959306717, 0.02004902996122837
0.1113029196858406, 0.023112894967198372
0.1307622641324997, 0.05258243903517723
0.1238548755645752, 0.03246588632464409
0.12316115945577621, 0.033475715667009354
0.11358078569173813, 0.03375488519668579
0.11529716104269028, 0.030255544930696487
0.11012918502092361, 0.021163204684853554
0.1014019101858139, 0.028126021847128868
0.09991994500160217, 0.03829006478190422
0.10113564878702164, 0.020785294473171234
0.12785567343235016, 0.03650433197617531
0.11166833341121674, 0.029502898454666138
0.09894360601902008, 0.02674596756696701
0.1142517626285553, 0.023825202137231827
0.12566427886486053, 0.03509179875254631
0.135195791721344, 0.03863479942083359
0.13349968194961548, 0.03897358849644661
0.1266252100467682, 0.032406456768512726
0.1224517673254013, 0.03016645647585392
0.11366137117147446, 0.021658753976225853
0.12101572006940842, 0.02061350643634796
0.11067571491003036, 0.03495669364929199
0.12001349031925201, 0.035311777144670486
0.10568283498287201, 0.04667649418115616
0.09374353289604187, 0.03494857996702194
0.10703501105308533, 0.02317729964852333
0.09391230344772339, 0.024608632549643517
0.11323908716440201, 0.04675978794693947
0.09507928043603897, 0.02936725877225399
0.1147124394774437, 0.03033967688679695
0.11070949584245682, 0.030029214918613434
0.11096300929784775, 0.03519017621874809
0.1067846342921257, 0.035069920122623444
0.10895345360040665, 0.027580708265304565
0.11771496385335922, 0.04302212595939636
0.13040263950824738, 0.028761129826307297
0.09821661561727524, 0.03585185110569
0.11289763450622559, 0.044562384486198425
0.13118787109851837, 0.03797757998108864
0.10041709989309311, 0.0199423898011446
0.12360812723636627, 0.038580432534217834
0.13918884098529816, 0.04276729375123978
0.10014501959085464, 0.02853056974709034
0.0883093848824501, 0.024392351508140564
0.09849244356155396, 0.02562173642218113
0.09579455107450485, 0.021613728255033493
0.1078801229596138, 0.03022136352956295
0.11098144203424454, 0.026849349960684776
0.08509630709886551, 0.016592610627412796
0.09454067051410675, 0.028596535325050354
0.09911473095417023, 0.01795743964612484
0.12141022831201553, 0.03885098919272423
0.09699752181768417, 0.01867392659187317
0.09692293405532837, 0.02618023194372654
0.1059943437576294, 0.025525247678160667
0.11247686296701431, 0.020650895312428474
0.09631229937076569, 0.025531360879540443
0.1036033108830452, 0.02488677203655243
0.09203480184078217, 0.023175975307822227
0.1423385590314865, 0.055800821632146835
0.14223141968250275, 0.04078717529773712
0.11829216033220291, 0.03479756787419319
0.10096296668052673, 0.017894240096211433
0.10692209005355835, 0.03646628558635712
0.0974297821521759, 0.029948286712169647
0.0988706424832344, 0.030830254778265953
0.12837174534797668, 0.037429288029670715
0.09307580441236496, 0.024276219308376312
0.083555668592453, 0.015686355531215668
0.1045464426279068, 0.025091106072068214
0.10170696675777435, 0.024518752470612526
0.11082981526851654, 0.040775809437036514
0.11054148524999619, 0.040802132338285446
0.1033768579363823, 0.02718442864716053
0.0950155183672905, 0.026904119178652763
0.10819991677999496, 0.04817654937505722
0.0976075604557991, 0.028417320922017097
0.10281390696763992, 0.020285848528146744
0.10785534232854843, 0.03333815559744835
0.09667934477329254, 0.025980019941926003
0.09718846529722214, 0.022401539608836174
0.0986139103770256, 0.026973295956850052
0.1041073203086853, 0.01947137899696827
0.10088329762220383, 0.02704821340739727
0.11681113392114639, 0.039545390754938126
0.09324775636196136, 0.022078987210989
0.10095703601837158, 0.0234792772680521
0.11550072580575943, 0.020921586081385612
0.11934937536716461, 0.04526006430387497
0.12188421189785004, 0.04160374030470848
0.1206345185637474, 0.04157136753201485
0.10180018842220306, 0.01919545978307724
0.10928932577371597, 0.028429998084902763
0.11143162846565247, 0.025456810370087624
0.10304819047451019, 0.032599322497844696
0.11967170238494873, 0.02693173475563526
0.11225901544094086, 0.02377908304333687
0.08571812510490417, 0.019045572727918625
0.09271592646837234, 0.02207672968506813
0.11073970049619675, 0.03344504535198212
0.10989134758710861, 0.023984774947166443
0.11180398613214493, 0.0364881232380867
0.10989836603403091, 0.02746167592704296
0.11395231634378433, 0.024354659020900726
0.12069407105445862, 0.04112732782959938
0.11341472715139389, 0.029900847002863884
0.0956229418516159, 0.024455441161990166
0.10097506642341614, 0.02777380682528019
0.10013987123966217, 0.023512130603194237
0.08765751868486404, 0.015734147280454636
0.1038188710808754, 0.02564062736928463
0.10625310242176056, 0.033376798033714294
0.11773284524679184, 0.030253803357481956
0.10416543483734131, 0.0329020731151104
0.1098305806517601, 0.02326156012713909
0.09405869245529175, 0.026209702715277672
0.11455149203538895, 0.03265760466456413
0.09162990748882294, 0.024676557630300522
0.12298998981714249, 0.05406569316983223
0.12666867673397064, 0.0393204465508461
0.1204620972275734, 0.03863849863409996
0.11560320854187012, 0.031193306669592857
0.10817397385835648, 0.027353307232260704
0.11520104855298996, 0.02282876707613468
0.10655096918344498, 0.034216441214084625
0.11397647857666016, 0.03745478391647339
0.11189407855272293, 0.02710895799100399
0.10066600888967514, 0.03770530968904495
0.12691262364387512, 0.03827659413218498
0.11692016571760178, 0.02422283962368965
0.09576714038848877, 0.027025096118450165
0.0944952592253685, 0.020567411556839943
0.09850870817899704, 0.021308548748493195
0.09504975378513336, 0.019360346719622612
0.09576292335987091, 0.023746713995933533
0.11545035988092422, 0.0221115555614233
0.10117752104997635, 0.029759014025330544
0.08994695544242859, 0.01904914900660515
0.10013634711503983, 0.02562575787305832
0.10289270430803299, 0.031040390953421593
0.11011150479316711, 0.03220665082335472
0.10144808888435364, 0.027474377304315567
0.10798204690217972, 0.025717593729496002
0.12095566838979721, 0.0276824738830328
0.11689141392707825, 0.03081679716706276
0.1190892830491066, 0.028006408363580704
0.12644071877002716, 0.04801149666309357
0.13413217663764954, 0.04238428547978401
0.10663917660713196, 0.037748586386442184
0.09335734695196152, 0.022881411015987396
0.11023783683776855, 0.02790001966059208
0.10138818621635437, 0.04094095528125763
0.10326877981424332, 0.041315287351608276
0.10491352528333664, 0.027716174721717834
0.11036400496959686, 0.026585595682263374
0.11262113600969315, 0.028605539351701736
0.09285039454698563, 0.02256585843861103
0.10544901341199875, 0.027051208540797234
0.10559961199760437, 0.03207932412624359
0.10821447521448135, 0.03061620704829693
0.10086242854595184, 0.024819154292345047
0.11162670701742172, 0.04593241587281227
0.16451765596866608, 0.060643941164016724
0.12467821687459946, 0.03598451614379883
0.13595852255821228, 0.03591824695467949
0.14370861649513245, 0.04459860920906067
0.1443088948726654, 0.0480203777551651
0.14584606885910034, 0.04692312702536583
0.1098366230726242, 0.037308115512132645
0.09893863648176193, 0.030289994552731514
0.1199808269739151, 0.029115084558725357
0.1059420108795166, 0.029445858672261238
0.11971480399370193, 0.029195258393883705
0.09779475629329681, 0.03319833055138588
0.10716941952705383, 0.023454388603568077
0.10725481063127518, 0.03052762895822525
0.10838202387094498, 0.030574318021535873
0.104915551841259, 0.023909898474812508
0.12371508032083511, 0.027643214911222458
0.10067227482795715, 0.022278711199760437
0.10394776612520218, 0.03324546664953232
0.10841218382120132, 0.029419684782624245
0.11880281567573547, 0.03553507477045059
0.13719497621059418, 0.04924868047237396
0.1196257546544075, 0.03837268427014351
0.1015385240316391, 0.024566661566495895
0.09467890858650208, 0.028207169845700264
0.17774748802185059, 0.06865432858467102
0.154375821352005, 0.04934189096093178
0.10923990607261658, 0.035423047840595245
0.08732210844755173, 0.018575375899672508
0.10002859681844711, 0.034190092235803604
0.11513985693454742, 0.04032079130411148
0.12426760792732239, 0.03649958595633507
0.09832178056240082, 0.02757997438311577
0.09710142016410828, 0.025508534163236618
0.10268741101026535, 0.029529325664043427
0.11925719678401947, 0.03693341091275215
0.09759967774152756, 0.022410249337553978
0.11488667875528336, 0.04498971253633499
0.11752504855394363, 0.04218680039048195
0.11944252997636795, 0.043956656008958817
0.09523887932300568, 0.023223120719194412
0.09816307574510574, 0.024721696972846985
0.10044945776462555, 0.01982063241302967
0.0980207696557045, 0.028037037700414658
0.10435549169778824, 0.026218650862574577
0.1030685231089592, 0.025824852287769318
0.10006789863109589, 0.038079146295785904
0.08808767795562744, 0.021847492083907127
0.11742205172777176, 0.0532759465277195
0.10125536471605301, 0.02355952374637127
0.09774506837129593, 0.018881458789110184
0.10893508791923523, 0.031140385195612907
0.09827971458435059, 0.02768571488559246
0.09284476190805435, 0.02991696074604988
0.10429518669843674, 0.02869858779013157
0.10527511686086655, 0.022389905527234077
0.09374943375587463, 0.02439831756055355
0.10432414710521698, 0.03131841495633125
0.08509393781423569, 0.023297583684325218
0.11534301191568375, 0.03232767432928085
0.109946608543396, 0.027064679190516472
0.11084602028131485, 0.02263069339096546
0.10389577597379684, 0.026465492323040962
0.10389798134565353, 0.03173884004354477
0.12888704240322113, 0.03291349112987518
0.1073133647441864, 0.03088204376399517
0.11918798834085464, 0.03409786522388458
0.14406080543994904, 0.04672637954354286
0.149361714720726, 0.037188366055488586
0.11636105924844742, 0.0323467031121254
0.10160071402788162, 0.027997637167572975
0.11032195389270782, 0.029302073642611504
0.1269550323486328, 0.032439298927783966
0.10974831134080887, 0.034186627715826035
0.10856436938047409, 0.027080850675702095
0.10212944447994232, 0.02659253031015396
0.1076495349407196, 0.024837659671902657
0.09582248330116272, 0.023771880194544792
0.08597233146429062, 0.019511351361870766
0.0972265899181366, 0.026602767407894135
0.08587513864040375, 0.01656789518892765
0.10452280193567276, 0.037382811307907104
0.10407131910324097, 0.02938036434352398
0.0985911637544632, 0.030441993847489357
0.08770250529050827, 0.024334674701094627
0.09905394911766052, 0.023865973576903343
0.08623508363962173, 0.02055516093969345
0.11212244629859924, 0.03931991010904312
0.11379555612802505, 0.03491205722093582
0.14839483797550201, 0.05540090426802635
0.1033192053437233, 0.023109804838895798
0.1086471751332283, 0.02486058510839939
0.10514924675226212, 0.0336657352745533
0.1533488631248474, 0.033580295741558075
0.13826806843280792, 0.044776275753974915
0.12796680629253387, 0.04056107625365257
0.09092859923839569, 0.03657074272632599
0.10340459644794464, 0.029788872227072716
0.10580474138259888, 0.019139625132083893
0.10878659784793854, 0.03606251999735832
0.09469018131494522, 0.029229288920760155
0.1213981956243515, 0.03131501376628876
0.11920378357172012, 0.03539604693651199
0.11791249364614487, 0.03733644261956215
0.1149156466126442, 0.03266775235533714
0.1072944849729538, 0.04261299967765808
0.10992876440286636, 0.03108655847609043
0.1099979355931282, 0.0375991128385067
0.12825267016887665, 0.03708723559975624
0.10850885510444641, 0.027915723621845245
0.11811099946498871, 0.03663600981235504
0.10250261425971985, 0.0187760591506958
0.08672744035720825, 0.01722167246043682
0.10439538955688477, 0.021494712680578232
0.10056400299072266, 0.030481908470392227
0.10784747451543808, 0.036417774856090546
0.1073320060968399, 0.04122815653681755
0.09234579652547836, 0.018268397077918053
0.11071150749921799, 0.02669108472764492
0.10572294145822525, 0.02388487011194229
0.1121608316898346, 0.03199445456266403
0.0987141951918602, 0.02760964259505272
0.11274884641170502, 0.02975567616522312
0.1039474755525589, 0.02847396768629551
0.1102326288819313, 0.028468098491430283
0.09024649858474731, 0.023569952696561813
0.10843600332736969, 0.03532566502690315
0.11639595031738281, 0.043467868119478226
0.12027500569820404, 0.039827119559049606
0.11440052092075348, 0.035432860255241394
0.11126785725355148, 0.02538190223276615
0.10354392230510712, 0.03154526278376579
0.09921291470527649, 0.02412344701588154
0.0896744504570961, 0.029350105673074722
0.10919400304555893, 0.03192687779664993
0.10639161616563797, 0.026656702160835266
0.10347739607095718, 0.03227682039141655
0.09229997545480728, 0.028750812634825706
0.10114553570747375, 0.023066742345690727
0.10059335082769394, 0.024487219750881195
0.0969645157456398, 0.026616116985678673
0.089479461312294, 0.02712605893611908
0.08333076536655426, 0.020671814680099487
0.105409175157547, 0.034134119749069214
0.09553904086351395, 0.017353640869259834
0.1358473300933838, 0.04342794045805931
0.10636484622955322, 0.029061943292617798
0.11038649082183838, 0.017879977822303772
0.09177746623754501, 0.021731536835432053
0.09063874185085297, 0.02777530997991562
0.10528924316167831, 0.0360717698931694
0.0985894426703453, 0.018079562112689018
0.09880348294973373, 0.026589205488562584
0.09697650372982025, 0.029097357764840126
0.10212278366088867, 0.03045116551220417
0.09474557638168335, 0.02623644657433033
0.10315730422735214, 0.0319342277944088
0.0858670249581337, 0.018769223242998123
0.09058002382516861, 0.028688251972198486
0.11454794555902481, 0.046948861330747604
0.11288245767354965, 0.04132131487131119
0.12188732624053955, 0.03046431392431259
0.14270146191120148, 0.04787039756774902
0.10888675600290298, 0.0281533133238554
0.11262504011392593, 0.03393412381410599
0.10533944517374039, 0.035767458379268646
0.112898088991642, 0.031490761786699295
0.1008380725979805, 0.026408353820443153
0.10165171325206757, 0.02087007649242878
0.1013474315404892, 0.02808443456888199
0.09716374427080154, 0.02532503567636013
0.10841054469347, 0.025016408413648605
0.12438538670539856, 0.0318697914481163
0.11070965975522995, 0.02871038392186165
0.10126553475856781, 0.022867174819111824
0.10858634859323502, 0.02969793975353241
0.11105126887559891, 0.03048592247068882
0.10149667412042618, 0.027460183948278427
0.08765693008899689, 0.01897491328418255
0.12392476201057434, 0.030645720660686493
0.11556853353977203, 0.03416470065712929
0.09963469952344894, 0.025440210476517677
0.09659364819526672, 0.022616997361183167
0.10529805719852448, 0.03616756573319435
0.1010628193616867, 0.03612736985087395
0.10569549351930618, 0.035116538405418396
0.12941522896289825, 0.03583603724837303
0.12713880836963654, 0.031493138521909714
0.1191658079624176, 0.02937561832368374
0.114962138235569, 0.039028897881507874
0.1497078835964203, 0.047695092856884
0.1078159511089325, 0.03191479668021202
0.11423156410455704, 0.020332852378487587
0.10022532939910889, 0.025191528722643852
0.1102413609623909, 0.020079409703612328
0.12322495132684708, 0.037913817912340164
0.12041057646274567, 0.04288126528263092
0.1240691989660263, 0.03664243593811989
0.10500752180814743, 0.02675238437950611
0.11090879887342453, 0.031222734600305557
0.13573716580867767, 0.02675005793571472
0.11066249012947083, 0.02542291209101677
0.1146174967288971, 0.03675803542137146
0.09646730124950409, 0.027508532628417015
0.09842594712972641, 0.03265424445271492
0.1101035475730896, 0.023774024099111557
0.10355845838785172, 0.03625157102942467
0.10197422653436661, 0.021764643490314484
0.0992465391755104, 0.021068092435598373
0.0967581570148468, 0.0249759703874588
0.08508679270744324, 0.01303540263324976
0.09449561685323715, 0.02019168809056282
0.12271998822689056, 0.03385951742529869
0.11417322605848312, 0.03674113005399704
0.10970297455787659, 0.030564600601792336
0.09286854416131973, 0.017681049183011055
0.08647608757019043, 0.018735185265541077
0.09280766546726227, 0.027010375633835793
0.10698099434375763, 0.03881632536649704
0.12488605082035065, 0.03798823058605194
0.10898199677467346, 0.02038629539310932
0.10832731425762177, 0.039187803864479065
0.09217290580272675, 0.015123525634407997
0.09588679671287537, 0.023289965465664864
0.10215447098016739, 0.024150624871253967
0.09793885052204132, 0.017746513709425926
0.08740244060754776, 0.022334763780236244
0.09449492394924164, 0.019204704090952873
0.09119170159101486, 0.02137514017522335
0.09587880223989487, 0.028718648478388786
0.09979169815778732, 0.025467464700341225
0.11793286353349686, 0.04630471020936966
0.10459687560796738, 0.022866932675242424
0.1106281578540802, 0.037524767220020294
0.09290136396884918, 0.022189998999238014
0.08670924603939056, 0.01676253415644169
0.09797833859920502, 0.02410772442817688
0.1193462610244751, 0.02598249725997448
0.10073099285364151, 0.021031387150287628
0.11802461743354797, 0.027263296768069267
0.10734938830137253, 0.03192334622144699
0.11470966786146164, 0.03527354821562767
0.12697649002075195, 0.03817640617489815
0.09900190681219101, 0.025969844311475754
0.09855739027261734, 0.023629942908883095
0.11440271884202957, 0.02768580988049507
0.09540139138698578, 0.021523864939808846
0.09884500503540039, 0.025446638464927673
0.10227982699871063, 0.020765718072652817
0.09866335988044739, 0.02356226183474064
0.1221839040517807, 0.05358156934380531
0.12405643612146378, 0.05030754581093788
0.10423252731561661, 0.05135216936469078
0.0993754044175148, 0.030241800472140312
0.09475214034318924, 0.024375321343541145
0.09105030447244644, 0.020529646426439285
0.102303147315979, 0.03525666892528534
0.08768128603696823, 0.030035007745027542
0.09717969596385956, 0.020187988877296448
0.10444697737693787, 0.0371454581618309
0.12436812371015549, 0.03333542123436928
0.10344555974006653, 0.029007641598582268
0.10145370662212372, 0.029964646324515343
0.09086611866950989, 0.028668025508522987
0.10241468250751495, 0.024930085986852646
0.11967292428016663, 0.04934166371822357
0.10295752435922623, 0.0246938094496727
0.12308874726295471, 0.026473361998796463
0.09951651841402054, 0.03571976721286774
0.10518393665552139, 0.029508300125598907
0.0966382771730423, 0.0225465539842844
0.1095176562666893, 0.030629655346274376
0.09336163103580475, 0.022576630115509033
0.10218880325555801, 0.028565092012286186
0.12929564714431763, 0.03698403760790825
0.12347880750894547, 0.04313661530613899
0.13443143665790558, 0.04403313621878624
0.09951586276292801, 0.03354990482330322
0.09924354404211044, 0.023453939706087112
0.09445551037788391, 0.02881462313234806
0.09729262441396713, 0.026935700327157974
0.09305507689714432, 0.021427175030112267
0.10049214214086533, 0.025768473744392395
0.11088655889034271, 0.03075830638408661
0.10242448002099991, 0.026197945699095726
0.11919388920068741, 0.028795873746275902
0.09166152030229568, 0.02383749559521675
0.10018287599086761, 0.02449074015021324
0.09765385091304779, 0.024320611730217934
0.1376110315322876, 0.024984359741210938
0.11544477939605713, 0.02648090198636055
0.1024433895945549, 0.027786321938037872
0.09479787945747375, 0.029526693746447563
0.11601731926202774, 0.029322542250156403
0.12453442066907883, 0.027319567278027534
0.10581642389297485, 0.03781276196241379
0.13986308872699738, 0.0361376516520977
0.1043139100074768, 0.030077561736106873
0.09322718530893326, 0.02728525549173355
0.09355460852384567, 0.02471327967941761
0.10516633093357086, 0.02591211535036564
0.10031131654977798, 0.026971319690346718
0.10647863149642944, 0.03440672531723976
0.09822867065668106, 0.019995298236608505
0.09259532392024994, 0.022460173815488815
0.09193230420351028, 0.027537865564227104
0.09382206201553345, 0.02820679359138012
0.10881626605987549, 0.020407017320394516
0.10333570092916489, 0.031417250633239746
0.1321485936641693, 0.047234781086444855
0.11351803690195084, 0.03210568428039551
0.10797780007123947, 0.02872273325920105
0.12515686452388763, 0.03273236006498337
0.12045656144618988, 0.02849576808512211
0.11552629619836807, 0.02316911891102791
0.10471194237470627, 0.03573370724916458
0.1205858662724495, 0.03569147363305092
0.10536720603704453, 0.025600288063287735
0.1130828708410263, 0.028094040229916573
0.11109263449907303, 0.02650274895131588
0.0948973149061203, 0.02918330207467079
0.10262656956911087, 0.03402620553970337
0.11074049770832062, 0.029621848836541176
0.11731743812561035, 0.028316479176282883
0.10178937762975693, 0.031020469963550568
0.11408058553934097, 0.026869574561715126
0.11006329953670502, 0.024779057130217552
0.11006342619657516, 0.02604050375521183
0.13903802633285522, 0.044091708958148956
0.11462251096963882, 0.050950128585100174
0.11189211905002594, 0.029776429757475853
0.10856331139802933, 0.024498991668224335
0.11477474123239517, 0.04235420376062393
0.09604532271623611, 0.02225378155708313
0.10024437308311462, 0.02562110684812069
0.10377726703882217, 0.030348004773259163
0.10824042558670044, 0.02193978801369667
0.11744025349617004, 0.02637440338730812
0.10764171183109283, 0.025533035397529602
0.15032421052455902, 0.05050317198038101
0.13113868236541748, 0.03256664052605629
0.0933263897895813, 0.02362150326371193
0.09682416170835495, 0.025280307978391647
0.09688486158847809, 0.02710738778114319
0.10525957494974136, 0.027691397815942764
0.11052089184522629, 0.03014841303229332
0.1079765111207962, 0.03258362039923668
0.10543093830347061, 0.028455831110477448
0.10008681565523148, 0.019647937268018723
0.10246381163597107, 0.03277577832341194
0.1097334697842598, 0.0357983224093914
0.11799315363168716, 0.04445280134677887
0.09584599733352661, 0.027016829699277878
0.10196638107299805, 0.031863391399383545
0.10720274597406387, 0.034505296498537064
0.1394466906785965, 0.0334702767431736
0.13340313732624054, 0.04012986645102501
0.12820610404014587, 0.05135345086455345
0.11549067497253418, 0.036064889281988144
0.10588109493255615, 0.02777813747525215
0.11311568319797516, 0.029197711497545242
0.11105310916900635, 0.02331363409757614
0.10408902168273926, 0.025590769946575165
0.10239315032958984, 0.02931288816034794
0.09007102251052856, 0.02350938320159912
0.1066749170422554, 0.025256235152482986
0.10494615137577057, 0.050029437988996506
0.08255727589130402, 0.027510100975632668
0.10189540684223175, 0.0339362807571888
0.11878311634063721, 0.027277871966362
0.12715382874011993, 0.047564391046762466
0.15816648304462433, 0.05204954370856285
0.16675391793251038, 0.06366703659296036
0.13932207226753235, 0.05296571925282478
0.09937965124845505, 0.03064917027950287
0.0999465137720108, 0.02216433919966221
0.0976915955543518, 0.021259674802422523
0.12697112560272217, 0.026162659749388695
0.13278503715991974, 0.028976909816265106
0.10983292758464813, 0.035167720168828964
0.11601030826568604, 0.025961771607398987
0.13456271588802338, 0.05157073959708214
0.11913522332906723, 0.02854149229824543
0.10408300161361694, 0.029542062431573868
0.11832690238952637, 0.02554662898182869
0.08866742998361588, 0.025543782860040665
0.10427931696176529, 0.03525375574827194
0.11519755423069, 0.02654280886054039
0.11996649205684662, 0.035240139812231064
0.1224331185221672, 0.031769126653671265
0.0919170156121254, 0.020710935816168785
0.09989290684461594, 0.026504933834075928
0.09592193365097046, 0.03043581172823906
0.0862257182598114, 0.02331784926354885
0.09559853374958038, 0.01525045745074749
0.09523973613977432, 0.026014065369963646
0.11693022400140762, 0.0303045641630888
0.10561922937631607, 0.023371415212750435
0.10225789248943329, 0.029894253239035606
0.10321095585823059, 0.03331542760133743
0.09366148710250854, 0.022847332060337067
0.1181047111749649, 0.019649634137749672
0.11036112904548645, 0.027267105877399445
0.10336148738861084, 0.034813933074474335
0.13967539370059967, 0.0476473793387413
0.1290028840303421, 0.02660100907087326
0.10690188407897949, 0.02473575249314308
0.12705284357070923, 0.04534704238176346
0.12463503330945969, 0.048337265849113464
0.10492201149463654, 0.0320865660905838
0.12063564360141754, 0.04641071334481239
0.10254648327827454, 0.024968545883893967
