mean, std
0.17705214023590088, 0.1092182993888855
0.09925644099712372, 0.050078824162483215
0.09037767350673676, 0.05650552362203598
0.12340421229600906, 0.09212841093540192
0.1014425978064537, 0.06697771698236465
0.1200600191950798, 0.07340109348297119
0.07908569276332855, 0.06905537843704224
0.0607607439160347, 0.05365270748734474
0.0779198557138443, 0.04852500930428505
0.06417771428823471, 0.06870449334383011
0.06783612817525864, 0.05505400896072388
0.049014341086149216, 0.03738153725862503
0.06131282076239586, 0.04050130397081375
0.04166238009929657, 0.03193558752536774
0.05547979101538658, 0.03849168121814728
0.05720905587077141, 0.04401993751525879
0.05073128268122673, 0.04403502494096756
0.03846015781164169, 0.03159507364034653
0.04887452721595764, 0.035414956510066986
0.03554617241024971, 0.03266745060682297
0.051663003861904144, 0.03698047623038292
0.06744406372308731, 0.046211354434490204
0.03712518885731697, 0.029228704050183296
0.042531635612249374, 0.03725412115454674
0.06011966988444328, 0.042051903903484344
0.0655532255768776, 0.043788641691207886
0.0488404780626297, 0.029500186443328857
0.03764793276786804, 0.029397258535027504
0.06431852281093597, 0.04452608525753021
0.04388239234685898, 0.033606648445129395
0.05891020596027374, 0.03662264347076416
0.044329818338155746, 0.031685199588537216
0.0499047189950943, 0.030298177152872086
0.047665975987911224, 0.04161781817674637
0.03796715289354324, 0.032988931983709335
0.0614098384976387, 0.04145226627588272
0.062459755688905716, 0.046596478670835495
0.036633726209402084, 0.025903012603521347
0.034975841641426086, 0.025664014741778374
0.0602559931576252, 0.03284751996397972
0.030507488176226616, 0.015791548416018486
0.0559985376894474, 0.0270883496850729
0.05957929417490959, 0.0450037457048893
0.03982970491051674, 0.02967582643032074
0.06129907816648483, 0.04753367230296135
0.053713370114564896, 0.03488857299089432
0.035295821726322174, 0.022141236811876297
0.04631882905960083, 0.025997892022132874
0.03725907579064369, 0.029157964512705803
0.052911028265953064, 0.02515794150531292
0.042242273688316345, 0.029724180698394775
0.04546837508678436, 0.029534563422203064
0.030939003452658653, 0.01966594159603119
0.03325667232275009, 0.021010201424360275
0.039666056632995605, 0.026512186974287033
0.042599525302648544, 0.034564364701509476
0.03960711508989334, 0.02594938687980175
0.0449540875852108, 0.027331707999110222
0.03299577906727791, 0.025598639622330666
0.05585222318768501, 0.04220586642622948
0.05533979460597038, 0.034823011606931686
0.07508159428834915, 0.04776110500097275
0.05190719664096832, 0.03764874115586281
0.05214687064290047, 0.032602664083242416
0.06155506148934364, 0.039501264691352844
0.045354388654232025, 0.03300345316529274
0.05363903567194939, 0.036970410495996475
0.05830540135502815, 0.035859253257513046
0.05370093137025833, 0.02772723324596882
0.03792702406644821, 0.031118769198656082
0.032469235360622406, 0.027378445491194725
0.03922116383910179, 0.02134881727397442
0.054593589156866074, 0.03235607594251633
0.05457491800189018, 0.03772484511137009
0.04858772084116936, 0.02573125995695591
0.03469689562916756, 0.022468505427241325
0.053044673055410385, 0.04316449537873268
0.054126329720020294, 0.0411841906607151
0.058406464755535126, 0.033995624631643295
0.040922846645116806, 0.03273792564868927
0.052371133118867874, 0.04139067605137825
0.05583050474524498, 0.02822614088654518
0.062295395880937576, 0.051455024629831314
0.0537298321723938, 0.03633999824523926
0.07617399841547012, 0.03690597042441368
0.06960126757621765, 0.04659614339470863
0.049096718430519104, 0.02916772849857807
0.06898955255746841, 0.045890048146247864
0.0743960365653038, 0.04312272369861603
0.07188542187213898, 0.04641219973564148
0.060096073895692825, 0.04250963404774666
0.05648985132575035, 0.0271237064152956
0.04959622025489807, 0.03157258778810501
0.04711341857910156, 0.03985563665628433
0.040741611272096634, 0.030152058228850365
0.053034935146570206, 0.04645391181111336
0.049018729478120804, 0.030812328681349754
0.053353846073150635, 0.03757864609360695
0.06328186392784119, 0.035532474517822266
0.06167374178767204, 0.03783315420150757
0.03755827620625496, 0.02347470074892044
0.045730508863925934, 0.02763230912387371
0.04435687139630318, 0.033292364329099655
0.05665559321641922, 0.031416554003953934
0.04228803142905235, 0.03223995491862297
0.04354650527238846, 0.02604588493704796
0.03662799671292305, 0.03488082438707352
0.051656145602464676, 0.03015948086977005
0.05110181123018265, 0.037001144140958786
0.05364735797047615, 0.03310300409793854
0.05460423603653908, 0.02969808503985405
0.05144757032394409, 0.03742383420467377
0.03524775803089142, 0.022302279248833656
0.04065369442105293, 0.02862076461315155
0.04089873656630516, 0.03362719342112541
0.032572999596595764, 0.024599067866802216
0.037372101098299026, 0.028819788247346878
0.03614624962210655, 0.03226901590824127
0.05545397102832794, 0.04379959776997566
0.03023615851998329, 0.03409179300069809
0.04036795720458031, 0.027145706117153168
0.03861581161618233, 0.030179157853126526
0.060995034873485565, 0.05250498652458191
0.05073082447052002, 0.035305049270391464
0.040734533220529556, 0.027889415621757507
0.04276803135871887, 0.02753090113401413
0.04811343550682068, 0.039171718060970306
0.0709177553653717, 0.04296554997563362
0.0492941178381443, 0.030670564621686935
0.0801411122083664, 0.05123036727309227
0.062082577496767044, 0.032337792217731476
0.06662698090076447, 0.05177977681159973
0.08465119451284409, 0.04407287761569023
0.053371746093034744, 0.02794710360467434
0.06217315420508385, 0.033726491034030914
0.052294958382844925, 0.030017128214240074
0.07154518365859985, 0.0396454893052578
0.04698571562767029, 0.041529521346092224
0.06374669820070267, 0.039901524782180786
0.07712817192077637, 0.03811236843466759
0.05269777774810791, 0.04342491552233696
0.05392013490200043, 0.03287221118807793
0.04936455562710762, 0.03368966281414032
0.051088474690914154, 0.03606114536523819
0.035142648965120316, 0.025565482676029205
0.027941396459937096, 0.028777839615941048
0.06419114023447037, 0.04028819501399994
0.06316247582435608, 0.03708555921912193
0.05063224583864212, 0.026580533012747765
0.043800294399261475, 0.03713589906692505
0.05223027989268303, 0.037850674241781235
0.04558827728033066, 0.028928987681865692
0.044274475425481796, 0.029787519946694374
0.04682079330086708, 0.035827431827783585
0.05230338126420975, 0.038502711802721024
0.05758998915553093, 0.03703610971570015
0.053800374269485474, 0.03511347249150276
0.033226724714040756, 0.029256882146000862
0.05773983523249626, 0.0422414094209671
0.042662229388952255, 0.0439070388674736
0.033980853855609894, 0.029214920476078987
0.08663950115442276, 0.05223746597766876
0.08274362981319427, 0.04941814765334129
0.06193810701370239, 0.040400341153144836
0.03858954459428787, 0.030532395467162132
0.05181403458118439, 0.03384304791688919
0.06329567730426788, 0.028523435816168785
0.06747207790613174, 0.050019390881061554
0.04111795872449875, 0.03365219756960869
0.060325026512145996, 0.03658365085721016
0.04083855822682381, 0.028125585988163948
0.06741461902856827, 0.04905972257256508
0.05177352949976921, 0.040289148688316345
0.029722610488533974, 0.027247468009591103
0.08205652981996536, 0.04603993892669678
0.05893932655453682, 0.039932169020175934
0.11520788818597794, 0.06283077597618103
0.06294048577547073, 0.041253041476011276
0.04195934906601906, 0.032609887421131134
0.04068722203373909, 0.02395801804959774
0.04797552153468132, 0.0399731770157814
0.054417647421360016, 0.03470749408006668
0.06769464164972305, 0.05362457036972046
0.05541851371526718, 0.03717871010303497
0.049554262310266495, 0.02970072068274021
0.04085559770464897, 0.0361839160323143
0.0464545413851738, 0.03627443313598633
0.03411131352186203, 0.02553899586200714
0.06092343106865883, 0.05344787985086441
0.03797439485788345, 0.025463731959462166
0.08535312116146088, 0.045660700649023056
0.052351802587509155, 0.03666827082633972
0.04449968785047531, 0.021418806165456772
0.03991559520363808, 0.03135957196354866
0.046782489866018295, 0.034898918122053146
0.04059647396206856, 0.035268060863018036
0.057727351784706116, 0.05292423069477081
0.07046599686145782, 0.04245713725686073
0.047895677387714386, 0.03046487830579281
0.08399233967065811, 0.052324339747428894
0.06318537890911102, 0.05293077230453491
0.04521991312503815, 0.027108684182167053
0.04487573727965355, 0.03249185159802437
0.047943323850631714, 0.03483204543590546
0.04117806255817413, 0.026270795613527298
0.0554075725376606, 0.038362063467502594
0.0739765614271164, 0.041281819343566895
0.048820722848176956, 0.03528764471411705
0.04665559530258179, 0.02921251766383648
0.05013212934136391, 0.03569350391626358
0.04481561854481697, 0.03780963644385338
0.05679994076490402, 0.04328817129135132
0.062073562294244766, 0.04026284068822861
0.05519739165902138, 0.036272693425416946
0.05195491388440132, 0.03038531355559826
0.06823606789112091, 0.05354205518960953
0.0607946515083313, 0.0368383452296257
0.053540442138910294, 0.03038880042731762
0.038739923387765884, 0.03323850408196449
0.046106088906526566, 0.033694010227918625
0.0368388369679451, 0.030738141387701035
0.0626373216509819, 0.036254338920116425
0.04553115740418434, 0.033908307552337646
0.052863627672195435, 0.04683259502053261
0.06684788316488266, 0.040699683129787445
0.046667054295539856, 0.026118863373994827
0.04788438230752945, 0.028698911890387535
0.041700322180986404, 0.03788994997739792
0.06754342466592789, 0.04541957378387451
0.057047296315431595, 0.044653795659542084
0.05169399455189705, 0.03288307413458824
0.039534203708171844, 0.026043958961963654
0.06702858209609985, 0.04296203702688217
0.058308105915784836, 0.03754843398928642
0.041524965316057205, 0.028390975669026375
0.0661085769534111, 0.05203112214803696
0.04107522964477539, 0.031241590157151222
0.053893957287073135, 0.037697356194257736
0.059249572455883026, 0.044013701379299164
0.055911533534526825, 0.029906144365668297
0.07514149695634842, 0.05207347869873047
0.0511939562857151, 0.04295365884900093
0.05680624768137932, 0.04158633202314377
0.05798748508095741, 0.037802841514348984
0.07948348671197891, 0.04608502984046936
0.03621738404035568, 0.027420036494731903
0.05427278205752373, 0.04212289676070213
0.055384788662195206, 0.04657750949263573
0.05785216763615608, 0.04394017532467842
0.08134282380342484, 0.04895287752151489
0.050222110003232956, 0.0343862846493721
0.047900088131427765, 0.03471304476261139
0.05202064290642738, 0.04392051696777344
0.042555686086416245, 0.030161583796143532
0.06075069680809975, 0.04771963879466057
0.051027484238147736, 0.037254706025123596
0.0410926416516304, 0.03264176473021507
0.04932563006877899, 0.04230700433254242
0.06354717165231705, 0.05073132365942001
0.044907327741384506, 0.03726023808121681
0.03406499698758125, 0.03013201244175434
0.05309007316827774, 0.04792746156454086
0.06909547001123428, 0.04325401410460472
0.061040062457323074, 0.03522291034460068
0.06318218261003494, 0.06158498302102089
0.03560345247387886, 0.031002819538116455
0.03700922057032585, 0.028070230036973953
0.04719818755984306, 0.025754978880286217
0.04282668977975845, 0.031204868108034134
0.04824788495898247, 0.03693876788020134
0.06325098127126694, 0.03329691290855408
0.06274872273206711, 0.04339330643415451
0.03879508748650551, 0.03217253461480141
0.04182398319244385, 0.031368233263492584
0.0461307056248188, 0.029559211805462837
0.024396337568759918, 0.01947767287492752
0.03760893642902374, 0.029737818986177444
0.08560412377119064, 0.05195736140012741
0.0922313705086708, 0.04906543716788292
0.048602957278490067, 0.035193827003240585
0.052107397466897964, 0.03901944309473038
0.04526080936193466, 0.037030186504125595
0.05765316262841225, 0.036722831428050995
0.05528385564684868, 0.036402370780706406
0.055830638855695724, 0.05291642248630524
0.0507318377494812, 0.03594549000263214
0.06805867701768875, 0.03872524946928024
0.061578936874866486, 0.03254905343055725
0.05478315427899361, 0.031432535499334335
0.061092570424079895, 0.046628858894109726
0.04296310618519783, 0.03622495383024216
0.04731566086411476, 0.02959616482257843
0.05057493969798088, 0.041766297072172165
0.06869122385978699, 0.046820927411317825
0.04023881256580353, 0.026491129770874977
0.07744453102350235, 0.05874951556324959
0.06870780140161514, 0.045409515500068665
0.07126341015100479, 0.045426834374666214
0.07334031164646149, 0.04049315303564072
0.0495731420814991, 0.04360561445355415
0.06094777584075928, 0.026088157668709755
0.048367638140916824, 0.0278059970587492
0.06884890049695969, 0.049627531319856644
0.04412698373198509, 0.03507058322429657
0.06539009511470795, 0.055881302803754807
0.041658371686935425, 0.03140274062752724
0.04731621965765953, 0.02651212550699711
0.04023674502968788, 0.02125970833003521
0.05222703889012337, 0.034422241151332855
0.03661717101931572, 0.02803345024585724
0.04968319460749626, 0.029734328389167786
0.04241662099957466, 0.02861429937183857
0.05822811648249626, 0.03360068425536156
0.05273517966270447, 0.03237748518586159
0.03316511586308479, 0.021979808807373047
0.048026081174612045, 0.034890759736299515
0.04318056255578995, 0.04355916008353233
0.05237728729844093, 0.03233940154314041
0.04309418424963951, 0.035950642079114914
0.055729951709508896, 0.03494323790073395
0.08724518120288849, 0.03547783941030502
0.05196104571223259, 0.03716426342725754
0.04290091246366501, 0.03443986922502518
0.05372895672917366, 0.03749064356088638
0.09239109605550766, 0.0347290113568306
0.05364763364195824, 0.03475671634078026
0.039512716233730316, 0.03421211615204811
0.06129870191216469, 0.04477512836456299
0.07368049770593643, 0.04594883695244789
0.05585159733891487, 0.044677283614873886
0.05003204941749573, 0.044716063886880875
0.06422282755374908, 0.02483760006725788
0.0634537860751152, 0.04267015680670738
0.054836321622133255, 0.03964480757713318
0.05793212726712227, 0.03888799995183945
0.059253938496112823, 0.04055393859744072
0.04904503375291824, 0.023321792483329773
0.05611521005630493, 0.04159208759665489
0.0610978789627552, 0.043402448296546936
0.038036420941352844, 0.02974064089357853
0.043756503611803055, 0.03619116544723511
0.0632314532995224, 0.05495201051235199
0.062142498791217804, 0.044692736119031906
0.03636251017451286, 0.034015391021966934
0.039522089064121246, 0.028218571096658707
0.05581734701991081, 0.03825613483786583
0.04214586690068245, 0.04004816710948944
0.0826684981584549, 0.05825014039874077
0.05509288236498833, 0.037505462765693665
0.049694571644067764, 0.02488034777343273
0.05947141721844673, 0.029948193579912186
0.06514208763837814, 0.03254290670156479
0.06986948102712631, 0.045445557683706284
0.05722442641854286, 0.03438599035143852
0.07072603702545166, 0.040705952793359756
0.05752367526292801, 0.032121386379003525
0.048536866903305054, 0.034003641456365585
0.048078954219818115, 0.030917907133698463
0.06278464943170547, 0.04671274870634079
0.05822507664561272, 0.03868050500750542
0.05582175776362419, 0.03932443633675575
0.07873496413230896, 0.049956999719142914
0.05029279366135597, 0.03435462713241577
0.09228264540433884, 0.06272369623184204
0.058406803756952286, 0.046178318560123444
0.04365476593375206, 0.03302673250436783
0.06083580479025841, 0.042171865701675415
0.07112576812505722, 0.04209798201918602
0.05147639289498329, 0.030803797766566277
0.06429150700569153, 0.05148201435804367
0.05556534603238106, 0.03299180790781975
0.07391464710235596, 0.045143790543079376
0.05329390615224838, 0.035908717662096024
0.04751963168382645, 0.031553853303194046
0.0637015774846077, 0.04847108945250511
0.06281661242246628, 0.0449470654129982
0.04781472682952881, 0.03418131545186043
0.05097329244017601, 0.03017718531191349
0.048716235905885696, 0.033329106867313385
0.04898582771420479, 0.04158389940857887
0.05864020809531212, 0.03778333216905594
0.044731754809617996, 0.03694670647382736
0.0651995912194252, 0.050331395119428635
0.06403814256191254, 0.04314611107110977
0.046266864985227585, 0.03460905700922012
0.03131071478128433, 0.027472496032714844
0.06779711693525314, 0.03572120890021324
0.038843076676130295, 0.03741598129272461
0.03466050699353218, 0.02757583186030388
0.061285343021154404, 0.034358978271484375
0.06716830283403397, 0.05618446692824364
0.05335042253136635, 0.034295592457056046
0.04213091358542442, 0.03071240894496441
0.051615159958601, 0.03768039494752884
0.05192309245467186, 0.03490089625120163
0.04268186166882515, 0.028113143518567085
0.05642072483897209, 0.047523315995931625
0.038381122052669525, 0.0315149687230587
0.03944854810833931, 0.033039871603250504
0.054705891758203506, 0.040914952754974365
0.03673478588461876, 0.03260565549135208
0.049043212085962296, 0.028348717838525772
0.05449463427066803, 0.031560324132442474
0.07951987534761429, 0.04479554668068886
0.041594501584768295, 0.02568429335951805
0.046166982501745224, 0.034185878932476044
0.05043672397732735, 0.028471194207668304
0.05242696776986122, 0.035337675362825394
0.045605942606925964, 0.030972186475992203
0.06167301908135414, 0.042533453553915024
0.043813902884721756, 0.03317606821656227
0.03527641296386719, 0.03943550959229469
0.04485619440674782, 0.03484991937875748
0.060485150665044785, 0.03744585067033768
0.04243006557226181, 0.03206007927656174
0.08578357100486755, 0.06241863965988159
0.08561341464519501, 0.05560624971985817
0.03474493697285652, 0.03603900969028473
0.04124365746974945, 0.02776641584932804
0.03854160010814667, 0.031381670385599136
0.052878521382808685, 0.03643045946955681
0.04992043599486351, 0.047214653342962265
0.05229979753494263, 0.04750525578856468
0.0702209547162056, 0.05165216326713562
0.034351740032434464, 0.02071123756468296
0.05435221642255783, 0.04939229413866997
0.04134742543101311, 0.03172534704208374
0.059593088924884796, 0.043785080313682556
0.037690419703722, 0.02921549417078495
0.07518091797828674, 0.04123785346746445
0.05794147029519081, 0.04271835833787918
0.0499834306538105, 0.028311019763350487
0.04806831106543541, 0.041254471987485886
0.05699767544865608, 0.044341087341308594
0.050273194909095764, 0.04668137803673744
0.05814167484641075, 0.034225013107061386
0.03501473367214203, 0.03139262646436691
0.03008047491312027, 0.024233220145106316
0.07108203321695328, 0.04255765303969383
0.045503243803977966, 0.028731562197208405
0.05782760679721832, 0.03814307227730751
0.03254560008645058, 0.026839111000299454
0.03909927234053612, 0.027396898716688156
0.04046591743826866, 0.02974778600037098
0.07111985236406326, 0.047670383006334305
0.057563379406929016, 0.04132634773850441
0.03933250159025192, 0.027218153700232506
0.045349445194005966, 0.040113236755132675
0.07040853798389435, 0.05703812092542648
0.05245624855160713, 0.034416843205690384
0.039130907505750656, 0.033775340765714645
0.0517309345304966, 0.038173891603946686
0.042841605842113495, 0.034556955099105835
0.03381483629345894, 0.02683049626648426
0.04060705378651619, 0.030053194612264633
0.03588705137372017, 0.034119583666324615
0.0429922491312027, 0.031033454462885857
0.08542708307504654, 0.04549122974276543
0.0524352602660656, 0.037527307868003845
0.050079096108675, 0.033512603491544724
0.043028585612773895, 0.03571711853146553
0.0950816348195076, 0.06406530737876892
0.04372145235538483, 0.02563336491584778
0.04330042377114296, 0.035938508808612823
0.053044553846120834, 0.048824045807123184
0.041805148124694824, 0.036860182881355286
0.04068323224782944, 0.025850005447864532
0.06796229630708694, 0.042020101100206375
0.06670030206441879, 0.03525727987289429
0.03552309796214104, 0.019101569429039955
0.0608837753534317, 0.03578048571944237
0.05113654211163521, 0.03399046137928963
0.02730867825448513, 0.024037253111600876
0.04874284937977791, 0.03282839059829712
0.04697205498814583, 0.03894471749663353
0.04349079728126526, 0.030220389366149902
0.08717867732048035, 0.05110199376940727
0.06458635628223419, 0.0511195994913578
0.052741002291440964, 0.03608308359980583
0.07261041551828384, 0.03744001314043999
0.057087257504463196, 0.03468742221593857
0.05829695239663124, 0.030079225078225136
0.06012700870633125, 0.028764327988028526
0.04845929145812988, 0.036422573029994965
0.04639792814850807, 0.031058158725500107
0.05210472270846367, 0.03204139694571495
0.05982697755098343, 0.027339478954672813
0.05177316069602966, 0.0327957347035408
0.056049901992082596, 0.03708779066801071
0.045907195657491684, 0.03266293928027153
0.05381188169121742, 0.041611652821302414
0.07536096125841141, 0.042914632707834244
0.048305802047252655, 0.027867786586284637
0.04290170595049858, 0.030875124037265778
0.04563412815332413, 0.026891246438026428
0.0395655520260334, 0.03573606163263321
0.03960765153169632, 0.03534599766135216
0.08564562350511551, 0.05106542259454727
0.09665153175592422, 0.062466371804475784
0.05671732872724533, 0.0370967797935009
0.06939924508333206, 0.04430808126926422
0.05332972854375839, 0.038924966007471085
0.043901242315769196, 0.031217820942401886
0.05681251361966133, 0.029892129823565483
0.0684049129486084, 0.04107678309082985
0.03597480431199074, 0.029151685535907745
0.058643121272325516, 0.031758155673742294
0.040701646357774734, 0.03401930257678032
0.04714556410908699, 0.034553878009319305
0.04785764962434769, 0.03575368598103523
0.06026287376880646, 0.03590259701013565
0.049360595643520355, 0.03898531198501587
0.043970514088869095, 0.023803111165761948
0.06158972531557083, 0.05081792548298836
0.04030706733465195, 0.028186487033963203
0.070840984582901, 0.043781574815511703
0.06633620709180832, 0.03804120421409607
0.04196927323937416, 0.03526904061436653
0.0606154128909111, 0.03503125160932541
0.08058205246925354, 0.04520966857671738
0.08435042947530746, 0.048345498740673065
0.06647273153066635, 0.04674280062317848
0.05157243460416794, 0.03756289184093475
0.039554912596940994, 0.028881477192044258
0.05717825889587402, 0.048247579485177994
0.04654153063893318, 0.03382471948862076
0.038969557732343674, 0.031080864369869232
0.03641550615429878, 0.035554997622966766
0.03774166479706764, 0.027975615113973618
0.051943130791187286, 0.037359368056058884
0.06236985698342323, 0.04055953398346901
0.04785221442580223, 0.03318069502711296
0.058229077607393265, 0.04517113417387009
0.055927734822034836, 0.04118053615093231
0.0501541793346405, 0.024504346773028374
0.04444979503750801, 0.025388309732079506
0.0750083178281784, 0.04570829123258591
0.04117623344063759, 0.028462408110499382
0.038074783980846405, 0.024939831346273422
0.06514422595500946, 0.04469897970557213
0.058546774089336395, 0.03737815096974373
0.06676971167325974, 0.048057470470666885
0.054111041128635406, 0.04123530164361
0.06872713565826416, 0.029937859624624252
0.047566480934619904, 0.04421813786029816
0.035173941403627396, 0.03195256367325783
0.06424543261528015, 0.03742850571870804
0.04335326328873634, 0.035122085362672806
0.04367845505475998, 0.030264534056186676
0.06206897273659706, 0.03551295027136803
0.06970828771591187, 0.05095783993601799
0.04162014648318291, 0.02210143767297268
0.04787038266658783, 0.044513579457998276
0.04253847897052765, 0.032227735966444016
0.04124385863542557, 0.03195769712328911
0.06004595756530762, 0.047414232045412064
0.047220420092344284, 0.027182288467884064
0.037050530314445496, 0.02637694962322712
0.04962720349431038, 0.017670318484306335
0.04249982908368111, 0.03714593127369881
0.042488060891628265, 0.03541349619626999
0.057140376418828964, 0.03659810498356819
0.06066455319523811, 0.03211667016148567
0.07383401691913605, 0.0436810664832592
0.04346482455730438, 0.03333175927400589
0.030080080032348633, 0.01937847211956978
0.039761945605278015, 0.022549891844391823
0.07301519066095352, 0.03427572548389435
0.04852497950196266, 0.02975635603070259
0.05034096911549568, 0.03245008364319801
0.05713273584842682, 0.029360724613070488
0.05033421516418457, 0.034257419407367706
0.04008643329143524, 0.033179670572280884
0.05012272298336029, 0.03871224820613861
0.03330223634839058, 0.023779846727848053
0.04156278818845749, 0.026162004098296165
0.047630686312913895, 0.037395037710666656
0.04115130007266998, 0.02568828873336315
0.048441410064697266, 0.04279040917754173
0.07317755371332169, 0.04933004081249237
0.05100913718342781, 0.03192240744829178
0.07617238909006119, 0.046247582882642746
0.06518762558698654, 0.04380109906196594
0.05543937534093857, 0.04671447351574898
0.049054767936468124, 0.03378535807132721
0.05393337458372116, 0.033223334699869156
0.03306214138865471, 0.021458765491843224
0.03770843520760536, 0.030340101569890976
0.045828208327293396, 0.030773134902119637
0.052827052772045135, 0.03951647877693176
0.07741764932870865, 0.04329944774508476
0.03727685660123825, 0.02736007235944271
0.06924406439065933, 0.034153763204813004
0.04662146419286728, 0.025620397180318832
0.037554435431957245, 0.031979139894247055
0.0400976799428463, 0.028033819049596786
0.030993027612566948, 0.02440418303012848
0.039831437170505524, 0.02923467941582203
0.050494689494371414, 0.03165382891893387
0.05075962468981743, 0.043597832322120667
0.05083839222788811, 0.03072449006140232
0.07688025385141373, 0.04781215265393257
0.07690764218568802, 0.04910445213317871
0.04705622419714928, 0.03343965858221054
0.041584718972444534, 0.03396649286150932
0.05373689532279968, 0.04258985072374344
0.07596186548471451, 0.04332730546593666
0.05284051224589348, 0.03399869427084923
0.03832881152629852, 0.029502345249056816
0.0556396059691906, 0.04124775528907776
0.03629226237535477, 0.02454685978591442
0.029568294063210487, 0.022015072405338287
0.052392248064279556, 0.01812559925019741
0.05198894813656807, 0.03176630288362503
0.05030637979507446, 0.031423311680555344
0.031563762575387955, 0.023097451776266098
0.04279126226902008, 0.02566211298108101
0.07993656396865845, 0.053228963166475296
0.04980519413948059, 0.03245506063103676
0.05403665453195572, 0.038446974009275436
0.047572363168001175, 0.03064040094614029
0.03637648746371269, 0.029607625678181648
0.05687014386057854, 0.04312124475836754
0.05393525958061218, 0.03177184984087944
0.04839988052845001, 0.038729049265384674
0.0476689450442791, 0.0232264194637537
0.05889586731791496, 0.0539509616792202
0.05477466434240341, 0.04104785993695259
0.07129428535699844, 0.02857460267841816
0.04517010599374771, 0.029537731781601906
0.06840067356824875, 0.048193834722042084
0.04690257087349892, 0.03842020034790039
0.06425047665834427, 0.0470239482820034
0.055232416838407516, 0.039283931255340576
0.0399307943880558, 0.031870294362306595
0.05132434144616127, 0.02628939598798752
0.03827270120382309, 0.02750174142420292
0.06947068125009537, 0.04494749754667282
0.024046892300248146, 0.02167239971458912
0.0648714080452919, 0.047220148146152496
0.04762757569551468, 0.03135107085108757
0.04623014107346535, 0.030031893402338028
0.04254237562417984, 0.03441524878144264
0.0615970641374588, 0.05072350427508354
0.058955419808626175, 0.03469940274953842
0.03532060235738754, 0.02583741582930088
0.055000804364681244, 0.03450562059879303
0.07744981348514557, 0.05851125717163086
0.05016867071390152, 0.026453936472535133
0.06359023600816727, 0.041338976472616196
0.058068010956048965, 0.04019349813461304
0.04873746261000633, 0.031422119587659836
0.06280653923749924, 0.029784634709358215
0.04783056303858757, 0.03791557252407074
0.09408237040042877, 0.05833772197365761
0.05504736304283142, 0.037414390593767166
0.03750457987189293, 0.035109296441078186
0.0454438216984272, 0.03610909357666969
0.08581341058015823, 0.05400972440838814
0.06747385859489441, 0.041685763746500015
0.06167055666446686, 0.03969654440879822
0.07148907333612442, 0.049430444836616516
0.053700871765613556, 0.035532787442207336
0.04669317230582237, 0.043201982975006104
0.05349848046898842, 0.03531884402036667
0.06659241765737534, 0.04185786098241806
0.04267067462205887, 0.02729436755180359
0.05921301618218422, 0.0346016101539135
0.04473999887704849, 0.0365462563931942
0.03794826939702034, 0.028022732585668564
0.04844322055578232, 0.03423961251974106
0.043742090463638306, 0.031061910092830658
0.04502998664975166, 0.027665460482239723
0.03152190521359444, 0.03033919632434845
0.05039435625076294, 0.035983506590127945
0.04650791361927986, 0.032080210745334625
0.07431405782699585, 0.05268223211169243
0.04394269362092018, 0.03246055543422699
0.0638958066701889, 0.04160166159272194
0.06294379383325577, 0.043117932975292206
0.03562858700752258, 0.01981387846171856
0.060721516609191895, 0.04136621579527855
0.042954497039318085, 0.03586976230144501
0.049144744873046875, 0.043952398002147675
0.06653471291065216, 0.03370899334549904
0.043833497911691666, 0.03973464295268059
0.05489087849855423, 0.03327971324324608
0.10528989136219025, 0.0684347152709961
0.0475456602871418, 0.03928425535559654
0.0605827234685421, 0.032602474093437195
0.06068750098347664, 0.035866934806108475
0.042387086898088455, 0.02980784885585308
0.07794895768165588, 0.05430184304714203
0.0855913758277893, 0.0452074334025383
0.035733528435230255, 0.02773144096136093
0.029104985296726227, 0.01763991266489029
0.07426517456769943, 0.029788048937916756
0.03239372745156288, 0.026362702250480652
0.05232285335659981, 0.034507885575294495
0.043631959706544876, 0.0325203537940979
0.03993317857384682, 0.030593719333410263
0.03895214572548866, 0.031151067465543747
0.060156453400850296, 0.03960946947336197
0.06453893333673477, 0.036627139896154404
0.0657254159450531, 0.04904674366116524
0.05000710487365723, 0.03642645478248596
0.04150782525539398, 0.02993203140795231
0.05594944953918457, 0.03149731457233429
0.05897050350904465, 0.034636978060007095
0.05409621074795723, 0.02803557552397251
0.06447307020425797, 0.0392427034676075
0.04723822697997093, 0.03506457060575485
0.05453358218073845, 0.037879280745983124
0.04567977786064148, 0.03305986151099205
0.0674823522567749, 0.03993680328130722
0.06285957247018814, 0.05550507456064224
0.050742290914058685, 0.04051964357495308
0.0721127837896347, 0.0438554622232914
0.041982077062129974, 0.036983080208301544
0.04173978045582771, 0.024728570133447647
0.04060490429401398, 0.023074092343449593
0.04429275542497635, 0.04120640456676483
0.03405597433447838, 0.02450493909418583
0.052226193249225616, 0.036837946623563766
0.04112152010202408, 0.0298165213316679
0.026921285316348076, 0.016298139467835426
0.0385083332657814, 0.03405354171991348
0.060245104134082794, 0.03509678691625595
0.051360439509153366, 0.042413730174303055
0.08131125569343567, 0.048993613570928574
0.051685839891433716, 0.03711526095867157
0.043305326253175735, 0.0302010215818882
0.07757754623889923, 0.05610131844878197
0.026815513148903847, 0.024300340563058853
0.06286167353391647, 0.036531273275613785
0.045704375952482224, 0.03108743578195572
0.05758374184370041, 0.03544735908508301
0.058090634644031525, 0.04918082803487778
0.057193875312805176, 0.03540793061256409
0.07257717847824097, 0.04306795448064804
0.058579735457897186, 0.04168711602687836
0.03696874901652336, 0.030068060383200645
0.04036842659115791, 0.029586272314190865
0.05291660502552986, 0.04132110998034477
0.06534510105848312, 0.05243854969739914
0.07000099122524261, 0.045402951538562775
0.05118551477789879, 0.03791055828332901
0.038007695227861404, 0.031388312578201294
0.0299823060631752, 0.01319717988371849
0.05357241630554199, 0.04655294120311737
0.06316280364990234, 0.042081478983163834
0.03958641365170479, 0.030973786488175392
0.050040651112794876, 0.031479362398386
0.0655263364315033, 0.04669351130723953
0.048186272382736206, 0.03087296150624752
0.05530896410346031, 0.038222845643758774
0.03661515191197395, 0.022409234195947647
0.054221585392951965, 0.038779258728027344
0.04986703768372536, 0.03867635875940323
0.046668458729982376, 0.03183833137154579
0.06335480511188507, 0.041547149419784546
0.04567010700702667, 0.03506353497505188
0.054414089769124985, 0.03992224857211113
0.03842850401997566, 0.029097851365804672
0.034802816808223724, 0.024004146456718445
0.04096965864300728, 0.027769846841692924
0.03486998751759529, 0.03202411159873009
0.051508281379938126, 0.035960327833890915
0.051892559975385666, 0.030410273000597954
0.057250428944826126, 0.03427372872829437
0.07402650266885757, 0.04103533923625946
0.045284442603588104, 0.022484201937913895
0.055806875228881836, 0.0388072207570076
0.07030536979436874, 0.03686043620109558
0.04759495332837105, 0.03838381916284561
0.044522542506456375, 0.03184158727526665
0.03900569677352905, 0.029030464589595795
0.05525565147399902, 0.03927083685994148
0.0396634116768837, 0.02576545439660549
0.03874843195080757, 0.027439579367637634
0.038628026843070984, 0.029607752338051796
0.03403922915458679, 0.0234160628169775
0.03966860473155975, 0.030964631587266922
0.041376978158950806, 0.029120584949851036
0.0380883626639843, 0.03142281621694565
0.04245438799262047, 0.028540590777993202
0.040910590440034866, 0.03159838914871216
0.0517549142241478, 0.038832150399684906
0.047859352082014084, 0.029940517619252205
0.048450786620378494, 0.03906140476465225
0.04930846393108368, 0.022866489365696907
0.032537296414375305, 0.021175265312194824
0.06526158004999161, 0.05557785555720329
0.05609782412648201, 0.03809065744280815
0.05210552364587784, 0.03738292679190636
0.04660661891102791, 0.031221313402056694
0.03716825321316719, 0.022103747352957726
0.03794397413730621, 0.041957661509513855
0.05642994865775108, 0.04116452857851982
0.058055274188518524, 0.03841637820005417
0.04875154420733452, 0.03093365952372551
0.05519293621182442, 0.038878414779901505
0.04563568904995918, 0.027033695951104164
0.07272899895906448, 0.048418205231428146
0.05306612327694893, 0.04139697179198265
0.041447222232818604, 0.02959556132555008
0.034141141921281815, 0.030671952292323112
0.05102011188864708, 0.03320996090769768
0.061166539788246155, 0.03353603556752205
0.02756740152835846, 0.03353562951087952
0.061218347400426865, 0.0368863046169281
0.058436859399080276, 0.042091500014066696
0.06276241689920425, 0.05134235695004463
0.05807118862867355, 0.0385996475815773
0.05071427673101425, 0.029162246733903885
0.03595302253961563, 0.029347606003284454
0.05378407984972, 0.036991555243730545
0.06804196536540985, 0.04391583055257797
0.0529850609600544, 0.03798271715641022
0.05648140236735344, 0.0446460023522377
0.05244084447622299, 0.04116789251565933
0.04324238747358322, 0.03451042249798775
0.03934147581458092, 0.015338561497628689
0.027032935991883278, 0.022043026983737946
0.038457103073596954, 0.025017233565449715
0.05841608718037605, 0.040951911360025406
0.04244997352361679, 0.035478267818689346
0.05769428238272667, 0.04339626431465149
0.05451261252164841, 0.04908808320760727
0.042248766869306564, 0.033025357872247696
0.06435093283653259, 0.041588716208934784
0.04710470885038376, 0.03635947033762932
0.04555004835128784, 0.034485116600990295
0.03247049078345299, 0.023447992280125618
0.050270553678274155, 0.05129748955368996
0.05011960491538048, 0.03678181394934654
0.040172237902879715, 0.028095098212361336
0.04520145803689957, 0.03265039250254631
0.04567258432507515, 0.030790936201810837
0.06098766624927521, 0.04947083815932274
0.07082357257604599, 0.04627892002463341
0.045022301375865936, 0.03330549597740173
0.05579850450158119, 0.029078278690576553
0.04584585502743721, 0.026607178151607513
0.03987373411655426, 0.031669531017541885
0.07573298364877701, 0.05850386247038841
0.06471860408782959, 0.05537129566073418
0.053816862404346466, 0.037341535091400146
0.056485824286937714, 0.026242360472679138
0.06541690975427628, 0.03459353744983673
0.0485573336482048, 0.03593554347753525
0.03579868748784065, 0.0232060756534338
0.056307971477508545, 0.032760877162218094
0.05113993585109711, 0.03265755623579025
0.04707581177353859, 0.029466601088643074
0.046081580221652985, 0.036021023988723755
0.022918932139873505, 0.021209802478551865
0.0878332331776619, 0.04957081377506256
0.07103152573108673, 0.05330251529812813
0.05954768881201744, 0.02616606466472149
0.09256687015295029, 0.046391818672418594
0.04331862926483154, 0.023183630779385567
0.05086461454629898, 0.036233674734830856
0.028530988842248917, 0.017151575535535812
0.03412265330553055, 0.02484844997525215
0.0778537467122078, 0.04248965531587601
0.03320834040641785, 0.02233794517815113
0.04144397750496864, 0.017288533970713615
0.07698599994182587, 0.05248763784766197
0.08920940011739731, 0.048836659640073776
0.05238648131489754, 0.03710547089576721
0.043982986360788345, 0.04065125435590744
0.054901327937841415, 0.041452016681432724
0.05391467735171318, 0.03037136234343052
0.0878157690167427, 0.06265105307102203
0.053875137120485306, 0.03398904204368591
0.038858503103256226, 0.031075822189450264
0.05772746354341507, 0.034379009157419205
0.02994900569319725, 0.026548126712441444
0.04237644001841545, 0.030398644506931305
0.03324873000383377, 0.026077644899487495
0.05433802306652069, 0.04378750920295715
0.06582029908895493, 0.03802599012851715
0.03871075063943863, 0.03536435589194298
0.05597876384854317, 0.044994600117206573
0.06906916946172714, 0.038470618426799774
0.04010738059878349, 0.023518145084381104
0.03702564537525177, 0.026149924844503403
0.05555611103773117, 0.03770504519343376
0.05095956474542618, 0.04283314570784569
0.05953871086239815, 0.037717826664447784
0.05371619015932083, 0.030498001724481583
0.045681849122047424, 0.03562387824058533
0.06085710600018501, 0.04542246088385582
0.07763712853193283, 0.04558458924293518
0.057745158672332764, 0.04078309237957001
0.032818008214235306, 0.029780693352222443
0.05975625291466713, 0.03836776688694954
0.045813336968421936, 0.028368039056658745
0.03773327171802521, 0.027879012748599052
0.04901082068681717, 0.03331921622157097
0.046755049377679825, 0.04433811455965042
0.04699913039803505, 0.03464851155877113
0.05026208981871605, 0.031235890462994576
0.04586586728692055, 0.03970491141080856
0.05580129101872444, 0.03693629428744316
0.07842162996530533, 0.0563226193189621
0.09482939541339874, 0.045925322920084
0.052947040647268295, 0.04704361408948898
0.06211337074637413, 0.03592449799180031
0.04918166249990463, 0.03104999288916588
0.05310219153761864, 0.03464333340525627
0.053280994296073914, 0.04163215681910515
0.042685575783252716, 0.02394684962928295
0.04162715747952461, 0.02010978013277054
0.06794492155313492, 0.040459491312503815
0.04063289240002632, 0.02683318220078945
0.052053302526474, 0.030016550794243813
0.06611772626638412, 0.04085087776184082
0.04848165065050125, 0.038128603249788284
0.09451064467430115, 0.06074577942490578
0.04491148516535759, 0.029031885787844658
0.04438520967960358, 0.03387688472867012
0.04953302815556526, 0.030149685218930244
0.0655825287103653, 0.044642671942710876
0.030493034049868584, 0.0227107722312212
0.03883467614650726, 0.025816025212407112
0.08465289324522018, 0.04889889806509018
0.08178292214870453, 0.039976686239242554
0.07863498479127884, 0.05099236220121384
0.06531594693660736, 0.0409475713968277
0.03980887308716774, 0.030074315145611763
0.022682273760437965, 0.01684402860701084
0.046657461673021317, 0.0254732146859169
0.03688402101397514, 0.036256592720746994
0.048744846135377884, 0.028130540624260902
0.04470004513859749, 0.02818603813648224
0.05602306127548218, 0.034951791167259216
0.03869107365608215, 0.024414652958512306
0.058071594685316086, 0.04151249676942825
0.062050092965364456, 0.040931519120931625
0.04531892016530037, 0.03356824815273285
0.07111302018165588, 0.04411368817090988
0.045826155692338943, 0.03282633051276207
0.049304597079753876, 0.03719007968902588
0.03559408709406853, 0.02054019272327423
0.04747375473380089, 0.03236190229654312
0.03661874681711197, 0.02580062299966812
0.038920775055885315, 0.030714407563209534
0.05864366516470909, 0.03431949391961098
0.03619159385561943, 0.022132501006126404
0.046059899032115936, 0.03543099761009216
0.06840543448925018, 0.04445289820432663
0.048418786376714706, 0.043669693171978
0.0334104523062706, 0.02429409883916378
0.058673493564128876, 0.045079585164785385
0.050797779113054276, 0.03760121017694473
0.043812744319438934, 0.033316321671009064
0.04340538755059242, 0.03157903626561165
0.06366007030010223, 0.0347801074385643
0.04255208745598793, 0.021469952538609505
0.07822676748037338, 0.045311298221349716
0.03510290011763573, 0.03332900628447533
0.045446570962667465, 0.03126167133450508
0.04416941851377487, 0.030254358425736427
0.04601627215743065, 0.035918328911066055
0.05349716171622276, 0.039708465337753296
0.06593606621026993, 0.06113732233643532
0.04014556482434273, 0.026501961052417755
0.04066292569041252, 0.03133545070886612
0.04730876907706261, 0.03143291920423508
0.04742555692791939, 0.029464656487107277
0.043640077114105225, 0.030787069350481033
0.055377762764692307, 0.0399412102997303
0.037766844034194946, 0.022598665207624435
0.03747951611876488, 0.02289068140089512
0.04235110431909561, 0.030203571543097496
0.04053175449371338, 0.030807871371507645
0.04227840527892113, 0.023409059271216393
0.04322117939591408, 0.03591378778219223
0.04027070850133896, 0.039149247109889984
0.06752711534500122, 0.03165169060230255
0.041073817759752274, 0.029133953154087067
0.05210166424512863, 0.03596232831478119
0.0297782551497221, 0.017798861488699913
0.08536256104707718, 0.06717713177204132
0.08717399835586548, 0.04700983315706253
0.046621549874544144, 0.03935583680868149
0.04701007902622223, 0.03217706456780434
0.050076063722372055, 0.03653056547045708
0.048749879002571106, 0.03285543620586395
0.041055601090192795, 0.03376846760511398
0.04767557606101036, 0.03652353584766388
0.04818516969680786, 0.02950509637594223
0.028532380238175392, 0.018315408378839493
0.053899552673101425, 0.033539753407239914
0.03598913177847862, 0.03112093359231949
0.04474756866693497, 0.03227642923593521
0.049840349704027176, 0.04251915216445923
0.06294339150190353, 0.044171251356601715
0.040975574404001236, 0.028635147958993912
0.021085888147354126, 0.019247431308031082
0.036590974777936935, 0.021947551518678665
0.04555560275912285, 0.027889564633369446
0.0532803051173687, 0.03981532156467438
0.04951085150241852, 0.026896458119153976
0.05205154791474342, 0.04100978001952171
0.0445626862347126, 0.03143718093633652
0.058758318424224854, 0.03736017644405365
0.038987111300230026, 0.025396859273314476
0.06208076700568199, 0.041359130293130875
0.028669293969869614, 0.020114336162805557
0.03955768793821335, 0.03035593219101429
0.061884038150310516, 0.04471973329782486
0.0565011240541935, 0.03391079604625702
0.05560141056776047, 0.04065103083848953
0.03440847247838974, 0.031116675585508347
0.03903787583112717, 0.030001837760210037
0.07447121292352676, 0.048819608986377716
0.040571462363004684, 0.0256760586053133
0.03893265128135681, 0.03633129224181175
0.04891644045710564, 0.03525936231017113
0.020940903574228287, 0.013752617873251438
0.03212832286953926, 0.023692747578024864
0.04466956481337547, 0.03035988099873066
0.045214876532554626, 0.03376871719956398
0.0636468231678009, 0.034127358347177505
0.05494149774312973, 0.03603242710232735
0.05514358729124069, 0.04217487946152687
0.038677435368299484, 0.02028467133641243
0.07929029315710068, 0.04849177971482277
0.07004497200250626, 0.039610497653484344
0.06216374412178993, 0.04183477163314819
0.038785722106695175, 0.027411021292209625
0.060434501618146896, 0.04212435334920883
0.030797047540545464, 0.027623604983091354
0.04447797313332558, 0.029547374695539474
0.03094276413321495, 0.021512096747756004
0.03972575068473816, 0.03374626487493515
0.04312169551849365, 0.03870759159326553
0.04486437514424324, 0.03614025563001633
0.053684234619140625, 0.02617768384516239
0.043243397027254105, 0.029454996809363365
0.028076836839318275, 0.013618516735732555
0.060589663684368134, 0.04330867528915405
0.07320931553840637, 0.040250375866889954
0.06575826555490494, 0.04602246731519699
0.04741587117314339, 0.0326068215072155
0.06191958859562874, 0.03059982880949974
0.05059189349412918, 0.03659898042678833
0.05052976310253143, 0.03677224740386009
0.047578971832990646, 0.03498520702123642
0.06383389234542847, 0.03819068521261215
0.05388239771127701, 0.03875376284122467
0.028521640226244926, 0.0267876498401165
0.05545454099774361, 0.03736814856529236
0.04110536351799965, 0.029994122684001923
0.04487023130059242, 0.03285907953977585
0.0444311760365963, 0.034152619540691376
0.03963472321629524, 0.034094732254743576
0.03324944153428078, 0.022337621077895164
0.0774194747209549, 0.047941286116838455
0.04521694779396057, 0.03383783623576164
0.03908016160130501, 0.02342287451028824
0.03637072443962097, 0.03196415677666664
0.05382786691188812, 0.03288128599524498
0.058343637734651566, 0.04238304868340492
0.04988999664783478, 0.0320802740752697
0.06274884194135666, 0.03806450963020325
0.06475711613893509, 0.04053642600774765
0.045373864471912384, 0.021648230031132698
0.034825399518013, 0.028680160641670227
0.06652501970529556, 0.06200394406914711
0.06855752319097519, 0.05049069598317146
0.03883996605873108, 0.025102749466896057
0.03993065282702446, 0.0343155562877655
0.05496302992105484, 0.02955465577542782
0.04458363726735115, 0.03288201242685318
0.04436994343996048, 0.026327010244131088
0.04518665745854378, 0.02604721486568451
0.03786040470004082, 0.029279610142111778
0.053094282746315, 0.032928965985774994
0.059424467384815216, 0.034275252372026443
0.03296547010540962, 0.015616177581250668
0.040429580956697464, 0.03890739381313324
0.062044814229011536, 0.040256574749946594
0.05509151890873909, 0.04666242003440857
0.05074192211031914, 0.030836235731840134
0.11614803224802017, 0.04895365983247757
0.09588167816400528, 0.05613815411925316
0.08380136638879776, 0.0420462004840374
0.06186775490641594, 0.03511800616979599
0.06390548497438431, 0.04764527827501297
0.06551245599985123, 0.04212023317813873
0.05289827659726143, 0.04096703231334686
0.05187935009598732, 0.040802136063575745
0.04935162886977196, 0.03261319920420647
0.02965223416686058, 0.0252615325152874
0.047350283712148666, 0.027783052995800972
0.03746322914958, 0.02905542217195034
0.05806136876344681, 0.03300757706165314
0.047312721610069275, 0.042788777500391006
0.05136648193001747, 0.03078709915280342
0.030600912868976593, 0.018812378868460655
0.03133139759302139, 0.028277933597564697
0.02856587804853916, 0.020896127447485924
0.031185796484351158, 0.028789469972252846
0.04136792570352554, 0.026671482250094414
0.04806670919060707, 0.034038200974464417
0.07719024270772934, 0.0474034920334816
0.04275618866086006, 0.03228111192584038
0.0448647178709507, 0.031806718558073044
0.052500877529382706, 0.031779102981090546
0.06594250351190567, 0.03889872878789902
0.10277459770441055, 0.06406878679990768
0.0590067096054554, 0.029360517859458923
0.036973875015974045, 0.026265127584338188
0.033909209072589874, 0.0220147967338562
0.04829937964677811, 0.03326047956943512
0.07909674942493439, 0.05871003121137619
0.051182568073272705, 0.0489841029047966
0.045144639909267426, 0.021731041371822357
0.04075273498892784, 0.0323905311524868
0.06856882572174072, 0.051229942589998245
0.03876258805394173, 0.027906913310289383
0.048019785434007645, 0.03992174565792084
0.05619101971387863, 0.03340804949402809
0.08269736915826797, 0.05828150734305382
0.04554801434278488, 0.03736085444688797
0.03956368565559387, 0.02491355687379837
0.03777782991528511, 0.024688590317964554
0.04513900354504585, 0.03081449307501316
0.05162544175982475, 0.04499242827296257
0.03510778024792671, 0.01840001344680786
0.059889018535614014, 0.03466469794511795
0.02724609524011612, 0.0192172359675169
0.07201724499464035, 0.050407979637384415
0.05210377275943756, 0.03860669210553169
0.056588996201753616, 0.04100308194756508
0.07244756072759628, 0.034631188958883286
0.030036330223083496, 0.02881069853901863
0.043441612273454666, 0.024478008970618248
0.040692318230867386, 0.01842355541884899
0.029504766687750816, 0.025698469951748848
0.03377854451537132, 0.029675118625164032
0.04437052458524704, 0.025534672662615776
0.046053070574998856, 0.027521416544914246
0.0535399354994297, 0.03395351022481918
0.05507485941052437, 0.04196775332093239
0.042248960584402084, 0.02646564692258835
0.040001872926950455, 0.026321323588490486
0.03924163430929184, 0.026089636608958244
0.09340766817331314, 0.05777699500322342
0.058620717376470566, 0.037760261446237564
0.06562451273202896, 0.04286526143550873
0.08906503021717072, 0.06971632689237595
0.06592496484518051, 0.05341747775673866
0.05608122795820236, 0.04012551158666611
0.04762183129787445, 0.03208845481276512
0.045551545917987823, 0.041861392557621
0.07285071909427643, 0.046845052391290665
0.07230296730995178, 0.04113898426294327
0.051958899945020676, 0.033670250326395035
0.07150005549192429, 0.02741011418402195
0.04313870146870613, 0.032001204788684845
0.03765403479337692, 0.0255509614944458
0.04183743894100189, 0.037764135748147964
0.044183555990457535, 0.029893888160586357
0.038660675287246704, 0.029192937538027763
0.03449693322181702, 0.027087796479463577
0.06368624418973923, 0.032756827771663666
0.04972614720463753, 0.04807288572192192
0.04171214997768402, 0.024130936712026596
0.041858378797769547, 0.02671007625758648
0.026401422917842865, 0.026537204161286354
0.04561162367463112, 0.03966778516769409
0.05554377660155296, 0.033074572682380676
0.07414202392101288, 0.051291950047016144
0.04930022358894348, 0.04685327038168907
0.04595596343278885, 0.038532231003046036
0.04996073618531227, 0.0366995632648468
0.06585663557052612, 0.04359688609838486
0.0746578648686409, 0.06169885769486427
0.07433855533599854, 0.04060937091708183
0.05002117156982422, 0.04914788156747818
0.048584070056676865, 0.03123161755502224
0.04227578639984131, 0.025613822042942047
0.04384072124958038, 0.034180741757154465
0.05021749809384346, 0.040185388177633286
0.04824254661798477, 0.03139001876115799
0.06182868033647537, 0.04547029361128807
0.06070356443524361, 0.030062783509492874
0.06800680607557297, 0.042074546217918396
0.04413587227463722, 0.019548026844859123
0.048470236361026764, 0.027019282802939415
0.03776125609874725, 0.02986399456858635
0.03570709377527237, 0.028574051335453987
0.04151841253042221, 0.028902217745780945
0.06777018308639526, 0.03961518406867981
0.05471484735608101, 0.04723743721842766
0.041502855718135834, 0.023292314261198044
0.048549551516771317, 0.033267684280872345
0.040858540683984756, 0.0295392032712698
0.05524302273988724, 0.03767863288521767
0.04658326134085655, 0.03123783878982067
0.03274942561984062, 0.018566962331533432
0.06406069546937943, 0.03705437853932381
0.03457269445061684, 0.020337391644716263
0.06468567252159119, 0.04271458089351654
0.027561305090785027, 0.021196331828832626
0.03599165007472038, 0.024596190080046654
0.046976953744888306, 0.028937214985489845
0.04980753734707832, 0.024738429114222527
0.0447542667388916, 0.0316249318420887
0.040534812957048416, 0.027827924117445946
0.033770088106393814, 0.023981306701898575
0.05237061530351639, 0.041843242943286896
0.05465204641222954, 0.04491868615150452
0.04688497260212898, 0.03326190635561943
0.03441721573472023, 0.023836689069867134
0.03508985415101051, 0.0219887662678957
0.037241481244564056, 0.03072868473827839
0.05550896376371384, 0.03661397099494934
0.04645149037241936, 0.03174818679690361
0.051257625222206116, 0.0266396626830101
0.05217447876930237, 0.03430885449051857
0.05150748789310455, 0.02771841548383236
0.05115433409810066, 0.03844938054680824
0.04792248085141182, 0.0396108478307724
0.043020088225603104, 0.03240429237484932
0.03776656836271286, 0.02949053794145584
0.0330965630710125, 0.02407064102590084
0.05115026235580444, 0.03107546456158161
0.06081274524331093, 0.04414362832903862
0.038755256682634354, 0.0353810079395771
0.036200445145368576, 0.022551029920578003
0.04508526250720024, 0.025192279368638992
0.049216464161872864, 0.030205311253666878
0.056416451930999756, 0.03641160950064659
0.0390450544655323, 0.03148822486400604
0.04572349786758423, 0.030596910044550896
0.04163298383355141, 0.02895504981279373
0.05204114690423012, 0.03632970526814461
0.04293649271130562, 0.031097466126084328
0.0658017173409462, 0.0375545397400856
0.038134198635816574, 0.03587889298796654
0.04356684535741806, 0.03657281771302223
0.052457403391599655, 0.03955068811774254
0.0371200330555439, 0.037644561380147934
0.04944929480552673, 0.035902541130781174
0.0719856321811676, 0.05010256916284561
0.055806297808885574, 0.03354949504137039
0.05762222036719322, 0.03702090308070183
0.05705053359270096, 0.03977059945464134
0.054303962737321854, 0.033500585705041885
0.05284659191966057, 0.044349513947963715
0.049066245555877686, 0.032831624150276184
0.04123186320066452, 0.02363981492817402
0.0337236225605011, 0.017810039222240448
0.028885602951049805, 0.026341738179326057
0.051870111376047134, 0.044424816966056824
0.06400451809167862, 0.03866714984178543
0.053154461085796356, 0.038470055907964706
0.03107404336333275, 0.026210810989141464
0.05410248041152954, 0.045243892818689346
0.04312874749302864, 0.03261005878448486
0.04252782091498375, 0.023030441254377365
0.0714937075972557, 0.03473303094506264
0.05494116619229317, 0.03766738250851631
0.045782383531332016, 0.033151231706142426
0.030252059921622276, 0.025701405480504036
0.046156857162714005, 0.03291400149464607
0.03714808449149132, 0.023886917158961296
0.035997796803712845, 0.024883391335606575
0.047376859933137894, 0.043128665536642075
0.050851039588451385, 0.027176983654499054
0.05474008619785309, 0.030466778203845024
0.05387933924794197, 0.03886593133211136
0.07019659131765366, 0.050734322518110275
0.062208447605371475, 0.03833369165658951
0.06797414273023605, 0.034954700618982315
0.03593258187174797, 0.03170384094119072
0.0374801941215992, 0.02672155760228634
0.05579310655593872, 0.04290447011590004
0.054095447063446045, 0.02795248106122017
0.07263799011707306, 0.045993756502866745
0.053363531827926636, 0.04152224212884903
0.03942044824361801, 0.030183207243680954
0.05115606263279915, 0.022362863644957542
0.05063604563474655, 0.03139779344201088
0.05261431261897087, 0.04437098652124405
0.04369397833943367, 0.033028699457645416
0.041229523718357086, 0.02959192544221878
0.06894812732934952, 0.04690757393836975
0.0419919453561306, 0.02853381633758545
0.061118703335523605, 0.03307485580444336
0.040144335478544235, 0.029404904693365097
0.049892619252204895, 0.030336441472172737
0.022564595565199852, 0.02109438180923462
0.05023123696446419, 0.028580082580447197
0.05926143378019333, 0.04830584675073624
0.043331582099199295, 0.02984384074807167
0.05103744566440582, 0.03406433016061783
0.040842365473508835, 0.031543854624032974
0.027963334694504738, 0.019324880093336105
0.03779735043644905, 0.028336863964796066
0.0479438416659832, 0.03517705574631691
0.05449575185775757, 0.028539292514324188
0.05872415378689766, 0.03805789723992348
0.05352919176220894, 0.04037720710039139
0.042067281901836395, 0.040983401238918304
0.053899265825748444, 0.02838144451379776
0.05841418728232384, 0.03766566887497902
0.04845338687300682, 0.034607142210006714
0.028320303186774254, 0.01641896739602089
0.03959013149142265, 0.028089873492717743
0.061619024723768234, 0.026584459468722343
0.03068169392645359, 0.028536779806017876
0.039852041751146317, 0.031170975416898727
0.052556343376636505, 0.02996715158224106
0.05535527691245079, 0.03451995551586151
0.03862890601158142, 0.026712892577052116
0.043433353304862976, 0.03035658970475197
0.03591730073094368, 0.027470512315630913
0.04826464131474495, 0.027751140296459198
0.051511745899915695, 0.035806722939014435
0.037998415529727936, 0.023112012073397636
0.07582704722881317, 0.03871852532029152
0.052074432373046875, 0.03590695559978485
0.04741225391626358, 0.04268062487244606
0.05093805864453316, 0.026082411408424377
0.04011622816324234, 0.028969572857022285
0.04439891502261162, 0.03344406932592392
0.07516095042228699, 0.05822156369686127
0.028005028143525124, 0.022085055708885193
0.03247029706835747, 0.0278378464281559
0.05741998925805092, 0.03632562980055809
0.033906128257513046, 0.02881687507033348
0.04756351560354233, 0.0283476822078228
0.0672542080283165, 0.048700958490371704
0.04064490646123886, 0.029436588287353516
0.02794286608695984, 0.02229420468211174
0.0483587272465229, 0.03200487419962883
0.0319833941757679, 0.019973430782556534
0.026805197820067406, 0.020973555743694305
0.0363306999206543, 0.027625709772109985
0.03963279724121094, 0.025045601651072502
0.048989471048116684, 0.036159880459308624
0.05158938094973564, 0.04080481082201004
0.04521073400974274, 0.03403826057910919
0.03564901649951935, 0.02112446166574955
0.03959560766816139, 0.039024561643600464
0.05477419123053551, 0.028858084231615067
0.0564800500869751, 0.03962273150682449
0.03320999816060066, 0.022017184644937515
0.04996378719806671, 0.03140079975128174
0.034531522542238235, 0.029847677797079086
0.06026824191212654, 0.04757767543196678
0.05156379193067551, 0.03553096950054169
0.056973278522491455, 0.040878716856241226
0.053870875388383865, 0.03192785009741783
0.039579764008522034, 0.0262925885617733
0.06460504978895187, 0.04125209525227547
0.03938943147659302, 0.02428242936730385
0.03641591966152191, 0.025589918717741966
0.03211119398474693, 0.02234094962477684
0.025348296388983727, 0.021122602745890617
0.04695706069469452, 0.025745663791894913
0.04433199390769005, 0.026543525978922844
0.049154166132211685, 0.02705143392086029
0.05038253962993622, 0.03585781157016754
0.03423652425408363, 0.01769276149570942
0.03401602804660797, 0.026439065113663673
0.03587639331817627, 0.024208158254623413
0.04386330395936966, 0.02772151678800583
0.039650410413742065, 0.027553703635931015
0.03648986667394638, 0.03173103928565979
0.08841289579868317, 0.040128227323293686
0.04526110365986824, 0.03264911100268364
0.03238426893949509, 0.024280935525894165
0.03886221721768379, 0.025955120101571083
0.05721738561987877, 0.04011170193552971
0.05488362908363342, 0.036934997886419296
0.03514137864112854, 0.024297717958688736
0.0685301199555397, 0.06524350494146347
0.035120923072099686, 0.02844281494617462
0.053262628614902496, 0.04676042124629021
0.03183009475469589, 0.019126150757074356
0.042452212423086166, 0.02939794585108757
0.03930704668164253, 0.028019262477755547
0.04653080552816391, 0.030204864218831062
0.0627843588590622, 0.024930065497756004
0.04280417785048485, 0.020765012130141258
0.031802114099264145, 0.025013279169797897
0.030261414125561714, 0.018469760194420815
0.05065036565065384, 0.03880198299884796
0.04594636708498001, 0.021288098767399788
0.04069593548774719, 0.02893970161676407
0.05787040293216705, 0.050535812973976135
0.048400357365608215, 0.04083430394530296
0.04778208211064339, 0.0366935096681118
0.04917621612548828, 0.03980931267142296
0.06036875769495964, 0.029033174738287926
0.03418915346264839, 0.02483508549630642
0.0436243899166584, 0.03255440294742584
0.05026872828602791, 0.03762605041265488
0.045988455414772034, 0.027472851797938347
0.04392886906862259, 0.032566286623477936
0.03969966620206833, 0.03615659102797508
0.04933451488614082, 0.02477276884019375
0.05347566679120064, 0.0368824377655983
0.03238193690776825, 0.028739633038640022
0.049474190920591354, 0.024585697799921036
0.03165431320667267, 0.026581529527902603
0.05326336994767189, 0.03790770471096039
0.050727322697639465, 0.03269265592098236
0.062224823981523514, 0.04633565992116928
0.07163111120462418, 0.052695274353027344
0.06914547830820084, 0.041702382266521454
0.053131744265556335, 0.03658926859498024
0.04847841337323189, 0.03598473593592644
0.032182540744543076, 0.023467926308512688
0.04851489141583443, 0.031714651733636856
0.04337504506111145, 0.038036979734897614
0.04833519831299782, 0.03645690903067589
0.07032231241464615, 0.0376204214990139
0.06996142119169235, 0.039070215076208115
0.06486330181360245, 0.04195417836308479
0.055479831993579865, 0.03481572866439819
0.03728301450610161, 0.027159782126545906
0.0371791310608387, 0.02446640096604824
0.04948243871331215, 0.0344746969640255
0.0630112811923027, 0.03402585908770561
0.03963425010442734, 0.023847172036767006
0.03859589621424675, 0.030350759625434875
0.04872048646211624, 0.03210274875164032
0.04589276760816574, 0.03011772595345974
0.043654102832078934, 0.0440417043864727
0.05026419833302498, 0.044319793581962585
0.0616498738527298, 0.03915616497397423
0.03479868546128273, 0.031167564913630486
0.04889989271759987, 0.023280320689082146
0.03869445621967316, 0.03612596169114113
0.06670684367418289, 0.0460030697286129
0.04784664139151573, 0.03341104835271835
0.08178293704986572, 0.060568250715732574
0.053384583443403244, 0.035168517380952835
0.04308778792619705, 0.02789839170873165
0.04485844820737839, 0.028055403381586075
0.05042809993028641, 0.03246350586414337
0.04346372187137604, 0.029300522059202194
0.03854478523135185, 0.023716891184449196
0.04641914367675781, 0.03060857392847538
0.05225711315870285, 0.03652912378311157
0.023541612550616264, 0.01765609160065651
0.026774786412715912, 0.017831990495324135
0.05564787611365318, 0.0439617894589901
0.06433026492595673, 0.04378705844283104
0.07864706963300705, 0.049902595579624176
0.10052668303251266, 0.05665992945432663
0.07929675281047821, 0.061378106474876404
0.07932475954294205, 0.048073459416627884
0.04610946401953697, 0.040353935211896896
0.042605165392160416, 0.03400150686502457
0.04807491973042488, 0.029909741133451462
0.03913377225399017, 0.0339784249663353
0.06954101473093033, 0.033099666237831116
0.04186508059501648, 0.03340750187635422
0.05782599002122879, 0.03958682343363762
0.0829155370593071, 0.03787040710449219
0.03693901002407074, 0.025386136025190353
0.027735132724046707, 0.012550324201583862
0.037786830216646194, 0.02455921284854412
0.033365774899721146, 0.028052059933543205
0.03635307401418686, 0.028941363096237183
0.054768048226833344, 0.034022606909275055
0.05391108989715576, 0.034567758440971375
0.04493974894285202, 0.02538825012743473
0.03798466548323631, 0.021686097607016563
0.04927681013941765, 0.03375663608312607
0.03773580491542816, 0.028552744537591934
0.02472556382417679, 0.019487930461764336
0.023427128791809082, 0.015897033736109734
0.04465975612401962, 0.030259735882282257
0.0746539831161499, 0.03969600796699524
0.04257817938923836, 0.036219168454408646
0.04331142455339432, 0.033736422657966614
0.04031529650092125, 0.03004446253180504
0.03024638630449772, 0.020698903128504753
0.0720197856426239, 0.037490904331207275
0.047663331031799316, 0.0415017232298851
0.05042754486203194, 0.03314441069960594
0.04169343784451485, 0.034099821001291275
0.05940214917063713, 0.03715556114912033
0.05087502673268318, 0.03965163975954056
0.04236602038145065, 0.04026790335774422
0.06345953792333603, 0.03993290662765503
0.05848562717437744, 0.04374685138463974
0.07018061727285385, 0.05683242529630661
0.03981677070260048, 0.03476731851696968
