mean, std
0.38584795594215393, 0.028899962082505226
0.33764734864234924, 0.02061271294951439
0.3104572892189026, 0.019588541239500046
0.2827422618865967, 0.014615016989409924
0.258664608001709, 0.015443697571754456
0.23769457638263702, 0.011724356561899185
0.21747680008411407, 0.013712961226701736
0.19779172539710999, 0.015301849693059921
0.17904166877269745, 0.009614779613912106
0.16334207355976105, 0.008540201932191849
0.14811284840106964, 0.014653481543064117
0.13635359704494476, 0.009424567222595215
0.1280289739370346, 0.009878730401396751
0.12153295427560806, 0.009944838471710682
0.11590693891048431, 0.009828903712332249
0.1113230511546135, 0.007442935835570097
0.1081204041838646, 0.010944060049951077
0.10339364409446716, 0.010348070412874222
0.10016580671072006, 0.010473859496414661
0.09701159596443176, 0.009662340395152569
0.09327337890863419, 0.01101564709097147
0.09118164330720901, 0.00664604501798749
0.08785786479711533, 0.007331283297389746
0.08574029803276062, 0.006690068636089563
0.08430218696594238, 0.009484614245593548
0.08276774734258652, 0.007308813277631998
0.0812964141368866, 0.0073860036209225655
0.07992343604564667, 0.008100482635200024
0.07890409976243973, 0.009727368131279945
0.07651831209659576, 0.008731642737984657
0.07701893150806427, 0.00796262826770544
0.07544559985399246, 0.008417585864663124
0.07419448345899582, 0.006125341169536114
0.07324645668268204, 0.009021323174238205
0.07263777405023575, 0.007558820769190788
0.07197938114404678, 0.008257358334958553
0.07112552225589752, 0.0077942837961018085
0.07045301795005798, 0.006464772392064333
0.06998175382614136, 0.008489147759974003
0.06904198974370956, 0.005171507131308317
0.06891345977783203, 0.005631567444652319
0.06891939043998718, 0.005612300243228674
0.0683937817811966, 0.008601184003055096
0.067070871591568, 0.007040220778435469
0.06717758625745773, 0.0075955516658723354
0.0662454143166542, 0.008688847534358501
0.06629916280508041, 0.00600768718868494
0.06629083305597305, 0.006774484645575285
0.06527204066514969, 0.006335336249321699
0.06534665822982788, 0.006147919688373804
0.06478414684534073, 0.008190031163394451
0.06406515836715698, 0.007227625232189894
0.06390071660280228, 0.0074478629976511
0.06395222991704941, 0.007297834847122431
0.06327829509973526, 0.006599717773497105
0.0630561038851738, 0.007348993327468634
0.062222905457019806, 0.0051881903782486916
0.06258458644151688, 0.006714113522320986
0.06250007450580597, 0.005676063243299723
0.06199108436703682, 0.008101328276097775
0.06174454465508461, 0.0055990866385400295
0.06145825609564781, 0.004748716950416565
0.061443764716386795, 0.005565796047449112
0.06105344370007515, 0.004351089708507061
0.061136629432439804, 0.00529703451320529
0.06022660806775093, 0.006296411622315645
0.05991166830062866, 0.005575320217758417
0.05942939966917038, 0.008664766326546669
0.059365689754486084, 0.005524285603314638
0.059112291783094406, 0.004788708407431841
0.05875623971223831, 0.005950066260993481
0.05886964872479439, 0.005988784600049257
0.05895214527845383, 0.006501373369246721
0.0579993799328804, 0.0037920905742794275
0.058274175971746445, 0.0058590201660990715
0.058102209120988846, 0.004194482229650021
0.05748223513364792, 0.005037934985011816
0.05635792762041092, 0.004577420651912689
0.05624204874038696, 0.007824224419891834
0.0572018027305603, 0.005046578124165535
0.0559907890856266, 0.005230654031038284
0.056155331432819366, 0.00614193407818675
0.05560949072241783, 0.005090068560093641
0.055455539375543594, 0.006309508346021175
0.055563926696777344, 0.007974140346050262
0.05492137745022774, 0.006259755697101355
0.054717205464839935, 0.007947145961225033
0.05448155477643013, 0.006309427320957184
0.054820094257593155, 0.006076880265027285
0.05494185909628868, 0.0048607452772557735
0.05415205657482147, 0.005178379826247692
0.054144155234098434, 0.005407426971942186
0.053676459938287735, 0.004843725822865963
0.05325395241379738, 0.005461358930915594
0.053269196301698685, 0.006336478982120752
0.05353736877441406, 0.002990451641380787
0.05303312838077545, 0.004797741770744324
0.052894171327352524, 0.004490443971008062
0.052423425018787384, 0.004668970592319965
0.0524558424949646, 0.004279560875147581
0.0522259958088398, 0.004377624019980431
0.0514550618827343, 0.005136777646839619
0.052062634378671646, 0.006002348847687244
0.05119537562131882, 0.004469911102205515
0.051045820116996765, 0.005508715752512217
0.051191266626119614, 0.006373767741024494
0.050757065415382385, 0.005078718066215515
0.05055879056453705, 0.004338255152106285
0.05002954602241516, 0.003038502996787429
0.05047912895679474, 0.004367317073047161
0.05015356093645096, 0.004786009434610605
0.04969736561179161, 0.006526926998049021
0.0498884953558445, 0.004489490296691656
0.04976695775985718, 0.004387769848108292
0.04938653111457825, 0.006439120974391699
0.04944375529885292, 0.007001969497650862
0.049240902066230774, 0.0052761598490178585
0.0493333525955677, 0.004296852275729179
0.049312882125377655, 0.006517368834465742
0.04898317530751228, 0.006273393519222736
0.04856270179152489, 0.00377041008323431
0.04861438646912575, 0.006665823981165886
0.0484260655939579, 0.0055368440225720406
0.04807957634329796, 0.0064697787165641785
0.04818055406212807, 0.0039052781648933887
0.04800772666931152, 0.00522463908419013
0.04816258326172829, 0.004823349416255951
0.047486208379268646, 0.003750990843400359
0.04711031913757324, 0.0057149892672896385
0.04734618216753006, 0.005253924988210201
0.0472562238574028, 0.005339657887816429
0.04742158204317093, 0.006079041864722967
0.0477573461830616, 0.004693969618529081
0.047364164143800735, 0.004586067516356707
0.047243911772966385, 0.004339281003922224
0.04676181823015213, 0.00555775873363018
0.046704623848199844, 0.006820859387516975
0.04674144461750984, 0.0050273858942091465
0.04624494910240173, 0.00442395219579339
0.047103654593229294, 0.002697971183806658
0.046458255499601364, 0.004673734772950411
0.04606468603014946, 0.006560930982232094
0.04611651599407196, 0.004927186761051416
0.04642941802740097, 0.003759461222216487
0.046028975397348404, 0.00578553881496191
0.045768458396196365, 0.0052802674472332
0.04593830183148384, 0.004928505048155785
0.04585155099630356, 0.004603339824825525
0.04556168243288994, 0.005798653699457645
0.04553716257214546, 0.005322527140378952
0.04525783285498619, 0.005364174488931894
0.045434195548295975, 0.005289955530315638
0.04548618569970131, 0.0038151084445416927
0.04542028158903122, 0.004387378226965666
0.04467497020959854, 0.005562723148614168
0.04521496221423149, 0.005100467707961798
0.044797591865062714, 0.006175518501549959
0.045521318912506104, 0.0047880797646939754
0.0445171594619751, 0.0060276673175394535
0.045008715242147446, 0.0031065240036696196
0.04464470595121384, 0.00504858186468482
0.04440091922879219, 0.004160213749855757
0.045350778847932816, 0.004489502869546413
0.043881285935640335, 0.004910717718303204
0.0444590225815773, 0.004413622431457043
0.0443425178527832, 0.005287874955683947
0.04399323835968971, 0.004569679964333773
0.043809618800878525, 0.005624391138553619
0.043586183339357376, 0.005821423139423132
0.043772678822278976, 0.004967017564922571
0.044183503836393356, 0.004669444635510445
0.043856773525476456, 0.006350607145577669
0.043808531016111374, 0.0037209184374660254
0.043516431003808975, 0.004438626114279032
0.043698374181985855, 0.004497712478041649
0.04394546151161194, 0.004467057529836893
0.04427226260304451, 0.00524350069463253
0.0427975170314312, 0.0046605211682617664
0.04335571825504303, 0.004788968246430159
0.04304214194417, 0.003701905021443963
0.04308481886982918, 0.0047869752161204815
0.042894262820482254, 0.005432797595858574
0.043263617902994156, 0.005045294761657715
0.0424971841275692, 0.005219923332333565
0.04364596679806709, 0.0035857909824699163
0.04249388352036476, 0.00465212669223547
0.042389918118715286, 0.00524877617135644
0.04313609376549721, 0.0046419803984463215
0.043137114495038986, 0.005024767946451902
0.04302474111318588, 0.0037473533302545547
0.042808372527360916, 0.004746231250464916
0.043146293610334396, 0.005827870685607195
0.042748142033815384, 0.004450732376426458
0.04231668636202812, 0.003832106012851
0.042925115674734116, 0.005165614187717438
0.04252627119421959, 0.004009460099041462
0.04249927029013634, 0.004652516450732946
0.04218035191297531, 0.005117138382047415
0.04292425885796547, 0.004030648618936539
0.0424514003098011, 0.0047898199409246445
0.04212598875164986, 0.005297630559653044
0.041952602565288544, 0.004680956248193979
0.04188091307878494, 0.004720884375274181
0.04198016598820686, 0.0044587478041648865
0.04222354292869568, 0.0034662524703890085
0.04210890084505081, 0.004873335827142
0.041862279176712036, 0.004195743706077337
0.04200970008969307, 0.0045560020953416824
0.041768211871385574, 0.005013300571590662
0.041571877896785736, 0.00510238204151392
0.041638586670160294, 0.004826737102121115
0.04190099611878395, 0.00343025429174304
0.041275784373283386, 0.006391638424247503
0.04151232913136482, 0.00374303269200027
0.04103273153305054, 0.004720712546259165
0.04118538275361061, 0.003638994414359331
0.04139236360788345, 0.005497155245393515
0.04111247509717941, 0.004619648680090904
0.0412033274769783, 0.0033726661931723356
0.04139723256230354, 0.0036799923982471228
0.04101298376917839, 0.005149158649146557
0.0407402366399765, 0.005415521562099457
0.04093037545681, 0.0034314091317355633
0.041089195758104324, 0.004104054998606443
0.04091281443834305, 0.0035933279432356358
0.04114196449518204, 0.0036461816634982824
0.04142618179321289, 0.004161787685006857
0.040879298001527786, 0.004593745339661837
0.041008125990629196, 0.003908057697117329
0.04056314006447792, 0.004530913196504116
0.0408969447016716, 0.003419239539653063
0.04049355536699295, 0.005291251931339502
0.040880490094423294, 0.005445903167128563
0.04044460505247116, 0.004528942052274942
0.04074770584702492, 0.003203432308509946
0.04064430668950081, 0.005130516365170479
0.0401775948703289, 0.004116457421332598
0.04022892192006111, 0.002964830258861184
0.04042533412575722, 0.003742888104170561
0.040211308747529984, 0.003962659742683172
0.04067566245794296, 0.0035690192598849535
0.040106236934661865, 0.0036754708271473646
0.040349412709474564, 0.004505713935941458
0.03989346697926521, 0.0038449482526630163
0.04090925306081772, 0.0038382522761821747
0.0404294990003109, 0.003498923499137163
0.039959535002708435, 0.0038813964929431677
0.04029469192028046, 0.003701128764078021
0.04011773318052292, 0.0048825484700500965
0.039830345660448074, 0.0049870312213897705
0.03997105360031128, 0.004713788628578186
0.03993752598762512, 0.004178555682301521
0.039888106286525726, 0.003146471455693245
0.04004645720124245, 0.005317098461091518
0.04031513258814812, 0.0038989814929664135
0.03999697417020798, 0.004294234793633223
0.040122270584106445, 0.0034708797466009855
0.039639174938201904, 0.004094462376087904
0.03974298760294914, 0.004288015887141228
0.0393485464155674, 0.005008849781006575
0.039513666182756424, 0.003194862976670265
0.040139082819223404, 0.005460355430841446
0.03998551890254021, 0.0050342995673418045
0.03957130014896393, 0.003463814966380596
0.039637234061956406, 0.004853524267673492
0.039653267711400986, 0.004419178236275911
0.039227377623319626, 0.0036750524304807186
0.03956722468137741, 0.0038514065090566874
0.039715513586997986, 0.004288509488105774
0.03938549384474754, 0.004744881764054298
0.039198145270347595, 0.005217298865318298
0.03923020884394646, 0.004433203022927046
0.03903023153543472, 0.005268546286970377
0.039167094975709915, 0.003996168728917837
0.03944651409983635, 0.004624831024557352
0.03913656622171402, 0.004192997235804796
0.039383407682180405, 0.003280538832768798
0.039181992411613464, 0.0038291949313133955
0.03924958407878876, 0.004508616402745247
0.039298467338085175, 0.004103049170225859
0.039337992668151855, 0.005379974842071533
0.03899217024445534, 0.004903743043541908
0.039154525846242905, 0.0038988348096609116
0.03889068588614464, 0.004625330213457346
0.038779936730861664, 0.0043782396242022514
0.03902328759431839, 0.0036817877553403378
0.038879383355379105, 0.003310752334073186
0.03901781886816025, 0.003979217726737261
0.038397181779146194, 0.004149062093347311
0.038686275482177734, 0.004403228405863047
0.03905836492776871, 0.003863343270495534
0.03882034495472908, 0.00458323722705245
0.038784679025411606, 0.0027081044390797615
0.038719844073057175, 0.005345246288925409
0.03884848579764366, 0.003342174692079425
0.03858395665884018, 0.00510109169408679
0.03916052728891373, 0.0039439075626432896
0.0382724367082119, 0.0036301983054727316
0.03895964100956917, 0.0041867573745548725
0.03835519030690193, 0.005153160076588392
0.039069317281246185, 0.0025221642572432756
0.03892785683274269, 0.003848315216600895
0.03823886066675186, 0.003191235475242138
0.03885768726468086, 0.003822220955044031
0.0383695550262928, 0.004157529212534428
0.038684383034706116, 0.003838687902316451
0.03872041031718254, 0.004440885968506336
0.03874356672167778, 0.0029061725363135338
0.03839702531695366, 0.004658897407352924
0.038712840527296066, 0.004450787790119648
0.03831743448972702, 0.0029634868260473013
0.037675682455301285, 0.00359386601485312
0.03783489763736725, 0.005464690271764994
0.038225315511226654, 0.0032907435670495033
0.03800218552350998, 0.00432117935270071
0.03843783587217331, 0.0029863326344639063
0.03805002570152283, 0.005395073443651199
0.038080938160419464, 0.004403901286423206
0.03803781792521477, 0.004223242402076721
0.03807283937931061, 0.0046392399817705154
0.03814570978283882, 0.004220909439027309
0.03794661536812782, 0.0037349064368754625
0.038124579936265945, 0.004895173013210297
0.03823453187942505, 0.004828114062547684
0.03835177421569824, 0.004787351004779339
0.03832413628697395, 0.003637974616140127
0.03796795755624771, 0.00462478119879961
0.03785364702343941, 0.004191162530332804
0.03807906433939934, 0.003826555097475648
0.03797771409153938, 0.002746487967669964
0.03810446336865425, 0.004432212561368942
0.03801368921995163, 0.0038071635644882917
0.03819495439529419, 0.004220565780997276
0.03818622976541519, 0.003067347686737776
0.03735532611608505, 0.003920871764421463
0.03844553977251053, 0.0035267509520053864
0.037822067737579346, 0.004633363336324692
0.03786952793598175, 0.0035565567668527365
0.03798096254467964, 0.004650890827178955
0.03747820854187012, 0.0046995230950415134
0.037676483392715454, 0.004176564980298281
0.038013435900211334, 0.004409791901707649
0.03753138333559036, 0.003535958705469966
0.037339143455028534, 0.004187800455838442
0.03797031193971634, 0.003747357754036784
0.03804522752761841, 0.0031155243050307035
0.03780237212777138, 0.0038876663893461227
0.03790808469057083, 0.0031858792062848806
0.0374719463288784, 0.004080078098922968
0.03755174204707146, 0.0038962233811616898
0.03777233511209488, 0.0024934883695095778
0.037324175238609314, 0.004603495821356773
0.03784218057990074, 0.004596957936882973
0.03751032426953316, 0.0045644743368029594
0.037762779742479324, 0.004327055532485247
0.03736240416765213, 0.0035679712891578674
0.03752491623163223, 0.00418455433100462
0.0378900021314621, 0.00376153108663857
0.03752191364765167, 0.004655832424759865
0.03777747228741646, 0.003519907360896468
0.03743757680058479, 0.002818418899551034
0.03720235452055931, 0.00478088716045022
0.03775522857904434, 0.004375293385237455
0.03756919875741005, 0.003843985265120864
0.037810273468494415, 0.0041037676855921745
0.0373392328619957, 0.00373495533131063
0.037411484867334366, 0.004413014743477106
0.03728613629937172, 0.0025730738416314125
0.03746582195162773, 0.0033907697070389986
0.03743813559412956, 0.0030530241783708334
0.037464439868927, 0.004637591540813446
0.03751014173030853, 0.003948991186916828
0.037743229418992996, 0.004831901751458645
0.03765106946229935, 0.003620157018303871
0.03756503388285637, 0.0032646460458636284
0.037484362721443176, 0.004167923238128424
0.037158217281103134, 0.0033790506422519684
0.037216197699308395, 0.0038654578384011984
0.03719203546643257, 0.004715944640338421
0.0372331328690052, 0.0033928228076547384
0.037313882261514664, 0.0037116699386388063
0.03732449188828468, 0.004237630404531956
0.037629708647727966, 0.003790495917201042
0.03694629669189453, 0.004986271727830172
0.03713640943169594, 0.0038175105582922697
0.03724681958556175, 0.004550212994217873
0.03710006922483444, 0.0029404147062450647
0.03723478317260742, 0.0031823760364204645
0.037230461835861206, 0.004079692997038364
0.037164974957704544, 0.002805472118780017
0.03706170246005058, 0.0038325083442032337
0.03707223758101463, 0.004604320507496595
0.03744896873831749, 0.003723676549270749
0.037058304995298386, 0.004493603482842445
0.037153132259845734, 0.004261937458068132
0.0367693230509758, 0.0031461073085665703
0.03671666607260704, 0.004226119723170996
0.036980707198381424, 0.004494423512369394
0.037186842411756516, 0.003932400606572628
0.03690224513411522, 0.00383103103376925
0.037102989852428436, 0.004603134002536535
0.03710315003991127, 0.0034688482992351055
0.03734542429447174, 0.004075299482792616
0.03703809529542923, 0.004781334660947323
0.036936480551958084, 0.002728435443714261
0.036261722445487976, 0.006272576749324799
0.0370369516313076, 0.00349613418802619
0.03690536320209503, 0.003283886704593897
0.03666786849498749, 0.003770094597712159
0.0366850346326828, 0.00511067034676671
0.03630096837878227, 0.0037679970264434814
0.03677691891789436, 0.00361518538556993
0.037189409136772156, 0.00414781691506505
0.036853399127721786, 0.004035604652017355
0.03679786995053291, 0.0037104308139532804
0.03653862327337265, 0.003953039180487394
0.037148330360651016, 0.004760310519486666
0.03651981055736542, 0.0036659403704106808
0.036738622933626175, 0.0034536588937044144
0.036575816571712494, 0.004228461533784866
0.03648297116160393, 0.004819441121071577
0.03666909411549568, 0.004095986485481262
0.03685285896062851, 0.00445302901789546
0.036777596920728683, 0.003175420453771949
0.03683184087276459, 0.002747114049270749
0.03659884259104729, 0.0032719033770263195
0.03645489364862442, 0.0037368854973465204
0.03643607720732689, 0.0030343870166689157
0.03655855730175972, 0.004181563854217529
0.036681629717350006, 0.00350469839759171
0.03668171167373657, 0.0033947047777473927
0.0367073230445385, 0.00370320794172585
0.03651975467801094, 0.004032486584037542
0.03684262931346893, 0.0035351139958947897
0.03641723468899727, 0.00303116743452847
0.036522697657346725, 0.002965308725833893
0.0364568717777729, 0.0022849473170936108
0.03653114289045334, 0.004111653659492731
0.03662031516432762, 0.003441517474129796
0.03655697777867317, 0.0041345697827637196
0.036394014954566956, 0.0034832675009965897
0.03632945194840431, 0.003775781486183405
0.03649932146072388, 0.0036100808065384626
0.036171067506074905, 0.004460059572011232
0.036128073930740356, 0.004074770491570234
0.03664231300354004, 0.005073715932667255
0.036767710000276566, 0.0036165229976177216
0.0366634838283062, 0.0022534113377332687
0.036456551402807236, 0.004078194499015808
0.036115650087594986, 0.003404481802135706
0.036332204937934875, 0.0033303145319223404
0.036515433341264725, 0.0043874988332390785
0.0360153391957283, 0.004234286956489086
0.03651552274823189, 0.0038907532580196857
0.03633810207247734, 0.00435446435585618
0.036395132541656494, 0.003114219754934311
0.036487702280282974, 0.0038730406668037176
0.036627791821956635, 0.004169372376054525
0.03602384775876999, 0.004165375605225563
0.03613368421792984, 0.0032506755087524652
0.03596177324652672, 0.00255814497359097
0.036525119096040726, 0.002600310603156686
0.036448512226343155, 0.003207862377166748
0.03636934235692024, 0.0035489131696522236
0.03611844405531883, 0.0035266669001430273
0.0363091379404068, 0.003252690192312002
0.036221008747816086, 0.0037261182442307472
0.036217767745256424, 0.004272925667464733
0.0358022041618824, 0.004316837526857853
0.03627055883407593, 0.004843570291996002
0.03599194809794426, 0.0031544992234557867
0.03601023554801941, 0.00291561265476048
0.03581661731004715, 0.0026079805102199316
0.03564126789569855, 0.004480302799493074
0.03596276789903641, 0.0032632590737193823
0.03576769307255745, 0.004927272442728281
0.036234695464372635, 0.005182808730751276
0.03583737090229988, 0.003760994179174304
0.03605967015028, 0.00384935038164258
0.03576744720339775, 0.003645010758191347
0.03587125614285469, 0.0040582166984677315
0.03604874387383461, 0.0036081429570913315
0.036108944565057755, 0.0035207774490118027
0.036095429211854935, 0.003632692387327552
0.03595947101712227, 0.0029752750415354967
0.035906463861465454, 0.00431730505079031
0.035947807133197784, 0.004914617165923119
0.03569898381829262, 0.004848171956837177
0.03585629537701607, 0.003064872696995735
0.035542700439691544, 0.0036202187184244394
0.03575332835316658, 0.0051245056092739105
0.03579123690724373, 0.004337034188210964
0.03602732717990875, 0.004004602786153555
0.03608430549502373, 0.004350051749497652
0.035879481583833694, 0.0033118166029453278
0.03585752472281456, 0.0048508537001907825
0.035810086876153946, 0.003784961299970746
0.03629748150706291, 0.0037854588590562344
0.03641900047659874, 0.003059043549001217
0.03646957874298096, 0.0024974197149276733
0.03614182770252228, 0.002563830465078354
0.035859424620866776, 0.003942783921957016
0.035862307995557785, 0.003949298057705164
0.03600207716226578, 0.00394870899617672
0.03615441173315048, 0.0034822369925677776
0.035629816353321075, 0.003995233215391636
0.03592308983206749, 0.0033128203358501196
0.03601600229740143, 0.0027131030801683664
0.03571498766541481, 0.0033879077527672052
0.03592478111386299, 0.0030534483958035707
0.035867851227521896, 0.004284208174794912
0.0352325364947319, 0.003597348229959607
0.035656582564115524, 0.003929488826543093
0.035963453352451324, 0.004317649640142918
0.03567954897880554, 0.004102587699890137
0.03519076853990555, 0.004849377553910017
0.03568466380238533, 0.005126764997839928
0.03606323152780533, 0.004329829476773739
0.03531499579548836, 0.003911829553544521
0.035599492490291595, 0.005515336524695158
0.036094117909669876, 0.003730208845809102
0.03570391237735748, 0.003793139709159732
0.03588641807436943, 0.0033497021067887545
0.03569318726658821, 0.004426473286002874
0.03568832948803902, 0.004416135139763355
0.035864170640707016, 0.004148843232542276
0.035845592617988586, 0.003551038447767496
0.035259876400232315, 0.0037145758979022503
0.035409409552812576, 0.0037533435970544815
0.03588571771979332, 0.003113735234364867
0.03583984449505806, 0.004377278964966536
0.035573560744524, 0.0030726208351552486
0.03544171154499054, 0.0031674369238317013
0.03606860712170601, 0.003434940706938505
0.03591868653893471, 0.003150810021907091
0.035560622811317444, 0.004065693821758032
0.03569303825497627, 0.004638126585632563
0.03587302193045616, 0.0034002375323325396
0.03564063087105751, 0.0045668999664485455
0.03551463410258293, 0.003237573429942131
0.035513442009687424, 0.0037849859800189734
0.03579356148838997, 0.0038443871308118105
0.035621777176856995, 0.003962866961956024
0.03514552488923073, 0.00515572028234601
0.03617013990879059, 0.0034585625398904085
0.03552834689617157, 0.0027212260756641626
0.03564092516899109, 0.0029122554697096348
0.03576330468058586, 0.003501240396872163
0.03553217276930809, 0.004483494907617569
0.035546090453863144, 0.0029575203079730272
0.03555859997868538, 0.0030186916701495647
0.035202134400606155, 0.003998015075922012
0.035596754401922226, 0.003594105364754796
0.0354243665933609, 0.0031179774086922407
0.035465583205223083, 0.0031885155476629734
0.035195816308259964, 0.004912315867841244
0.0351543053984642, 0.004796038847416639
0.03541792184114456, 0.004538587760180235
0.03494938090443611, 0.004867555573582649
0.03548271209001541, 0.003325284458696842
0.03546563908457756, 0.003733610501512885
0.03520478680729866, 0.0029443115927278996
0.035394180566072464, 0.0036854869686067104
0.035635072737932205, 0.002938902471214533
0.03537890687584877, 0.0029241016600281
0.03504713252186775, 0.004874919541180134
0.0351971872150898, 0.0034162236843258142
0.035284485667943954, 0.004029893781989813
0.03529283404350281, 0.0031387177295982838
0.03546829894185066, 0.004339748062193394
0.0352776013314724, 0.0042365859262645245
0.03534180298447609, 0.003162987995892763
0.03557426854968071, 0.0035623079165816307
0.03552614152431488, 0.0031317342072725296
0.03557002544403076, 0.0037107933312654495
0.0357167012989521, 0.004304541274905205
0.03521103411912918, 0.003864826401695609
0.035347722470760345, 0.003555940231308341
0.035255350172519684, 0.003148435615003109
0.03520083799958229, 0.003655541455373168
0.03532804548740387, 0.003486386500298977
0.03497840836644173, 0.0032157821115106344
0.035490233451128006, 0.003108397824689746
0.03527813032269478, 0.004326315596699715
0.03536722809076309, 0.003094620071351528
0.03489529341459274, 0.0030632212292402983
0.03503105789422989, 0.004026633687317371
0.034909822046756744, 0.0027657384052872658
0.03537793830037117, 0.004378465469926596
0.03495943546295166, 0.004100495483726263
0.03530077636241913, 0.002933719428256154
0.03493262454867363, 0.0035583535209298134
0.035103488713502884, 0.0028306625317782164
0.035029880702495575, 0.003511529415845871
0.035200778394937515, 0.0031170318834483624
0.035092536360025406, 0.003861327888444066
0.0345635786652565, 0.004255384206771851
0.034903328865766525, 0.004621261265128851
0.03511282429099083, 0.0035526526626199484
0.035140667110681534, 0.0039309849962592125
0.035044409334659576, 0.0036483840085566044
0.03473722189664841, 0.005815115291625261
0.03505627438426018, 0.004654909949749708
0.034777235239744186, 0.003233512630686164
0.03492626175284386, 0.0026376312598586082
0.03559819236397743, 0.003291074186563492
0.03547407314181328, 0.0034993744920939207
0.03482721000909805, 0.004587987437844276
0.03532770648598671, 0.002676991280168295
0.03522448614239693, 0.003636367153376341
0.03502633795142174, 0.0039037098176777363
0.034824926406145096, 0.004911030642688274
0.03493912145495415, 0.00446322513744235
0.034424204379320145, 0.004490160383284092
0.034877508878707886, 0.0032151290215551853
0.03507517650723457, 0.0038990515749901533
0.03483917936682701, 0.0035518030636012554
0.03490133956074715, 0.004637593403458595
0.035151444375514984, 0.0035815504379570484
0.03490012139081955, 0.004023285117000341
0.034603461623191833, 0.003467756323516369
0.03466111794114113, 0.005112751852720976
0.034876544028520584, 0.003980510868132114
0.03444444015622139, 0.005160768516361713
0.0344516858458519, 0.004074052441865206
0.03453291580080986, 0.003797015640884638
0.03501962870359421, 0.004085514694452286
0.0349910743534565, 0.00435982970520854
0.03523114696145058, 0.0031006312929093838
0.03461485728621483, 0.003980286419391632
0.03473855182528496, 0.004838877357542515
0.034804750233888626, 0.004183206241577864
0.035220254212617874, 0.0035982306580990553
0.03496568277478218, 0.003743526292964816
0.03494402766227722, 0.0037362987641245127
0.03476572036743164, 0.0036208657547831535
0.03411593288183212, 0.005545374937355518
0.0345316007733345, 0.004462997894734144
0.035048019140958786, 0.003410679753869772
0.03494694456458092, 0.0035120698157697916
0.034285031259059906, 0.004128072410821915
0.03485563024878502, 0.003375810105353594
0.034873709082603455, 0.004171895328909159
0.034923482686281204, 0.004209895618259907
0.035240139812231064, 0.002791420090943575
0.03485233336687088, 0.003300267271697521
0.034502074122428894, 0.004277483094483614
0.034874215722084045, 0.003341554431244731
0.0347735770046711, 0.004441764205694199
0.035087380558252335, 0.0042698015458881855
0.03491722047328949, 0.0028712865896523
0.03468753397464752, 0.004515326581895351
0.03511985391378403, 0.004564404021948576
0.03482759743928909, 0.0035126216243952513
0.034816570580005646, 0.004609032534062862
0.03455081954598427, 0.004671728704124689
0.03487082198262215, 0.0039628539234399796
0.034997403621673584, 0.002532720332965255
0.03483811020851135, 0.0038832456339150667
0.03495963662862778, 0.003299272619187832
0.03477257490158081, 0.00406697066500783
0.03461381420493126, 0.004017811734229326
0.03495004028081894, 0.0039539155550301075
0.034700389951467514, 0.0033143528271466494
0.03480140492320061, 0.0035876117181032896
0.03442533686757088, 0.004571630619466305
0.034432221204042435, 0.004528978373855352
0.034802280366420746, 0.003211111528798938
0.03490174561738968, 0.0034592044539749622
0.03481233865022659, 0.002929775742813945
0.034905143082141876, 0.002878714818507433
0.03424251824617386, 0.003878517309203744
0.034506041556596756, 0.0041680606082081795
0.03472139686346054, 0.003629365935921669
0.03453194350004196, 0.004280149471014738
0.0343908928334713, 0.0030575247947126627
0.03485586866736412, 0.0032388977706432343
0.03476591780781746, 0.003379964968189597
0.034396957606077194, 0.004287822637706995
0.03407903388142586, 0.004562756046652794
0.03453762084245682, 0.0045195347629487514
0.03457139432430267, 0.0035598131362348795
0.03472350910305977, 0.003642573719844222
0.0346326120197773, 0.004062448162585497
0.03462798893451691, 0.0030136997811496258
0.033963315188884735, 0.003941823728382587
0.03449108079075813, 0.002696392359212041
0.034773215651512146, 0.0038583625573664904
0.03462671861052513, 0.0032190566416829824
0.034337032586336136, 0.004148511681705713
0.034430161118507385, 0.0037425218615680933
0.03436124324798584, 0.004425081890076399
0.03453009948134422, 0.005208759102970362
0.03446628898382187, 0.0038433223962783813
0.034623391926288605, 0.00331005803309381
0.03481091558933258, 0.002909506671130657
0.03449798747897148, 0.002733170986175537
0.03461756184697151, 0.002748385537415743
0.03471631929278374, 0.0026236819103360176
0.03449806198477745, 0.004606479313224554
0.03478569909930229, 0.0025472671259194613
0.034709859639406204, 0.00368773122318089
0.03446238487958908, 0.002996559487655759
0.03448176383972168, 0.004246909637004137
0.03422946482896805, 0.003994016442447901
0.034060075879096985, 0.004317910876125097
0.03473583981394768, 0.0046580336056649685
0.0336960144340992, 0.006495978217571974
0.0341370552778244, 0.003553225891664624
0.034007370471954346, 0.0033730764407664537
0.034078050404787064, 0.004578339401632547
0.03420073539018631, 0.005001117009669542
0.03467990458011627, 0.0032346651423722506
0.034207891672849655, 0.0030558407306671143
0.034572068601846695, 0.0024990085512399673
0.03456057980656624, 0.003602973185479641
0.034570008516311646, 0.0041388049721717834
0.033876363188028336, 0.00519099785014987
0.034272223711013794, 0.0035062700044363737
0.034413956105709076, 0.00327795441262424
0.034389760345220566, 0.003935262560844421
0.03435439243912697, 0.004238986410200596
0.034395210444927216, 0.00410880334675312
0.03403998166322708, 0.004501094575971365
0.03401825204491615, 0.0042733061127364635
0.03395698964595795, 0.0028025591745972633
0.03426080942153931, 0.003333756932988763
0.034479815512895584, 0.003180172061547637
0.03419775888323784, 0.0035343521740287542
0.03430138900876045, 0.002851323690265417
0.03426838666200638, 0.0038343281485140324
0.03434058278799057, 0.004291857127100229
0.034427497535943985, 0.0024903009179979563
0.03414935618638992, 0.004324252251535654
0.03422868996858597, 0.004357852041721344
0.03392050042748451, 0.004499758593738079
0.0337177999317646, 0.004833946004509926
0.03429308906197548, 0.003226259956136346
0.03428560867905617, 0.0031680515967309475
0.03451395779848099, 0.00309669878333807
0.034382835030555725, 0.003625564742833376
0.03417716547846794, 0.0030813070479780436
0.03420447185635567, 0.0038964119739830494
0.034157946705818176, 0.0030589939560741186
0.03419577330350876, 0.003478067461401224
0.03437777981162071, 0.003615153953433037
0.034131672233343124, 0.0035420753993093967
0.03434387221932411, 0.0037361776921898127
0.03422074392437935, 0.003944332245737314
0.034233901649713516, 0.003254370065405965
0.03402292728424072, 0.0033908383920788765
0.034015554934740067, 0.0035808351822197437
0.033661503344774246, 0.005695756059139967
0.034063491970300674, 0.004401485435664654
0.034281570464372635, 0.0044208113104105
0.03453187271952629, 0.0036493102088570595
0.034411489963531494, 0.0034629260189831257
0.03408828377723694, 0.0035144430585205555
0.0344575010240078, 0.003020668402314186
0.03406023606657982, 0.0038799322210252285
0.03417958691716194, 0.0034968785475939512
0.033951614052057266, 0.0040456270799040794
0.03393867239356041, 0.0035126483999192715
0.0344654843211174, 0.0029668330680578947
0.03431446850299835, 0.0038113838527351618
0.03396876901388168, 0.003542125690728426
0.033620625734329224, 0.0028618588112294674
0.03419165313243866, 0.004820611793547869
0.03409867361187935, 0.0043843588791787624
0.034170009195804596, 0.0030023681465536356
0.03418368473649025, 0.0035591325722634792
0.0340983085334301, 0.004959904123097658
0.034243982285261154, 0.0037066664081066847
0.03421977907419205, 0.0037624863907694817
0.03361376002430916, 0.004426015540957451
0.03415178135037422, 0.0034854013938456774
0.033884067088365555, 0.0038579232059419155
0.033947769552469254, 0.005048444494605064
0.03392438963055611, 0.0034811238292604685
0.03392196074128151, 0.00426123570650816
0.03405976668000221, 0.0035632685758173466
0.033985499292612076, 0.0026323990896344185
0.033873315900564194, 0.0027900536078959703
0.034154262393713, 0.0035093033220618963
0.034175772219896317, 0.004105583764612675
0.033812057226896286, 0.0041878558695316315
0.034222252666950226, 0.002449924824759364
0.03421658277511597, 0.0040776897221803665
0.03395215421915054, 0.0038363535422831774
0.03409011289477348, 0.0037890991661697626
0.03401455655694008, 0.0037178497295826674
0.033744558691978455, 0.0031024832278490067
0.034231048077344894, 0.0033583519980311394
0.03382525593042374, 0.0036835120990872383
0.0337710902094841, 0.004082269500941038
0.03381458297371864, 0.004934392403811216
0.033870160579681396, 0.004832310136407614
0.03401132673025131, 0.004709992557764053
0.03382629156112671, 0.0038798870518803596
0.03407527878880501, 0.0029536557849496603
0.03300931304693222, 0.004260532557964325
0.03387536481022835, 0.0032811074052006006
0.033941566944122314, 0.0027979896403849125
0.03402138128876686, 0.003425291972234845
0.03385758027434349, 0.004806576296687126
0.0339827835559845, 0.003960758913308382
0.033553510904312134, 0.002974300179630518
0.03384902700781822, 0.004233804065734148
0.03372294828295708, 0.0037513915449380875
0.033653173595666885, 0.003525058040395379
0.033666275441646576, 0.004538962617516518
0.033985693007707596, 0.004562779795378447
0.03376359865069389, 0.004484808072447777
0.03333866223692894, 0.00440215365961194
0.033546533435583115, 0.0038090066518634558
0.033591486513614655, 0.003861365607008338
0.03346392512321472, 0.005289615597575903
0.03414304926991463, 0.0027869183104485273
0.033730246126651764, 0.0025912299752235413
0.03384681046009064, 0.0036848539020866156
0.03356640040874481, 0.004028643481433392
0.03368821367621422, 0.0031648282893002033
0.03377746418118477, 0.004201064817607403
0.033629704266786575, 0.0038197224494069815
0.03370943292975426, 0.0017970759654417634
0.03366915136575699, 0.0028433618135750294
0.03342261165380478, 0.0032825481612235308
0.033391840755939484, 0.0037245338317006826
0.034053366631269455, 0.0034830349031835794
0.033537205308675766, 0.003894634312018752
0.033811379224061966, 0.003897064132615924
0.033755090087652206, 0.0029405085369944572
0.03340167552232742, 0.0036027778405696154
0.03363111615180969, 0.002865465125069022
0.03388010337948799, 0.0034323770087212324
0.03375435993075371, 0.004391610622406006
0.03358279913663864, 0.0036701057106256485
0.03389815613627434, 0.0030704112723469734
0.033140409737825394, 0.004363860934972763
0.03336545079946518, 0.0029900139197707176
0.03341362625360489, 0.0035227378830313683
0.03362274542450905, 0.002976896706968546
0.03354056552052498, 0.0036730084102600813
0.033335328102111816, 0.004923752974718809
0.033440228551626205, 0.003611829364672303
0.03362125903367996, 0.003484605811536312
0.0337987057864666, 0.0032315480057150126
0.033512815833091736, 0.0027561571914702654
0.03388405218720436, 0.002992089372128248
0.03330954164266586, 0.004115992691367865
0.0334538109600544, 0.003865203820168972
0.033424679189920425, 0.002093504648655653
0.03303728997707367, 0.003479726379737258
0.033625975251197815, 0.003168040420860052
0.03355380520224571, 0.004357269499450922
0.0334542915225029, 0.0033538558054715395
0.033733759075403214, 0.004126937594264746
0.03385959938168526, 0.0028416241984814405
0.033343397080898285, 0.004941478371620178
0.03376473858952522, 0.0029570378828793764
0.03387398272752762, 0.0039697312749922276
0.033783555030822754, 0.0028414789121598005
0.033915285021066666, 0.0042002033442258835
0.03342508524656296, 0.0032743364572525024
0.0335175022482872, 0.0040475851856172085
0.03354200720787048, 0.003953912761062384
0.032986246049404144, 0.0039830985479056835
0.033623408526182175, 0.002269614487886429
0.03369494900107384, 0.003753506811335683
0.03324345871806145, 0.0037975460290908813
0.033444274216890335, 0.004116857890039682
0.03343877196311951, 0.003652882296591997
0.03373754769563675, 0.0030912526417523623
0.033407289534807205, 0.003778890473768115
0.033805400133132935, 0.0041224174201488495
0.03309255838394165, 0.004250073805451393
0.033480558544397354, 0.0036595298442989588
0.03365315869450569, 0.004694047383964062
0.033484138548374176, 0.0042471010237932205
0.03331553190946579, 0.004163702484220266
0.03359583765268326, 0.0029166177846491337
0.03391293063759804, 0.002688250970095396
0.033493805676698685, 0.0036645911168307066
0.03327251598238945, 0.003687147982418537
0.03310651332139969, 0.0038911011070013046
0.033479928970336914, 0.0040174624882638454
0.03319031372666359, 0.0037008896470069885
0.033153194934129715, 0.003520035883411765
0.033492010086774826, 0.0034985672682523727
0.033648792654275894, 0.0026379073970019817
0.03322842717170715, 0.0035620692651718855
0.03312922269105911, 0.0035980031825602055
0.03333605080842972, 0.003691380377858877
0.03357558697462082, 0.003971082158386707
0.033378716558218, 0.0031992278527468443
0.03356830030679703, 0.0036438144743442535
0.03326018899679184, 0.0036724053788930178
0.03373445197939873, 0.003710464807227254
0.03358783200383186, 0.003510834649205208
0.03366683050990105, 0.003083995310589671
0.03330202028155327, 0.003331442829221487
0.033262621611356735, 0.003794879885390401
0.0330352708697319, 0.004593708552420139
0.03313269838690758, 0.004507491365075111
0.03337476775050163, 0.003973405808210373
0.03327522426843643, 0.003292014356702566
0.03336556628346443, 0.003191688796505332
0.033878929913043976, 0.003836659248918295
0.03335912153124809, 0.004140237346291542
0.033280111849308014, 0.003385509131476283
0.032921917736530304, 0.005172715988010168
0.03348620608448982, 0.0033340011723339558
0.03317725285887718, 0.0042872861959040165
0.03350168839097023, 0.0030400538817048073
0.03345770016312599, 0.0033376433420926332
0.033300597220659256, 0.0031251241452991962
0.03306731581687927, 0.0031441054306924343
0.03310896083712578, 0.003676418913528323
0.03352787345647812, 0.0024688830599188805
0.03345315903425217, 0.004121160134673119
0.033713407814502716, 0.004464602563530207
0.03329430893063545, 0.0034471454564481974
0.03313980996608734, 0.004097250290215015
0.03325144201517105, 0.004093695431947708
0.03329341113567352, 0.0029748016968369484
0.03302096202969551, 0.004585901275277138
0.03307729959487915, 0.0033627853263169527
0.03350861743092537, 0.004241558723151684
0.03345540538430214, 0.004568560980260372
0.0333985835313797, 0.0041730403900146484
0.03345464542508125, 0.0031313132494688034
0.032872606068849564, 0.0037706727162003517
0.033090170472860336, 0.003026834689080715
0.03328569233417511, 0.004171086009591818
0.03292166069149971, 0.004606764297932386
0.03323749080300331, 0.003458412829786539
0.03355913609266281, 0.003249038942158222
0.03355351835489273, 0.0032657121773809195
0.03325781598687172, 0.003653416410088539
0.03335423395037651, 0.003727603005245328
0.03336786478757858, 0.003717148909345269
0.033454183489084244, 0.0029802618082612753
0.032975006848573685, 0.004421464167535305
0.033689990639686584, 0.0033367120195180178
0.03318430483341217, 0.004162576515227556
0.033341869711875916, 0.004177888389676809
0.03291274607181549, 0.0032767169177532196
0.033132124692201614, 0.002322553424164653
0.033188268542289734, 0.003939334768801928
0.03342580795288086, 0.0037439591251313686
0.0328676663339138, 0.004058054648339748
0.03325748071074486, 0.003275509923696518
0.03301580622792244, 0.003978988621383905
0.03333615884184837, 0.0024127697106450796
0.0332462303340435, 0.003068340476602316
0.032980356365442276, 0.004057333339005709
0.033570487052202225, 0.0030083749443292618
0.03267979249358177, 0.002923505613580346
0.03326887637376785, 0.002581601496785879
0.033397234976291656, 0.004138498101383448
0.03316112980246544, 0.003797142533585429
0.03320290893316269, 0.004614546429365873
0.03276288881897926, 0.004066875670105219
0.033479854464530945, 0.003056218847632408
0.03323813155293465, 0.00432354211807251
0.0329371877014637, 0.003482147352769971
0.03310215100646019, 0.0041258977726101875
0.033702071756124496, 0.002957535907626152
0.03289388492703438, 0.0045688822865486145
0.03305705636739731, 0.003988273441791534
0.03285931423306465, 0.0030795212369412184
0.03295699134469032, 0.0029373751021921635
0.033151403069496155, 0.00429474888369441
0.03286208212375641, 0.003853738773614168
0.033041760325431824, 0.0036886450834572315
0.033157531172037125, 0.004542335867881775
0.03300153836607933, 0.003737994469702244
0.03292901813983917, 0.0039265393279492855
0.03314045071601868, 0.003486871486529708
0.03273551166057587, 0.004194806329905987
0.03336701542139053, 0.0037272938061505556
0.03298691287636757, 0.0032361417543143034
0.032607365399599075, 0.004755144007503986
0.03280444070696831, 0.003153753001242876
0.032770633697509766, 0.003479709615930915
0.033018697053194046, 0.0035095205530524254
0.032915253192186356, 0.004043409135192633
0.033089689910411835, 0.003557367715984583
0.0331016480922699, 0.003330216044560075
0.03285111486911774, 0.003204429056495428
0.03265475481748581, 0.0032470019068568945
0.03330211713910103, 0.0029306712094694376
0.032984714955091476, 0.003271892201155424
0.03290087357163429, 0.0037643462419509888
0.03280733898282051, 0.0034064489882439375
0.03308199718594551, 0.004050473216921091
0.03275512531399727, 0.004587146919220686
0.03308403864502907, 0.0027883772272616625
0.03295498341321945, 0.0023311420809477568
0.03289487212896347, 0.002544742077589035
0.03299214318394661, 0.004281065426766872
0.03313630446791649, 0.0029609031043946743
0.032612282782793045, 0.0035916652996093035
0.03279224783182144, 0.003611571155488491
0.03288594260811806, 0.003923251759260893
0.032638270407915115, 0.0031528258696198463
0.03263404592871666, 0.0031883844640105963
0.03273885324597359, 0.003241857048124075
0.032923609018325806, 0.0031925400253385305
0.032846078276634216, 0.0029745609499514103
0.03289903327822685, 0.0038038576021790504
0.0329228900372982, 0.0030144068878144026
0.03295895829796791, 0.0033079665154218674
0.03306254744529724, 0.002221933100372553
0.03290089592337608, 0.0033367041032761335
0.03293510526418686, 0.0027756746858358383
0.03306843340396881, 0.00465369550511241
0.03334476053714752, 0.0038397558964788914
0.03301569074392319, 0.0032631747890263796
0.032835960388183594, 0.0034331094939261675
0.0328192375600338, 0.0043344032019376755
0.03302179276943207, 0.004301972221583128
0.03296038508415222, 0.0036409704480320215
0.032882507890462875, 0.00407083984464407
0.03274299576878548, 0.0038582016713917255
0.03280453383922577, 0.0031588561832904816
0.032942015677690506, 0.003911413252353668
0.03273196145892143, 0.0030969532672315836
0.03306840360164642, 0.00378438294865191
0.03291290998458862, 0.0030258854385465384
0.03291140869259834, 0.0029600365087389946
0.03288756683468819, 0.0037126082461327314
0.03309028595685959, 0.003196785459294915
0.0331125482916832, 0.003487406764179468
0.03291919827461243, 0.004037566017359495
0.0327945239841938, 0.0032323121558874846
0.03282787650823593, 0.0034030117094516754
0.03307375684380531, 0.0028638322837650776
0.033006452023983, 0.004621726460754871
0.03285728767514229, 0.003965241834521294
0.03310941532254219, 0.003436730708926916
0.03261031210422516, 0.004651191644370556
0.03300182893872261, 0.0040444256737828255
0.03278934583067894, 0.0033539175055921078
0.0328664593398571, 0.0036423925776034594
0.033109985291957855, 0.0036645676009356976
0.03264198824763298, 0.004148134030401707
0.0328182578086853, 0.0033801128156483173
0.03279833868145943, 0.003863550955429673
0.03320518136024475, 0.0020313074346631765
0.032652754336595535, 0.003984926734119654
0.032937414944171906, 0.0029469586443156004
0.032869853079319, 0.003707508323714137
0.03275662660598755, 0.004530412144958973
0.03258315846323967, 0.0034490739926695824
0.03220604732632637, 0.004651927854865789
0.03233393281698227, 0.0031874647829681635
0.03273965045809746, 0.0032864524982869625
0.03260247781872749, 0.003973167855292559
0.0328977108001709, 0.0033722619991749525
0.03267423063516617, 0.0038147871382534504
0.03270799294114113, 0.003830269444733858
0.03286353498697281, 0.0032341519836336374
0.03281283751130104, 0.0032999091781675816
0.03233595937490463, 0.004642123356461525
0.03280692175030708, 0.0026989844627678394
0.03277033567428589, 0.0034743142314255238
0.03265684098005295, 0.0040166378021240234
0.03285051882266998, 0.004303243011236191
0.03270168974995613, 0.0027935788966715336
0.03242985159158707, 0.004623935092240572
0.03292156383395195, 0.002579859457910061
0.03216889873147011, 0.003793084993958473
0.03271688148379326, 0.0038582372944802046
0.03271454945206642, 0.003684618044644594
0.03277935832738876, 0.00419545266777277
0.03256234899163246, 0.0036439683753997087
0.032553818076848984, 0.0037980375345796347
0.03275919333100319, 0.004025649279356003
0.032635487616062164, 0.0034224363043904305
0.032797325402498245, 0.003744293237105012
0.033023182302713394, 0.003801301820203662
0.032363712787628174, 0.0039878906682133675
0.03259740397334099, 0.003865382866933942
0.033043406903743744, 0.003561798483133316
0.03264492005109787, 0.003471203614026308
0.032603729516267776, 0.0031871723476797342
0.0324721522629261, 0.0030680501367896795
0.03320785239338875, 0.0032086155842989683
0.03245677798986435, 0.004218995571136475
0.0328405536711216, 0.004172290675342083
0.03277897089719772, 0.0033260220661759377
0.0330704040825367, 0.003418707987293601
0.0328177809715271, 0.0037659897934645414
0.03261762112379074, 0.0036859121173620224
0.03247430920600891, 0.0031548812985420227
0.03309807926416397, 0.002906677545979619
0.0326419360935688, 0.0036494301166385412
0.03275837376713753, 0.003997570835053921
0.0326433964073658, 0.003999657928943634
0.03282419592142105, 0.003098306944593787
0.03281935676932335, 0.0040764533914625645
0.032840825617313385, 0.004119034390896559
0.03264738619327545, 0.003517815610393882
0.032792240381240845, 0.0038966245483607054
0.03266065567731857, 0.004027945455163717
0.032753318548202515, 0.004002777393907309
0.03216494619846344, 0.004327021073549986
0.03253946080803871, 0.004014646168798208
0.03270680829882622, 0.004805982578545809
0.03295842558145523, 0.0031456388533115387
0.03211860731244087, 0.0046409000642597675
0.032791633158922195, 0.003974848426878452
0.0328206866979599, 0.004415408708155155
0.03250119090080261, 0.004997378680855036
0.0324067585170269, 0.003697506617754698
0.03261927515268326, 0.0030767745338380337
0.0321616567671299, 0.003203550586476922
0.032527048140764236, 0.003628811798989773
0.03265177085995674, 0.00414273189380765
0.03253626450896263, 0.003443976864218712
0.03269707038998604, 0.0037926938384771347
0.03287506848573685, 0.0031054983846843243
0.032604414969682693, 0.0037419432774186134
0.0326058454811573, 0.0028958397451788187
0.03242242708802223, 0.004270684439688921
0.03249491751194, 0.0028120987117290497
0.03258388116955757, 0.0025148061104118824
0.032309480011463165, 0.003976089414209127
0.03246269375085831, 0.003474981291219592
0.03255213052034378, 0.0032848950941115618
0.032772984355688095, 0.0028082719072699547
0.0325859859585762, 0.003096497617661953
0.03182562068104744, 0.0036009489558637142
0.03241237252950668, 0.0033095735125243664
0.03245497867465019, 0.004201529081910849
0.03227286413311958, 0.004313337150961161
0.03251909464597702, 0.005244706757366657
0.03246517851948738, 0.003785006934776902
0.03252730891108513, 0.0034179429057985544
0.03229802846908569, 0.003496055491268635
0.03266078978776932, 0.0031962315551936626
0.033077944070100784, 0.0033894602674990892
0.032605450600385666, 0.0035243022721260786
0.03271271660923958, 0.0029888921417295933
0.03239353746175766, 0.0038768679369241
0.03255694732069969, 0.004069007467478514
0.03241580352187157, 0.004061896353960037
0.03246072307229042, 0.003900449723005295
0.03250664100050926, 0.0036228839308023453
0.03233454003930092, 0.0028940108604729176
0.032354142516851425, 0.0033066431060433388
0.03265245631337166, 0.003858233103528619
0.03268100321292877, 0.003922917414456606
0.03293759003281593, 0.003964833915233612
0.032698314636945724, 0.004000174347311258
0.0324203185737133, 0.0036457395181059837
0.032800767570734024, 0.002971580484881997
0.032357919961214066, 0.003539081197232008
0.03229620307683945, 0.00406685983762145
0.0326940082013607, 0.003269932931289077
0.03237762302160263, 0.0031628943979740143
0.032437242567539215, 0.0029072954785078764
0.03235684707760811, 0.0025724407751113176
0.03253161162137985, 0.0027473673690110445
0.03247140720486641, 0.0033842166885733604
0.032124362885951996, 0.004827287979424
0.03237516060471535, 0.00303668063133955
0.032410670071840286, 0.003623488126322627
0.03249860182404518, 0.0025355536490678787
0.03226358816027641, 0.0034776455722749233
0.03229368105530739, 0.0046848333440721035
0.03231392055749893, 0.002959183882921934
0.03237462788820267, 0.004267019219696522
0.032538317143917084, 0.0034790346398949623
0.03239874914288521, 0.0035082187969237566
0.032562024891376495, 0.004249542020261288
0.03277546912431717, 0.00469174375757575
0.032275255769491196, 0.00402385788038373
0.03254140913486481, 0.003402003552764654
0.03272334858775139, 0.003288420382887125
0.03284820541739464, 0.0027553606778383255
0.0330326110124588, 0.0034384799655526876
0.03235863521695137, 0.003995735663920641
0.03236803412437439, 0.0034449847880750895
0.03195086121559143, 0.004312490578740835
0.03251471742987633, 0.0032634821254760027
0.0327429361641407, 0.003252576105296612
0.03243033587932587, 0.0036378137301653624
0.03244524821639061, 0.0035241979639977217
0.03205015882849693, 0.004305825103074312
0.032503414899110794, 0.0043817367404699326
0.032147396355867386, 0.0033236320596188307
0.032547932118177414, 0.004106589592993259
0.03261040151119232, 0.003966432996094227
0.03241441771388054, 0.0034528840333223343
0.032280463725328445, 0.0043182834051549435
0.03208257630467415, 0.003766369540244341
0.031983695924282074, 0.004070818889886141
0.03230702877044678, 0.0027615237049758434
0.03242406249046326, 0.0033822606783360243
0.032312482595443726, 0.003427078714594245
0.03250856697559357, 0.0034101312048733234
0.032334912568330765, 0.004313888028264046
0.03205503895878792, 0.00432027131319046
0.0323607511818409, 0.004360863473266363
0.03224163129925728, 0.003802658524364233
0.03258582949638367, 0.0032136477530002594
0.03220770135521889, 0.003290403401479125
0.031862903386354446, 0.004880315158516169
0.032481513917446136, 0.004141004756093025
0.03233809396624565, 0.003694216487929225
0.032621897757053375, 0.0026085246354341507
0.0322563610970974, 0.003997465129941702
0.03231359273195267, 0.0026957434602081776
0.03265151381492615, 0.0029201984871178865
0.03243553638458252, 0.003390102181583643
0.03226509690284729, 0.004622036591172218
0.03244143724441528, 0.0034281827975064516
0.03266618028283119, 0.003105869283899665
0.03247712552547455, 0.0035812428686767817
0.03209935501217842, 0.0026474385522305965
0.03178045153617859, 0.0037185915280133486
0.03228815644979477, 0.002267270814627409
0.0323217511177063, 0.004586365073919296
0.032074976712465286, 0.003333556931465864
0.03220324218273163, 0.0039162663742899895
0.032353900372982025, 0.004220376256853342
0.03199271485209465, 0.004221080336719751
0.032181475311517715, 0.003264047671109438
0.031967733055353165, 0.0038606044836342335
0.032104164361953735, 0.0038552510086447
0.03220361843705177, 0.003769907634705305
0.03235875070095062, 0.0029931191820651293
0.03218426555395126, 0.004244787618517876
0.0326017290353775, 0.003616578644141555
0.0325668603181839, 0.003842635778710246
0.03202135115861893, 0.00433716457337141
0.03236769139766693, 0.003183020744472742
0.0319657176733017, 0.003987065050750971
0.03257501497864723, 0.0033682172652333975
0.032311346381902695, 0.003385626245290041
0.03233632445335388, 0.003061718074604869
0.03199658915400505, 0.0034890517126768827
0.032124459743499756, 0.004902439657598734
0.032236915081739426, 0.003181146690621972
0.031886547803878784, 0.003969044424593449
0.03212476894259453, 0.0024584010243415833
0.031880803406238556, 0.0033322456292808056
0.03227146714925766, 0.002859772415831685
0.032166190445423126, 0.0031767061445862055
0.03232478350400925, 0.003208804875612259
0.032244421541690826, 0.00347516150213778
0.032514847815036774, 0.004175125155597925
0.03223178908228874, 0.003977325279265642
0.03172891214489937, 0.0038536135107278824
0.032038405537605286, 0.002661935519427061
0.031972870230674744, 0.0033746082335710526
0.032146405428647995, 0.003227164037525654
0.03229687362909317, 0.0040592411532998085
0.032300516963005066, 0.0030947825871407986
0.03223024308681488, 0.0030329583678394556
0.03193742409348488, 0.0039549036882817745
0.03223354369401932, 0.0045579224824905396
0.03181985393166542, 0.0036892122589051723
0.03207862377166748, 0.00333230709657073
0.03203130140900612, 0.004366263281553984
0.03210601210594177, 0.004623747430741787
0.03201215714216232, 0.004362487234175205
0.03194113075733185, 0.0037854041438549757
0.03223351761698723, 0.00447239400818944
0.03197986260056496, 0.00410461938008666
0.03202967345714569, 0.0036507125478237867
0.032391507178545, 0.003586745820939541
0.03258854150772095, 0.003309643128886819
0.032358698546886444, 0.0038149866741150618
0.03223126754164696, 0.0039032581262290478
0.032260462641716, 0.0029008688870817423
0.03261229768395424, 0.002860401291400194
0.03266333416104317, 0.0033058025874197483
0.03214317560195923, 0.004397570621222258
0.03207200765609741, 0.002611628733575344
0.03234562650322914, 0.003190084360539913
0.0321003757417202, 0.0032402717042714357
0.032224636524915695, 0.0042470237240195274
0.0320977047085762, 0.0032123192213475704
0.03216567635536194, 0.0035667826887220144
0.03192078322172165, 0.0037518804892897606
0.03231612592935562, 0.0030441756825894117
0.03239956870675087, 0.002902950858697295
0.03201131150126457, 0.003015889087691903
0.032360028475522995, 0.0031655747443437576
0.03194553032517433, 0.003278943710029125
0.03227157145738602, 0.0032381198834627867
0.03238071873784065, 0.002804624615237117
0.03207320719957352, 0.003057261696085334
0.03199626877903938, 0.003656999906525016
0.03177729994058609, 0.0037068999372422695
0.031834300607442856, 0.003066203324124217
0.03205328434705734, 0.003859379794448614
0.0320722870528698, 0.004373731091618538
0.032187242060899734, 0.002376832999289036
0.03222385048866272, 0.0030904212035238743
0.03220651298761368, 0.002942995633929968
0.0317409485578537, 0.0032788931857794523
0.03215671330690384, 0.0034476234577596188
0.031414903700351715, 0.004782072268426418
0.03216399997472763, 0.0035720281302928925
0.032268598675727844, 0.002442149678245187
0.0319182313978672, 0.005410000681877136
0.03207540139555931, 0.0033403486013412476
0.03211821988224983, 0.0030005581211298704
0.0321025624871254, 0.0036999536678195
0.032165635377168655, 0.004051643889397383
0.03206685930490494, 0.00374605692923069
0.031961847096681595, 0.004194490145891905
0.031770188361406326, 0.003962741699069738
0.03197678551077843, 0.003836352378129959
0.031890831887722015, 0.003828759305179119
0.03177925944328308, 0.004851744044572115
0.032175663858652115, 0.004229879472404718
0.03208839148283005, 0.0024312075693160295
0.03228230029344559, 0.0026398631744086742
0.03205277398228645, 0.0029897214844822884
0.03196194767951965, 0.004479661118239164
0.03219592943787575, 0.0030066578183323145
0.032231830060482025, 0.0021425660233944654
0.03148724511265755, 0.006198121700435877
0.03166193887591362, 0.002313231583684683
0.03212369605898857, 0.003831068752333522
0.03207200765609741, 0.003289629938080907
0.0319630391895771, 0.0031639619264751673
0.03202616050839424, 0.0036816932260990143
0.03218432515859604, 0.003814623225480318
0.032143134623765945, 0.0031171117443591356
0.03215708211064339, 0.004028432536870241
0.03147946670651436, 0.00503495940938592
0.03174229711294174, 0.003653348656371236
0.03195180743932724, 0.004173793364316225
0.03229100629687309, 0.002722727134823799
0.03205607458949089, 0.0038342103362083435
0.03203742578625679, 0.0035605637822300196
0.03169626370072365, 0.004474893677979708
0.032088469713926315, 0.0032965606078505516
0.032043904066085815, 0.0029638693667948246
0.03200709447264671, 0.0036729765124619007
0.03180733695626259, 0.0030893199145793915
0.0315597839653492, 0.004049251321703196
0.032057151198387146, 0.0033917303662747145
0.032085735350847244, 0.0034645621199160814
0.03190336748957634, 0.002830980811268091
0.03200802206993103, 0.003326889593154192
0.03215034306049347, 0.0032290006056427956
0.031846847385168076, 0.00413388479501009
0.032077666372060776, 0.0033978724386543036
0.03203471004962921, 0.003731309436261654
0.03212994709610939, 0.0032155588269233704
0.03200335428118706, 0.003168795257806778
0.03175085783004761, 0.0038725545164197683
0.032088685780763626, 0.003437595209106803
0.031913138926029205, 0.004238266497850418
0.03215279057621956, 0.004830219317227602
0.03183111548423767, 0.003271788591518998
0.032318051904439926, 0.0027190367691218853
0.03209688141942024, 0.003774977521970868
0.03223681449890137, 0.002429413143545389
0.03209170699119568, 0.003510266076773405
0.03223444148898125, 0.0027129503432661295
0.0315830335021019, 0.00434963870793581
0.031847622245550156, 0.0031802160665392876
0.031795207411050797, 0.004048152361065149
0.03199203684926033, 0.0035774484276771545
0.031812600791454315, 0.0035892981104552746
0.03183196857571602, 0.004065720364451408
0.031788766384124756, 0.0040886979550123215
0.03211180120706558, 0.0024616154842078686
0.032072268426418304, 0.0022094151936471462
0.03194749727845192, 0.003791490802541375
0.03188752010464668, 0.003094664542004466
0.03189048543572426, 0.0019167264690622687
0.031887736171483994, 0.0035350508987903595
0.031966716051101685, 0.0031719906255602837
0.031728554517030716, 0.004194673150777817
0.0321735218167305, 0.0023010813165456057
0.03210707753896713, 0.003829499939456582
0.03146505355834961, 0.003938671667128801
0.03177898749709129, 0.0036646267399191856
0.03145364299416542, 0.0040922826156020164
0.03210537135601044, 0.003161257365718484
0.03186585009098053, 0.0037962242495268583
0.03174441680312157, 0.0036731937434524298
0.03198601305484772, 0.002255059313029051
0.03154132887721062, 0.003206428373232484
0.031931597739458084, 0.004892919212579727
0.03164035454392433, 0.0033780052326619625
0.03181213140487671, 0.004139176569879055
0.031837839633226395, 0.003814585506916046
0.032124973833560944, 0.0035877542104572058
0.031822431832551956, 0.0038009141571819782
0.03146738186478615, 0.004023478366434574
0.03201032802462578, 0.00249682180583477
0.03177371621131897, 0.0036328930873423815
0.031864579766988754, 0.002630759496241808
0.03147023171186447, 0.002105925465002656
0.03165920823812485, 0.003941779490560293
0.03175543621182442, 0.003673000494018197
0.03187289088964462, 0.0031897358130663633
0.031840987503528595, 0.0032621354330331087
0.03181884437799454, 0.003378996392711997
0.031989194452762604, 0.0028641163371503353
0.03190900757908821, 0.0036092447116971016
0.03175452724099159, 0.0035544729325920343
0.03147544711828232, 0.0051344349049031734
0.031722746789455414, 0.0038102525286376476
0.03181928023695946, 0.004067441448569298
0.03201361373066902, 0.004078225698322058
0.03194408118724823, 0.0031758341938257217
0.03142990544438362, 0.004607349168509245
0.03219413757324219, 0.0038453121669590473
0.031949494034051895, 0.0030747095588594675
0.03175201639533043, 0.003499358892440796
0.03176771476864815, 0.0031562778167426586
0.0318688340485096, 0.004200455732643604
0.03180353716015816, 0.0034580861683934927
0.03215111419558525, 0.0031561448704451323
0.03195232152938843, 0.0032141481060534716
0.03193913772702217, 0.004249044228345156
0.03190652281045914, 0.00414975406602025
0.03196854889392853, 0.0034364096354693174
0.03188527375459671, 0.00433835294097662
0.03173448517918587, 0.002724072430282831
0.031900398433208466, 0.0033547435887157917
0.03173882141709328, 0.004047068301588297
0.03188221901655197, 0.0027323486283421516
0.03163175284862518, 0.0040293484926223755
0.03188753500580788, 0.002652399707585573
0.031516123563051224, 0.003951255697757006
0.03175266459584236, 0.003756582271307707
0.03173332288861275, 0.0028918266762048006
0.03180240839719772, 0.003547510365024209
0.03186700865626335, 0.0033806271385401487
0.03151014819741249, 0.004663678351789713
0.03175731748342514, 0.004795997403562069
0.03186322748661041, 0.003978767432272434
0.031677450984716415, 0.0037010572850704193
0.03192520514130592, 0.0034625690896064043
0.031889647245407104, 0.00416647270321846
0.03197723627090454, 0.003970665391534567
0.0318535752594471, 0.003941821865737438
0.03214558959007263, 0.003154207020998001
0.03166108950972557, 0.004032185301184654
0.03142358735203743, 0.00456353509798646
0.03165685012936592, 0.0033652724232524633
0.031517334282398224, 0.0031095044687390327
0.03156087547540665, 0.004326357506215572
0.03134117275476456, 0.004645650275051594
0.032013751566410065, 0.003362088231369853
0.03171193599700928, 0.003272180212661624
0.03153694421052933, 0.0034446250647306442
0.03204711154103279, 0.002240027766674757
0.032004836946725845, 0.0035638492554426193
0.0320558100938797, 0.0029122435953468084
0.03171916678547859, 0.003261719597503543
0.03168109804391861, 0.003494463162496686
0.031642183661460876, 0.0031941786874085665
0.031601689755916595, 0.00477580726146698
0.031649164855480194, 0.004352021962404251
0.031722359359264374, 0.0033646009396761656
0.031448669731616974, 0.003291155444458127
0.03157584369182587, 0.00453576585277915
0.03189164772629738, 0.004226044751703739
0.03180445730686188, 0.0029391103889793158
0.031925421208143234, 0.0031858773436397314
0.03138206899166107, 0.0033325613476336002
0.03178747743368149, 0.003571841400116682
0.03164131939411163, 0.0036426824517548084
0.0317428819835186, 0.003265244420617819
0.03177483752369881, 0.004458849783986807
0.03143914416432381, 0.0042452323250472546
0.03196879103779793, 0.003626670688390732
0.03178206831216812, 0.003941521979868412
0.0312759168446064, 0.002908587921410799
0.031464576721191406, 0.003445395501330495
0.03182036802172661, 0.0027388096787035465
0.03172348439693451, 0.0029863775707781315
0.03148474544286728, 0.003329384606331587
0.031508442014455795, 0.003814815077930689
0.03159167990088463, 0.004238726105540991
0.03148059919476509, 0.0034793675877153873
0.03167999908328056, 0.0036268578842282295
0.031659387052059174, 0.004016735125333071
0.031238969415426254, 0.003905565245077014
0.031840287148952484, 0.0033763982355594635
0.03178201615810394, 0.003237231634557247
0.03193836659193039, 0.003301394172012806
0.0317193828523159, 0.003978359047323465
0.031363148242235184, 0.003575304988771677
0.031821828335523605, 0.001963746966794133
0.03157142922282219, 0.004461067263036966
0.031674742698669434, 0.004570860415697098
