mean, std
0.11058568954467773, 0.014787724241614342
0.07869396358728409, 0.01125491876155138
0.06301969289779663, 0.012543772347271442
0.058951690793037415, 0.012015684507787228
0.06821035593748093, 0.01642517000436783
0.07501184940338135, 0.015638459473848343
0.08539039641618729, 0.023416316136717796
0.09206750243902206, 0.032699014991521835
0.09467910975217819, 0.03172021731734276
0.11038902401924133, 0.04000452905893326
0.09464428573846817, 0.030299171805381775
0.08220880478620529, 0.01539603341370821
0.09722235053777695, 0.02847406640648842
0.08881846815347672, 0.0264382716268301
0.09059257805347443, 0.028868336230516434
0.08395197987556458, 0.030014587566256523
0.08953087776899338, 0.02278636209666729
0.08240208774805069, 0.02773449569940567
0.10909425467252731, 0.031659748405218124
0.08711680769920349, 0.026648864150047302
0.08980690687894821, 0.023877296596765518
0.0987674668431282, 0.03004211001098156
0.0875791385769844, 0.043857965618371964
0.09844706207513809, 0.03148200735449791
0.09656788408756256, 0.023932693526148796
0.12420136481523514, 0.04327378049492836
0.09332360327243805, 0.03226381540298462
0.10258612781763077, 0.033630527555942535
0.1221407949924469, 0.03397102281451225
0.12129075080156326, 0.03582565113902092
0.12240049988031387, 0.05069873481988907
0.12420519441366196, 0.03016352653503418
0.12117985635995865, 0.04558287933468819
0.1267201453447342, 0.047239452600479126
0.13344138860702515, 0.04226396977901459
0.14003492891788483, 0.05385151877999306
0.13827300071716309, 0.041075997054576874
0.12770305573940277, 0.03951933979988098
0.13785070180892944, 0.03646159917116165
0.13287968933582306, 0.04558124020695686
0.12091324478387833, 0.04234052449464798
0.12681925296783447, 0.03797290101647377
0.12641660869121552, 0.04722040891647339
0.12614937126636505, 0.026991745457053185
0.12922067940235138, 0.0540599562227726
0.12247055023908615, 0.03749997541308403
0.11755219846963882, 0.030243970453739166
0.11853627115488052, 0.040844473987817764
0.11204395443201065, 0.02991875261068344
0.11917556822299957, 0.04705871641635895
0.13667984306812286, 0.043005913496017456
0.12013068795204163, 0.02034403197467327
0.11369094997644424, 0.036378201097249985
0.11279641091823578, 0.04374026507139206
0.1507488340139389, 0.031810663640499115
0.11965318769216537, 0.042864494025707245
0.1136690154671669, 0.034427229315042496
0.11795539408922195, 0.04342476651072502
0.1189153715968132, 0.038134653121232986
0.1124931052327156, 0.033813923597335815
0.11977193504571915, 0.029852038249373436
0.14352212846279144, 0.046223632991313934
0.12168794125318527, 0.035577427595853806
0.12529876828193665, 0.044045932590961456
0.13510103523731232, 0.04162777587771416
0.10573939979076385, 0.024376435205340385
0.14463409781455994, 0.04244415834546089
0.1325211226940155, 0.05611468479037285
0.1152825653553009, 0.03015557862818241
0.1374606341123581, 0.035177603363990784
0.11560174077749252, 0.026535283774137497
0.12026810646057129, 0.03905396908521652
0.1428113877773285, 0.05037525296211243
0.12472212314605713, 0.02679191716015339
0.13032108545303345, 0.04417734593153
0.1277388334274292, 0.03522682189941406
0.11806595325469971, 0.03505690023303032
0.14343388378620148, 0.04126204550266266
0.13472338020801544, 0.05270088091492653
0.13965162634849548, 0.04229538142681122
0.14490795135498047, 0.048023950308561325
0.13134607672691345, 0.037065405398607254
0.1236867755651474, 0.04217396676540375
0.1283530741930008, 0.04458574205636978
0.13350491225719452, 0.0257197767496109
0.1252628117799759, 0.03259236365556717
0.14326901733875275, 0.05785701796412468
0.14090858399868011, 0.037611205130815506
0.13220122456550598, 0.03811149671673775
0.16253821551799774, 0.054618339985609055
0.12414208054542542, 0.040782589465379715
0.12145400047302246, 0.03564756363630295
0.12114673107862473, 0.037643417716026306
0.12298689037561417, 0.038102004677057266
0.14380070567131042, 0.050255853682756424
0.11943255364894867, 0.033827997744083405
0.12608858942985535, 0.029968423768877983
0.13402655720710754, 0.04508405551314354
0.13928058743476868, 0.03256513550877571
0.15120194852352142, 0.041991714388132095
0.14020676910877228, 0.046286631375551224
0.11683294922113419, 0.03749234229326248
0.1529146432876587, 0.045010920614004135
0.14240586757659912, 0.04763441160321236
0.13141560554504395, 0.04533853754401207
0.1283859759569168, 0.03111538663506508
0.14290417730808258, 0.055451393127441406
0.11288955807685852, 0.033395830541849136
0.12825331091880798, 0.03931987285614014
0.13030388951301575, 0.03420698270201683
0.12737195193767548, 0.04288254678249359
0.12208778411149979, 0.04072736203670502
0.12067864835262299, 0.0330929309129715
0.13455739617347717, 0.030895795673131943
0.10360673815011978, 0.03210994973778725
0.14460967481136322, 0.057596102356910706
0.14762885868549347, 0.05342387780547142
0.12242844700813293, 0.03152453154325485
0.12056051194667816, 0.041042499244213104
0.1306055337190628, 0.05576383322477341
0.11571020632982254, 0.022850146517157555
0.1275309920310974, 0.038577549159526825
0.1319364756345749, 0.05103504657745361
0.17606599628925323, 0.056904688477516174
0.12907259166240692, 0.048139531165361404
0.16244055330753326, 0.04633934795856476
0.13031163811683655, 0.026928195729851723
0.1446923166513443, 0.04339032247662544
0.14338834583759308, 0.05497836694121361
0.14694049954414368, 0.05517233535647392
0.13238026201725006, 0.029840175062417984
0.11781058460474014, 0.035466697067022324
0.15447254478931427, 0.036529090255498886
0.1302354484796524, 0.039743900299072266
0.10211115330457687, 0.027058377861976624
0.1233658567070961, 0.04188000410795212
0.13388381898403168, 0.03665255755186081
0.13622789084911346, 0.06191307678818703
0.12782086431980133, 0.03932611644268036
0.15301871299743652, 0.056609876453876495
0.15294019877910614, 0.0567701980471611
0.15786989033222198, 0.06329117715358734
0.15870942175388336, 0.06321187317371368
0.146917462348938, 0.045570939779281616
0.1498458832502365, 0.041155580431222916
0.12928980588912964, 0.04017547518014908
0.1403702348470688, 0.04720359295606613
0.15417224168777466, 0.055111851543188095
0.15044426918029785, 0.04159274324774742
0.14000947773456573, 0.047142140567302704
0.16768498718738556, 0.03643832355737686
0.17602114379405975, 0.053700510412454605
0.1307954341173172, 0.03794020041823387
0.14734585583209991, 0.0427478663623333
0.13743403553962708, 0.05062372237443924
0.14952093362808228, 0.04259481653571129
0.12104474008083344, 0.04356566071510315
0.13072839379310608, 0.03673625737428665
0.16100914776325226, 0.05431409180164337
0.15013228356838226, 0.04999305680394173
0.1305902898311615, 0.04270060360431671
0.1551717072725296, 0.036885157227516174
0.1495353728532791, 0.04685444012284279
0.14477740228176117, 0.04133705794811249
0.13411875069141388, 0.029147373512387276
0.14185349643230438, 0.046590011566877365
0.1543746441602707, 0.03497552126646042
0.180408775806427, 0.04925176501274109
0.14150111377239227, 0.029859719797968864
0.13206131756305695, 0.049990687519311905
0.14145001769065857, 0.03787672519683838
0.125930055975914, 0.03565572574734688
0.12405407428741455, 0.03947935253381729
0.11412087082862854, 0.0333719439804554
0.11063030362129211, 0.03354724124073982
0.13637675344944, 0.039988450706005096
0.14885617792606354, 0.06056363135576248
0.15798230469226837, 0.04175063595175743
0.1339268833398819, 0.0396440289914608
0.124391570687294, 0.036927469074726105
0.12936638295650482, 0.050729285925626755
0.13669805228710175, 0.054838117212057114
0.13232453167438507, 0.05392628163099289
0.13073749840259552, 0.05172305554151535
0.11816801130771637, 0.03509276360273361
0.15708784759044647, 0.041081834584474564
0.1115027666091919, 0.03394009545445442
0.13783250749111176, 0.040743388235569
0.12761901319026947, 0.045109279453754425
0.1380438655614853, 0.055522527545690536
0.16904863715171814, 0.07342275977134705
0.13811476528644562, 0.05113144591450691
0.14439323544502258, 0.044348739087581635
0.12168153375387192, 0.03196284919977188
0.11937708407640457, 0.044044721871614456
0.10000079870223999, 0.022249676287174225
0.1631108820438385, 0.05811218172311783
0.12907825410366058, 0.046341124922037125
0.12606020271778107, 0.043446339666843414
0.13145732879638672, 0.053077805787324905
0.11382710933685303, 0.02791515924036503
0.14167776703834534, 0.03593665361404419
0.1513349711894989, 0.0629500225186348
0.14141249656677246, 0.06500768661499023
0.16725298762321472, 0.0541752390563488
0.11335078626871109, 0.04232679679989815
0.1376173347234726, 0.038362860679626465
0.10895155370235443, 0.04297632724046707
0.14144140481948853, 0.03931081295013428
0.11495891958475113, 0.03698844462633133
0.1320887953042984, 0.042735032737255096
0.1401757299900055, 0.046097610145807266
0.1323997974395752, 0.034754637628793716
0.12167181074619293, 0.0293024443089962
0.11207118630409241, 0.024585209786891937
0.1326354295015335, 0.05186580866575241
0.14982207119464874, 0.052957549691200256
0.14759881794452667, 0.04759080335497856
0.1321188509464264, 0.05738378316164017
0.12242785096168518, 0.021528344601392746
0.142306387424469, 0.05510522425174713
0.15165525674819946, 0.05641922354698181
0.13662920892238617, 0.043043896555900574
0.1408824324607849, 0.06231759116053581
0.13811933994293213, 0.0516151525080204
0.17572548985481262, 0.06340353190898895
0.12970112264156342, 0.04697517678141594
0.13567474484443665, 0.05879570171236992
0.11804929375648499, 0.035484883934259415
0.152425616979599, 0.062188830226659775
0.13754962384700775, 0.0446702279150486
0.11072932928800583, 0.03963908553123474
0.13835382461547852, 0.05150241777300835
0.11024283617734909, 0.04569198191165924
0.13542082905769348, 0.04097261652350426
0.13492079079151154, 0.053351834416389465
0.16154736280441284, 0.07632900029420853
0.1356803923845291, 0.04534679651260376
0.12621204555034637, 0.03993183374404907
0.11431530863046646, 0.030592981725931168
0.1446174532175064, 0.03910674527287483
0.10948528349399567, 0.03520231321454048
0.13714143633842468, 0.04370424151420593
0.124013252556324, 0.04326387122273445
0.13652688264846802, 0.03623640164732933
0.13497348129749298, 0.04342341050505638
0.14337684214115143, 0.04634770750999451
0.13620419800281525, 0.04445391520857811
0.14199285209178925, 0.053078748285770416
0.15662536025047302, 0.056120626628398895
0.14347928762435913, 0.037855204194784164
0.1437845081090927, 0.037256721407175064
0.1412675827741623, 0.04873441159725189
0.13816694915294647, 0.06293889880180359
0.1433204859495163, 0.06071161851286888
0.12824036180973053, 0.038633380085229874
0.1204882338643074, 0.046387191861867905
0.11237481236457825, 0.0379474051296711
0.12799853086471558, 0.052892472594976425
0.11028993129730225, 0.0409875325858593
0.12450345605611801, 0.06252380460500717
0.11104141920804977, 0.03207610175013542
0.11990708857774734, 0.03892422094941139
0.12078437954187393, 0.03805861994624138
0.12815232574939728, 0.028771553188562393
0.1313394010066986, 0.04953723028302193
0.13176482915878296, 0.044024188071489334
0.13591919839382172, 0.04086027666926384
0.10481425374746323, 0.029702458530664444
0.162795290350914, 0.06907270103693008
0.15473419427871704, 0.05321495234966278
0.12443738430738449, 0.043630219995975494
0.14904935657978058, 0.04179852828383446
0.12151646614074707, 0.04254905506968498
0.1252787858247757, 0.023589106276631355
0.13561974465847015, 0.045929890125989914
0.15394094586372375, 0.05774129927158356
0.14512570202350616, 0.05729713290929794
0.13407447934150696, 0.04212457314133644
0.12618517875671387, 0.03209947794675827
0.15437577664852142, 0.06462583690881729
0.1545700579881668, 0.03426790609955788
0.15207473933696747, 0.036868251860141754
0.17983703315258026, 0.06707990169525146
0.12293515354394913, 0.034463319927453995
0.14775969088077545, 0.054321568459272385
0.12421146780252457, 0.0449555404484272
0.10573552548885345, 0.026575623080134392
0.10564480721950531, 0.03749915957450867
0.1355450600385666, 0.05129297822713852
0.12180512398481369, 0.039159681648015976
0.13018019497394562, 0.02603410743176937
0.13970716297626495, 0.05260305106639862
0.15170954167842865, 0.0568239726126194
0.13427452743053436, 0.05321617051959038
0.1320769339799881, 0.04476651921868324
0.12949484586715698, 0.036788247525691986
0.11588907241821289, 0.028976913541555405
0.1502344161272049, 0.05997900292277336
0.13963907957077026, 0.041962288320064545
0.1490914672613144, 0.03802651911973953
0.15506619215011597, 0.05272407829761505
0.16481393575668335, 0.06732216477394104
0.14281174540519714, 0.05571332201361656
0.16037289798259735, 0.07362691313028336
0.1455013006925583, 0.050503503531217575
0.10989198088645935, 0.037206705659627914
0.09911823272705078, 0.020611844956874847
0.11909446865320206, 0.03431832417845726
0.10814057290554047, 0.032930247485637665
0.1462523341178894, 0.048056699335575104
0.13251908123493195, 0.053161315619945526
0.12236881256103516, 0.043373581022024155
0.1366911381483078, 0.04393183812499046
0.15897896885871887, 0.06676414608955383
0.09733875840902328, 0.031214118003845215
0.1098349541425705, 0.04653991758823395
0.09711402654647827, 0.041304461658000946
0.12308476865291595, 0.04185561463236809
0.11745185405015945, 0.04363936930894852
0.12449400871992111, 0.04476533830165863
0.12823402881622314, 0.03098703920841217
0.11059508472681046, 0.0297300573438406
0.1404830664396286, 0.04936923459172249
0.17145095765590668, 0.0648120567202568
0.12648575007915497, 0.04749235883355141
0.12669941782951355, 0.03505717217922211
0.10052589327096939, 0.034244462847709656
0.12399697303771973, 0.07973577827215195
0.12850680947303772, 0.04783625528216362
0.12630437314510345, 0.027673030272126198
0.13157184422016144, 0.05499812588095665
0.12126895040273666, 0.040685079991817474
0.11066600680351257, 0.034589968621730804
0.13649339973926544, 0.057798825204372406
0.11858250200748444, 0.03784877434372902
0.14817900955677032, 0.04276169091463089
0.15514390170574188, 0.06566838920116425
0.1286623477935791, 0.05963168665766716
0.12841731309890747, 0.05221543461084366
0.1394212543964386, 0.05684168264269829
0.1407088339328766, 0.04783143848180771
0.11977440863847733, 0.03950774669647217
0.1292596161365509, 0.04718660190701485
0.11502689868211746, 0.034395940601825714
0.13588203489780426, 0.041489824652671814
0.18650563061237335, 0.0758037343621254
0.14713530242443085, 0.04828598350286484
0.1533779352903366, 0.0613655224442482
0.13729090988636017, 0.03103945218026638
0.1303548961877823, 0.036018673330545425
0.15733875334262848, 0.04693836718797684
0.2033921480178833, 0.06800216436386108
0.1258532553911209, 0.03156749904155731
0.1387464702129364, 0.04091113433241844
0.12059448659420013, 0.05156073346734047
0.12507960200309753, 0.050294701009988785
0.14566773176193237, 0.07231245934963226
0.11610013991594315, 0.040843699127435684
0.1371876299381256, 0.05167236179113388
0.14013968408107758, 0.043793827295303345
0.1383970081806183, 0.0414838008582592
0.14685280621051788, 0.05718837305903435
0.11458545178174973, 0.045449525117874146
0.11038939654827118, 0.03189663216471672
0.1351778656244278, 0.056135524064302444
0.14402209222316742, 0.05466741696000099
0.14572428166866302, 0.04756619781255722
0.1524464637041092, 0.05504953861236572
0.13589949905872345, 0.04646127298474312
0.11883367598056793, 0.03566078096628189
0.1276150494813919, 0.04573962837457657
0.1454286128282547, 0.06723734736442566
0.12828314304351807, 0.04602731019258499
0.12617169320583344, 0.03683583810925484
0.14109672605991364, 0.0515001006424427
0.13134337961673737, 0.03282870352268219
0.1306106001138687, 0.044078439474105835
0.15121136605739594, 0.04607251659035683
0.1334172636270523, 0.060312628746032715
0.12298575043678284, 0.03741332143545151
0.12920700013637543, 0.050971582531929016
0.12905091047286987, 0.04790705069899559
0.11728256195783615, 0.038849588483572006
0.14625094830989838, 0.05302979052066803
0.13869589567184448, 0.04660864919424057
0.12648731470108032, 0.04836290329694748
0.1432991921901703, 0.04731123149394989
0.1607198417186737, 0.034762192517519
0.1411236822605133, 0.040853872895240784
0.14452315866947174, 0.05721183121204376
0.1257248967885971, 0.05101774260401726
0.14998042583465576, 0.050018586218357086
0.15197494626045227, 0.053588442504405975
0.13165034353733063, 0.04274715110659599
0.12569135427474976, 0.03352613002061844
0.11757536977529526, 0.03867557272315025
0.13443894684314728, 0.04849790036678314
0.14366137981414795, 0.05197370424866676
0.13829238712787628, 0.04086735472083092
0.14004023373126984, 0.034700680524110794
0.17052067816257477, 0.07402793318033218
0.12269633263349533, 0.0345616452395916
0.11299110949039459, 0.027614163234829903
0.17094624042510986, 0.061982981860637665
0.1447289139032364, 0.04607326537370682
0.19083160161972046, 0.058635421097278595
0.10878954082727432, 0.04284978657960892
0.11785981804132462, 0.03446430340409279
0.12817662954330444, 0.06648458540439606
0.1275632232427597, 0.04584145545959473
0.11962924152612686, 0.048203177750110626
0.1488720029592514, 0.05432184785604477
0.11741983890533447, 0.04678855836391449
0.14488191902637482, 0.051225874572992325
0.14143335819244385, 0.04777440428733826
0.1413787454366684, 0.04377468302845955
0.1441672444343567, 0.03827730938792229
0.11308766901493073, 0.023008588701486588
0.13851052522659302, 0.04996466264128685
0.15173469483852386, 0.06334005296230316
0.1359933316707611, 0.04901609569787979
0.13678298890590668, 0.06564715504646301
0.16503086686134338, 0.056939516216516495
0.13198354840278625, 0.03847164660692215
0.1418193280696869, 0.05324066802859306
0.12784987688064575, 0.04971073567867279
0.19459845125675201, 0.05743471533060074
0.16410639882087708, 0.05851356312632561
0.12831935286521912, 0.035586852580308914
0.1269371211528778, 0.04858110100030899
0.12205493450164795, 0.04442818462848663
0.13131816685199738, 0.05266872048377991
0.1368831843137741, 0.052782487124204636
0.15359090268611908, 0.06115822494029999
0.12016807496547699, 0.03778018057346344
0.13249415159225464, 0.03456602245569229
0.12954305112361908, 0.0480339489877224
0.13297609984874725, 0.04028410464525223
0.1557684689760208, 0.051676951348781586
0.12912525236606598, 0.038823507726192474
0.13355274498462677, 0.04942477494478226
0.1631024032831192, 0.061988189816474915
0.14103256165981293, 0.02694973349571228
0.09743449836969376, 0.02280484139919281
0.13759572803974152, 0.06250002980232239
0.13353081047534943, 0.051944322884082794
0.14821861684322357, 0.05175035446882248
0.16147078573703766, 0.055830467492341995
0.15467999875545502, 0.04739223048090935
0.15160737931728363, 0.041283074766397476
0.14148767292499542, 0.040995143353939056
0.12111356854438782, 0.03992330655455589
0.11159703880548477, 0.032213132828474045
0.11204695701599121, 0.03796358406543732
0.13002167642116547, 0.03840290382504463
0.14457792043685913, 0.062048863619565964
0.1429615616798401, 0.04599926620721817
0.14897319674491882, 0.04155271500349045
0.1735217124223709, 0.06573031842708588
0.1420380026102066, 0.047233808785676956
0.14940400421619415, 0.06698715686798096
0.1578356921672821, 0.051901329308748245
0.13254253566265106, 0.03767940402030945
0.11508212983608246, 0.05611603334546089
0.12832729518413544, 0.041068144142627716
0.1212940365076065, 0.04599442332983017
0.1457170993089676, 0.05684468150138855
0.1270281821489334, 0.03998515382409096
0.13522805273532867, 0.04585956409573555
0.123591847717762, 0.04650724306702614
0.1203237920999527, 0.04198833927512169
0.11216209083795547, 0.036816421896219254
0.12924154102802277, 0.034626469016075134
0.17116869986057281, 0.05503791943192482
0.13799703121185303, 0.04241732507944107
0.14359277486801147, 0.05387400835752487
0.12302536517381668, 0.0395086407661438
0.11706214398145676, 0.03156052902340889
0.16281777620315552, 0.04714961722493172
0.14301736652851105, 0.04170040041208267
0.12281058728694916, 0.04147031530737877
0.17798513174057007, 0.05056842789053917
0.14428971707820892, 0.048756059259176254
0.14234653115272522, 0.04746077209711075
0.14267335832118988, 0.04179801791906357
0.15274091064929962, 0.041537459939718246
0.13560429215431213, 0.046131547540426254
0.14875198900699615, 0.05623951181769371
0.1708655208349228, 0.051629748195409775
0.14055819809436798, 0.057304732501506805
0.1451871693134308, 0.04132693633437157
0.1520686000585556, 0.05201328918337822
0.11254487186670303, 0.03342006728053093
0.11329853534698486, 0.03935178369283676
0.11710391193628311, 0.030298326164484024
0.12803764641284943, 0.0514051578938961
0.1417347937822342, 0.04207639768719673
0.12934906780719757, 0.041990626603364944
0.1407725214958191, 0.062388721853494644
0.1518739014863968, 0.05087829381227493
0.15412282943725586, 0.05704580247402191
0.12862692773342133, 0.0370490588247776
0.17194533348083496, 0.051438573747873306
0.15991376340389252, 0.05547300726175308
0.1324417144060135, 0.03503939136862755
0.119876928627491, 0.057272881269454956
0.15775974094867706, 0.05442462116479874
0.12589889764785767, 0.037417132407426834
0.13523657619953156, 0.048525650054216385
0.1513458639383316, 0.0636388510465622
0.14304225146770477, 0.039182987064123154
0.14114513993263245, 0.04558175057172775
0.13354496657848358, 0.03809456527233124
0.13766911625862122, 0.04849794879555702
0.15186099708080292, 0.042691782116889954
0.14447325468063354, 0.06600672751665115
0.13043077290058136, 0.038900695741176605
0.14894413948059082, 0.06893771886825562
0.16346962749958038, 0.05418786779046059
0.13074195384979248, 0.04424092173576355
0.13926784694194794, 0.051190588623285294
0.14835189282894135, 0.05097225308418274
0.11585896462202072, 0.0344977080821991
0.12283235043287277, 0.041987039148807526
0.14135988056659698, 0.06276809424161911
0.14636293053627014, 0.05595920607447624
0.1588999330997467, 0.04748063161969185
0.12005068361759186, 0.0397421233355999
0.13588090240955353, 0.038240715861320496
0.1442694514989853, 0.043823517858982086
0.152824267745018, 0.039929281920194626
0.11395689100027084, 0.03446454182267189
0.13110455870628357, 0.0469338595867157
0.12486842274665833, 0.039451174437999725
0.11125980317592621, 0.03144657239317894
0.1602272391319275, 0.042572323232889175
0.15136565268039703, 0.04636482894420624
0.1494818925857544, 0.0459042526781559
0.14639846980571747, 0.05784374102950096
0.11717788130044937, 0.021688029170036316
0.11185719072818756, 0.033388808369636536
0.12066905945539474, 0.05035325884819031
0.14650245010852814, 0.04725530743598938
0.13391418755054474, 0.04222521930932999
0.1210160106420517, 0.04247889667749405
0.12914955615997314, 0.04610242694616318
0.12016597390174866, 0.03593134507536888
0.12747247517108917, 0.049628280103206635
0.1221296638250351, 0.03050004318356514
0.1300273835659027, 0.03626479580998421
0.13112883269786835, 0.025431349873542786
0.1268921047449112, 0.04204424098134041
0.15439313650131226, 0.0396767184138298
0.13521550595760345, 0.04549087956547737
0.12884129583835602, 0.045510999858379364
0.13144034147262573, 0.04770777001976967
0.11814563721418381, 0.04124781861901283
0.1357390582561493, 0.04758906364440918
0.11119120568037033, 0.043727364391088486
0.10405995696783066, 0.030761616304516792
0.11212823539972305, 0.04401960223913193
0.14133337140083313, 0.04285072535276413
0.13280241191387177, 0.03897368535399437
0.12970562279224396, 0.03701930493116379
0.10387823730707169, 0.02345767617225647
0.1320677548646927, 0.03101152926683426
0.1206054836511612, 0.041706837713718414
0.11832033097743988, 0.02550310082733631
0.1258290559053421, 0.043113823980093
0.12098506838083267, 0.04264548793435097
0.12806135416030884, 0.03680421784520149
0.11565552651882172, 0.044152047485113144
0.1334443837404251, 0.05480801314115524
0.11317671835422516, 0.027086732909083366
0.09629934281110764, 0.02543213590979576
0.12392256408929825, 0.034024178981781006
0.12379031628370285, 0.03259943425655365
0.11124024540185928, 0.03695930168032646
0.1095031201839447, 0.03637175261974335
0.11318192631006241, 0.03173598647117615
0.12342670559883118, 0.029485972598195076
0.12700489163398743, 0.0399346798658371
0.12693357467651367, 0.03679336607456207
0.13005171716213226, 0.0426635704934597
0.10447866469621658, 0.03133749961853027
0.12063483148813248, 0.03709780052304268
0.09675034880638123, 0.0254458487033844
0.1184946820139885, 0.03858814388513565
0.12294217199087143, 0.03986630588769913
0.13603244721889496, 0.04246372729539871
0.1252305954694748, 0.04032394662499428
0.14315970242023468, 0.037642233073711395
0.1159430593252182, 0.033671289682388306
0.10903096944093704, 0.037414755672216415
0.12728381156921387, 0.03762294724583626
0.11068908870220184, 0.03143617883324623
0.1350572109222412, 0.02954981103539467
0.11283813416957855, 0.026725560426712036
0.12595166265964508, 0.030182573944330215
0.11751791089773178, 0.03493788093328476
0.12457522004842758, 0.04462959244847298
0.10426536202430725, 0.032979466021060944
0.13001687824726105, 0.04448205977678299
0.13367591798305511, 0.04218684136867523
0.14449521899223328, 0.046693820506334305
0.14688827097415924, 0.05042421072721481
0.1080380231142044, 0.03842044994235039
0.1389838010072708, 0.033730607479810715
0.12377125769853592, 0.03738291561603546
0.11417068541049957, 0.034330662339925766
0.126107320189476, 0.044756196439266205
0.09955573081970215, 0.026096345856785774
0.12366698682308197, 0.023735886439681053
0.13428203761577606, 0.03273860737681389
0.12403807789087296, 0.034753914922475815
0.12377471476793289, 0.035850800573825836
0.12049734592437744, 0.03171852231025696
0.11518882215023041, 0.049161363393068314
0.0997457504272461, 0.026833413168787956
0.11249116063117981, 0.03669847175478935
0.10999760776758194, 0.031195582821965218
0.13228262960910797, 0.046551838517189026
0.134256973862648, 0.026569213718175888
0.14017045497894287, 0.05606822296977043
0.1168811097741127, 0.02443051151931286
0.11598879843950272, 0.044350020587444305
0.11346729844808578, 0.030049586668610573
0.11490070819854736, 0.03165107220411301
0.10388612002134323, 0.03262560814619064
0.13100747764110565, 0.03105570562183857
0.1254933923482895, 0.04108350723981857
0.16081960499286652, 0.04826695844531059
0.1219167709350586, 0.0336761511862278
0.16575053334236145, 0.06820931285619736
0.12276632338762283, 0.03951038420200348
0.10239149630069733, 0.02263784036040306
0.11830288916826248, 0.03617475926876068
0.10052230954170227, 0.04051562398672104
0.13842828571796417, 0.039433401077985764
0.1385257989168167, 0.041631508618593216
0.11995319277048111, 0.04754176735877991
0.1513945311307907, 0.050927579402923584
0.12665215134620667, 0.03332929313182831
0.11219073832035065, 0.03690040856599808
0.12163046002388, 0.031932082027196884
0.1148170605301857, 0.038512058556079865
0.1154700294137001, 0.04711239039897919
0.12044361233711243, 0.03141751140356064
0.1443856954574585, 0.041240792721509933
0.12840184569358826, 0.03358548879623413
0.11306852847337723, 0.03953530266880989
0.0959261879324913, 0.022277483716607094
0.11911468952894211, 0.044423751533031464
0.10811710357666016, 0.03150225058197975
0.09619030356407166, 0.022441931068897247
0.11458607763051987, 0.030654512345790863
0.10085464268922806, 0.03543281927704811
0.12245175987482071, 0.03466196730732918
0.12160307914018631, 0.0401633121073246
0.14114591479301453, 0.03950301930308342
0.11162663996219635, 0.03210006281733513
0.11913672834634781, 0.03034215047955513
0.12524063885211945, 0.04220300540328026
0.11679163575172424, 0.040895622223615646
0.15727639198303223, 0.043216485530138016
0.12809541821479797, 0.034978192299604416
0.12103043496608734, 0.030441228300333023
0.1371997892856598, 0.03451414778828621
0.1335851550102234, 0.03547060862183571
0.11844869703054428, 0.03670033439993858
0.10515452921390533, 0.02458728477358818
0.10649951547384262, 0.022840628400444984
0.11920779198408127, 0.03331746160984039
0.10991988331079483, 0.03444623202085495
0.1503584086894989, 0.03750966861844063
0.11279688030481339, 0.028033655136823654
0.09892168641090393, 0.022404203191399574
0.13473372161388397, 0.02500256896018982
0.14909768104553223, 0.061408333480358124
0.1533900499343872, 0.04815930128097534
0.1355968862771988, 0.0380636565387249
0.11244923621416092, 0.03428708016872406
0.12563012540340424, 0.03613866865634918
0.10956119745969772, 0.024587221443653107
0.12561878561973572, 0.03350181132555008
0.1259590983390808, 0.02791086584329605
0.09988068789243698, 0.02637319825589657
0.12423311173915863, 0.033550720661878586
0.12632767856121063, 0.04302963986992836
0.11110905557870865, 0.023509031161665916
0.11713656038045883, 0.050740983337163925
0.13608042895793915, 0.04878314211964607
0.1279422789812088, 0.03491203486919403
0.13021452724933624, 0.02731701359152794
0.12100181728601456, 0.036860141903162
0.1076347827911377, 0.034008145332336426
0.12290678173303604, 0.04146129637956619
0.12210200726985931, 0.03619859367609024
0.12743543088436127, 0.030997177585959435
0.11737512052059174, 0.03467648848891258
0.1250591278076172, 0.04382576420903206
0.12497896701097488, 0.043268341571092606
0.11068513989448547, 0.02823784574866295
0.14521917700767517, 0.059400636702775955
0.09316366910934448, 0.027460431680083275
0.13377615809440613, 0.04593814164400101
0.11299451440572739, 0.04101094231009483
0.11797185987234116, 0.03272082284092903
0.11948475986719131, 0.043904926627874374
0.09766805171966553, 0.028119247406721115
0.10846402496099472, 0.0298775527626276
0.10221057385206223, 0.029545675963163376
0.1228296086192131, 0.04720686003565788
0.11683183163404465, 0.030229734256863594
0.0980679988861084, 0.02708466909825802
0.10580054670572281, 0.038533493876457214
0.10450206696987152, 0.027693336829543114
0.15121595561504364, 0.04800727218389511
0.1108780950307846, 0.03575872257351875
0.10376028716564178, 0.032491859048604965
0.1478114128112793, 0.04880675673484802
0.11477728933095932, 0.03354146331548691
0.14824430644512177, 0.04521758854389191
0.12442386150360107, 0.03795899450778961
0.1320916712284088, 0.03431202471256256
0.11059099435806274, 0.027453893795609474
0.13837164640426636, 0.03394591808319092
0.1238449439406395, 0.02594011276960373
0.10823730379343033, 0.022736385464668274
0.11290914565324783, 0.022697938606142998
0.10801053047180176, 0.027820687741041183
0.11304080486297607, 0.029582379385828972
0.10152168571949005, 0.02997291460633278
0.13154999911785126, 0.048877183347940445
0.1270727962255478, 0.033951811492443085
0.11484767496585846, 0.025139527395367622
0.12496774643659592, 0.04202580079436302
0.11850733309984207, 0.02682282030582428
0.10981311649084091, 0.027786774560809135
0.1081741601228714, 0.018766388297080994
0.11599530279636383, 0.024917500093579292
0.1053929552435875, 0.025698522105813026
0.10863451659679413, 0.03277232497930527
0.11762797832489014, 0.03066221997141838
0.13955654203891754, 0.041530903428792953
0.12062079459428787, 0.03595758602023125
0.11262015253305435, 0.023678136989474297
0.10121162235736847, 0.026373932138085365
0.11704569309949875, 0.03678730130195618
0.12535816431045532, 0.028609924018383026
0.12281735986471176, 0.03553811460733414
0.09675567597150803, 0.019362032413482666
0.11220429092645645, 0.030700024217367172
0.15115875005722046, 0.04852956905961037
0.1202053353190422, 0.03312847018241882
0.10811354219913483, 0.03138432651758194
0.09855125844478607, 0.020088782534003258
0.12229454517364502, 0.040680717676877975
0.10958448797464371, 0.02771454118192196
0.11064033210277557, 0.028399160131812096
0.10330155491828918, 0.016855943948030472
0.12135092169046402, 0.030464306473731995
0.10536352545022964, 0.03523053973913193
0.11305885761976242, 0.0321989506483078
0.11215749382972717, 0.04333445057272911
0.1238146647810936, 0.02651948295533657
0.12173262983560562, 0.026466531679034233
0.14433041214942932, 0.04372316971421242
0.15436600148677826, 0.05405081808567047
0.15696127712726593, 0.0586136169731617
0.12531377375125885, 0.03632384166121483
0.11430159211158752, 0.03112337552011013
0.11014347523450851, 0.025722686201334
0.1140340194106102, 0.03820723295211792
0.09852513670921326, 0.01801154389977455
0.12078491598367691, 0.03898707032203674
0.12322946637868881, 0.03601856157183647
0.11095722764730453, 0.03353681042790413
0.10651319473981857, 0.02637753263115883
0.11194729804992676, 0.04671768099069595
0.10596907138824463, 0.026235312223434448
0.10588158667087555, 0.0347004272043705
0.09095839411020279, 0.021993713453412056
0.12134259194135666, 0.03795318305492401
0.12532801926136017, 0.03755701333284378
0.13107627630233765, 0.036196883767843246
0.12906646728515625, 0.04453318566083908
0.12078063935041428, 0.023277416825294495
0.1140863373875618, 0.033280596137046814
0.12995633482933044, 0.04149213060736656
0.11739405244588852, 0.047031961381435394
0.13937433063983917, 0.04366941377520561
0.11133798211812973, 0.03646001219749451
0.10806111246347427, 0.034723538905382156
0.11562367528676987, 0.04214749485254288
0.11298264563083649, 0.03157692030072212
0.11696076393127441, 0.023381581529974937
0.10678046196699142, 0.024154961109161377
0.11050254851579666, 0.035293739289045334
0.10331866890192032, 0.026679396629333496
0.12182324379682541, 0.03608483821153641
0.12135443836450577, 0.03307325020432472
0.11134285479784012, 0.033627111464738846
0.11901651322841644, 0.036199431866407394
0.12814122438430786, 0.046024665236473083
0.13169324398040771, 0.04232712835073471
0.1157413199543953, 0.022157665342092514
0.130819633603096, 0.03439842537045479
0.10827133059501648, 0.03286881372332573
0.11494963616132736, 0.034423746168613434
0.11776670068502426, 0.029850943014025688
0.11019578576087952, 0.03312429040670395
0.10035879909992218, 0.02740333415567875
0.1366836428642273, 0.05670146271586418
0.11326306313276291, 0.03357020393013954
0.11244800686836243, 0.04138077795505524
0.14447744190692902, 0.05858911573886871
0.1173693984746933, 0.03671465814113617
0.11343255639076233, 0.04573236405849457
0.10376639664173126, 0.035585399717092514
0.11307242512702942, 0.037417083978652954
0.11299727857112885, 0.029736317694187164
0.11186639219522476, 0.03710746392607689
0.13342033326625824, 0.04852287098765373
0.15483476221561432, 0.05104134976863861
0.15560904145240784, 0.04743195325136185
0.1260235458612442, 0.03767234832048416
0.10166776925325394, 0.028849001973867416
0.12065733969211578, 0.04516420513391495
0.12777402997016907, 0.040273021906614304
0.10887188464403152, 0.028975972905755043
0.13149262964725494, 0.040539443492889404
0.11624401062726974, 0.03216004744172096
0.09696144610643387, 0.025061579421162605
0.11844633519649506, 0.03757622838020325
0.1147778332233429, 0.036098662763834
0.10258864611387253, 0.022707626223564148
0.1231871172785759, 0.02615341730415821
0.11028088629245758, 0.03227806091308594
0.1333286017179489, 0.04462859779596329
0.12984852492809296, 0.03899899870157242
0.11409943550825119, 0.0327414907515049
0.11729808896780014, 0.028766317293047905
0.10267425328493118, 0.022561972960829735
0.12571625411510468, 0.03436886519193649
0.10803429037332535, 0.031878795474767685
0.10786528140306473, 0.027640273794531822
0.10292118787765503, 0.024108167737722397
0.13425634801387787, 0.04717200621962547
0.12110409885644913, 0.04779437929391861
0.10114214569330215, 0.027672287076711655
0.12892143428325653, 0.024812640622258186
0.10576054453849792, 0.01835952140390873
0.11140790581703186, 0.037294480949640274
0.11045090109109879, 0.02811409905552864
0.1117098331451416, 0.038852494210004807
0.12469155341386795, 0.038462430238723755
0.11185908317565918, 0.034633178263902664
0.11991623789072037, 0.021945903077721596
0.1226411834359169, 0.040749646723270416
0.12385133653879166, 0.025052176788449287
0.11599171161651611, 0.02759772166609764
0.11052614450454712, 0.03287516161799431
0.11136393994092941, 0.0373326912522316
0.10770126432180405, 0.023034151643514633
0.11317535489797592, 0.03797227889299393
0.11823715269565582, 0.03544824197888374
0.1419898271560669, 0.04915111884474754
0.12905238568782806, 0.03336561098694801
0.11591347306966782, 0.037802085280418396
0.13024862110614777, 0.04872110113501549
0.11387089639902115, 0.022435132414102554
0.09658179432153702, 0.020582910627126694
0.1333979070186615, 0.04487292841076851
0.11074364930391312, 0.035800665616989136
0.10011879354715347, 0.031659822911024094
0.12127956002950668, 0.03597377613186836
0.10936912894248962, 0.031770363450050354
0.1180557832121849, 0.03493389114737511
0.11041311174631119, 0.02730015479028225
0.10642359405755997, 0.023254262283444405
0.12747980654239655, 0.03594205901026726
0.11690228432416916, 0.03171968087553978
0.1358579695224762, 0.038891516625881195
0.11105022579431534, 0.03700103610754013
0.11098603159189224, 0.02088175155222416
0.11840295791625977, 0.030567042529582977
0.12994754314422607, 0.02467191405594349
0.1404096484184265, 0.03492963686585426
0.1520666480064392, 0.0672752782702446
0.18636219203472137, 0.05606798827648163
0.13769929111003876, 0.03547624871134758
0.14891588687896729, 0.05412809178233147
0.11104617267847061, 0.03315039724111557
0.10804343223571777, 0.0339544340968132
0.13129979372024536, 0.04098958522081375
0.10826954990625381, 0.03446466475725174
0.09866922348737717, 0.02531709149479866
0.1090312972664833, 0.02963009662926197
0.12990379333496094, 0.03924684599041939
0.10975556075572968, 0.026298392564058304
0.13535380363464355, 0.04529832676053047
0.14294405281543732, 0.04871388524770737
0.11889488250017166, 0.032273463904857635
0.10888733714818954, 0.028879761695861816
0.10276534408330917, 0.02658926323056221
0.11821261793375015, 0.03836478292942047
0.11977687478065491, 0.023379523307085037
0.11922480165958405, 0.03335168585181236
0.1072598248720169, 0.02705596387386322
0.11061270534992218, 0.020685413852334023
0.10596687346696854, 0.028954774141311646
0.1224636659026146, 0.03808949515223503
0.10538942366838455, 0.03247646242380142
0.09410181641578674, 0.024523844942450523
0.0990884080529213, 0.023835552856326103
0.09830048680305481, 0.026425035670399666
0.10423801094293594, 0.027133522555232048
0.13667185604572296, 0.0484219528734684
0.11739540100097656, 0.040420033037662506
0.11816738545894623, 0.018576132133603096
0.12829649448394775, 0.026114817708730698
0.15394240617752075, 0.04379523918032646
0.1340591311454773, 0.04603411629796028
0.12077871710062027, 0.030921928584575653
0.1391429901123047, 0.027660926803946495
0.12758606672286987, 0.035349953919649124
0.10930482298135757, 0.02434014528989792
0.11910051852464676, 0.038556117564439774
0.12226833403110504, 0.040036194026470184
0.1298132836818695, 0.03160952776670456
0.10204759240150452, 0.022619452327489853
0.14459934830665588, 0.052381183952093124
0.11098884791135788, 0.024384979158639908
0.11989208310842514, 0.03597533702850342
0.10280326753854752, 0.016710314899683
0.1000337302684784, 0.02476189099252224
0.11827877163887024, 0.02839617058634758
0.1502964347600937, 0.05242244526743889
0.13765114545822144, 0.04139159619808197
0.13223019242286682, 0.041590843349695206
0.12825672328472137, 0.035626839846372604
0.1424657702445984, 0.04606517404317856
0.14933492243289948, 0.05459670349955559
0.10337541997432709, 0.02936636656522751
0.10416090488433838, 0.029742546379566193
0.11636045575141907, 0.026243260130286217
0.13197346031665802, 0.05164620280265808
0.13058459758758545, 0.040742177516222
0.1175292506814003, 0.03500346839427948
0.13096337020397186, 0.04209451377391815
0.12213625013828278, 0.038265615701675415
0.1165379136800766, 0.03764413297176361
0.11802028119564056, 0.041392676532268524
0.1256357580423355, 0.038518670946359634
0.1267169564962387, 0.03980980068445206
0.11046676337718964, 0.024812528863549232
0.10763655602931976, 0.021135607734322548
0.1119137778878212, 0.044215355068445206
0.11682213842868805, 0.04272262379527092
0.1491033434867859, 0.05489012598991394
0.11754218488931656, 0.03212745115160942
0.11989086121320724, 0.04450999200344086
0.12346985936164856, 0.053912632167339325
0.12000599503517151, 0.03884201869368553
0.1381518393754959, 0.051563359797000885
0.16747336089611053, 0.06256359070539474
0.12591928243637085, 0.04371483623981476
0.1081484705209732, 0.0343821719288826
0.09750495851039886, 0.033427149057388306
0.11035905033349991, 0.0326608307659626
0.10994700342416763, 0.022116420790553093
0.14414635300636292, 0.04807848483324051
0.115970678627491, 0.035684891045093536
0.1032010018825531, 0.016454340890049934
0.09903442859649658, 0.033027809113264084
0.11781663447618484, 0.024653909727931023
0.13448484241962433, 0.031654417514801025
0.12187925726175308, 0.032492563128471375
0.12762518227100372, 0.043167129158973694
0.12834902107715607, 0.033837560564279556
0.11587321758270264, 0.0296370480209589
0.10337931662797928, 0.026001473888754845
0.12556488811969757, 0.029176436364650726
0.13521283864974976, 0.02938118204474449
0.1181776151061058, 0.03943502530455589
0.12356441468000412, 0.024945946410298347
0.13668903708457947, 0.025812966749072075
0.1285146325826645, 0.03822026401758194
0.12976808845996857, 0.04489525780081749
0.1153222993016243, 0.030755996704101562
0.13514040410518646, 0.0485742948949337
0.14203698933124542, 0.03073796071112156
0.12798920273780823, 0.046236585825681686
0.11034581810235977, 0.030165720731019974
0.11636549979448318, 0.030753688886761665
0.11462495476007462, 0.032940760254859924
0.1152334213256836, 0.03361595794558525
0.1357477456331253, 0.0453910231590271
0.11299863457679749, 0.02683589980006218
0.11322412639856339, 0.02814413234591484
0.1147838607430458, 0.026949765160679817
0.1171737015247345, 0.03265771269798279
0.1435229331254959, 0.041612084954977036
0.12624892592430115, 0.02841431088745594
0.11049708724021912, 0.03458741679787636
0.11474030464887619, 0.02904677204787731
0.12191833555698395, 0.03640993684530258
0.12086721509695053, 0.029193637892603874
0.12813107669353485, 0.04184328019618988
0.15564000606536865, 0.07251576334238052
0.12881439924240112, 0.054259881377220154
0.12849903106689453, 0.04265367239713669
0.13049568235874176, 0.04780152812600136
0.1379467397928238, 0.04239603877067566
0.13528282940387726, 0.0469881147146225
0.13182172179222107, 0.031481124460697174
0.12440897524356842, 0.025361185893416405
0.12759754061698914, 0.030979342758655548
0.1294228732585907, 0.03382621705532074
0.12708938121795654, 0.03301198408007622
0.14267481863498688, 0.050253719091415405
0.15710806846618652, 0.04871916398406029
0.14905478060245514, 0.04617132991552353
0.13963721692562103, 0.040455207228660583
0.12351123243570328, 0.031508397310972214
0.11706659942865372, 0.03404626250267029
0.10773009061813354, 0.02349827066063881
0.11212912946939468, 0.03237295523285866
0.1125112920999527, 0.02906242199242115
0.1219584122300148, 0.021143842488527298
0.14168290793895721, 0.03989378735423088
0.13086308538913727, 0.03006032668054104
0.13429655134677887, 0.03033432364463806
0.11340554803609848, 0.03613667190074921
0.0989876389503479, 0.020822850987315178
0.09912943094968796, 0.018068384379148483
0.12526743113994598, 0.027871666476130486
0.1429525464773178, 0.0372157096862793
0.12234405428171158, 0.02721942402422428
0.11299822479486465, 0.03850700333714485
0.12700200080871582, 0.0473242849111557
0.12960799038410187, 0.028311844915151596
0.1381135731935501, 0.04242454469203949
0.12565423548221588, 0.03604702651500702
0.11958726495504379, 0.037003785371780396
0.11588994413614273, 0.028784485533833504
0.12106118351221085, 0.02786639705300331
0.12057603895664215, 0.03149065375328064
0.14127177000045776, 0.05422794073820114
0.14387007057666779, 0.05201279744505882
0.14265096187591553, 0.05258995294570923
0.10612813383340836, 0.0337132029235363
0.1324818879365921, 0.039099276065826416
0.1170199066400528, 0.042274124920368195
0.11622071266174316, 0.036696117371320724
0.1192769855260849, 0.03289264068007469
0.12871193885803223, 0.035242050886154175
0.11380404978990555, 0.030740857124328613
0.10780913382768631, 0.027039604261517525
0.13898919522762299, 0.03485977649688721
0.12283967435359955, 0.044143710285425186
0.1281166821718216, 0.04521091654896736
0.11921735852956772, 0.03534441813826561
0.13810975849628448, 0.04719299450516701
0.1310684233903885, 0.023775117471814156
0.14336828887462616, 0.03504350036382675
0.13888350129127502, 0.043900296092033386
0.12056093662977219, 0.03887537494301796
0.13368700444698334, 0.031986407935619354
0.1394401341676712, 0.031166691333055496
0.13832691311836243, 0.04176732525229454
0.14583493769168854, 0.043530888855457306
0.12704749405384064, 0.030792871490120888
0.12520435452461243, 0.030511144548654556
0.13483428955078125, 0.0449603907763958
0.12840953469276428, 0.05105935037136078
0.14105848968029022, 0.055039431899785995
0.17796817421913147, 0.0683409795165062
0.12553414702415466, 0.04118705540895462
0.14771507680416107, 0.05675045773386955
0.12547999620437622, 0.03528368100523949
0.14016565680503845, 0.038702648133039474
0.12616190314292908, 0.03873772174119949
0.1149713471531868, 0.03313417732715607
0.10290157794952393, 0.01572842337191105
0.10587456822395325, 0.033834058791399
0.10166270285844803, 0.023054206743836403
0.13107553124427795, 0.030727267265319824
0.1075131744146347, 0.03563869372010231
0.1110248938202858, 0.032218556851148605
0.11514677107334137, 0.028546884655952454
0.13099126517772675, 0.03885355964303017
0.11849329620599747, 0.031830307096242905
0.1314799189567566, 0.044519517570734024
0.1048150435090065, 0.023406945168972015
0.1006762757897377, 0.026090454310178757
0.11172665655612946, 0.031189749017357826
0.11456315964460373, 0.03477491810917854
0.12550102174282074, 0.04018106684088707
0.11476617306470871, 0.028206517919898033
0.11520133167505264, 0.030833512544631958
0.11141635477542877, 0.0201579499989748
0.11890336126089096, 0.0308600515127182
0.12038048356771469, 0.02152606099843979
0.13528473675251007, 0.04315141588449478
0.11758122593164444, 0.029035242274403572
0.12471265345811844, 0.037686821073293686
0.16442100703716278, 0.054489798843860626
0.17968590557575226, 0.05191177874803543
0.13808122277259827, 0.042910829186439514
0.11011301726102829, 0.0306016243994236
0.12893147766590118, 0.038234781473875046
0.11022764444351196, 0.024966102093458176
0.11241348832845688, 0.024566806852817535
0.12726449966430664, 0.025997627526521683
0.12294159084558487, 0.027764689177274704
0.12957437336444855, 0.03084411285817623
0.13788095116615295, 0.036048565059900284
0.12052246183156967, 0.04371034726500511
0.12045381218194962, 0.03040209226310253
0.1353754699230194, 0.0326651856303215
0.13057926297187805, 0.042186230421066284
0.1501561403274536, 0.05480864271521568
0.12985166907310486, 0.045095764100551605
0.13091549277305603, 0.03118019551038742
0.14542987942695618, 0.05252493545413017
0.12232718616724014, 0.030007775872945786
0.14040672779083252, 0.038354065269231796
0.10838500410318375, 0.027058955281972885
0.11895154416561127, 0.029095053672790527
0.10254430770874023, 0.03142257779836655
0.10918522626161575, 0.029379205778241158
0.11343680322170258, 0.03582671657204628
0.09771443903446198, 0.01913977973163128
0.12520429491996765, 0.030541805550456047
0.11342205107212067, 0.01819682866334915
0.1367194950580597, 0.03979134559631348
0.09824273735284805, 0.020771410316228867
0.11141330748796463, 0.014649631455540657
0.10673345625400543, 0.01999831013381481
0.10694348067045212, 0.02156665548682213
0.10850009322166443, 0.022688960656523705
0.10063295066356659, 0.023572921752929688
0.11583398282527924, 0.028616931289434433
0.11409330368041992, 0.02530897781252861
0.13226835429668427, 0.0409839041531086
0.12872368097305298, 0.03427329286932945
0.11409459263086319, 0.0275407787412405
0.10387716442346573, 0.022857097908854485
0.10784677416086197, 0.024822287261486053
0.13682633638381958, 0.05080915614962578
0.1286536604166031, 0.03725631907582283
0.1331932544708252, 0.03579401597380638
0.12329557538032532, 0.025475598871707916
0.12389694154262543, 0.023792628198862076
0.11928791552782059, 0.02487383969128132
0.12237192690372467, 0.025592295452952385
0.13740335404872894, 0.0422871857881546
0.12089279294013977, 0.02911260724067688
0.17133796215057373, 0.06822923570871353
0.13624556362628937, 0.040685173124074936
0.12051454186439514, 0.03590225800871849
0.11193035542964935, 0.0303360465914011
0.12361715734004974, 0.03787820041179657
0.10403906553983688, 0.022372277453541756
0.11896640807390213, 0.0358966626226902
0.15943507850170135, 0.04367043823003769
0.13532273471355438, 0.051187243312597275
0.11124527454376221, 0.023125553503632545
0.10479661077260971, 0.017354829236865044
0.10978763550519943, 0.03081793151795864
0.11645524948835373, 0.026477854698896408
0.11143036931753159, 0.02112460881471634
0.14511530101299286, 0.03856676071882248
0.13698633015155792, 0.04429445043206215
0.1213284507393837, 0.03422151505947113
0.15933671593666077, 0.054191216826438904
0.13153378665447235, 0.03525887429714203
0.13841061294078827, 0.03599134460091591
0.11955293267965317, 0.024102911353111267
0.15788580477237701, 0.05772173032164574
0.11588700860738754, 0.02582160383462906
0.12528210878372192, 0.03948422148823738
0.14804667234420776, 0.0417180098593235
0.11963044106960297, 0.021207327023148537
0.11113280802965164, 0.029892295598983765
0.1265334188938141, 0.037687089294195175
0.12994374334812164, 0.03845199942588806
0.11758510023355484, 0.03207743167877197
0.17036539316177368, 0.0677969828248024
0.1304459124803543, 0.044655099511146545
0.10615050047636032, 0.02923748455941677
0.11456608772277832, 0.021460821852087975
0.14270682632923126, 0.062014639377593994
0.1547526866197586, 0.04307928308844566
0.10953759402036667, 0.030369089916348457
0.11456988006830215, 0.03232170641422272
0.11947230249643326, 0.022133719176054
0.13186393678188324, 0.029172034934163094
0.12481214106082916, 0.0180281400680542
0.11977633088827133, 0.028498364612460136
0.13536781072616577, 0.02935972809791565
0.15009906888008118, 0.06319583207368851
0.1400579959154129, 0.0317649282515049
0.13019289076328278, 0.04242255538702011
0.14087648689746857, 0.03443823754787445
0.11619402468204498, 0.03893745318055153
0.12969321012496948, 0.0379648432135582
0.1274683028459549, 0.04274623841047287
0.12983183562755585, 0.03705192357301712
0.13438664376735687, 0.033594921231269836
0.1292266547679901, 0.030294736847281456
0.10747554153203964, 0.02497832104563713
0.1143142506480217, 0.029986685141921043
0.11915484815835953, 0.03467613458633423
0.1284530907869339, 0.03501199558377266
0.1295192390680313, 0.03320339322090149
0.11090890318155289, 0.03327377140522003
0.13279294967651367, 0.029003601521253586
0.10624940693378448, 0.029148725792765617
0.127457857131958, 0.03584115952253342
0.1075640544295311, 0.03103707544505596
0.1603212207555771, 0.07363847643136978
0.11679241806268692, 0.021041736006736755
0.12770363688468933, 0.0325334332883358
0.12795567512512207, 0.034701041877269745
0.12979191541671753, 0.05015772208571434
0.12822917103767395, 0.03643403202295303
0.1330999732017517, 0.03415105864405632
0.1129850298166275, 0.02689858339726925
0.1301053911447525, 0.04018295556306839
0.14284440875053406, 0.04742369428277016
0.13703462481498718, 0.050452739000320435
0.1217011883854866, 0.03071337752044201
0.1176532506942749, 0.035979464650154114
0.11008616536855698, 0.03804359212517738
0.11567004770040512, 0.02351316623389721
0.1315070539712906, 0.032687656581401825
0.12921078503131866, 0.029886318370699883
0.1350436955690384, 0.04233343154191971
0.12708383798599243, 0.0373358353972435
0.10878004133701324, 0.025689082220196724
0.1125660091638565, 0.031785447150468826
0.10747513920068741, 0.02286561019718647
0.13929259777069092, 0.031418025493621826
0.11697500199079514, 0.03305875137448311
0.12058111280202866, 0.03018222004175186
0.12136222422122955, 0.029124990105628967
0.14198291301727295, 0.04481620714068413
0.12228797376155853, 0.031729113310575485
0.1265985071659088, 0.030710168182849884
0.11604446917772293, 0.025680450722575188
0.11493876576423645, 0.026515213772654533
0.11755488067865372, 0.029590515419840813
0.12795695662498474, 0.040829986333847046
0.11479910463094711, 0.02276127226650715
0.11343412846326828, 0.030008725821971893
0.13561643660068512, 0.02525343932211399
0.13298821449279785, 0.03454563394188881
0.1511174589395523, 0.04263421148061752
0.1322757750749588, 0.042506467550992966
0.1224709078669548, 0.032420456409454346
0.1312752664089203, 0.03398488089442253
0.1053830161690712, 0.025025932118296623
0.11130644381046295, 0.025719936937093735
0.15367402136325836, 0.0261528380215168
0.14728353917598724, 0.0380377396941185
0.13542792201042175, 0.03112662024796009
0.09698265790939331, 0.021437497809529305
0.13336916267871857, 0.03469892218708992
0.12066806852817535, 0.030761417001485825
0.11759863793849945, 0.02691301703453064
0.1290515512228012, 0.03969705477356911
0.15360401570796967, 0.04362940415740013
0.14693090319633484, 0.054153215140104294
0.14381691813468933, 0.03519507125020027
0.11885672062635422, 0.025353023782372475
0.12478350102901459, 0.0349532775580883
0.14011862874031067, 0.034027595072984695
0.14129355549812317, 0.033418312668800354
0.13482756912708282, 0.023816097527742386
0.12549491226673126, 0.021844420582056046
0.14616264402866364, 0.04229741916060448
0.14152245223522186, 0.03483053669333458
0.12204478681087494, 0.027631569653749466
0.12709428369998932, 0.04329662397503853
0.10597949475049973, 0.016771573573350906
0.11277542263269424, 0.018971772864460945
0.13318057358264923, 0.030321544036269188
0.1112055554986, 0.02981097437441349
0.10542286932468414, 0.021779023110866547
0.11846215277910233, 0.020977720618247986
0.10566134005784988, 0.025847921147942543
0.12187351286411285, 0.032239291816949844
0.13254722952842712, 0.032935284078121185
0.11493147909641266, 0.032792482525110245
0.1253541260957718, 0.039716146886348724
0.11643873155117035, 0.0280179250985384
0.12097743898630142, 0.0286121666431427
0.12834540009498596, 0.0283589456230402
0.11664577573537827, 0.02745111845433712
0.12782959640026093, 0.020019011572003365
0.11516699939966202, 0.019313355907797813
0.11710585653781891, 0.029676299542188644
0.11423223465681076, 0.03098735399544239
0.13324399292469025, 0.03687755763530731
0.1377246230840683, 0.04374928027391434
0.1488562822341919, 0.05808621272444725
0.11632668972015381, 0.022177129983901978
0.12081827223300934, 0.02240673452615738
0.11432526260614395, 0.02630152925848961
0.13692834973335266, 0.04082915931940079
0.12027100473642349, 0.03221139684319496
0.12801536917686462, 0.03359710052609444
0.12360266596078873, 0.039826445281505585
0.122943215072155, 0.032488733530044556
0.1122678816318512, 0.022585071623325348
0.1273108720779419, 0.028615111485123634
0.13463608920574188, 0.03357949107885361
0.11157230287790298, 0.032505281269550323
0.11359032243490219, 0.028208304196596146
0.12017679214477539, 0.027491141110658646
0.1364772617816925, 0.031186537817120552
0.12221387773752213, 0.04486503452062607
0.12020483613014221, 0.03284279629588127
0.13776186108589172, 0.040061984211206436
0.14555907249450684, 0.04373941570520401
0.13109347224235535, 0.0320599339902401
0.13280291855335236, 0.03214162588119507
0.11658533662557602, 0.024557767435908318
0.13951247930526733, 0.03108697384595871
0.13566458225250244, 0.032389525324106216
0.1016414538025856, 0.022421380504965782
0.1175706684589386, 0.02448289282619953
0.15260091423988342, 0.031700748950242996
0.11370139569044113, 0.019480526447296143
0.11593841016292572, 0.024999326094985008
0.12054947763681412, 0.035054318606853485
0.11805050820112228, 0.0278707817196846
0.10723722726106644, 0.023684188723564148
0.12400570511817932, 0.027698691934347153
0.11378700286149979, 0.023062806576490402
0.12509126961231232, 0.0257228072732687
0.1319410651922226, 0.0412004254758358
0.13271158933639526, 0.03841723874211311
0.12537667155265808, 0.02623051032423973
0.1258671134710312, 0.02847537025809288
0.12112437188625336, 0.025956662371754646
0.10690703243017197, 0.01966601237654686
0.13318081200122833, 0.025716450065374374
0.1129249706864357, 0.02861177548766136
0.12702853977680206, 0.03639969602227211
0.12922094762325287, 0.04528363421559334
0.13134366273880005, 0.03187431022524834
0.11666161566972733, 0.034686129540205
0.1581404060125351, 0.05592401325702667
0.13541927933692932, 0.037814829498529434
0.14475728571414948, 0.039758481085300446
0.16226954758167267, 0.0421481691300869
0.11443548649549484, 0.039162639528512955
0.13981585204601288, 0.03062301315367222
0.12808936834335327, 0.03132418543100357
0.12528416514396667, 0.02179487980902195
0.11695349216461182, 0.025070518255233765
0.12283498793840408, 0.03071364015340805
0.1164109855890274, 0.022882316261529922
0.11514166742563248, 0.019318128004670143
0.12107368558645248, 0.03840159252285957
0.13186903297901154, 0.03168430179357529
0.18034791946411133, 0.05585641413927078
0.16212204098701477, 0.05406844615936279
0.16515035927295685, 0.04022287577390671
0.14223845303058624, 0.0418577566742897
0.1220298781991005, 0.02891376055777073
0.14279401302337646, 0.030853286385536194
0.14739133417606354, 0.04878343269228935
0.12396229803562164, 0.0303147304803133
0.10811463743448257, 0.024091457948088646
0.14730307459831238, 0.03904188796877861
0.13991808891296387, 0.05216868221759796
0.13055643439292908, 0.037583161145448685
0.1279672235250473, 0.03309895843267441
0.13934853672981262, 0.03697682172060013
0.12280645966529846, 0.021341798827052116
0.12271376699209213, 0.019876185804605484
0.13080966472625732, 0.036503590643405914
0.13448290526866913, 0.03689509257674217
0.12074039876461029, 0.021379699930548668
0.11335042864084244, 0.027417337521910667
0.1266930103302002, 0.024003537371754646
0.1091441884636879, 0.02671215310692787
0.12198352813720703, 0.026201996952295303
0.11014799028635025, 0.022429583594202995
0.13569247722625732, 0.03581063821911812
0.13142430782318115, 0.03641028702259064
0.12977652251720428, 0.03781639784574509
0.10489591211080551, 0.020784366875886917
0.11980729550123215, 0.047915857285261154
0.12410124391317368, 0.02513255923986435
0.11304305493831635, 0.027552204206585884
0.11467798799276352, 0.04243557155132294
0.12631839513778687, 0.029757503420114517
0.1192731186747551, 0.02537781372666359
0.13364893198013306, 0.03283777832984924
0.12637701630592346, 0.04024137556552887
0.12386749684810638, 0.04445355758070946
0.1336560994386673, 0.03650137409567833
0.13459664583206177, 0.0331982858479023
0.1306256502866745, 0.02650425396859646
0.14183717966079712, 0.05025539547204971
0.14536802470684052, 0.040717966854572296
0.14309675991535187, 0.05304059013724327
0.15621943771839142, 0.052806295454502106
0.15754003822803497, 0.05216509848833084
0.13229215145111084, 0.032841045409440994
0.11112633347511292, 0.03194170817732811
0.13058774173259735, 0.02336774952709675
0.12271347641944885, 0.031247561797499657
0.12156257778406143, 0.03747735172510147
0.1268828958272934, 0.027474064379930496
0.12326636910438538, 0.03149864450097084
0.13466094434261322, 0.03798017278313637
0.13033464550971985, 0.03684104233980179
0.1470503807067871, 0.03210277110338211
0.1500709354877472, 0.035551562905311584
0.09628748893737793, 0.019717099145054817
0.11933491379022598, 0.02150159887969494
0.12093385308980942, 0.030945979058742523
0.1173088327050209, 0.02711496874690056
0.11528275907039642, 0.024735920131206512
0.11763974279165268, 0.03399303928017616
0.16773000359535217, 0.061136286705732346
0.13792826235294342, 0.033787358552217484
0.14462895691394806, 0.03247983381152153
0.1328504979610443, 0.032517772167921066
0.13960163295269012, 0.039640724658966064
0.12065683305263519, 0.03127873316407204
0.12484219670295715, 0.03252704069018364
0.10587600618600845, 0.01968535967171192
0.11459676176309586, 0.029499880969524384
0.1245248094201088, 0.02651117369532585
0.11682680994272232, 0.0306978952139616
0.11961351335048676, 0.035233817994594574
0.13014742732048035, 0.03592556342482567
0.1306292861700058, 0.02854929119348526
0.13990193605422974, 0.039813634008169174
0.1253453493118286, 0.03012493997812271
0.10981400310993195, 0.02344391867518425
0.1422072947025299, 0.04538329318165779
0.12302222847938538, 0.02863558568060398
0.11193577200174332, 0.02790381945669651
0.11419635266065598, 0.031552642583847046
0.13555945456027985, 0.04685025289654732
0.14457039535045624, 0.03407299891114235
0.13356268405914307, 0.031654197722673416
0.11764274537563324, 0.028001731261610985
0.1713414490222931, 0.049960676580667496
0.14361734688282013, 0.049934253096580505
0.18122321367263794, 0.07230129837989807
0.1741458922624588, 0.0496644489467144
0.17096705734729767, 0.03582724928855896
0.1580692082643509, 0.04768087714910507
0.12293034046888351, 0.03458356484770775
0.11923853307962418, 0.0241069458425045
0.12801840901374817, 0.02682911977171898
0.11529375612735748, 0.028570106253027916
0.11089083552360535, 0.032058633863925934
0.12061185389757156, 0.036435317248106
0.14012084901332855, 0.04173388332128525
0.12079153209924698, 0.04028858244419098
0.14449578523635864, 0.0398707315325737
0.13045734167099, 0.043235525488853455
0.11638671904802322, 0.02888093888759613
0.13937102258205414, 0.043307166546583176
0.11877784878015518, 0.029809365049004555
0.12220115214586258, 0.026410914957523346
0.11334427446126938, 0.020846636965870857
0.10275717824697495, 0.022923599928617477
0.11860144138336182, 0.029844295233488083
0.11761768907308578, 0.028301557525992393
0.13239677250385284, 0.03176438808441162
0.11560908704996109, 0.03241252526640892
0.11306189000606537, 0.018741164356470108
0.11086302995681763, 0.013335195370018482
0.12962737679481506, 0.03489669784903526
0.13493594527244568, 0.034507572650909424
0.11126317083835602, 0.02473415434360504
0.12360143661499023, 0.023624876514077187
0.12467803061008453, 0.03911558911204338
0.10889974981546402, 0.021814722567796707
0.13514791429042816, 0.04127878695726395
0.14610445499420166, 0.03231601417064667
0.11550063639879227, 0.038697585463523865
0.1361730545759201, 0.05534454435110092
0.11840827018022537, 0.026451969519257545
0.12719352543354034, 0.03468746319413185
0.12347231805324554, 0.025192581117153168
0.12221299111843109, 0.027506690472364426
