mean, std
0.12878508865833282, 0.10545416921377182
0.1001417264342308, 0.052772313356399536
0.0893869400024414, 0.05093088001012802
0.12521465122699738, 0.0923827663064003
0.11190647631883621, 0.07159244269132614
0.1456877887248993, 0.08333083987236023
0.10645266622304916, 0.08557464927434921
0.07786218822002411, 0.05906747281551361
0.08426478505134583, 0.04657493159174919
0.0729488879442215, 0.04548455774784088
0.05702686309814453, 0.0427747443318367
0.04669386148452759, 0.037230152636766434
0.04639636352658272, 0.03844582661986351
0.05060882493853569, 0.0245567187666893
0.05828674137592316, 0.05280696228146553
0.03322945162653923, 0.0271302442997694
0.04346694424748421, 0.025964831933379173
0.03036676160991192, 0.023337701335549355
0.049713749438524246, 0.03458341583609581
0.04044150188565254, 0.032726649194955826
0.04649082571268082, 0.03041146695613861
0.03154689818620682, 0.021054081618785858
0.024867139756679535, 0.023082492873072624
0.03031323105096817, 0.0247005857527256
0.041088443249464035, 0.03406870737671852
0.050186190754175186, 0.02088887244462967
0.04036995768547058, 0.032590579241514206
0.03775789216160774, 0.031916361302137375
0.03387947753071785, 0.030594781041145325
0.042089756578207016, 0.030759437009692192
0.030163612216711044, 0.0289392601698637
0.038039129227399826, 0.03198669105768204
0.0465548150241375, 0.029900776222348213
0.040949925780296326, 0.024934861809015274
0.03915121406316757, 0.034394074231386185
0.04648592695593834, 0.0309178177267313
0.0546615794301033, 0.042319219559431076
0.0419023260474205, 0.029949190095067024
0.033401425927877426, 0.022618435323238373
0.03494333475828171, 0.028994157910346985
0.03708616644144058, 0.026485953480005264
0.0377303883433342, 0.026012396439909935
0.05410124734044075, 0.03866192325949669
0.054764289408922195, 0.03770815208554268
0.05514734238386154, 0.034950707107782364
0.037621673196554184, 0.03274694085121155
0.03190438449382782, 0.02094903215765953
0.052855104207992554, 0.029246365651488304
0.04960739612579346, 0.027316270396113396
0.05091924965381622, 0.029421700164675713
0.051967207342386246, 0.03347747400403023
0.06210005283355713, 0.04012572765350342
0.03673766180872917, 0.030431263148784637
0.04918218031525612, 0.03522133827209473
0.048869483172893524, 0.03356626257300377
0.04391646385192871, 0.03544938191771507
0.026454394683241844, 0.020962392911314964
0.051954302936792374, 0.03583597391843796
0.06497826427221298, 0.04817403852939606
0.054412826895713806, 0.03016105480492115
0.038580406457185745, 0.021213965490460396
0.04748662933707237, 0.029118793085217476
0.05030165985226631, 0.028863975778222084
0.07001230865716934, 0.049195703119039536
0.07274984568357468, 0.050642531365156174
0.04677228629589081, 0.024392129853367805
0.07103507965803146, 0.0375593863427639
0.06514143198728561, 0.032279375940561295
0.04398137703537941, 0.03138788416981697
0.0511217899620533, 0.038901377469301224
0.039113204926252365, 0.026767797768115997
0.04256165400147438, 0.03294135257601738
0.05388437956571579, 0.042148616164922714
0.06346820294857025, 0.03922831267118454
0.05859602987766266, 0.03731617331504822
0.054480213671922684, 0.03441654145717621
0.03702754154801369, 0.031689684838056564
0.06234406679868698, 0.04361715540289879
0.040427468717098236, 0.036285173147916794
0.07824909687042236, 0.05310754477977753
0.08169496804475784, 0.054773081094026566
0.045913804322481155, 0.02750450000166893
0.05725613608956337, 0.046063538640737534
0.06475186347961426, 0.04169156402349472
0.06817921251058578, 0.026289578527212143
0.05483848974108696, 0.050516363233327866
0.05396529659628868, 0.04223883897066116
0.06169826537370682, 0.03707128018140793
0.07296876609325409, 0.04355355724692345
0.06843646615743637, 0.048667240887880325
0.052551813423633575, 0.03334704414010048
0.05039568990468979, 0.03336293250322342
0.04780413582921028, 0.04603687301278114
0.04256533458828926, 0.026643341407179832
0.052186060696840286, 0.04837653413414955
0.05308512970805168, 0.03434596583247185
0.04892005771398544, 0.03208748251199722
0.05852948874235153, 0.04923729971051216
0.05317049100995064, 0.03707326203584671
0.050289228558540344, 0.04192642495036125
0.06016131117939949, 0.034233808517456055
0.04496108368039131, 0.0332985557615757
0.05478646233677864, 0.04207583889365196
0.06053955852985382, 0.03553815186023712
0.04923238232731819, 0.03529067710042
0.0506245493888855, 0.04092612490057945
0.05136733129620552, 0.038401611149311066
0.05286199972033501, 0.03209247440099716
0.07115621864795685, 0.040425170212984085
0.051614586263895035, 0.043746210634708405
0.04179346188902855, 0.03945660591125488
0.04715616628527641, 0.03541284054517746
0.042825181037187576, 0.03490958362817764
0.04840944707393646, 0.03136715292930603
0.03732386976480484, 0.027659906074404716
0.052053142338991165, 0.04140745848417282
0.06061030924320221, 0.04480428621172905
0.037972282618284225, 0.030687451362609863
0.039830077439546585, 0.03473552688956261
0.04261152446269989, 0.036609947681427
0.04814170300960541, 0.03483397513628006
0.041960835456848145, 0.02302861399948597
0.05630115047097206, 0.03427223488688469
0.07862365245819092, 0.04307764396071434
0.05794297903776169, 0.041785817593336105
0.06700434535741806, 0.041681401431560516
0.04840869829058647, 0.029297368600964546
0.06203065440058708, 0.03696872666478157
0.07022763043642044, 0.05357232689857483
0.0624467208981514, 0.04366711899638176
0.046416621655225754, 0.04067125543951988
0.0374070443212986, 0.03703855350613594
0.06260696798563004, 0.04245942458510399
0.04469455033540726, 0.035981956869363785
0.03621882200241089, 0.026169536635279655
0.03700440749526024, 0.027220316231250763
0.05099991708993912, 0.03902066871523857
0.05169530585408211, 0.028423156589269638
0.06726900488138199, 0.04406861215829849
0.038369499146938324, 0.024344665929675102
0.042436227202415466, 0.034763917326927185
0.06926887482404709, 0.047847721725702286
0.05956825986504555, 0.04596593230962753
0.04990407079458237, 0.03509372100234032
0.06388073414564133, 0.033862099051475525
0.04110313579440117, 0.02533131092786789
0.04475903511047363, 0.031000550836324692
0.04971613362431526, 0.024956481531262398
0.05286657065153122, 0.03320629522204399
0.05734798684716225, 0.027761513367295265
0.05432330444455147, 0.0351405069231987
0.04037194699048996, 0.02563996985554695
0.043600041419267654, 0.020946653559803963
0.05419411137700081, 0.041542548686265945
0.04598795622587204, 0.03211154788732529
0.04090000316500664, 0.024121928960084915
0.03829573094844818, 0.0219122264534235
0.05280335992574692, 0.03228304162621498
0.05562490224838257, 0.04261406511068344
0.05269722267985344, 0.027372095733880997
0.046601660549640656, 0.03389294072985649
0.05615764111280441, 0.04108083248138428
0.0736655592918396, 0.033850569278001785
0.05541735887527466, 0.03070995956659317
0.0464254692196846, 0.03189682215452194
0.048330627381801605, 0.027396734803915024
0.08072078973054886, 0.0340043269097805
0.06256849318742752, 0.03592301905155182
0.0364140123128891, 0.03047979064285755
0.03815076872706413, 0.022930752485990524
0.05044763162732124, 0.029687989503145218
0.05145648866891861, 0.029306968674063683
0.04229319840669632, 0.023134183138608932
0.052189767360687256, 0.03598951920866966
0.050813283771276474, 0.03671802207827568
0.05575273558497429, 0.027820684015750885
0.07661377638578415, 0.05034543201327324
0.06701323390007019, 0.04435409605503082
0.051834456622600555, 0.03745761513710022
0.03720870241522789, 0.024621032178401947
0.043366409838199615, 0.03542870655655861
0.051635436713695526, 0.038067590445280075
0.054684918373823166, 0.04192100837826729
0.06262426823377609, 0.05313762277364731
0.035455502569675446, 0.0314984954893589
0.07675269991159439, 0.049972180277109146
0.03407552093267441, 0.01794985681772232
0.05554911121726036, 0.043348588049411774
0.04949701577425003, 0.036914143711328506
0.03371570631861687, 0.03989088535308838
0.0874423012137413, 0.05394469574093819
0.047962017357349396, 0.03130289167165756
0.06601855903863907, 0.04150767996907234
0.05328063666820526, 0.029982171952724457
0.038081809878349304, 0.030415089800953865
0.045836031436920166, 0.03455575555562973
0.0641687735915184, 0.040614791214466095
0.046794965863227844, 0.030426090583205223
0.04923238232731819, 0.03558645397424698
0.0439426526427269, 0.023164762184023857
0.030997581779956818, 0.016434768214821815
0.0388992503285408, 0.027852758765220642
0.060068462044000626, 0.031998410820961
0.05644191801548004, 0.03756173327565193
0.06339568644762039, 0.03612116351723671
0.036151304841041565, 0.02780064009130001
0.06618312001228333, 0.03303738683462143
0.04449674114584923, 0.03222205862402916
0.05648346245288849, 0.03535374999046326
0.04007882624864578, 0.029998796060681343
0.05115405097603798, 0.036834001541137695
0.02967492677271366, 0.022435421124100685
0.03923686221241951, 0.03658558800816536
0.05729774758219719, 0.034473080188035965
0.04151999205350876, 0.023437950760126114
0.03535924106836319, 0.037027981132268906
0.03980058804154396, 0.025997726246714592
0.05710144713521004, 0.04317889362573624
0.04021792113780975, 0.0353512316942215
0.047611434012651443, 0.03422883525490761
0.06926710158586502, 0.037377141416072845
0.048350948840379715, 0.04961365461349487
0.05660853907465935, 0.029911918565630913
0.0444207526743412, 0.03455799072980881
0.035052839666604996, 0.02581178769469261
0.07163934409618378, 0.04194711893796921
0.04674793779850006, 0.027096062898635864
0.04249837249517441, 0.04354405775666237
0.03724570944905281, 0.02343074046075344
0.06557775288820267, 0.03327498212456703
0.05954407900571823, 0.045382577925920486
0.03323836252093315, 0.03921464458107948
0.06053425371646881, 0.03626176342368126
0.0464387983083725, 0.03197481483221054
0.03155971318483353, 0.03072691522538662
0.04228578135371208, 0.026618054136633873
0.06760876625776291, 0.05112261325120926
0.047532059252262115, 0.02826160378754139
0.05450228601694107, 0.03545514866709709
0.05345998331904411, 0.03450034186244011
0.07573844492435455, 0.048440612852573395
0.05013278126716614, 0.025422420352697372
0.06238038092851639, 0.04484590142965317
0.05321130156517029, 0.03771182894706726
0.0628683939576149, 0.03584552928805351
0.05959322676062584, 0.04113278537988663
0.05918943136930466, 0.05302196741104126
0.05619235709309578, 0.03502732515335083
0.052692387253046036, 0.04079790040850639
0.03726181760430336, 0.03503303974866867
0.06981178373098373, 0.04897122457623482
0.056823424994945526, 0.03404545411467552
0.04818402975797653, 0.02619941160082817
0.04611922428011894, 0.043091192841529846
0.05396384745836258, 0.03743867203593254
0.05544249340891838, 0.03502626717090607
0.033256303519010544, 0.028734246268868446
0.04219929501414299, 0.035740677267313004
0.04733942449092865, 0.03222952410578728
0.03067251667380333, 0.022031474858522415
0.0370352528989315, 0.034672219306230545
0.04080088436603546, 0.027502624318003654
0.05474666506052017, 0.03366788476705551
0.05122753605246544, 0.025134781375527382
0.05102949216961861, 0.035472266376018524
0.0498066283762455, 0.03819166496396065
0.059026606380939484, 0.028582409024238586
0.04961823672056198, 0.02742677368223667
0.03293805569410324, 0.026493027806282043
0.05878133326768875, 0.052799493074417114
0.05609051510691643, 0.028826860710978508
0.06538240611553192, 0.04770387336611748
0.048731181770563126, 0.04026474431157112
0.05019338056445122, 0.0326385535299778
0.0456954650580883, 0.034239865839481354
0.05165374279022217, 0.032534144818782806
0.07719206809997559, 0.039911746978759766
0.06221257522702217, 0.043990716338157654
0.03720690310001373, 0.038539133965969086
0.044772133231163025, 0.03838147222995758
0.07943100482225418, 0.06015978008508682
0.07511160522699356, 0.042652834206819534
0.04390216991305351, 0.021731549873948097
0.06389881670475006, 0.04576869308948517
0.050930455327034, 0.03335939720273018
0.046461284160614014, 0.030710803344845772
0.04706142470240593, 0.03879064694046974
0.04697901010513306, 0.03978852927684784
0.058458633720874786, 0.0382445864379406
0.05829641595482826, 0.05068499222397804
0.06563398241996765, 0.037428028881549835
0.06266667693853378, 0.03330589458346367
0.03067568875849247, 0.02680988982319832
0.05169898271560669, 0.03929385542869568
0.050998419523239136, 0.04492601007223129
0.05274946615099907, 0.041220538318157196
0.04258694127202034, 0.0255172997713089
0.0489051453769207, 0.03252546489238739
0.07252270728349686, 0.0498286597430706
0.04611978307366371, 0.03163864463567734
0.03633229061961174, 0.029442697763442993
0.07759620994329453, 0.044615089893341064
0.08393905311822891, 0.04144204780459404
0.06302719563245773, 0.04331438988447189
0.0664600133895874, 0.05002586543560028
0.050548579543828964, 0.0340484119951725
0.04666702076792717, 0.025911666452884674
0.051611680537462234, 0.030533041805028915
0.04598027467727661, 0.03235296532511711
0.038171034306287766, 0.027416706085205078
0.05027934908866882, 0.03257652744650841
0.04399922490119934, 0.040185704827308655
0.05271698907017708, 0.03386128693819046
0.07957296073436737, 0.04681670293211937
0.07081742584705353, 0.05273345485329628
0.03835710883140564, 0.028276925906538963
0.046774085611104965, 0.035977207124233246
0.03865862265229225, 0.02601502276957035
0.04915018752217293, 0.026225151494145393
0.03878672048449516, 0.033516377210617065
0.05646343529224396, 0.03284255042672157
0.06097413972020149, 0.04506361484527588
0.03688022121787071, 0.03880175203084946
0.08387404680252075, 0.04668542742729187
0.08681067079305649, 0.07052048295736313
0.07891776412725449, 0.045640185475349426
0.04850352182984352, 0.030386675149202347
0.046141039580106735, 0.03126824274659157
0.05657557025551796, 0.05260257422924042
0.05563231185078621, 0.036663249135017395
0.05508936941623688, 0.03596794232726097
0.054889071732759476, 0.03370695188641548
0.060370657593011856, 0.03578087314963341
0.03686017170548439, 0.02527148462831974
0.06618212163448334, 0.054196570068597794
0.05987191200256348, 0.035669270902872086
0.06531242281198502, 0.034466538578271866
0.053041353821754456, 0.03382718935608864
0.047148484736680984, 0.03438775613903999
0.046132732182741165, 0.03772493079304695
0.06241295114159584, 0.03313727676868439
0.028876325115561485, 0.03832423314452171
0.04619623348116875, 0.03732539713382721
0.05437244847416878, 0.037386465817689896
0.035242028534412384, 0.020434780046343803
0.04372847452759743, 0.031774647533893585
0.07217065244913101, 0.03599924221634865
0.08333217352628708, 0.05279167741537094
0.07067403942346573, 0.050825685262680054
0.05934052914381027, 0.03867185115814209
0.04991351068019867, 0.022806067019701004
0.09939660131931305, 0.056756988167762756
0.10596831887960434, 0.061197731643915176
0.05521443486213684, 0.033724818378686905
0.034121476113796234, 0.027224279940128326
0.05385014787316322, 0.043314285576343536
0.04366470128297806, 0.03194911405444145
0.04234382510185242, 0.03478480875492096
0.04729209467768669, 0.03458799794316292
0.05723500996828079, 0.034018781036138535
0.0794122964143753, 0.0347646065056324
0.061075448989868164, 0.04056524857878685
0.032147374004125595, 0.024602511897683144
0.045896369963884354, 0.031178290024399757
0.036379050463438034, 0.02312200702726841
0.04205470159649849, 0.030797455459833145
0.055600814521312714, 0.037466857582330704
0.04755508154630661, 0.02877129428088665
0.052973829209804535, 0.03334615379571915
0.06441543251276016, 0.03719303011894226
0.048768408596515656, 0.027633387595415115
0.044615887105464935, 0.03653275966644287
0.05277203395962715, 0.036567095667123795
0.04611363261938095, 0.027587419375777245
0.0640767365694046, 0.02767062559723854
0.06265323609113693, 0.041373077780008316
0.061872806400060654, 0.038655709475278854
0.04550601541996002, 0.030442003160715103
0.06222625449299812, 0.04704804718494415
0.05036889389157295, 0.046780623495578766
0.0602647140622139, 0.03886833041906357
0.05180772766470909, 0.04021812230348587
0.06585196405649185, 0.044801607728004456
0.030482793226838112, 0.02260906621813774
0.0674135833978653, 0.04317493736743927
0.06197880581021309, 0.04011635482311249
0.04692703112959862, 0.039195023477077484
0.052449923008680344, 0.04133075103163719
0.06777974963188171, 0.043158914893865585
0.07633152604103088, 0.05017434060573578
0.041671816259622574, 0.031966883689165115
0.042805060744285583, 0.03825340420007706
0.08091746270656586, 0.05265384167432785
0.05648874118924141, 0.041400495916604996
0.048228535801172256, 0.03587503731250763
0.03277171775698662, 0.027674606069922447
0.038257453590631485, 0.02804609201848507
0.05529119446873665, 0.036176394671201706
0.06925059854984283, 0.0431474968791008
0.04939829185605049, 0.04868799448013306
0.04409676045179367, 0.03658415004611015
0.09129760414361954, 0.04397121071815491
0.04401138797402382, 0.03667891025543213
0.044514019042253494, 0.025075189769268036
0.08288194239139557, 0.04481568560004234
0.057969849556684494, 0.048582401126623154
0.08050348609685898, 0.04870747774839401
0.03598421439528465, 0.026192616671323776
0.03971414640545845, 0.029544269666075706
0.06087471544742584, 0.056162331253290176
0.053863998502492905, 0.04118566960096359
0.050935592502355576, 0.04691416397690773
0.06043808534741402, 0.045138608664274216
0.029008978977799416, 0.019215915352106094
0.038743164390325546, 0.02971101738512516
0.06012824550271034, 0.032675888389348984
0.07921222597360611, 0.04708019271492958
0.04653268679976463, 0.038638949394226074
0.056341689079999924, 0.029862476512789726
0.05866686627268791, 0.03422945737838745
0.05125308036804199, 0.040831293910741806
0.05456797778606415, 0.03654257580637932
0.04176749661564827, 0.039739739149808884
0.07334394007921219, 0.051765091717243195
0.04512396082282066, 0.029018037021160126
0.06018349900841713, 0.04152088239789009
0.041288696229457855, 0.03993358835577965
0.0832572728395462, 0.039469145238399506
0.06037310138344765, 0.03689789026975632
0.056739408522844315, 0.03871206194162369
0.030220793560147285, 0.02377043478190899
0.039042968302965164, 0.020611613988876343
0.028731591999530792, 0.024789700284600258
0.04123933985829353, 0.028248703107237816
0.04431828483939171, 0.03133344650268555
0.03623678907752037, 0.033233631402254105
0.053388603031635284, 0.037859946489334106
0.055627696216106415, 0.02949727699160576
0.043036095798015594, 0.03378861024975777
0.04716729000210762, 0.025617271661758423
0.05486642196774483, 0.022608229890465736
0.05444491654634476, 0.03446384519338608
0.07023138552904129, 0.05735522136092186
0.07147646695375443, 0.03584166616201401
0.0409366674721241, 0.028294768184423447
0.06205983832478523, 0.0463937483727932
0.04346651956439018, 0.033877477049827576
0.04883553087711334, 0.033200185745954514
0.06238951161503792, 0.03947066888213158
0.07036999613046646, 0.04691478982567787
0.0562392883002758, 0.04527796059846878
0.04730315878987312, 0.036617450416088104
0.0394931323826313, 0.038603801280260086
0.04256509616971016, 0.03774402663111687
0.043314799666404724, 0.026020871475338936
0.05132949352264404, 0.03104611672461033
0.06271271407604218, 0.04814926162362099
0.049416426569223404, 0.0346156544983387
0.07572802156209946, 0.04515935108065605
0.07123586535453796, 0.049004968255758286
0.05406292527914047, 0.0413861945271492
0.052504487335681915, 0.030796967446804047
0.0560813806951046, 0.034543830901384354
0.04289679601788521, 0.03086569719016552
0.04311644658446312, 0.0381946861743927
0.04243650287389755, 0.03629719093441963
0.03894691541790962, 0.02906392142176628
0.06611067801713943, 0.041647475212812424
0.050429731607437134, 0.04252154752612114
0.040424566715955734, 0.032759442925453186
0.05376487225294113, 0.04422963783144951
0.04711011052131653, 0.030275724828243256
0.05034558102488518, 0.028593741357326508
0.053429532796144485, 0.03363509848713875
0.06428869813680649, 0.03677569702267647
0.03164450824260712, 0.025000369176268578
0.0364733450114727, 0.027607722207903862
0.042631376534700394, 0.03647454455494881
0.03985445946455002, 0.034571804106235504
0.03323671966791153, 0.02288571372628212
0.05792326480150223, 0.03277530521154404
0.04880744218826294, 0.029503023251891136
0.05278120934963226, 0.039402592927217484
0.040235958993434906, 0.02381584420800209
0.05370912700891495, 0.034472234547138214
0.04274958744645119, 0.027084393426775932
0.07424674183130264, 0.04011638090014458
0.0596165657043457, 0.04141969978809357
0.07728608697652817, 0.05064402148127556
0.062410514801740646, 0.0441056564450264
0.03986525908112526, 0.03607386350631714
0.06197461113333702, 0.031706564128398895
0.03937211260199547, 0.025036562234163284
0.03415151685476303, 0.019109003245830536
0.029247155413031578, 0.02471502684056759
0.0413912758231163, 0.023688925430178642
0.04730542004108429, 0.035728819668293
0.08095251023769379, 0.04859421029686928
0.05570714920759201, 0.036143139004707336
0.056556690484285355, 0.054334644228219986
0.056104350835084915, 0.04112489894032478
0.07988947629928589, 0.04481116309762001
0.045849818736314774, 0.026640430092811584
0.06980298459529877, 0.038462914526462555
0.06628844887018204, 0.042735230177640915
0.041235167533159256, 0.02978227287530899
0.07153774052858353, 0.05435605347156525
0.05281408876180649, 0.040482692420482635
0.03992723301053047, 0.03298294544219971
0.04593108221888542, 0.028527388349175453
0.07416029274463654, 0.05789424106478691
0.06623896211385727, 0.04203067719936371
0.05483308807015419, 0.034738488495349884
0.058795083314180374, 0.0421295128762722
0.03417397290468216, 0.027147341519594193
0.052870336920022964, 0.038631245493888855
0.05814838409423828, 0.03345350921154022
0.053555820137262344, 0.03808946907520294
0.10139454901218414, 0.06076938286423683
0.05888919159770012, 0.032718680799007416
0.05217290297150612, 0.040436189621686935
0.05649350956082344, 0.047529663890600204
0.06829745322465897, 0.05760630592703819
0.045646052807569504, 0.028852757066488266
0.05274589732289314, 0.04591810703277588
0.05371551960706711, 0.03412259370088577
0.040088944137096405, 0.0369282029569149
0.075313501060009, 0.03875749185681343
0.03429959714412689, 0.019998280331492424
0.04597671329975128, 0.03135604411363602
0.0865001529455185, 0.05629146099090576
0.056436359882354736, 0.030843479558825493
0.0608280785381794, 0.05006789043545723
0.03872262313961983, 0.03328613564372063
0.05194415524601936, 0.034550007432699203
0.04467805102467537, 0.036931682378053665
0.07218321412801743, 0.040164779871702194
0.06819522380828857, 0.036978866904973984
0.05180409178137779, 0.05068373307585716
0.07668180018663406, 0.052929747849702835
0.054530102759599686, 0.03588215261697769
0.03602223098278046, 0.027462970465421677
0.05842246487736702, 0.04400244727730751
0.051812924444675446, 0.03437899798154831
0.047561924904584885, 0.03223856911063194
0.0556071475148201, 0.03748265653848648
0.06945846229791641, 0.041877154260873795
0.04412904754281044, 0.029611315578222275
0.05086681619286537, 0.03554290160536766
0.02964969538152218, 0.028379647061228752
0.06581844389438629, 0.04043145105242729
0.07282862067222595, 0.03785785660147667
0.05176645889878273, 0.03465622663497925
0.06656855344772339, 0.03897511214017868
0.05109221488237381, 0.041336193680763245
0.08077845722436905, 0.04744415730237961
0.05759861692786217, 0.041621264070272446
0.0664372518658638, 0.04517452418804169
0.04976462200284004, 0.03549284115433693
0.04205971956253052, 0.03337671980261803
0.045053452253341675, 0.023835815489292145
0.04202735796570778, 0.03883346915245056
0.07178910076618195, 0.03860628604888916
0.06338973343372345, 0.040937792509794235
0.042148735374212265, 0.02867957577109337
0.03943921998143196, 0.025114011019468307
0.04843686893582344, 0.03278789669275284
0.06680204719305038, 0.04722815006971359
0.047502268105745316, 0.028316155076026917
0.06678935140371323, 0.04375331476330757
0.04594925418496132, 0.03793931007385254
0.047517079859972, 0.04086599126458168
0.040701016783714294, 0.031071245670318604
0.05544670298695564, 0.0331699401140213
0.047128304839134216, 0.0201797466725111
0.03706206753849983, 0.02751227468252182
0.0442747063934803, 0.03354591131210327
0.05527307465672493, 0.040618687868118286
0.042197249829769135, 0.020164404064416885
0.0398036390542984, 0.02740493230521679
0.04013973847031593, 0.03198173642158508
0.0754915401339531, 0.042028144001960754
0.06627590209245682, 0.03796955570578575
0.05452008172869682, 0.04915093630552292
0.04778124764561653, 0.03959067910909653
0.04122813045978546, 0.023152930662035942
0.04798556864261627, 0.021987339481711388
0.037766069173812866, 0.02359241247177124
0.037355292588472366, 0.028647342696785927
0.055876247584819794, 0.04425572603940964
0.05972020700573921, 0.036083754152059555
0.06077559292316437, 0.0407378114759922
0.09980957955121994, 0.042211391031742096
0.04220735281705856, 0.03162052482366562
0.0630638375878334, 0.03378622233867645
0.06214982271194458, 0.0493665374815464
0.053165484219789505, 0.03223462030291557
0.06791520863771439, 0.04276686906814575
0.04548347741365433, 0.034193117171525955
0.025348449125885963, 0.025357114151120186
0.06554559618234634, 0.036683034151792526
0.04116787388920784, 0.025183413177728653
0.0503244586288929, 0.03671425208449364
0.09006325900554657, 0.05244601145386696
0.0563959963619709, 0.03795981779694557
0.05199166014790535, 0.047039370983839035
0.07689817994832993, 0.05080146715044975
0.04060956463217735, 0.026262763887643814
0.07605822384357452, 0.05214758589863777
0.05186157673597336, 0.04559171944856644
0.06420866400003433, 0.027640050277113914
0.058585185557603836, 0.04256483167409897
0.04185236245393753, 0.024638937786221504
0.045946016907691956, 0.024813441559672356
0.05865643545985222, 0.03860733285546303
0.04414891079068184, 0.023440813645720482
0.04417180269956589, 0.03155001252889633
0.051729507744312286, 0.0441412627696991
0.04397246241569519, 0.027087640017271042
0.03918864205479622, 0.031928662210702896
0.047624874860048294, 0.02540711686015129
0.04016585275530815, 0.026682399213314056
0.05095929279923439, 0.039672382175922394
0.09195368736982346, 0.04800038039684296
0.056974563747644424, 0.03845245763659477
0.06614086776971817, 0.03249769285321236
0.05760471895337105, 0.04535254091024399
0.04759581759572029, 0.04284246638417244
0.04732567071914673, 0.03198543190956116
0.03931351378560066, 0.03415631130337715
0.05504356324672699, 0.03163810074329376
0.044549304991960526, 0.030526190996170044
0.11014166474342346, 0.0598565898835659
0.07046261429786682, 0.05367761477828026
0.07543539255857468, 0.0524519644677639
0.05293732136487961, 0.03987335041165352
0.03628997504711151, 0.020823994651436806
0.06421627849340439, 0.04569241404533386
0.04445431008934975, 0.029594793915748596
0.0538642592728138, 0.041791997849941254
0.09181180596351624, 0.04419361799955368
0.048838332295417786, 0.028570646420121193
0.042229946702718735, 0.030991598963737488
0.04979152977466583, 0.045821014791727066
0.04916350916028023, 0.03529512509703636
0.05180977284908295, 0.03585785627365112
0.04965910688042641, 0.030009673908352852
0.05879528820514679, 0.04883430153131485
0.06239880993962288, 0.03723770007491112
0.07471192628145218, 0.05110719054937363
0.0782376304268837, 0.052832238376140594
0.06022834777832031, 0.03409818559885025
0.03256192430853844, 0.021992357447743416
0.04456684738397598, 0.03301870822906494
0.04733318090438843, 0.025434361770749092
0.04895631596446037, 0.02944757789373398
0.05127774551510811, 0.03570754453539848
0.04252910241484642, 0.02932712994515896
0.05219247564673424, 0.027396999299526215
0.039889734238386154, 0.03227737173438072
0.0484197624027729, 0.04522298276424408
0.046558912843465805, 0.025559915229678154
0.05832652375102043, 0.0433867983520031
0.06288707256317139, 0.04266095906496048
0.03973158076405525, 0.02080751769244671
0.07676726579666138, 0.043503619730472565
0.06253396719694138, 0.056481193751096725
0.05018650367856026, 0.028553765267133713
0.041842270642519, 0.036473147571086884
0.06672052294015884, 0.04265134036540985
0.062469661235809326, 0.04185985401272774
0.04781240224838257, 0.03745850548148155
0.04630337655544281, 0.03294457867741585
0.05730925127863884, 0.03343243524432182
0.0467102937400341, 0.040594179183244705
0.10676971822977066, 0.05622087046504021
0.04873962700366974, 0.03884246200323105
0.04784555360674858, 0.03588113933801651
0.07156700640916824, 0.04481329396367073
0.049624815583229065, 0.03469397500157356
0.03693445399403572, 0.024999434128403664
0.07305524498224258, 0.05476435646414757
0.045438509434461594, 0.03457217663526535
0.030788488686084747, 0.02771552838385105
0.03059900552034378, 0.025793367996811867
0.07322780042886734, 0.04815356805920601
0.08150950819253922, 0.04413406550884247
0.051059409976005554, 0.03740980848670006
0.05685456097126007, 0.04277446120977402
0.05884254723787308, 0.0387672558426857
0.05362329259514809, 0.02340606413781643
0.06131137162446976, 0.05334129184484482
0.057763755321502686, 0.04543263465166092
0.07251811027526855, 0.04743099957704544
0.06215878203511238, 0.032698679715394974
0.06630632281303406, 0.03660281002521515
0.024598078802227974, 0.01885502226650715
0.030105041339993477, 0.026941373944282532
0.05925794318318367, 0.04207039624452591
0.05791506543755531, 0.029740916565060616
0.053762175142765045, 0.03431348502635956
0.06078612804412842, 0.037477757781744
0.03930097445845604, 0.03349930793046951
0.03807859495282173, 0.025618206709623337
0.0693710669875145, 0.04183698818087578
0.0430954284965992, 0.031433019787073135
0.07065355032682419, 0.041201092302799225
0.053722627460956573, 0.04612002894282341
0.041189633309841156, 0.03306680917739868
0.05024762824177742, 0.034792229533195496
0.03947081416845322, 0.026591110974550247
0.03998934105038643, 0.032487865537405014
0.02872300148010254, 0.02289072796702385
0.04497915506362915, 0.03610365092754364
0.041352104395627975, 0.04105764999985695
0.03748853877186775, 0.030272765085101128
0.04362165182828903, 0.020723970606923103
0.03584207966923714, 0.02841772884130478
0.07216557115316391, 0.03371400386095047
0.0333251990377903, 0.02238624356687069
0.04636532813310623, 0.03130047023296356
0.0870741754770279, 0.0635206550359726
0.05996869131922722, 0.03652951866388321
0.09456390142440796, 0.043112464249134064
0.047881461679935455, 0.04386567696928978
0.054360415786504745, 0.03652463108301163
0.060072652995586395, 0.030131958425045013
0.06686555594205856, 0.05835995078086853
0.06527987867593765, 0.040510453283786774
0.040506377816200256, 0.036093730479478836
0.04519395902752876, 0.03851565346121788
0.041204314678907394, 0.034654539078474045
0.04914296790957451, 0.0374893918633461
0.04549192264676094, 0.04024419188499451
0.0931992158293724, 0.07074081897735596
0.08814424276351929, 0.050019677728414536
0.07843228429555893, 0.05250228941440582
0.06533675640821457, 0.04592045396566391
0.03818442299962044, 0.029964854940772057
0.04850691929459572, 0.03830373287200928
0.05709727481007576, 0.03182652220129967
0.05188874900341034, 0.03507049009203911
0.060770682990550995, 0.03256922587752342
0.05746271833777428, 0.04716974124312401
0.0684438943862915, 0.04637693986296654
0.061071235686540604, 0.04017457365989685
0.06391332298517227, 0.05377477779984474
0.04361940920352936, 0.037145182490348816
0.04234172776341438, 0.028656790032982826
0.07939241081476212, 0.05155514180660248
0.05483953654766083, 0.045549746602773666
0.045719731599092484, 0.025853022933006287
0.03051760420203209, 0.029753651469945908
0.055130068212747574, 0.040755562484264374
0.08126357197761536, 0.041011691093444824
0.0541321225464344, 0.03631085157394409
0.041452087461948395, 0.036977898329496384
0.04151448607444763, 0.03413822501897812
0.0366932637989521, 0.022223463281989098
0.03598754107952118, 0.03205665200948715
0.06027930974960327, 0.03562835603952408
0.04626402258872986, 0.03196972981095314
0.04330074414610863, 0.029547205194830894
0.05087348818778992, 0.04417538642883301
0.03402291610836983, 0.02417716011404991
0.02811473049223423, 0.020952189341187477
0.07696781307458878, 0.05037498474121094
0.06465274840593338, 0.04296024888753891
0.08395176380872726, 0.06084110215306282
0.0422525592148304, 0.031698063015937805
0.07509420067071915, 0.05132150650024414
0.07033021748065948, 0.05132604390382767
0.0515262596309185, 0.03478631004691124
0.05542938783764839, 0.03470660373568535
0.06644393503665924, 0.051330938935279846
0.05381017550826073, 0.032090917229652405
0.04515266790986061, 0.04132987931370735
0.0621352344751358, 0.04832388460636139
0.03954269364476204, 0.029754305258393288
0.05320586636662483, 0.04445211589336395
0.048593904823064804, 0.035840123891830444
0.041857726871967316, 0.02675129473209381
0.041014958173036575, 0.03696029633283615
0.03790311887860298, 0.025614695623517036
0.0783967599272728, 0.04574761912226677
0.05117044970393181, 0.04547848552465439
0.04967131093144417, 0.033489517867565155
0.04984087496995926, 0.032176949083805084
0.0627865120768547, 0.044794850051403046
0.05331435427069664, 0.028191711753606796
0.07243847846984863, 0.04315507784485817
0.06095968559384346, 0.03550272807478905
0.04539695382118225, 0.029275381937623024
0.06029442325234413, 0.05552597716450691
0.0483722947537899, 0.026719020679593086
0.049491994082927704, 0.038393035531044006
0.04360930994153023, 0.03884373977780342
0.04979221895337105, 0.04269786179065704
0.04133015125989914, 0.028144480660557747
0.03417046740651131, 0.03268449008464813
0.060990262776613235, 0.04564375802874565
0.04855285957455635, 0.028283510357141495
0.0528443269431591, 0.03376361355185509
0.05887642875313759, 0.03131554648280144
0.03671116754412651, 0.034268878400325775
0.040348149836063385, 0.024927396327257156
0.051816176623106, 0.03325200080871582
0.041877198964357376, 0.025846505537629128
0.04529093950986862, 0.032646678388118744
0.04509793594479561, 0.027777893468737602
0.06277008354663849, 0.05790816619992256
0.04484426975250244, 0.024414965882897377
0.04283016175031662, 0.03595302999019623
0.046316422522068024, 0.032502997666597366
0.0305047407746315, 0.03230607509613037
0.039993204176425934, 0.030626436695456505
0.05282803252339363, 0.04495597258210182
0.057735808193683624, 0.03266727179288864
0.047225095331668854, 0.03945958986878395
0.03999795764684677, 0.031040698289871216
0.04117482528090477, 0.03734048083424568
0.04552885890007019, 0.04095432162284851
0.043586429208517075, 0.03216385468840599
0.04710281267762184, 0.047377895563840866
0.05025647208094597, 0.036973986774683
0.09145350009202957, 0.04339245334267616
0.06265377253293991, 0.03772129490971565
0.04682207852602005, 0.02427307702600956
0.0443757064640522, 0.035992566496133804
0.04249047487974167, 0.038646239787340164
0.07237020879983902, 0.05198567360639572
0.04048079624772072, 0.033649343997240067
0.04708966240286827, 0.04006911814212799
0.04443838447332382, 0.031165212392807007
0.037978190928697586, 0.03524534031748772
0.047101620584726334, 0.03653333708643913
0.033263642340898514, 0.029016239568591118
0.06848849356174469, 0.045033182948827744
0.06335337460041046, 0.04469070956110954
0.04943680018186569, 0.041478171944618225
0.07773569226264954, 0.041317638009786606
0.04627074673771858, 0.02707860805094242
0.05058615654706955, 0.032047394663095474
0.05481673777103424, 0.03371347486972809
0.03583763167262077, 0.028430216014385223
0.05829894542694092, 0.037876300513744354
0.03849329799413681, 0.025389952585101128
0.06388276070356369, 0.0339290052652359
0.05042450502514839, 0.03419139236211777
0.060033876448869705, 0.03545147180557251
0.053364671766757965, 0.03263886645436287
0.05549491196870804, 0.03239484131336212
0.06695910543203354, 0.04633285477757454
0.04377806559205055, 0.028742525726556778
0.0617617703974247, 0.04108335077762604
0.05844928324222565, 0.03498265519738197
0.03575756773352623, 0.03901095315814018
0.05159533768892288, 0.04115418344736099
0.06901367753744125, 0.04750842601060867
0.05091109499335289, 0.034118689596652985
0.03950915113091469, 0.039434634149074554
0.04560776427388191, 0.03937527909874916
0.040372613817453384, 0.03163927048444748
0.048843879252672195, 0.04758536070585251
0.03531155362725258, 0.026569601148366928
0.053682807832956314, 0.03125913813710213
0.05712777376174927, 0.039820220321416855
0.060971394181251526, 0.031416017562150955
0.08337626606225967, 0.06580058485269547
0.06052814796566963, 0.04454107582569122
0.046921443194150925, 0.042040470987558365
0.03392716869711876, 0.03629252687096596
0.040915824472904205, 0.025980863720178604
0.029696157202124596, 0.02266496978700161
0.051619753241539, 0.03318518027663231
0.037898480892181396, 0.025065047666430473
0.049900952726602554, 0.03224162384867668
0.06174611300230026, 0.04441440477967262
0.06939753890037537, 0.04471913352608681
0.04296142980456352, 0.030819982290267944
0.0710926279425621, 0.04704836383461952
0.0536048598587513, 0.03976054489612579
0.058084242045879364, 0.04627746343612671
0.0529618002474308, 0.03546011820435524
0.05165481194853783, 0.037994831800460815
0.048228345811367035, 0.03263670578598976
0.05999913439154625, 0.03241017833352089
0.041206374764442444, 0.028397461399435997
0.08262119442224503, 0.042541634291410446
0.0563916377723217, 0.036354225128889084
0.03906690329313278, 0.02752021886408329
0.09593832492828369, 0.06523890048265457
0.05558960884809494, 0.04361443594098091
0.055277563631534576, 0.037253547459840775
0.06770919263362885, 0.0360071137547493
0.04758245125412941, 0.034288324415683746
0.04639405012130737, 0.042019981890916824
0.047585878521203995, 0.04389901086688042
0.05025439336895943, 0.039183784276247025
0.05442751571536064, 0.038018885999917984
0.04668327420949936, 0.041918929666280746
0.055696751922369, 0.03929263353347778
0.055831123143434525, 0.035596344619989395
0.06994552165269852, 0.03902275487780571
0.05881500989198685, 0.051825445145368576
0.030724605545401573, 0.026600021868944168
0.05082515999674797, 0.04261471703648567
0.05061076954007149, 0.03298803046345711
0.05754441022872925, 0.038014695048332214
0.04466569423675537, 0.03230574354529381
0.05516796186566353, 0.04257681220769882
0.04340624436736107, 0.02797497808933258
0.03929045796394348, 0.03285906836390495
0.05254189297556877, 0.03639897704124451
0.03661179542541504, 0.03513362631201744
0.039192888885736465, 0.02756372280418873
0.03719119355082512, 0.030266689136624336
0.035703253000974655, 0.026009030640125275
0.04075042903423309, 0.027483895421028137
0.05337429791688919, 0.032114580273628235
0.05088924616575241, 0.03736000508069992
0.049002859741449356, 0.04336550086736679
0.05396653711795807, 0.040721748024225235
0.04873155057430267, 0.03333175554871559
0.05371114984154701, 0.027889788150787354
0.06572804600000381, 0.05110950395464897
0.10822583734989166, 0.05449280887842178
0.0676993653178215, 0.057906121015548706
0.057681892067193985, 0.04446016252040863
0.04859486222267151, 0.03368474543094635
0.04673285037279129, 0.03279227018356323
0.05798947811126709, 0.04167574644088745
0.031560737639665604, 0.0272402111440897
0.0555746890604496, 0.03961694613099098
0.029863689094781876, 0.02121405303478241
0.042941633611917496, 0.03540167957544327
0.05380570888519287, 0.027439165860414505
0.0433899462223053, 0.03384812921285629
0.04058293253183365, 0.03363979980349541
0.034387703984975815, 0.03128556162118912
0.06047927215695381, 0.0436861626803875
0.050075579434633255, 0.03755089268088341
0.052584920078516006, 0.032775573432445526
0.06491614133119583, 0.038687270134687424
0.04374445974826813, 0.03072763793170452
0.03808613121509552, 0.03134491294622421
0.04957212880253792, 0.036339908838272095
0.04259693995118141, 0.02498698979616165
0.046340346336364746, 0.033798523247241974
0.056913211941719055, 0.05729420855641365
0.06691736727952957, 0.0494709350168705
0.046785030514001846, 0.032537952065467834
0.054495878517627716, 0.03651183471083641
0.06110015884041786, 0.04778022691607475
0.04913569241762161, 0.03276412561535835
0.06670627743005753, 0.02933800406754017
0.046135954558849335, 0.03447512909770012
0.04710881784558296, 0.04751313105225563
0.05344732850790024, 0.04301841929554939
0.043275702744722366, 0.04427390918135643
0.03582694008946419, 0.028003079816699028
0.0864899605512619, 0.03700435534119606
0.044443096965551376, 0.03247920423746109
0.048751216381788254, 0.03736315667629242
0.052870605140924454, 0.03620517626404762
0.04078153148293495, 0.034933749586343765
0.041904814541339874, 0.028623519465327263
0.05070411041378975, 0.03301139920949936
0.05525458976626396, 0.03904792293906212
0.0502905435860157, 0.044303540140390396
0.04887735843658447, 0.030665550380945206
0.04696628451347351, 0.04117044061422348
0.044877514243125916, 0.03264329954981804
0.04417109489440918, 0.027046000584959984
0.05155903100967407, 0.031123662367463112
0.04050322622060776, 0.029604407027363777
0.05014507845044136, 0.035356976091861725
0.05183609947562218, 0.03542439267039299
0.048501599580049515, 0.031040241941809654
0.04175708070397377, 0.02315034344792366
0.053572554141283035, 0.048320237547159195
0.07031943649053574, 0.04293007031083107
0.0414215624332428, 0.02983732707798481
0.0409439355134964, 0.03747829794883728
0.0588480569422245, 0.03466000780463219
0.07521878182888031, 0.05567279830574989
0.048690278083086014, 0.03602717071771622
0.06981882452964783, 0.046680573374032974
0.0517028346657753, 0.04273698106408119
0.04105791077017784, 0.03749898821115494
0.0643681138753891, 0.04408526420593262
0.0646551102399826, 0.04737725853919983
0.056087203323841095, 0.03124251775443554
0.07960004359483719, 0.033540837466716766
0.06714630126953125, 0.05074671655893326
0.04718608409166336, 0.031008228659629822
0.05205311253666878, 0.03625372052192688
0.06767714768648148, 0.041264358907938004
0.06184261292219162, 0.04470793157815933
0.05975792184472084, 0.0329870730638504
0.06372878700494766, 0.034007780253887177
0.029331564903259277, 0.023123012855648994
0.053464509546756744, 0.038428954780101776
0.07797166705131531, 0.05345829948782921
0.056798506528139114, 0.03520641103386879
0.04559480398893356, 0.02947690524160862
0.04051952064037323, 0.023937979713082314
0.04139328375458717, 0.03079928085207939
0.04845086857676506, 0.030289629474282265
0.035941027104854584, 0.02144097350537777
0.04496259242296219, 0.02976956032216549
0.06338655203580856, 0.05369352176785469
0.05791838467121124, 0.03573257848620415
0.06865892559289932, 0.048477526754140854
0.057321470230817795, 0.04243814945220947
0.04805462434887886, 0.034021131694316864
0.06690002977848053, 0.046633996069431305
0.05932974815368652, 0.04771731421351433
0.0667141005396843, 0.039399031549692154
0.06327084451913834, 0.03665376827120781
0.053026724606752396, 0.03563207760453224
0.06573549658060074, 0.046347178518772125
0.03827112540602684, 0.02555757947266102
0.04808548837900162, 0.03307230398058891
0.06073077395558357, 0.04125029966235161
0.08628634363412857, 0.04442625865340233
0.04122332111001015, 0.031842876225709915
0.047251082956790924, 0.02729492262005806
0.04122944548726082, 0.03354038670659065
0.048137400299310684, 0.026522697880864143
0.05460076406598091, 0.03588341921567917
0.050321947783231735, 0.030713532119989395
0.0606650710105896, 0.04394172877073288
0.04010029882192612, 0.02426309324800968
0.05510242283344269, 0.04074007272720337
0.03981243446469307, 0.0321950688958168
0.04595356062054634, 0.02517862431704998
0.041931528598070145, 0.028980456292629242
0.048781126737594604, 0.03495354950428009
0.05965156853199005, 0.04819434508681297
0.07996378093957901, 0.056146103888750076
0.04975029453635216, 0.033983174711465836
0.03664933517575264, 0.02737925574183464
0.04928800091147423, 0.03731916844844818
0.04519663751125336, 0.03176672384142876
0.05704742670059204, 0.02373928762972355
0.05200088024139404, 0.032786887139081955
0.04476197063922882, 0.03187413886189461
0.0434444360435009, 0.0411885529756546
0.05471718683838844, 0.043578099459409714
0.050553712993860245, 0.04023291543126106
0.04473559930920601, 0.03261154890060425
0.05147137492895126, 0.03390343859791756
0.0433344729244709, 0.03503672406077385
0.05546194314956665, 0.033041536808013916
0.04710449278354645, 0.031224176287651062
0.055096641182899475, 0.03148430958390236
0.029152393341064453, 0.033543266355991364
0.04565555974841118, 0.02997683919966221
0.051843732595443726, 0.03163726627826691
0.04568975046277046, 0.031350430101156235
0.036756616085767746, 0.04240332916378975
0.04089469835162163, 0.03296473249793053
0.037405937910079956, 0.026643570512533188
0.05009681358933449, 0.041539594531059265
0.05938559025526047, 0.04333273693919182
0.058446288108825684, 0.03505881875753403
0.09622805565595627, 0.05911879241466522
0.053480010479688644, 0.04095470905303955
0.06318976730108261, 0.04013868793845177
0.07985740154981613, 0.05388108268380165
0.06056787446141243, 0.036880508065223694
0.047794658690690994, 0.03377552703022957
0.06704376637935638, 0.034972187131643295
0.040158823132514954, 0.028831079602241516
0.052464310079813004, 0.0335308276116848
0.06294389814138412, 0.02209576591849327
0.062302324920892715, 0.053548622876405716
0.05228915438055992, 0.0327286459505558
0.06241204962134361, 0.04586547240614891
0.04942435771226883, 0.033589448779821396
0.05840235948562622, 0.042594876140356064
0.05026599392294884, 0.03179099038243294
0.051510825753211975, 0.03130082041025162
0.035461023449897766, 0.030572762712836266
0.04998354986310005, 0.03131571039557457
0.05352606251835823, 0.032534535974264145
0.03837144374847412, 0.02603091672062874
0.04523270204663277, 0.03349509835243225
0.04109051451086998, 0.025107908993959427
0.04929391294717789, 0.03624361753463745
0.03959587588906288, 0.02983546257019043
0.05689562112092972, 0.040763311088085175
0.04034924507141113, 0.03250054270029068
0.052251771092414856, 0.033825237303972244
0.05713927745819092, 0.04064587503671646
0.03783612325787544, 0.026675108820199966
0.0416826531291008, 0.030833423137664795
0.0433022640645504, 0.03301418945193291
0.044968921691179276, 0.02707144431769848
0.049652595072984695, 0.03533962741494179
0.053166039288043976, 0.04436838626861572
0.039455194026231766, 0.026545779779553413
0.04393661022186279, 0.03537655621767044
0.05397067964076996, 0.027244199067354202
0.06185618415474892, 0.03644346073269844
0.05680128559470177, 0.043792277574539185
0.045392684638500214, 0.025583581998944283
0.04688011482357979, 0.03983471915125847
0.05782516300678253, 0.037705931812524796
0.06464667618274689, 0.04067510366439819
0.0389891117811203, 0.03782423213124275
0.05624380335211754, 0.038798995316028595
0.057506218552589417, 0.03974125161767006
0.06474412232637405, 0.04323168098926544
0.04828779026865959, 0.029414670541882515
0.049901507794857025, 0.047324180603027344
0.05383184552192688, 0.03314078226685524
0.050716333091259, 0.049482911825180054
0.06983528286218643, 0.04771812632679939
0.05517438426613808, 0.041214507073163986
0.054683852940797806, 0.03300435468554497
0.09777813404798508, 0.05225508287549019
0.04395805299282074, 0.0363444909453392
0.051673129200935364, 0.038146164268255234
0.09123769402503967, 0.04228790104389191
0.06096402183175087, 0.0457797609269619
0.052139803767204285, 0.035396840423345566
0.036330994218587875, 0.026522109284996986
0.06313512474298477, 0.04022075608372688
0.046616990119218826, 0.02972741238772869
0.05278274789452553, 0.03983841836452484
0.05044781416654587, 0.0402592234313488
0.04026234149932861, 0.030510203912854195
0.048506688326597214, 0.02916986308991909
0.03650945425033569, 0.020436454564332962
0.05729644373059273, 0.04048152640461922
0.05778443068265915, 0.04174959287047386
0.04986126348376274, 0.034326791763305664
0.04419052600860596, 0.029079271480441093
0.05712972953915596, 0.031827572733163834
0.041812945157289505, 0.031983040273189545
0.0523991733789444, 0.031611863523721695
0.05715920403599739, 0.04442618414759636
0.04437721148133278, 0.034427959471940994
0.0511387474834919, 0.030382150784134865
0.054613273590803146, 0.027882980182766914
0.062349386513233185, 0.04088350385427475
0.04388730600476265, 0.04054697975516319
0.042777836322784424, 0.028134822845458984
0.05473755672574043, 0.03970273211598396
0.04539020359516144, 0.027162685990333557
0.08091989904642105, 0.04611175134778023
0.07534799724817276, 0.04414963722229004
0.07581187039613724, 0.03858596831560135
0.08395891636610031, 0.04052115976810455
0.0657845288515091, 0.033807456493377686
0.05954571068286896, 0.04886714369058609
0.059927716851234436, 0.04001930356025696
0.06857100129127502, 0.03744998574256897
0.058739323168992996, 0.03602619469165802
0.07727032154798508, 0.06237410381436348
0.03840097784996033, 0.030897654592990875
0.041061870753765106, 0.027158508077263832
0.06866267323493958, 0.04896821826696396
0.0575961209833622, 0.03017500415444374
0.0620524100959301, 0.03812102973461151
0.06223854795098305, 0.04473748803138733
0.08882047981023788, 0.0605614073574543
0.055308885872364044, 0.03578808531165123
0.045692700892686844, 0.033046893775463104
0.035157110542058945, 0.034169189631938934
0.03937146067619324, 0.02729758620262146
0.07171158492565155, 0.04378701001405716
0.05567289888858795, 0.03264828026294708
0.0563100129365921, 0.0389128178358078
0.043169014155864716, 0.02793450839817524
0.03937483951449394, 0.03161000832915306
0.05189800634980202, 0.04013174772262573
0.051362644881010056, 0.0373961441218853
0.07299482077360153, 0.03735010698437691
0.05733705312013626, 0.04681943729519844
0.06520117074251175, 0.05331159010529518
0.05048295855522156, 0.032360631972551346
0.06039633974432945, 0.037199534475803375
0.05196307972073555, 0.03405211865901947
0.04742554575204849, 0.03576132282614708
0.0587853267788887, 0.039841555058956146
0.054547492414712906, 0.032488275319337845
0.04669677093625069, 0.032125506550073624
0.053456585854291916, 0.03215962275862694
0.05003301799297333, 0.03949027135968208
0.05250881239771843, 0.04316238313913345
0.04801724851131439, 0.02949925698339939
0.052722059190273285, 0.034340038895606995
0.03237765282392502, 0.020679306238889694
0.04782092198729515, 0.03427978977560997
0.03490503132343292, 0.026412544772028923
0.06483620405197144, 0.055966783314943314
0.047120340168476105, 0.030976690351963043
0.06894680112600327, 0.044125743210315704
0.05036013573408127, 0.04063847288489342
0.06633434444665909, 0.04722858592867851
0.039336882531642914, 0.033507391810417175
0.07492349296808243, 0.03926723077893257
0.05880974605679512, 0.03292438015341759
0.06429130584001541, 0.05507596209645271
0.07285288721323013, 0.0579371377825737
0.06792829930782318, 0.039606135338544846
0.03678305074572563, 0.03015023097395897
0.053243156522512436, 0.03892649710178375
0.07008940726518631, 0.04694071039557457
0.07331396639347076, 0.0464664064347744
0.03955141827464104, 0.03610043227672577
0.04581627622246742, 0.029969362542033195
0.053344160318374634, 0.03532682731747627
0.059594426304101944, 0.04081541299819946
0.05109242722392082, 0.037127535790205
0.06335712969303131, 0.0487452857196331
0.055192504078149796, 0.045237861573696136
0.049795251339673996, 0.03852275386452675
0.05258302390575409, 0.04278815910220146
0.04822216555476189, 0.032067298889160156
0.0374307706952095, 0.025937533006072044
0.05057039484381676, 0.041359033435583115
0.07662104815244675, 0.04350541904568672
0.07181455940008163, 0.059147294610738754
0.06436175107955933, 0.04277889057993889
0.07527440041303635, 0.05855824425816536
0.052882999181747437, 0.03421435132622719
0.059814706444740295, 0.035202737897634506
0.02902626059949398, 0.025142710655927658
0.05127197504043579, 0.03673559054732323
0.044087398797273636, 0.031815119087696075
0.04498371109366417, 0.03435930237174034
0.03905249387025833, 0.03201859071850777
0.051165871322155, 0.041452907025814056
0.04282025620341301, 0.030782435089349747
0.058006711304187775, 0.04041549563407898
0.050286415964365005, 0.03719222545623779
0.046082187443971634, 0.03492060303688049
0.04108751192688942, 0.02809625305235386
0.050364796072244644, 0.031467948108911514
0.04696153104305267, 0.0478019192814827
0.05095371976494789, 0.029944943264126778
0.04542221128940582, 0.03253386542201042
0.050947997719049454, 0.038257259875535965
0.04747490957379341, 0.032618217170238495
0.04479508474469185, 0.039648547768592834
0.0429258719086647, 0.04097535088658333
0.07034444808959961, 0.057590749114751816
0.07102848589420319, 0.04086267948150635
0.051468271762132645, 0.03879592567682266
0.04855220019817352, 0.02747182920575142
0.03758357837796211, 0.03590507432818413
0.0619557686150074, 0.04650060459971428
0.07769405841827393, 0.058436695486307144
0.04902942478656769, 0.03913804888725281
0.05227697268128395, 0.03207775577902794
0.0416266992688179, 0.032745953649282455
0.06851742416620255, 0.06063351780176163
0.06407039612531662, 0.038907989859580994
0.05289505422115326, 0.04885667935013771
0.05805845558643341, 0.044816356152296066
0.054808907210826874, 0.046136997640132904
0.045458801090717316, 0.02474246732890606
0.053406212478876114, 0.03482517600059509
0.059206146746873856, 0.03701526299118996
0.03809012472629547, 0.026237858459353447
0.049546536058187485, 0.033639710396528244
0.04314040020108223, 0.03295615315437317
0.06610498577356339, 0.039797794073820114
0.047274284064769745, 0.026238128542900085
0.05804876610636711, 0.050158511847257614
0.05789627134799957, 0.040550440549850464
0.048616036772727966, 0.03442126139998436
0.07798859477043152, 0.048413340002298355
0.09698008745908737, 0.057965874671936035
0.0439612902700901, 0.029989244416356087
0.05665222182869911, 0.03428910672664642
0.06802501529455185, 0.046890418976545334
0.09086358547210693, 0.05088866874575615
0.0753992572426796, 0.039306867867708206
0.05409699305891991, 0.04196125641465187
0.046446967869997025, 0.035074952989816666
0.08385152369737625, 0.05688352882862091
0.043636247515678406, 0.03624119609594345
0.047482360154390335, 0.03575386106967926
0.05656501278281212, 0.04094507917761803
0.0663393884897232, 0.040078770369291306
0.05749337002635002, 0.05318952724337578
0.030219048261642456, 0.032937079668045044
0.03711696341633797, 0.025487536564469337
0.05028345435857773, 0.02572505734860897
0.05365355685353279, 0.030523890629410744
0.040758658200502396, 0.03688665106892586
0.04721410945057869, 0.03316756337881088
0.04823268577456474, 0.033219486474990845
0.04411354288458824, 0.031196897849440575
0.036275554448366165, 0.022836001589894295
0.0509321503341198, 0.042635612189769745
0.040163636207580566, 0.034228142350912094
0.04053806513547897, 0.03535061702132225
0.06619486212730408, 0.04190102219581604
0.03733484074473381, 0.02650160901248455
0.04895676299929619, 0.04112370312213898
0.05388127639889717, 0.027969667688012123
0.05435158684849739, 0.04243432730436325
0.0468776635825634, 0.03258359432220459
0.05391771346330643, 0.03514226898550987
0.04761214181780815, 0.03159695863723755
0.05283363536000252, 0.03848286718130112
0.03731917962431908, 0.025616241618990898
0.05086063966155052, 0.036774080246686935
0.060616057366132736, 0.05051901936531067
0.08806813508272171, 0.04361947998404503
0.07796452194452286, 0.04043922573328018
0.04433482512831688, 0.03320964053273201
0.057862453162670135, 0.04198072478175163
0.06753570586442947, 0.04288902133703232
0.03942141309380531, 0.025074664503335953
0.036953750997781754, 0.03303639590740204
0.04410094767808914, 0.03859488666057587
0.05325375869870186, 0.042810726910829544
0.03795570135116577, 0.03333034738898277
0.05044716224074364, 0.03383795544505119
0.05767037346959114, 0.04346195608377457
0.07431837916374207, 0.0380278155207634
0.06730637699365616, 0.05144719034433365
0.05681881681084633, 0.033959757536649704
0.05989290028810501, 0.037370409816503525
0.03303338959813118, 0.028954284265637398
0.06583806872367859, 0.03149966895580292
0.05710563436150551, 0.03397689014673233
0.040916938334703445, 0.025665132328867912
0.05701223388314247, 0.027476461604237556
0.0566643550992012, 0.03922146558761597
0.042684637010097504, 0.028473153710365295
0.05394637957215309, 0.038339339196681976
0.057442545890808105, 0.0511486642062664
0.04925178736448288, 0.03956318274140358
0.03438232094049454, 0.024125752970576286
0.042481474578380585, 0.03565949201583862
0.07142525166273117, 0.04549914598464966
0.03617994114756584, 0.04339965432882309
0.05982647463679314, 0.029068125411868095
0.054218944162130356, 0.03834398463368416
0.05703489109873772, 0.03735339269042015
0.0544511117041111, 0.0336255319416523
0.04169894754886627, 0.03993818536400795
0.03917095810174942, 0.03044593520462513
0.05278339236974716, 0.034629471600055695
0.05016447231173515, 0.03531578928232193
0.05487765744328499, 0.03427364304661751
0.04841499775648117, 0.04025282338261604
0.04356398433446884, 0.03382148966193199
0.056470174342393875, 0.034269727766513824
0.06343475729227066, 0.04256173223257065
0.06083272770047188, 0.05382155999541283
0.03726925700902939, 0.02940702997148037
0.08642110973596573, 0.0556708425283432
0.04376766085624695, 0.03428083285689354
0.05707968771457672, 0.030889015644788742
0.059368446469306946, 0.03342374786734581
0.047748442739248276, 0.028194105252623558
0.039093662053346634, 0.03306536749005318
0.04741396754980087, 0.039527952671051025
0.0646151751279831, 0.03562144935131073
0.04060393199324608, 0.03774674981832504
0.04083855822682381, 0.04628774896264076
0.030644947662949562, 0.02323962189257145
0.056729912757873535, 0.03612103313207626
0.0366780124604702, 0.02976185828447342
0.05649084597826004, 0.04866395518183708
0.06416749209165573, 0.032525043934583664
0.05987450107932091, 0.032724641263484955
0.043482113629579544, 0.02928807958960533
0.05191574990749359, 0.03611118718981743
0.05149799585342407, 0.0356222428381443
0.0595526285469532, 0.03861524909734726
0.07033498585224152, 0.05029286444187164
0.04856361821293831, 0.035978224128484726
0.07072557508945465, 0.04206240922212601
0.05974312499165535, 0.03910881653428078
0.05029679462313652, 0.023750396445393562
0.04319668188691139, 0.030097568407654762
0.042834676802158356, 0.025013230741024017
0.04166438430547714, 0.032464444637298584
0.032569315284490585, 0.028177956119179726
0.03020152449607849, 0.02092176489531994
0.027900759130716324, 0.024579375982284546
0.03734464570879936, 0.027509497478604317
0.039661306887865067, 0.02467445656657219
0.043993979692459106, 0.03436777740716934
0.05890088155865669, 0.03173721954226494
0.0598885677754879, 0.036687999963760376
0.06389960646629333, 0.03623560443520546
0.030622906982898712, 0.02259872853755951
0.034047361463308334, 0.02801370434463024
0.053045060485601425, 0.02662665769457817
0.04834394156932831, 0.03367359936237335
0.06459323316812515, 0.05140018090605736
0.07481200248003006, 0.039755742996931076
0.05125560238957405, 0.028083527460694313
0.053098637610673904, 0.030736586079001427
0.0625087097287178, 0.04057027027010918
0.043919652700424194, 0.03388479724526405
0.053524184972047806, 0.044564247131347656
0.035192087292671204, 0.02557920664548874
0.05443425849080086, 0.03344999626278877
0.05798621475696564, 0.038712069392204285
0.04762383922934532, 0.03824011981487274
0.05161116644740105, 0.03428289294242859
0.0583215169608593, 0.04128401726484299
0.05336419865489006, 0.03438208997249603
0.04827762395143509, 0.027610722929239273
0.054763708263635635, 0.04796605557203293
0.05081139877438545, 0.027587570250034332
0.05534054711461067, 0.03358481824398041
0.048507120460271835, 0.02898257225751877
0.05598755553364754, 0.03971238434314728
0.05973948910832405, 0.040345698595047
0.038736529648303986, 0.03331201151013374
0.0474267341196537, 0.037726715207099915
0.07559668272733688, 0.04433184117078781
0.058460380882024765, 0.030718635767698288
0.04814233258366585, 0.025106847286224365
0.03709726780653, 0.020166469737887383
0.055146511644124985, 0.04657195135951042
0.049897246062755585, 0.03927590325474739
0.03326864913105965, 0.032536279410123825
0.05077600106596947, 0.04383302107453346
0.040139514952898026, 0.03031250461935997
0.040224503725767136, 0.04316563531756401
0.053933996707201004, 0.033821143209934235
0.0599249005317688, 0.03833051398396492
0.06790553033351898, 0.05010586977005005
0.047243326902389526, 0.033468566834926605
0.06284724920988083, 0.036872152239084244
0.05303378403186798, 0.03529470041394234
0.04222305491566658, 0.032932013273239136
0.05002041533589363, 0.028823895379900932
0.04687783867120743, 0.03805466741323471
0.03914330527186394, 0.01985403709113598
0.0806954950094223, 0.05794629082083702
0.03412281721830368, 0.028377383947372437
0.04986164718866348, 0.03205803781747818
0.06767942011356354, 0.043073780834674835
0.05686613544821739, 0.045168448239564896
0.049065202474594116, 0.027490513399243355
0.05680733174085617, 0.03535425662994385
0.06611832231283188, 0.04181603342294693
0.04701834172010422, 0.025179482996463776
0.05920220911502838, 0.049094412475824356
0.06935107707977295, 0.047425273805856705
0.0753810852766037, 0.04871400073170662
0.04299551248550415, 0.03547123819589615
0.05689256265759468, 0.04257382079958916
0.05916372314095497, 0.054427552968263626
0.04350420832633972, 0.0257822647690773
0.05567779019474983, 0.02532135136425495
0.06327608227729797, 0.047193773090839386
0.1002102792263031, 0.048874810338020325
0.07050871849060059, 0.05098889023065567
0.04177263751626015, 0.022170905023813248
0.051677361130714417, 0.03607254847884178
0.06309996545314789, 0.029595311731100082
0.048180703073740005, 0.031176332384347916
0.044919151812791824, 0.02723430097103119
0.049520451575517654, 0.040008652955293655
0.06708846241235733, 0.04725375398993492
0.038137879222631454, 0.033037710934877396
0.04897870868444443, 0.0296784620732069
0.0451538972556591, 0.03449786826968193
0.06503394991159439, 0.03901314362883568
0.08110224455595016, 0.05501583218574524
0.03238325193524361, 0.02645771950483322
0.05704871192574501, 0.02967100590467453
0.06076354533433914, 0.04137412831187248
0.03141406551003456, 0.013041497208178043
0.0657501220703125, 0.04346399009227753
0.03399825841188431, 0.022624913603067398
0.06282166391611099, 0.029999978840351105
0.04884623736143112, 0.034280553460121155
0.042597949504852295, 0.02782871015369892
0.05228259786963463, 0.036205876618623734
0.045029040426015854, 0.03142906725406647
0.07235901057720184, 0.04333716630935669
0.032199401408433914, 0.019605327397584915
0.053628791123628616, 0.02585679665207863
0.048071637749671936, 0.03053928166627884
0.04654225707054138, 0.03691312298178673
0.05874333158135414, 0.048818543553352356
0.07661604881286621, 0.04030037298798561
0.040451571345329285, 0.03463201969861984
0.052796296775341034, 0.03325524926185608
0.04832020774483681, 0.03297656774520874
0.0408451072871685, 0.028119927272200584
0.05435347557067871, 0.033329032361507416
0.054214201867580414, 0.03414607048034668
