mean, std
0.14539717137813568, 0.013882577419281006
0.11172587424516678, 0.011149737983942032
0.09849748760461807, 0.010159541852772236
0.09651137888431549, 0.01152449008077383
0.09748600423336029, 0.008155622519552708
0.09646464139223099, 0.011059381999075413
0.09645067900419235, 0.008491956628859043
0.09767910093069077, 0.015392820350825787
0.09807596355676651, 0.014871866442263126
0.09912043064832687, 0.011495369486510754
0.08504647016525269, 0.01166399847716093
0.07695604860782623, 0.015433844178915024
0.0771985650062561, 0.018797818571329117
0.07179763168096542, 0.009480020962655544
0.0704486072063446, 0.013389527797698975
0.07637723535299301, 0.01350601576268673
0.07448583096265793, 0.01829555816948414
0.07777774333953857, 0.023300575092434883
0.08317789435386658, 0.021810775622725487
0.08035607635974884, 0.016292616724967957
0.07775770872831345, 0.01719776540994644
0.07448653876781464, 0.021267082542181015
0.07272706925868988, 0.012298858724534512
0.07279466092586517, 0.01692434586584568
0.08411780744791031, 0.02542135864496231
0.07576186954975128, 0.013771592639386654
0.08406242728233337, 0.016607142984867096
0.0778784304857254, 0.015015345066785812
0.07161317765712738, 0.013676703907549381
0.08411065489053726, 0.022894637659192085
0.08525589853525162, 0.03162791207432747
0.08143285661935806, 0.017360080033540726
0.0762043222784996, 0.01927679032087326
0.08327905833721161, 0.016977766528725624
0.0828445553779602, 0.01766577921807766
0.07955256849527359, 0.016493402421474457
0.08485694974660873, 0.015544475056231022
0.0804549902677536, 0.01847796142101288
0.09086791425943375, 0.023527104407548904
0.08172235637903214, 0.012671418488025665
0.07673905789852142, 0.014898834750056267
0.08068972080945969, 0.013564122840762138
0.09166135638952255, 0.019946444779634476
0.09285864233970642, 0.031265467405319214
0.08273909986019135, 0.01867171749472618
0.08343859761953354, 0.022546574473381042
0.08011418581008911, 0.0229329951107502
0.08682455867528915, 0.021725986152887344
0.07941440492868423, 0.013354860246181488
0.07758171111345291, 0.02362823486328125
0.08897551149129868, 0.021366378292441368
0.08365786820650101, 0.019202623516321182
0.08257992565631866, 0.020580966025590897
0.08173763006925583, 0.01968052051961422
0.08809256553649902, 0.01471091527491808
0.07619849592447281, 0.01632809080183506
0.0853499099612236, 0.015921201556921005
0.08137136697769165, 0.01708449237048626
0.0790712833404541, 0.01726709119975567
0.08813851326704025, 0.01860750839114189
0.08081647008657455, 0.01972019113600254
0.0940515398979187, 0.03228224813938141
0.08824775367975235, 0.02411554753780365
0.07638335973024368, 0.0176044013351202
0.08288678526878357, 0.01872183568775654
0.07081738859415054, 0.015803834423422813
0.08657301962375641, 0.02164815366268158
0.0896930918097496, 0.027255835011601448
0.0864839181303978, 0.037348490208387375
0.07898984104394913, 0.015804193913936615
0.0830785408616066, 0.018715841695666313
0.0776318833231926, 0.01650567166507244
0.08853497356176376, 0.027391232550144196
0.08123572915792465, 0.01825503632426262
0.08830783516168594, 0.018201494589447975
0.08842525631189346, 0.02156398631632328
0.0833713561296463, 0.018569709733128548
0.07856515049934387, 0.01629663072526455
0.09026509523391724, 0.02281280606985092
0.0782545879483223, 0.020391566678881645
0.07609694451093674, 0.019543496891856194
0.07602319121360779, 0.015907172113656998
0.07768060266971588, 0.021649396046996117
0.08864990621805191, 0.020003924146294594
0.08215189725160599, 0.012949986383318901
0.08458191901445389, 0.022492647171020508
0.08291862905025482, 0.01900441013276577
0.08015550673007965, 0.022954681888222694
0.08274482190608978, 0.026392120867967606
0.0838719829916954, 0.02205822803080082
0.07336317747831345, 0.015859656035900116
0.0854540467262268, 0.021636420860886574
0.08223474770784378, 0.019465500488877296
0.08083727955818176, 0.015267499722540379
0.0844624862074852, 0.021427609026432037
0.07911006361246109, 0.018448185175657272
0.08722878247499466, 0.025660930201411247
0.08688996732234955, 0.02706304006278515
0.07692526280879974, 0.016469918191432953
0.08746930956840515, 0.02469082921743393
0.07843433320522308, 0.018802974373102188
0.08367518335580826, 0.02566104754805565
0.08761663734912872, 0.02330322377383709
0.08935664594173431, 0.029803788289427757
0.08003781735897064, 0.022484036162495613
0.07897227257490158, 0.02241874299943447
0.07907234132289886, 0.021548151969909668
0.07991211861371994, 0.023762524127960205
0.08052540570497513, 0.019289571791887283
0.08182260394096375, 0.01719108782708645
0.08321131765842438, 0.023645799607038498
0.0826040655374527, 0.02662608027458191
0.07661141455173492, 0.013434396125376225
0.07950843870639801, 0.023200206458568573
0.08279523253440857, 0.03702912479639053
0.08120881766080856, 0.014253666624426842
0.08937965333461761, 0.027165135368704796
0.07897507399320602, 0.01699873059988022
0.07995299994945526, 0.024168159812688828
0.08763157576322556, 0.024833936244249344
0.06831292062997818, 0.012894080951809883
0.07893362641334534, 0.016479844227433205
0.07847188413143158, 0.02392076700925827
0.07720018178224564, 0.02042478695511818
0.07476311177015305, 0.023425042629241943
0.07693716138601303, 0.01999996230006218
0.07238698750734329, 0.017363229766488075
0.08098774403333664, 0.01880568452179432
0.0701434388756752, 0.015582079999148846
0.07995469868183136, 0.021670082584023476
0.08009699732065201, 0.019093433395028114
0.07977354526519775, 0.023974783718585968
0.08129560947418213, 0.017226973548531532
0.0776340588927269, 0.021311668679118156
0.07651691883802414, 0.025961730629205704
0.08149562776088715, 0.020450690761208534
0.0750117152929306, 0.022470856085419655
0.08027606457471848, 0.021519029513001442
0.07041987776756287, 0.01896362006664276
0.08558611571788788, 0.025899941101670265
0.08269663155078888, 0.019816400483250618
0.07483462244272232, 0.020230693742632866
0.07683885097503662, 0.01481424830853939
0.07853111624717712, 0.019974494352936745
0.08606591075658798, 0.024019762873649597
0.08502897620201111, 0.022221585735678673
0.07829608768224716, 0.01894843392074108
0.08565948158502579, 0.023292293772101402
0.07951793819665909, 0.01743103191256523
0.0764378234744072, 0.01822371408343315
0.07805205136537552, 0.012107554823160172
0.07440515607595444, 0.020952530205249786
0.0712449699640274, 0.0130601292476058
0.07533451169729233, 0.022477077320218086
0.08128201216459274, 0.017752578482031822
0.07753405719995499, 0.02219417691230774
0.0808275043964386, 0.021670754998922348
0.0781756266951561, 0.01651671715080738
0.07816667854785919, 0.020209824666380882
0.0785142108798027, 0.02139396406710148
0.07558742165565491, 0.01604408025741577
0.07635106891393661, 0.021516570821404457
0.07787223905324936, 0.02400832064449787
0.08270148187875748, 0.026883171871304512
0.07102862745523453, 0.01334394607692957
0.08094031363725662, 0.021139511838555336
0.06631448864936829, 0.015254183672368526
0.0817660242319107, 0.020619118586182594
0.07152436673641205, 0.016858063638210297
0.07334713637828827, 0.016217093914747238
0.0732584297657013, 0.020310640335083008
0.07872799783945084, 0.024860892444849014
0.07478724420070648, 0.018424304202198982
0.0698753371834755, 0.01208519097417593
0.0767502561211586, 0.016762439161539078
0.07940887659788132, 0.02597881481051445
0.07982263714075089, 0.02040344849228859
0.06873119622468948, 0.02192102000117302
0.06606511026620865, 0.021754765883088112
0.07557845860719681, 0.01988215371966362
0.07480714470148087, 0.017169976606965065
0.07101859152317047, 0.021064549684524536
0.06867638975381851, 0.020354148000478745
0.07100699841976166, 0.016978377476334572
0.07489786297082901, 0.019847610965371132
0.06866611540317535, 0.025139831006526947
0.06796667724847794, 0.017452409490942955
0.07258622348308563, 0.015047303400933743
0.08126549422740936, 0.01771390624344349
0.06892930716276169, 0.013858483172953129
0.08362080901861191, 0.02492331899702549
0.07919067144393921, 0.02159249596297741
0.08282983303070068, 0.02778821624815464
0.0680699273943901, 0.018659798428416252
0.07529381662607193, 0.026134604588150978
0.07211627811193466, 0.017790324985980988
0.07398506999015808, 0.019806165248155594
0.06515352427959442, 0.013783114030957222
0.07908302545547485, 0.022342393174767494
0.07227083295583725, 0.017260055989027023
0.0782773345708847, 0.019517438486218452
0.07628842443227768, 0.013920508325099945
0.06986105442047119, 0.018606025725603104
0.0703321099281311, 0.015802884474396706
0.07657789438962936, 0.017687499523162842
0.06954274326562881, 0.01723698154091835
0.0679665133357048, 0.018954681232571602
0.07437411695718765, 0.020353905856609344
0.07225407660007477, 0.018649956211447716
0.06774092465639114, 0.013107587583363056
0.07233273983001709, 0.01897929236292839
0.07062207907438278, 0.020726095885038376
0.08188185095787048, 0.02588360570371151
0.06960562616586685, 0.01756340079009533
0.07162968814373016, 0.01990959793329239
0.07606960833072662, 0.021752838045358658
0.07154810428619385, 0.01798493042588234
0.07567618042230606, 0.016761191189289093
0.08712483197450638, 0.019291765987873077
0.07246057689189911, 0.014234972186386585
0.0739804208278656, 0.021804578602313995
0.07029237598180771, 0.01492661889642477
0.06895546615123749, 0.011712683364748955
0.06775737553834915, 0.023035205900669098
0.0757928267121315, 0.022551558911800385
0.07053808867931366, 0.024266604334115982
0.061341311782598495, 0.014967557974159718
0.0739113911986351, 0.01948701962828636
0.07814335078001022, 0.019060060381889343
0.0781458392739296, 0.023688411340117455
0.07274124771356583, 0.020700309425592422
0.07283839583396912, 0.011234349571168423
0.07347376644611359, 0.0185598973184824
0.08147300779819489, 0.02619340643286705
0.06974920630455017, 0.020150555297732353
0.07336262613534927, 0.023432426154613495
0.07569630444049835, 0.01943182200193405
0.08424343168735504, 0.0216322410851717
0.06911517679691315, 0.013902260921895504
0.0742684006690979, 0.022839896380901337
0.07597500830888748, 0.022353732958436012
0.06874525547027588, 0.018397564068436623
0.07599324733018875, 0.02039465680718422
0.06732385605573654, 0.014062166213989258
0.077689029276371, 0.02589680813252926
0.06928583234548569, 0.014467890374362469
0.07168728113174438, 0.017693733796477318
0.06754571199417114, 0.013206127099692822
0.0742158517241478, 0.016050221398472786
0.079181969165802, 0.024855101481080055
0.08020847290754318, 0.018439503386616707
0.08165744692087173, 0.028894618153572083
0.06987995654344559, 0.021100100129842758
0.0697525143623352, 0.015521765686571598
0.06429622322320938, 0.016610778868198395
0.0796453207731247, 0.01996670477092266
0.06836366653442383, 0.015242969617247581
0.06690273433923721, 0.016108576208353043
0.06938518583774567, 0.01581437513232231
0.0749145895242691, 0.020974962040781975
0.06911028176546097, 0.023900654166936874
0.06701283901929855, 0.018374018371105194
0.07661560922861099, 0.018622277304530144
0.07315138727426529, 0.02250087633728981
0.07821225374937057, 0.02252829819917679
0.07201015949249268, 0.022550566121935844
0.06832345575094223, 0.017275981605052948
0.07499035447835922, 0.022366924211382866
0.06687439233064651, 0.018076857551932335
0.07064357399940491, 0.01813981495797634
0.0769079178571701, 0.02107660472393036
0.07989178597927094, 0.021524395793676376
0.07034701108932495, 0.020048297941684723
0.07024037837982178, 0.012431752867996693
0.06758496910333633, 0.015145180746912956
0.06744859367609024, 0.019169656559824944
0.08172740787267685, 0.019382914528250694
0.06906739622354507, 0.018753260374069214
0.07352284342050552, 0.014370733872056007
0.07281231135129929, 0.016917264088988304
0.07234201580286026, 0.02359112538397312
0.0642983689904213, 0.013625063933432102
0.07031835615634918, 0.017364516854286194
0.0761125236749649, 0.018512489274144173
0.07686241716146469, 0.021794937551021576
0.06913797557353973, 0.020959677174687386
0.07141343504190445, 0.022287342697381973
0.0715031698346138, 0.014587321318686008
0.06813099980354309, 0.01613585650920868
0.0635661780834198, 0.01836952567100525
0.07330819219350815, 0.022165343165397644
0.07458297163248062, 0.022320318967103958
0.07119930535554886, 0.021667078137397766
0.07639531046152115, 0.013081306591629982
0.06505440175533295, 0.021784570068120956
0.07895204424858093, 0.017447637394070625
0.07235298305749893, 0.01548008993268013
0.07745606452226639, 0.022859707474708557
0.076463483273983, 0.01918269880115986
0.07168611139059067, 0.015198036096990108
0.07633747160434723, 0.015752024948596954
0.082632876932621, 0.018292497843503952
0.0758650004863739, 0.018610332161188126
0.07714229077100754, 0.019823813810944557
0.07164046913385391, 0.020138980820775032
0.07958713918924332, 0.01757553033530712
0.06763116270303726, 0.020200828090310097
0.07016761600971222, 0.014293552376329899
0.07257251441478729, 0.02507530152797699
0.07196860760450363, 0.016026141121983528
0.07089429348707199, 0.02164420299232006
0.07520034164190292, 0.01619148999452591
0.064600370824337, 0.02222943678498268
0.06632891297340393, 0.014167067594826221
0.07392186671495438, 0.022262876853346825
0.06856589019298553, 0.0220633577555418
0.06853576749563217, 0.018421746790409088
0.06132880970835686, 0.019525010138750076
0.06905501335859299, 0.017349135130643845
0.07018445432186127, 0.013688520528376102
0.07483965903520584, 0.01912081241607666
0.0731368288397789, 0.021669480949640274
0.06452138721942902, 0.01458322536200285
0.07278095185756683, 0.013320598751306534
0.07568307220935822, 0.019833045080304146
0.06765289604663849, 0.015331444330513477
0.06093050539493561, 0.0112026147544384
0.06790489703416824, 0.015166963450610638
0.0671326294541359, 0.013427210040390491
0.07537262886762619, 0.02100350335240364
0.07708187401294708, 0.018611405044794083
0.07867980748414993, 0.02530910074710846
0.06660104542970657, 0.015875032171607018
0.0645516887307167, 0.016194621101021767
0.07380548864603043, 0.024534912779927254
0.07095662504434586, 0.01559002697467804
0.0726853534579277, 0.014092603698372841
0.07154655456542969, 0.01851881854236126
0.07268089801073074, 0.017139209434390068
0.07462907582521439, 0.02037818543612957
0.07785435765981674, 0.023079415783286095
0.07331155985593796, 0.011933187954127789
0.06363192200660706, 0.018337562680244446
0.07037893682718277, 0.018891364336013794
0.06439343839883804, 0.015517928637564182
0.06613516062498093, 0.015481551177799702
0.07668054103851318, 0.018387261778116226
0.06562767922878265, 0.015363138169050217
0.07114796340465546, 0.015202314592897892
0.07284807413816452, 0.017619334161281586
0.07204495370388031, 0.019455358386039734
0.0792301595211029, 0.013639416545629501
0.07970567047595978, 0.019434453919529915
0.06587158888578415, 0.01762007735669613
0.06969161331653595, 0.025311369448900223
0.07358790189027786, 0.02313164435327053
0.06646913290023804, 0.017062963917851448
0.07785909622907639, 0.013585476204752922
0.0774359479546547, 0.01856592297554016
0.07647837698459625, 0.0210283100605011
0.07224170118570328, 0.010510305874049664
0.07940097153186798, 0.019008798524737358
0.07168830186128616, 0.024055518209934235
0.07980342954397202, 0.0210304893553257
0.06924399733543396, 0.015656378120183945
0.06990734487771988, 0.021517416462302208
0.07725159823894501, 0.01620694249868393
0.07128192484378815, 0.013568136841058731
0.07076211273670197, 0.02151396870613098
0.07389179617166519, 0.017102325335144997
0.07790593802928925, 0.022318033501505852
0.06706807017326355, 0.015023951418697834
0.07158146053552628, 0.014970441348850727
0.07200779020786285, 0.019957685843110085
0.0647677332162857, 0.018987413495779037
0.07442376017570496, 0.02209462597966194
0.08144138008356094, 0.01747688092291355
0.07254068553447723, 0.018748627975583076
0.06987695395946503, 0.01758570596575737
0.07272990047931671, 0.020776133984327316
0.06909000873565674, 0.013796839863061905
0.07215187698602676, 0.017202477902173996
0.07167408615350723, 0.018662579357624054
0.06349710375070572, 0.015172182582318783
0.06803742796182632, 0.022286050021648407
0.06381598860025406, 0.015497272834181786
0.06805170327425003, 0.01534712128341198
0.08100783079862595, 0.017691632732748985
0.06922247260808945, 0.01242751907557249
0.07349900156259537, 0.022378239780664444
0.07719776779413223, 0.021580353379249573
0.08128049224615097, 0.01858483999967575
0.07252376526594162, 0.023134930059313774
0.07963479310274124, 0.013214752078056335
0.0755215734243393, 0.02028048411011696
0.06474468857049942, 0.015470229089260101
0.06767062097787857, 0.017744217067956924
0.07643844187259674, 0.027530871331691742
0.06693633645772934, 0.018395712599158287
0.07494918256998062, 0.017267128452658653
0.06903085112571716, 0.013673264533281326
0.07818987220525742, 0.01949286088347435
0.07239069789648056, 0.01666996069252491
0.08332555741071701, 0.028908267617225647
0.07283854484558105, 0.017845114693045616
0.08653029799461365, 0.01897367462515831
0.06554988771677017, 0.01742563396692276
0.06042560562491417, 0.008419991470873356
0.07420410215854645, 0.020849402993917465
0.06968345493078232, 0.017880640923976898
0.0651780441403389, 0.015752950683236122
0.07157678157091141, 0.021454880014061928
0.06309285014867783, 0.019006676971912384
0.07378602027893066, 0.02306961454451084
0.07479933649301529, 0.014907566830515862
0.0712508037686348, 0.017022013664245605
0.07225988060235977, 0.016587939113378525
0.07635007053613663, 0.02112346701323986
0.07015291601419449, 0.013162301853299141
0.06852679699659348, 0.013977600261569023
0.06557197123765945, 0.013163809664547443
0.07605189830064774, 0.017251264303922653
0.07355215400457382, 0.01960083283483982
0.07419159263372421, 0.01610400527715683
0.07384373247623444, 0.012172763235867023
0.07240842282772064, 0.016969047486782074
0.07015178352594376, 0.017818095162510872
0.06702820211648941, 0.014550415799021721
0.07775229215621948, 0.024190733209252357
0.07036256790161133, 0.022548891603946686
0.07064379006624222, 0.014485729858279228
0.07311298698186874, 0.01906292885541916
0.0691017210483551, 0.013817431405186653
0.07455816864967346, 0.01698600873351097
0.0766783058643341, 0.02194886840879917
0.07166380435228348, 0.021402884274721146
0.06951234489679337, 0.020076751708984375
0.07578247040510178, 0.020745549350976944
0.06826227903366089, 0.010961323045194149
0.07395004481077194, 0.017091309651732445
0.0673084408044815, 0.015376879833638668
0.0682281106710434, 0.014555291272699833
0.06434819847345352, 0.013309339061379433
0.06494388729333878, 0.015384375117719173
0.065586619079113, 0.016894064843654633
0.06779053807258606, 0.024594759568572044
0.07468365132808685, 0.019875137135386467
0.07155528664588928, 0.019018009305000305
0.07098255306482315, 0.022559572011232376
0.06986025720834732, 0.015684377402067184
0.07027719914913177, 0.01743791252374649
0.07099897414445877, 0.017128055915236473
0.06832637637853622, 0.01808961294591427
0.0805194228887558, 0.018424930050969124
0.07424936443567276, 0.01591033674776554
0.06777631491422653, 0.012482594698667526
0.06466680765151978, 0.018480701372027397
0.06239138916134834, 0.019990285858511925
0.07833503931760788, 0.01999383419752121
0.07045986503362656, 0.01711469329893589
0.06380042433738708, 0.01615995541214943
0.06557699292898178, 0.016102712601423264
0.07285307347774506, 0.015527775511145592
0.07516692578792572, 0.018555643036961555
0.06599754840135574, 0.019354384392499924
0.07193294167518616, 0.016840888187289238
0.06612763553857803, 0.012126312591135502
0.06951408088207245, 0.019082752987742424
0.06921039521694183, 0.012153462506830692
0.06677082926034927, 0.011731935665011406
0.06823044270277023, 0.011206323280930519
0.07280060648918152, 0.017877740785479546
0.080783411860466, 0.02167442999780178
0.07079002261161804, 0.020043257623910904
0.07338795810937881, 0.01745370589196682
0.07527889311313629, 0.01901724748313427
0.06484157592058182, 0.013347391970455647
0.06429534405469894, 0.01210267934948206
0.0666489377617836, 0.0232258103787899
0.07257549464702606, 0.016445636749267578
0.07519183307886124, 0.02376437932252884
0.07203347980976105, 0.01614767126739025
0.0666392520070076, 0.013955570757389069
0.07032562047243118, 0.014502487145364285
0.06798254698514938, 0.014460714533925056
0.08125916868448257, 0.02255368046462536
0.07364291697740555, 0.01266559213399887
0.07041943073272705, 0.017671780660748482
0.07116654515266418, 0.01681620255112648
0.06282162666320801, 0.013408621773123741
0.07421506941318512, 0.022014442831277847
0.07036473602056503, 0.018124213442206383
0.06792442500591278, 0.01628405787050724
0.07556302845478058, 0.0177154503762722
0.07200413197278976, 0.019186722114682198
0.07230634242296219, 0.01821787841618061
0.06923510134220123, 0.011073417961597443
0.06981660425662994, 0.015666965395212173
0.07345344126224518, 0.019996976479887962
0.07680632919073105, 0.018858768045902252
0.07592252641916275, 0.01774001494050026
0.08000745624303818, 0.020294232293963432
0.07245101034641266, 0.016511959955096245
0.07234595715999603, 0.01482962816953659
0.07083945721387863, 0.011960051953792572
0.07162024825811386, 0.018427958711981773
0.06519298255443573, 0.011644509620964527
0.0723133236169815, 0.014703478664159775
0.058332256972789764, 0.013145741075277328
0.07064686715602875, 0.01617124117910862
0.06885764747858047, 0.014178074896335602
0.07109490782022476, 0.025700462982058525
0.07394003868103027, 0.02117828279733658
0.06846922636032104, 0.01677589677274227
0.06625071913003922, 0.017079632729291916
0.07034563273191452, 0.015269918367266655
0.07403667271137238, 0.017392491921782494
0.06950025260448456, 0.020338715985417366
0.06818623095750809, 0.018595535308122635
0.06848181784152985, 0.015119653195142746
0.06470934301614761, 0.019630545750260353
0.07312609255313873, 0.016437403857707977
0.06768409162759781, 0.018170567229390144
0.07214199006557465, 0.01529486384242773
0.06695304065942764, 0.020225532352924347
0.0731796845793724, 0.02134408988058567
0.07464227825403214, 0.021156949922442436
0.06753649562597275, 0.01608087867498398
0.06449956446886063, 0.01835574395954609
0.07293341308832169, 0.017752517014741898
0.07137065380811691, 0.01610187254846096
0.07234324514865875, 0.016512146219611168
0.07467091828584671, 0.021784106269478798
0.06736908107995987, 0.021394087001681328
0.062283966690301895, 0.01134535763412714
0.06925937533378601, 0.017426660284399986
0.06798283010721207, 0.01924271695315838
0.06868896633386612, 0.015182377770543098
0.07194636017084122, 0.018739797174930573
0.060175571590662, 0.015663940459489822
0.0639258325099945, 0.013973439112305641
0.0692346841096878, 0.016296640038490295
0.07058930397033691, 0.017414039000868797
0.07386936992406845, 0.014904648996889591
0.07309785485267639, 0.015368901193141937
0.062468383461236954, 0.010815768502652645
0.07198907434940338, 0.025796597823500633
0.07554468512535095, 0.02401905506849289
0.06983920931816101, 0.01715434156358242
0.06793950498104095, 0.015436396934092045
0.06553790718317032, 0.0166301392018795
0.06729161739349365, 0.01647684909403324
0.07492801547050476, 0.016834203153848648
0.07146208733320236, 0.015993405133485794
0.06218259781599045, 0.011291018687188625
0.07304978370666504, 0.01810200698673725
0.07123653590679169, 0.017284780740737915
0.06055838614702225, 0.011235005222260952
0.06909352540969849, 0.017192931845784187
0.06833892315626144, 0.013723507523536682
0.0674654096364975, 0.013722386211156845
0.07375803589820862, 0.023650843650102615
0.07143232971429825, 0.018155474215745926
0.07811927050352097, 0.027285143733024597
0.06101769208908081, 0.013418572023510933
0.06330970674753189, 0.012043450959026814
0.07164019346237183, 0.019809989258646965
0.06963744759559631, 0.015659064054489136
0.069742351770401, 0.01078315544873476
0.07033248245716095, 0.015251965261995792
0.07095060497522354, 0.022138208150863647
0.06779173761606216, 0.011711656115949154
0.07105731964111328, 0.017884811386466026
0.06486253440380096, 0.016359752044081688
0.06889200210571289, 0.016674334183335304
0.06912770867347717, 0.014986897818744183
0.06328637152910233, 0.015270029194653034
0.07196838408708572, 0.01986662857234478
0.06692080944776535, 0.015041143633425236
0.06579481065273285, 0.00985732488334179
0.06410714238882065, 0.020464474335312843
0.06702640652656555, 0.017092399299144745
0.06888283044099808, 0.013866748660802841
0.07872794568538666, 0.020642412826418877
0.08833545446395874, 0.02215103805065155
0.06756928563117981, 0.013097504153847694
0.06669915467500687, 0.016248559579253197
0.06802544742822647, 0.016609864309430122
0.06706026941537857, 0.01496901549398899
0.0656721368432045, 0.01772974617779255
0.07432101666927338, 0.012602224946022034
0.06472340226173401, 0.01289004273712635
0.07241199165582657, 0.016343653202056885
0.07139933854341507, 0.012510142289102077
0.06470924615859985, 0.013154618442058563
0.06940916180610657, 0.016211092472076416
0.07445264607667923, 0.01800139993429184
0.0771384909749031, 0.019478775560855865
0.06456507742404938, 0.01040525920689106
0.0697401687502861, 0.01675037294626236
0.064256452023983, 0.015360207296907902
0.06946582347154617, 0.01329470332711935
0.07199728488922119, 0.020211417227983475
0.0687762126326561, 0.01867052912712097
0.07735013961791992, 0.014022392220795155
0.0714280903339386, 0.012220594100654125
0.06911379098892212, 0.017129236832261086
0.0745764970779419, 0.016797062009572983
0.07647276669740677, 0.015043526887893677
0.07060816884040833, 0.01321024727076292
0.07785090804100037, 0.0215032696723938
0.06640946865081787, 0.01981310546398163
0.073274165391922, 0.006712439004331827
0.07273536920547485, 0.01835242100059986
0.07454033941030502, 0.01652076467871666
0.07299099862575531, 0.026215603575110435
0.07195959240198135, 0.013743887655436993
0.08033885806798935, 0.018063656985759735
0.06498076766729355, 0.01640784740447998
0.06953253597021103, 0.015126200392842293
0.06214257702231407, 0.011973373591899872
0.0702887699007988, 0.017367742955684662
0.06549130380153656, 0.012288304977118969
0.07657134532928467, 0.011333176866173744
0.0659467875957489, 0.011331066489219666
0.06585115194320679, 0.010710331611335278
0.06885121017694473, 0.021705778315663338
0.07300280779600143, 0.017108341678977013
0.07176093757152557, 0.018391873687505722
0.06440640985965729, 0.01928725093603134
0.06716029345989227, 0.012154282070696354
0.0778268426656723, 0.017488962039351463
0.07917199283838272, 0.02178022265434265
0.07049533724784851, 0.02177784964442253
0.0719536766409874, 0.012947995215654373
0.07714060693979263, 0.019068041816353798
0.06729386001825333, 0.01921760104596615
0.06663085520267487, 0.019198905676603317
0.06636659055948257, 0.012839451432228088
0.07011037319898605, 0.016248619183897972
0.07122398912906647, 0.013673346489667892
0.06335140019655228, 0.015980349853634834
0.0651470497250557, 0.019617635756731033
0.06874042004346848, 0.014461016282439232
0.07154760509729385, 0.016320843249559402
0.06824841350317001, 0.018617330119013786
0.07905665785074234, 0.01766940951347351
0.06729164719581604, 0.015027525834739208
0.07122526317834854, 0.017029138281941414
0.07671675086021423, 0.015155800618231297
0.06996874511241913, 0.02121315523982048
0.06982770562171936, 0.012614312581717968
0.0690074935555458, 0.012317596934735775
0.07302222400903702, 0.017197836190462112
0.07226121425628662, 0.018439993262290955
0.07279949635267258, 0.018906259909272194
0.0708608627319336, 0.017095908522605896
0.06744461506605148, 0.01670711673796177
0.07035891711711884, 0.018521765246987343
0.06826208531856537, 0.01603243686258793
0.08139964938163757, 0.013997194357216358
0.06851232796907425, 0.01779155805706978
0.0646514818072319, 0.02001415565609932
0.07198162376880646, 0.015172760002315044
0.06813029199838638, 0.018497487530112267
0.07552959024906158, 0.016395196318626404
0.06898701190948486, 0.013717892579734325
0.07067453116178513, 0.015178946778178215
0.0730549544095993, 0.017691517248749733
0.07784819602966309, 0.015653587877750397
0.07050053030252457, 0.019513985142111778
0.07059110701084137, 0.014772530645132065
0.06923135370016098, 0.016193851828575134
0.06924108415842056, 0.019312264397740364
0.07183373719453812, 0.02438397891819477
0.07355202734470367, 0.015826107934117317
0.06516918540000916, 0.014785137958824635
0.08010052889585495, 0.026133809238672256
0.07841955125331879, 0.024816306307911873
0.07662854343652725, 0.016112176701426506
0.07867709547281265, 0.023202795535326004
0.07548175752162933, 0.014216862618923187
0.07393736392259598, 0.018196646124124527
0.07538553327322006, 0.013784901238977909
0.06750157475471497, 0.016940860077738762
0.07286559790372849, 0.019869178533554077
0.07526564598083496, 0.02358296513557434
0.06671515107154846, 0.016597289592027664
0.07110524922609329, 0.012672290205955505
0.07109371572732925, 0.015384170226752758
0.07041624188423157, 0.013943081721663475
0.07342026382684708, 0.013066221959888935
0.07738380879163742, 0.02080610953271389
0.08165290206670761, 0.026631901040673256
0.07016169279813766, 0.018834669142961502
0.07688412070274353, 0.02006523124873638
0.06725101917982101, 0.014336856082081795
0.08076068013906479, 0.01596141792833805
0.07594899088144302, 0.015477318316698074
0.07211048156023026, 0.017478201538324356
0.06957554817199707, 0.015577884390950203
0.06565740704536438, 0.01871464028954506
0.07063139975070953, 0.012151336297392845
0.07193700224161148, 0.01808147504925728
0.07302577793598175, 0.012383473105728626
0.068756103515625, 0.024502063170075417
0.07841826975345612, 0.015645885840058327
0.0682474747300148, 0.016892215237021446
0.06931159645318985, 0.010990523733198643
0.06803838908672333, 0.019227614626288414
0.06996545195579529, 0.0154724745079875
0.0711144208908081, 0.012553447857499123
0.07903245836496353, 0.021812761202454567
0.06764207035303116, 0.013231176882982254
0.07490548491477966, 0.011871914379298687
0.07699690014123917, 0.02317035384476185
0.07152053713798523, 0.016937505453824997
0.07239565998315811, 0.018021317198872566
0.08320806175470352, 0.017699671909213066
0.07059578597545624, 0.017256906256079674
0.07490561157464981, 0.021190587431192398
0.07782936096191406, 0.01935913786292076
0.08020684868097305, 0.023641422390937805
0.0759349837899208, 0.016364242881536484
0.07630148530006409, 0.023771362379193306
0.08092007786035538, 0.011966971680521965
0.07319057732820511, 0.01505331415683031
0.07802784442901611, 0.013978567905724049
0.07399918138980865, 0.01865377649664879
0.07386007159948349, 0.019022714346647263
0.08191082626581192, 0.018673302605748177
0.08212307840585709, 0.017102008685469627
0.07338251918554306, 0.019979752600193024
0.06810455024242401, 0.01577410101890564
0.07165166735649109, 0.01725941337645054
0.07909388095140457, 0.02180064469575882
0.08217529952526093, 0.02927030622959137
0.07984567433595657, 0.019681589677929878
0.07365814596414566, 0.014524799771606922
0.07758218795061111, 0.02026590146124363
0.07043664902448654, 0.013649032451212406
0.07370886206626892, 0.015728654339909554
0.07853790372610092, 0.016731325536966324
0.06936601549386978, 0.012376976199448109
0.07414225488901138, 0.01082119531929493
0.0818575769662857, 0.014599023386836052
0.0703069195151329, 0.017745748162269592
0.07574551552534103, 0.019588829949498177
0.07125678658485413, 0.013102629221975803
0.07889105379581451, 0.01799739897251129
0.08509653061628342, 0.021211113780736923
0.07630393654108047, 0.024067502468824387
0.06827864050865173, 0.013145665638148785
0.07504254579544067, 0.015505507588386536
0.07180961221456528, 0.01645532436668873
0.07742805033922195, 0.017285378649830818
0.0692727342247963, 0.01851038448512554
0.07081881165504456, 0.020966166630387306
0.07605663686990738, 0.023057715967297554
0.07715414464473724, 0.0241372212767601
0.0656827986240387, 0.0161074697971344
0.07768017053604126, 0.024671480059623718
0.08490346372127533, 0.019536657258868217
0.0729968324303627, 0.012847655452787876
0.07809655368328094, 0.02388126216828823
0.07847502827644348, 0.018916066735982895
0.07939057797193527, 0.013552017509937286
0.07265377789735794, 0.0137418732047081
0.08952536433935165, 0.02453678846359253
0.08603579550981522, 0.015302897430956364
0.07840876281261444, 0.016286874189972878
0.08002114295959473, 0.014440776780247688
0.07224313169717789, 0.01234383787959814
0.07349049299955368, 0.016850978136062622
0.07575229555368423, 0.018069332465529442
0.07453390210866928, 0.014037556014955044
0.07915182411670685, 0.017650635913014412
0.0821896493434906, 0.025195522233843803
0.06898270547389984, 0.010111265815794468
0.07237786799669266, 0.0153712909668684
0.07233375310897827, 0.015743160620331764
0.07111424952745438, 0.014179608784615993
0.07282838970422745, 0.016742687672376633
0.06889569014310837, 0.010955365374684334
0.08100529760122299, 0.017773550003767014
0.08159716427326202, 0.02270856872200966
0.08604423701763153, 0.02054380252957344
0.073759064078331, 0.012790041044354439
0.07919403165578842, 0.01701752282679081
0.07833591103553772, 0.010887246578931808
0.07672642916440964, 0.016004925593733788
0.07245520502328873, 0.014925658702850342
0.07784179598093033, 0.018536437302827835
0.07160390913486481, 0.01548028364777565
0.07687350362539291, 0.018173910677433014
0.07484933733940125, 0.018363771960139275
0.08037145435810089, 0.020520800724625587
0.07597941160202026, 0.02299884706735611
0.06464909017086029, 0.015953516587615013
0.06781778484582901, 0.01633349619805813
0.07519681006669998, 0.02003471925854683
0.07888367772102356, 0.017445532605051994
0.08358261734247208, 0.020102180540561676
0.07732387632131577, 0.015208443626761436
0.07809238135814667, 0.016943013295531273
0.0773458257317543, 0.0178377665579319
0.07481294870376587, 0.014761893078684807
0.07896395027637482, 0.016099901869893074
0.0797647088766098, 0.015015753917396069
0.08308133482933044, 0.024147944524884224
0.07375087589025497, 0.017658624798059464
0.08035233616828918, 0.017968475818634033
0.0754324421286583, 0.016276290640234947
0.07091719657182693, 0.017092211171984673
0.0746883675456047, 0.016903143376111984
0.07883932441473007, 0.011278030462563038
0.08113016188144684, 0.01980854943394661
0.07705619931221008, 0.011489014141261578
0.08048194646835327, 0.025113021954894066
0.07618342339992523, 0.022862063720822334
0.06978586316108704, 0.011810820549726486
0.07595954090356827, 0.02010631375014782
0.07225046306848526, 0.013652199879288673
0.07733426243066788, 0.014871866442263126
0.0829307809472084, 0.018300626426935196
0.07527510076761246, 0.017106985673308372
0.08117106556892395, 0.01907525584101677
0.07582054287195206, 0.016515955328941345
0.06737365573644638, 0.01640136167407036
0.07254328578710556, 0.013613828457891941
0.0782586932182312, 0.021501030772924423
0.07018355280160904, 0.019926585257053375
0.07639674842357635, 0.016901906579732895
0.0796947106719017, 0.018501896411180496
0.07020024210214615, 0.014598257839679718
0.07962021976709366, 0.019466765224933624
0.08019057661294937, 0.024189431220293045
0.07461629807949066, 0.018660519272089005
0.0778871551156044, 0.01499541662633419
0.0747886598110199, 0.014357879757881165
0.07864736765623093, 0.014365163631737232
0.0734509602189064, 0.01548032183200121
0.07049179077148438, 0.017953934147953987
0.07847651839256287, 0.017345579341053963
0.07131770998239517, 0.012800921685993671
0.07818234711885452, 0.01284323912113905
0.06914166361093521, 0.015025665983557701
0.07520075142383575, 0.013122974894940853
0.07317585498094559, 0.021458512172102928
0.07194364070892334, 0.014353157952427864
0.07623222470283508, 0.01200492400676012
0.07677789032459259, 0.018428903073072433
0.07711110264062881, 0.015018526464700699
0.07207592576742172, 0.010385335423052311
0.07066944986581802, 0.01663271337747574
0.0710604265332222, 0.010847608558833599
0.07395876199007034, 0.01754361391067505
0.07061359286308289, 0.016621753573417664
0.08026283234357834, 0.022043520584702492
0.07630442082881927, 0.018869878724217415
0.08120226860046387, 0.013754799962043762
0.0843205451965332, 0.016681084409356117
0.07276330888271332, 0.02081405743956566
0.0694873183965683, 0.018684694543480873
0.0797591283917427, 0.018317678943276405
0.07628235220909119, 0.014592763967812061
0.07676684856414795, 0.01937933638691902
0.06838546693325043, 0.014647924341261387
0.07331929355859756, 0.016963178291916847
0.08212773501873016, 0.0194639153778553
0.08005199581384659, 0.020108889788389206
0.08066829293966293, 0.021180517971515656
0.07623645663261414, 0.01750146597623825
0.0750158429145813, 0.016151955351233482
0.08043885231018066, 0.020360805094242096
0.0799495056271553, 0.02381625957787037
0.07941938936710358, 0.02509402669966221
0.0799718052148819, 0.024278856813907623
0.07896918058395386, 0.023712806403636932
0.08509090542793274, 0.020420731976628304
0.07974164932966232, 0.014818697236478329
0.07031884789466858, 0.01569913513958454
0.07422731816768646, 0.02147245593369007
0.07918629795312881, 0.019644854590296745
0.0790904089808464, 0.024509364739060402
0.07576695084571838, 0.02095617540180683
0.07701552659273148, 0.020514002069830894
0.07588550448417664, 0.020317401736974716
0.08230499178171158, 0.01705760695040226
0.08099689334630966, 0.014766275882720947
0.08597584068775177, 0.018773620948195457
0.08116130530834198, 0.014568761922419071
0.08369802683591843, 0.015466267243027687
0.08475490659475327, 0.02262079156935215
0.07996413111686707, 0.016391854733228683
0.08007057756185532, 0.019213708117604256
0.07266084104776382, 0.01666061207652092
0.08134531229734421, 0.016812337562441826
0.06475403904914856, 0.01266731508076191
0.07892072200775146, 0.020654888823628426
0.07760816067457199, 0.013533752411603928
0.07734117656946182, 0.016513515263795853
0.06523916870355606, 0.012668505311012268
0.0797065943479538, 0.022825585678219795
0.0810471922159195, 0.015208776108920574
0.07047804445028305, 0.017735447734594345
0.07625006139278412, 0.014984113164246082
0.0761721134185791, 0.014229487627744675
0.07652584463357925, 0.01769818365573883
0.07619921863079071, 0.018728362396359444
0.08002834022045135, 0.022790027782320976
0.07027872651815414, 0.016825782135128975
0.07633713632822037, 0.018777579069137573
0.08735176920890808, 0.019454455003142357
0.07255803793668747, 0.019038936123251915
0.07007211446762085, 0.01804196462035179
0.07735367119312286, 0.012625117786228657
0.0740601122379303, 0.015720991417765617
0.07116172462701797, 0.018003396689891815
0.07302125543355942, 0.015492062084376812
0.07676172256469727, 0.011835834942758083
0.08147275447845459, 0.014548715204000473
0.07786194235086441, 0.01518547534942627
0.08368230611085892, 0.017566708847880363
0.07780181616544724, 0.014422724954783916
0.07616632431745529, 0.01635051518678665
0.10425291955471039, 0.027755968272686005
0.07962502539157867, 0.014222088269889355
0.07455629855394363, 0.013357591815292835
0.07617051899433136, 0.017299184575676918
0.07207824289798737, 0.015649214386940002
0.07726500183343887, 0.019804242998361588
0.0742904394865036, 0.01531427726149559
0.08169489353895187, 0.025503307580947876
0.08428184688091278, 0.016072629019618034
0.06983540207147598, 0.012854230590164661
0.06771053373813629, 0.011919422075152397
0.07604333013296127, 0.022017408162355423
0.07889645546674728, 0.013214020989835262
0.08925208449363708, 0.020249485969543457
0.07825519144535065, 0.020718427374958992
0.08282812684774399, 0.017675532028079033
0.08986195176839828, 0.024734364822506905
0.07737350463867188, 0.011548450216650963
0.07283777743577957, 0.013300006277859211
0.06978116929531097, 0.011948485858738422
0.07684662193059921, 0.01863490790128708
0.07271862030029297, 0.017728319391608238
0.07844548672437668, 0.016698269173502922
0.08055455982685089, 0.024031562730669975
0.08023348450660706, 0.015355660580098629
0.081884004175663, 0.018218303099274635
0.0685076117515564, 0.010892502963542938
0.07722275704145432, 0.018199032172560692
0.07227426022291183, 0.015170082449913025
0.07530109584331512, 0.017199290916323662
0.08301979303359985, 0.017150549218058586
0.07621133327484131, 0.018532855436205864
0.07869058847427368, 0.015271340496838093
0.0691799446940422, 0.018446840345859528
0.07363540679216385, 0.01558242179453373
0.07995762676000595, 0.015668360516428947
0.0711728110909462, 0.015955593436956406
0.08024722337722778, 0.019520951434969902
0.08611253648996353, 0.01633462868630886
0.07681842893362045, 0.017225831747055054
0.07339455187320709, 0.029899578541517258
0.0795949250459671, 0.01403501071035862
0.07519350200891495, 0.013453584164381027
0.0690392479300499, 0.013124826364219189
0.06664109975099564, 0.019124161452054977
0.07095562666654587, 0.017194382846355438
0.06693470478057861, 0.014425650238990784
0.08145555108785629, 0.020079651847481728
0.07984956353902817, 0.018404997885227203
0.0685722753405571, 0.013695246540009975
0.07249393314123154, 0.02040152996778488
0.07714284956455231, 0.01917560212314129
0.08014474809169769, 0.017488326877355576
0.06970398873090744, 0.016093162819743156
0.07711736112833023, 0.013764587230980396
0.08949428051710129, 0.016141250729560852
0.07688834518194199, 0.017066119238734245
0.0788225531578064, 0.02168991044163704
0.08106763660907745, 0.0206181351095438
0.09449775516986847, 0.029407206922769547
0.07256045192480087, 0.022647831588983536
0.07591775804758072, 0.02421116828918457
0.08624735474586487, 0.023084530606865883
0.06866170465946198, 0.014657482504844666
0.07508674263954163, 0.015644989907741547
0.08583807945251465, 0.023685505613684654
0.08305128663778305, 0.022411026060581207
0.09265130013227463, 0.015684233978390694
0.0884370505809784, 0.02747856266796589
0.0821787491440773, 0.018994461745023727
0.07186003774404526, 0.019783928990364075
0.07182901352643967, 0.020689047873020172
0.08029333502054214, 0.017885159701108932
0.0759720504283905, 0.014772317372262478
0.07236526161432266, 0.017089219763875008
0.06914029270410538, 0.011641262099146843
0.0736764669418335, 0.018066566437482834
0.07117977738380432, 0.01621534302830696
0.07678482681512833, 0.019529733806848526
0.07762356102466583, 0.027115650475025177
0.07528720796108246, 0.017586274072527885
0.06983056664466858, 0.02053879201412201
0.07913397997617722, 0.016875483095645905
0.08098617941141129, 0.015875788405537605
0.07834555953741074, 0.01717350445687771
0.08625337481498718, 0.016832057386636734
0.07011687755584717, 0.016441360116004944
0.0766252651810646, 0.02281069941818714
0.0848703533411026, 0.02054990641772747
0.07778865844011307, 0.020073361694812775
0.08282395452260971, 0.018079238012433052
0.09788709878921509, 0.02738521806895733
0.08251721411943436, 0.017444927245378494
0.08458296954631805, 0.02036237344145775
0.08352325856685638, 0.015314391814172268
0.08603804558515549, 0.01176500879228115
0.08094383031129837, 0.02026163786649704
0.06987511366605759, 0.01721457578241825
0.07719220966100693, 0.017343858256936073
0.08870908617973328, 0.019115515053272247
0.07738390564918518, 0.013132273219525814
0.0717867985367775, 0.020245330408215523
0.06477717310190201, 0.013470527715981007
0.07248958200216293, 0.017304828390479088
0.07678448408842087, 0.013958528637886047
0.08115298300981522, 0.01773475669324398
0.08383309841156006, 0.022661905735731125
0.09042934328317642, 0.019309643656015396
0.08838870376348495, 0.018376944586634636
0.08013144880533218, 0.028404558077454567
0.08125031739473343, 0.0190426055341959
0.07372602075338364, 0.018041551113128662
0.08037823438644409, 0.02073674649000168
0.08563893288373947, 0.01767319068312645
0.08484841138124466, 0.019518136978149414
0.07732436805963516, 0.020087240263819695
0.08189459145069122, 0.020611539483070374
0.07796021550893784, 0.017150018364191055
0.08372551202774048, 0.019773434847593307
0.08028010278940201, 0.02508617751300335
0.07555709034204483, 0.01738201454281807
0.0715641900897026, 0.014355086721479893
0.07761120051145554, 0.018388347700238228
0.07425414770841599, 0.017342587932944298
0.08767950534820557, 0.022046107798814774
0.06990586966276169, 0.011167791672050953
0.0811096578836441, 0.01918218471109867
0.07594532519578934, 0.020653463900089264
0.07048822194337845, 0.01600608602166176
0.08303109556436539, 0.02289448492228985
0.07435405254364014, 0.016558827832341194
0.07561549544334412, 0.01826748065650463
0.07956667244434357, 0.01503621693700552
0.07477496564388275, 0.020717225968837738
0.07892663776874542, 0.017319904640316963
0.074887715280056, 0.012264258228242397
0.08350813388824463, 0.01731025241315365
0.08011484146118164, 0.024312688037753105
0.08775663375854492, 0.0330900214612484
0.08640635013580322, 0.020054498687386513
0.07979478687047958, 0.01563870906829834
0.0892256498336792, 0.023878704756498337
0.07102016359567642, 0.017023736611008644
0.08671125769615173, 0.020216278731822968
0.07916224002838135, 0.018085602670907974
0.08319185674190521, 0.01793377660214901
0.08197704702615738, 0.015745898708701134
0.07772059738636017, 0.020112141966819763
0.07982757687568665, 0.015755100175738335
0.09401047974824905, 0.023301081731915474
0.08411490172147751, 0.027014076709747314
0.08269704133272171, 0.02920711599290371
0.07990874350070953, 0.017108358442783356
0.08756066113710403, 0.017971165478229523
0.07679888606071472, 0.015510168857872486
0.07996725291013718, 0.02033892273902893
0.0842389240860939, 0.02442072704434395
0.07930443435907364, 0.02240092121064663
0.0792265310883522, 0.01763203553855419
0.08278278261423111, 0.02190990559756756
0.07921934127807617, 0.0180731862783432
0.07027264684438705, 0.012793067842721939
0.07484663277864456, 0.017911024391651154
0.0816095843911171, 0.01919393427670002
0.07048878073692322, 0.021906092762947083
0.07405750453472137, 0.017953617498278618
0.06934867799282074, 0.018326766788959503
0.08123105764389038, 0.015230878256261349
0.0775819793343544, 0.016207175329327583
0.08666405826807022, 0.020747831091284752
0.07655517756938934, 0.016178123652935028
0.07948926836252213, 0.01603832095861435
0.08065827935934067, 0.025838393718004227
0.07478275895118713, 0.013737133704125881
0.07772137969732285, 0.017118893563747406
0.07850263267755508, 0.020329123362898827
0.0780211016535759, 0.018816767260432243
0.07157157361507416, 0.019880305975675583
0.08632943034172058, 0.02638772502541542
0.07562043517827988, 0.014173205010592937
0.09030832350254059, 0.0277521051466465
0.0749274268746376, 0.019434375688433647
0.07383693009614944, 0.01579713635146618
0.07968787848949432, 0.019683822989463806
0.08910327404737473, 0.021300923079252243
0.08260960131883621, 0.02309831604361534
0.06955995410680771, 0.01715967431664467
0.07774243503808975, 0.016099324449896812
0.07747530192136765, 0.019257444888353348
0.07800476998090744, 0.016757149249315262
0.08196280896663666, 0.016931606456637383
0.0785377025604248, 0.02643345110118389
0.08350181579589844, 0.022798115387558937
0.08543720096349716, 0.024806996807456017
0.08548633009195328, 0.02326345629990101
0.0817280039191246, 0.017167003825306892
0.08867556601762772, 0.017789877951145172
0.07984668761491776, 0.02334708720445633
0.07697053998708725, 0.019243385642766953
0.08202680945396423, 0.018694883212447166
0.0785016342997551, 0.0161919966340065
0.08029965311288834, 0.01465565711259842
0.08210263401269913, 0.020389962941408157
0.07699303328990936, 0.0190078467130661
0.07279455661773682, 0.010645229369401932
0.0813957154750824, 0.015438337810337543
0.08087217807769775, 0.019675832241773605
0.08060161024332047, 0.018438994884490967
0.0771975964307785, 0.022037727758288383
0.07614888995885849, 0.016349174082279205
0.08171296119689941, 0.015375629998743534
0.08652599900960922, 0.0213306937366724
0.07741889357566833, 0.01667739637196064
0.07671544700860977, 0.01080331765115261
0.07718759775161743, 0.016671570017933846
0.0737660825252533, 0.013244827277958393
0.07650565356016159, 0.015730176120996475
0.07712526619434357, 0.014765198342502117
0.0683901384472847, 0.01752272993326187
0.07184656709432602, 0.013484367169439793
0.07727954536676407, 0.015298254787921906
0.08250940591096878, 0.01828310266137123
0.0845068171620369, 0.02534009888768196
0.0756453350186348, 0.017463181167840958
0.07149020582437515, 0.014989917166531086
0.07757940888404846, 0.013093744404613972
0.07801744341850281, 0.020090239122509956
0.0924152284860611, 0.03188072144985199
0.07672786712646484, 0.016982058063149452
0.07918520271778107, 0.020457293838262558
0.08132005482912064, 0.015691641718149185
0.08421305567026138, 0.021633485332131386
0.08054948598146439, 0.01816920004785061
0.08770584315061569, 0.021117093041539192
0.09042615443468094, 0.020248740911483765
0.0730634331703186, 0.02113954909145832
0.07070893049240112, 0.01793023571372032
0.07438004016876221, 0.02327648177742958
0.08963633328676224, 0.02973550744354725
0.08021381497383118, 0.022136734798550606
0.07406904548406601, 0.019847523421049118
0.0775785967707634, 0.013860682025551796
0.08438817411661148, 0.020417436957359314
0.08939170837402344, 0.02267363853752613
0.08907090872526169, 0.02203267440199852
0.07827886193990707, 0.01954052597284317
0.07509960234165192, 0.01708080619573593
0.0750458613038063, 0.016598157584667206
0.0742473229765892, 0.01595727540552616
0.09062133729457855, 0.024591974914073944
0.08056721836328506, 0.020779281854629517
0.07177457958459854, 0.018347136676311493
0.08524159342050552, 0.016291113570332527
0.0892580896615982, 0.020351674407720566
0.08290235698223114, 0.011960171163082123
0.07908425480127335, 0.01795608550310135
0.08781401067972183, 0.01993844099342823
0.08517007529735565, 0.021758584305644035
0.07825054228305817, 0.01585519313812256
0.0846002995967865, 0.025001101195812225
0.07496146857738495, 0.014994695782661438
0.08032647520303726, 0.019879262894392014
0.08118712157011032, 0.016403812915086746
0.08741071075201035, 0.02122868038713932
0.07720152288675308, 0.01305626705288887
0.0814502015709877, 0.018282579258084297
0.07855577766895294, 0.01455811969935894
0.07669036835432053, 0.014670309610664845
0.07400263100862503, 0.013730338774621487
0.08984430134296417, 0.02398667298257351
0.07684522867202759, 0.015443086624145508
0.08260135352611542, 0.02124292030930519
0.07123593986034393, 0.01741303689777851
0.08205970376729965, 0.014230476692318916
0.0739266574382782, 0.016065729781985283
0.08042396605014801, 0.016232453286647797
0.08651580661535263, 0.027514629065990448
0.08579611033201218, 0.025231027975678444
0.08372194319963455, 0.019406938925385475
0.07772246748209, 0.024265464395284653
0.08031211048364639, 0.022497830912470818
0.07644306868314743, 0.017685452476143837
0.08139893412590027, 0.020775791257619858
0.07540298998355865, 0.013060236349701881
0.0736214742064476, 0.016260745003819466
0.08172839879989624, 0.020689889788627625
0.07561599463224411, 0.01317513082176447
0.07614244520664215, 0.019041694700717926
0.07021147012710571, 0.01774814911186695
0.07799628376960754, 0.015079672448337078
0.07492506504058838, 0.01776723749935627
0.07978853583335876, 0.0206445399671793
0.07500926405191422, 0.020562458783388138
0.08108925819396973, 0.021199490875005722
0.08622527122497559, 0.02610926888883114
0.07733599841594696, 0.016660433262586594
0.0776427760720253, 0.014106281101703644
0.07844103127717972, 0.01716717705130577
0.09043771028518677, 0.019544105976819992
0.08698180317878723, 0.02191663160920143
0.09458938986063004, 0.020794764161109924
0.07991638034582138, 0.020388390868902206
0.08538657426834106, 0.023659178987145424
0.07495030015707016, 0.01439448818564415
0.08240959793329239, 0.02258223667740822
0.07931175827980042, 0.014789771288633347
0.0707898885011673, 0.013329957611858845
0.07534875720739365, 0.013274425640702248
0.07827389985322952, 0.020632212981581688
0.07815655320882797, 0.019965719431638718
0.07972396910190582, 0.020171204581856728
0.07906496524810791, 0.014533071778714657
0.07264591008424759, 0.011837171390652657
0.07212075591087341, 0.013603771105408669
0.077387236058712, 0.019852688536047935
0.07773671299219131, 0.019344013184309006
0.0808289423584938, 0.02296670712530613
0.06976327300071716, 0.016927234828472137
0.07458320260047913, 0.017922809347510338
0.07833483815193176, 0.01821751520037651
0.08171742409467697, 0.012749587185680866
0.07705096155405045, 0.021699197590351105
0.08109521865844727, 0.019222939386963844
0.08320126682519913, 0.034476302564144135
0.08843763172626495, 0.02625587396323681
0.07368437200784683, 0.021440653130412102
0.07134637981653214, 0.015486176125705242
0.07799097895622253, 0.013859178870916367
0.07606536895036697, 0.01852438598871231
0.07397013902664185, 0.01715458184480667
0.07566209882497787, 0.01638753153383732
0.09387991577386856, 0.021068792790174484
0.07451961934566498, 0.019578412175178528
0.07763732224702835, 0.01612916588783264
0.07551281899213791, 0.017046106979250908
0.0783531442284584, 0.02017691358923912
0.09736663848161697, 0.026497483253479004
0.08857756853103638, 0.024192029610276222
0.07638733834028244, 0.021106300875544548
0.07512326538562775, 0.019020048901438713
0.07173097878694534, 0.015334640629589558
0.10114965587854385, 0.02099999599158764
0.09099758416414261, 0.019993936643004417
0.07904542237520218, 0.02352106012403965
0.06882207840681076, 0.016637038439512253
0.08555733412504196, 0.02471812069416046
0.08046374469995499, 0.01872248202562332
0.07558203488588333, 0.017860976979136467
0.08668913692235947, 0.02565288357436657
0.07951400429010391, 0.01844274438917637
0.08347465097904205, 0.01617354340851307
0.08514281362295151, 0.021839801222085953
0.08097342401742935, 0.022568674758076668
0.07752037793397903, 0.020824076607823372
0.09290404617786407, 0.024761134758591652
0.09877734631299973, 0.03968638926744461
0.08568532019853592, 0.01747085712850094
0.08147355914115906, 0.020894784480333328
0.08004690706729889, 0.020608974620699883
0.08694390207529068, 0.020619237795472145
0.08248703926801682, 0.016856053844094276
0.07750105112791061, 0.017325369641184807
0.07656046748161316, 0.01635012961924076
0.07551416009664536, 0.015356522053480148
0.07694610208272934, 0.019617673009634018
0.07476775348186493, 0.013382057659327984
0.07502593845129013, 0.019226480275392532
0.07883567363023758, 0.019079595804214478
0.06725892424583435, 0.018915429711341858
0.08379536867141724, 0.020349057391285896
0.07609448581933975, 0.013479605317115784
0.07569139450788498, 0.020012205466628075
0.07665769755840302, 0.022136256098747253
0.08073443174362183, 0.021944021806120872
0.0765005424618721, 0.018231205642223358
0.07529325038194656, 0.014015577733516693
0.08444997668266296, 0.01972229965031147
0.08400582522153854, 0.020320456475019455
0.07555800676345825, 0.018480217084288597
0.0734354630112648, 0.019053684547543526
0.07673469930887222, 0.02097277343273163
0.07491496950387955, 0.0208187997341156
0.0838421955704689, 0.02050814963877201
0.08728938549757004, 0.020155949518084526
0.07823802530765533, 0.013765964657068253
0.07627301663160324, 0.01831863820552826
0.08290250599384308, 0.028310570865869522
0.0736660286784172, 0.015356527641415596
0.08080530911684036, 0.022146394476294518
0.08742847293615341, 0.018238745629787445
0.08099381625652313, 0.016034921631217003
0.07279405742883682, 0.015197108499705791
0.07297302782535553, 0.016333965584635735
0.0806409940123558, 0.012601649388670921
0.08614052087068558, 0.025053074583411217
0.07889058440923691, 0.018915671855211258
0.07897886633872986, 0.01882772333920002
0.07951788604259491, 0.01299513690173626
0.07462269067764282, 0.009513147175312042
0.0822126716375351, 0.018806880339980125
0.07007316499948502, 0.015039634890854359
0.08437531441450119, 0.01967191882431507
0.07774727046489716, 0.018266363069415092
0.0780172199010849, 0.022867167368531227
0.07819805294275284, 0.018979232758283615
0.0799303725361824, 0.0196879543364048
0.07407709956169128, 0.012305726297199726
0.07081373035907745, 0.011801840737462044
0.07857910543680191, 0.015493517741560936
0.07870043814182281, 0.014151799492537975
0.0895974412560463, 0.015117024071514606
0.07120063900947571, 0.014477613382041454
0.07426401227712631, 0.017961980774998665
0.0757158026099205, 0.016163041815161705
0.07793322205543518, 0.014704429544508457
0.07739771157503128, 0.01323199737817049
0.07275954633951187, 0.015358634293079376
0.08170218020677567, 0.01648966409265995
0.08783134073019028, 0.013507048599421978
0.08129123598337173, 0.020657096058130264
0.07598229497671127, 0.015417475253343582
0.07697455585002899, 0.016397986561059952
0.07925470173358917, 0.0203570406883955
0.0729701891541481, 0.015062229707837105
0.06647167354822159, 0.011751675978302956
0.07895833998918533, 0.022217540070414543
0.07624918222427368, 0.020099662244319916
0.08156171441078186, 0.01724313013255596
0.08507475256919861, 0.017044242471456528
0.08712396025657654, 0.018847664818167686
0.07321751117706299, 0.01928042806684971
0.07886659353971481, 0.019116004928946495
0.07896167784929276, 0.016110658645629883
0.08825498074293137, 0.024737035855650902
0.07721114903688431, 0.01285854633897543
0.08387477695941925, 0.022383052855730057
0.07397965341806412, 0.014797557145357132
0.07672499120235443, 0.009985053911805153
0.08132282644510269, 0.021933365613222122
0.07760435342788696, 0.0162674393504858
0.0833442285656929, 0.016822244971990585
0.06941963732242584, 0.018090106546878815
0.06797442585229874, 0.0157750453799963
0.08573466539382935, 0.029638094827532768
0.08171244710683823, 0.014067568816244602
0.08603928238153458, 0.020060144364833832
0.07672140747308731, 0.012461405247449875
0.09052655100822449, 0.023513497784733772
0.07865890860557556, 0.016960566863417625
0.08548913151025772, 0.02461845986545086
0.08575422316789627, 0.01992342434823513
0.08259707689285278, 0.022510381415486336
0.06900913268327713, 0.010301136411726475
0.07564383000135422, 0.014993684366345406
0.08084867894649506, 0.013686991296708584
0.06941262632608414, 0.02003730833530426
0.0747627466917038, 0.017643043771386147
0.08530274778604507, 0.017964717000722885
0.07820572704076767, 0.01431802287697792
0.07873429358005524, 0.02131647802889347
0.08033472299575806, 0.017924057319760323
0.08472615480422974, 0.021036885678768158
0.08114800602197647, 0.021816108375787735
0.07561109960079193, 0.01351273711770773
0.07260849326848984, 0.022071149200201035
0.08503852039575577, 0.020074699074029922
0.07224608957767487, 0.018253250047564507
0.07464943826198578, 0.015411392785608768
0.06835959851741791, 0.01516659650951624
0.08434475213289261, 0.019832488149404526
0.07492857426404953, 0.01708189584314823
0.07518544793128967, 0.01861371472477913
0.07151700556278229, 0.016846003010869026
0.07841631025075912, 0.018245097249746323
0.0804101973772049, 0.023722147569060326
0.08128205686807632, 0.022722754627466202
0.07978811860084534, 0.021939005702733994
0.07994387298822403, 0.021352168172597885
0.0787912979722023, 0.019524086266756058
0.08258659392595291, 0.01879253052175045
0.07276690751314163, 0.01734139770269394
0.07877525687217712, 0.022455567494034767
0.07876771688461304, 0.022950176149606705
0.07593952119350433, 0.02556062676012516
0.08057775348424911, 0.020078305155038834
0.08285507559776306, 0.025118883699178696
0.07871595025062561, 0.0219833105802536
0.07506848871707916, 0.02240750752389431
0.08540848642587662, 0.02320556901395321
0.07545571774244308, 0.014400072395801544
0.08060740679502487, 0.023207610473036766
0.0739298164844513, 0.02321620285511017
0.07757502049207687, 0.023140516132116318
0.08249978721141815, 0.015867680311203003
0.08571257442235947, 0.021417636424303055
0.08473603427410126, 0.017352331429719925
0.07482483237981796, 0.013815767131745815
0.07993952184915543, 0.017840184271335602
0.08379147946834564, 0.02506735734641552
0.07750079780817032, 0.014447307214140892
0.08049210906028748, 0.016988243907690048
0.07007366418838501, 0.01555157545953989
0.08037423342466354, 0.01778804138302803
0.07931865751743317, 0.016487538814544678
0.08107432723045349, 0.01991782709956169
0.07062669843435287, 0.01910821720957756
0.08078043162822723, 0.022215796634554863
0.08092651516199112, 0.01894707977771759
0.08055423945188522, 0.018672510981559753
0.08084181696176529, 0.018719464540481567
0.07618910819292068, 0.020888905972242355
0.08412053436040878, 0.014566711150109768
0.07480977475643158, 0.014773653820157051
0.08479756861925125, 0.016773702576756477
0.08168303221464157, 0.019491879269480705
0.08267482370138168, 0.021756617352366447
0.07771182060241699, 0.016475049778819084
0.07426009327173233, 0.02060360461473465
0.07915003597736359, 0.0231755580753088
0.07859335094690323, 0.01589042879641056
0.072073794901371, 0.017706872895359993
0.08195365220308304, 0.01688890904188156
0.06788058578968048, 0.015580751933157444
0.07590179890394211, 0.015370042063295841
0.08871648460626602, 0.024672770872712135
0.0829598605632782, 0.015469721518456936
0.07335975766181946, 0.017226628959178925
0.07401058077812195, 0.0185691025108099
0.07943098247051239, 0.025299085304141045
0.0838090181350708, 0.024014975875616074
0.07628045231103897, 0.012139810249209404
0.07339103519916534, 0.017154263332486153
0.07848955690860748, 0.015503285452723503
0.07604164630174637, 0.016216441988945007
0.08389168232679367, 0.01927267573773861
0.0882953628897667, 0.018536819145083427
0.08542490750551224, 0.022790756076574326
0.07997415959835052, 0.016594350337982178
0.07426926493644714, 0.017807649448513985
0.08002105355262756, 0.015966912731528282
0.07781323790550232, 0.023406049236655235
0.07559427618980408, 0.019444871693849564
0.07353787869215012, 0.01558606792241335
0.07488270848989487, 0.018639875575900078
0.07894222438335419, 0.022959155961871147
0.08137284219264984, 0.017827622592449188
0.07308266311883926, 0.013930854387581348
0.08175212144851685, 0.021129300817847252
0.07500974833965302, 0.018679233267903328
0.0782151147723198, 0.016727937385439873
0.06985107809305191, 0.011634008958935738
0.07467378675937653, 0.012255469337105751
0.07341326773166656, 0.017104359343647957
0.07931201159954071, 0.01797390915453434
0.07233656197786331, 0.017478331923484802
0.0754241943359375, 0.01645948365330696
0.07804878056049347, 0.017227904871106148
0.07351329922676086, 0.017169373109936714
0.07114046066999435, 0.013460606336593628
0.06696343421936035, 0.020517809316515923
0.07756965607404709, 0.01721651665866375
0.07970818877220154, 0.012151607312262058
0.07396633177995682, 0.013491574674844742
0.07736381143331528, 0.019523879513144493
0.07710293680429459, 0.025448357686400414
0.07141352444887161, 0.014369879849255085
0.07384178787469864, 0.01514472160488367
0.0787687674164772, 0.01871032826602459
0.06997211277484894, 0.014397179707884789
0.07085619866847992, 0.015256190672516823
0.07262210547924042, 0.02131475694477558
0.07311157882213593, 0.013948079198598862
0.07541421055793762, 0.023745138198137283
0.07901064306497574, 0.019347520545125008
