mean, std
0.3577859699726105, 0.02110382728278637
0.3294655382633209, 0.019991394132375717
0.30957913398742676, 0.019397050142288208
0.28660959005355835, 0.014168605208396912
0.2668171226978302, 0.01470335852354765
0.24796563386917114, 0.012584857642650604
0.2282412052154541, 0.013965718448162079
0.21035446226596832, 0.015477774664759636
0.1918882131576538, 0.010758391581475735
0.17676737904548645, 0.01087267603725195
0.1646634191274643, 0.016451027244329453
0.15530472993850708, 0.011656624265015125
0.1480562388896942, 0.008414044044911861
0.1414920836687088, 0.009761791676282883
0.1358770877122879, 0.012758618220686913
0.13044419884681702, 0.009518281556665897
0.12663012742996216, 0.01163985300809145
0.12063157558441162, 0.009491540491580963
0.1175098717212677, 0.009297529235482216
0.11261212825775146, 0.008376846089959145
0.10787166655063629, 0.011221365071833134
0.10463491827249527, 0.008130542933940887
0.1005486249923706, 0.008338154293596745
0.09768102318048477, 0.006669856142252684
0.09593287110328674, 0.008264909498393536
0.09423534572124481, 0.0066178664565086365
0.09169785678386688, 0.007593161426484585
0.09028516709804535, 0.00802774541079998
0.08856872469186783, 0.00946162547916174
0.08612386882305145, 0.008791070431470871
0.08621736615896225, 0.007805030792951584
0.08479133993387222, 0.007807502523064613
0.08303353935480118, 0.005889079999178648
0.08248378336429596, 0.008187741972506046
0.08121465891599655, 0.006550604477524757
0.08008141815662384, 0.009363982826471329
0.07882241159677505, 0.00821941439062357
0.07821981608867645, 0.007704347372055054
0.07776711136102676, 0.009094691835343838
0.0767219141125679, 0.006392216309905052
0.07614967226982117, 0.0072242398746311665
0.07570023089647293, 0.005928851198405027
0.07527557015419006, 0.008715975098311901
0.07420459389686584, 0.007029956206679344
0.07348769158124924, 0.008103952743113041
0.07243970781564713, 0.008834809996187687
0.07233039289712906, 0.006102999672293663
0.07198882102966309, 0.006881729234009981
0.07091865688562393, 0.007338625378906727
0.07089486718177795, 0.006589536555111408
0.07028106600046158, 0.008255504071712494
0.06966978311538696, 0.009032640606164932
0.0692865401506424, 0.0068518659099936485
0.06902243196964264, 0.007818958722054958
0.0684942752122879, 0.008412587456405163
0.0685664713382721, 0.006751095876097679
0.06738779693841934, 0.005579878110438585
0.06726549565792084, 0.007493158336728811
0.06715989112854004, 0.005392526742070913
0.06706913560628891, 0.005834363400936127
0.06675543636083603, 0.004031963646411896
0.06648987531661987, 0.006742947734892368
0.06615635752677917, 0.006435721646994352
0.06582383066415787, 0.0058125383220613
0.06611073017120361, 0.005996599793434143
0.06513874232769012, 0.007103110663592815
0.06492707133293152, 0.005997026339173317
0.06478346884250641, 0.008251451887190342
0.06455603986978531, 0.004869282711297274
0.06430255621671677, 0.0056536211632192135
0.06409531086683273, 0.0061531090177595615
0.06428364664316177, 0.006118736229836941
0.06457258760929108, 0.005508305970579386
0.06346436589956284, 0.004630602430552244
0.06395662575960159, 0.006659970618784428
0.0635293647646904, 0.004558770917356014
0.06342526525259018, 0.004537599626928568
0.06266312301158905, 0.004813876003026962
0.06240342929959297, 0.006875157821923494
0.06339001655578613, 0.005174281541258097
0.06232455000281334, 0.004512198269367218
0.06266618520021439, 0.006370525807142258
0.06151379644870758, 0.0054267277009785175
0.061877112835645676, 0.006991486996412277
0.062086157500743866, 0.008195501752197742
0.061525870114564896, 0.006889380048960447
0.06188080832362175, 0.006946864537894726
0.06171461567282677, 0.006130317226052284
0.06193695589900017, 0.006433194503188133
0.062276292592287064, 0.005096463952213526
0.06139900162816048, 0.005064781755208969
0.06135113909840584, 0.007160325068980455
0.06117274984717369, 0.0055619399063289165
0.06048097833991051, 0.00509051326662302
0.0609188936650753, 0.007070739753544331
0.06133083626627922, 0.0034762872382998466
0.060768041759729385, 0.00557446014136076
0.060828547924757004, 0.0056994264014065266
0.060243237763643265, 0.006896106526255608
0.06086500361561775, 0.004225545097142458
0.06061195209622383, 0.005651325918734074
0.05948566645383835, 0.005910045467317104
0.060672514140605927, 0.006106760818511248
0.05964057520031929, 0.005798252299427986
0.05999065190553665, 0.006754564121365547
0.05999782308936119, 0.0077978577464818954
0.05967097356915474, 0.005867831874638796
0.05968163534998894, 0.00475834496319294
0.05876021832227707, 0.003935950342565775
0.05948060750961304, 0.005351686384528875
0.05919027328491211, 0.005785419140011072
0.05894310772418976, 0.007481090258806944
0.05876557156443596, 0.005551173817366362
0.05897996947169304, 0.005421805195510387
0.058743372559547424, 0.007046095095574856
0.05939153954386711, 0.007495177444070578
0.058773577213287354, 0.006959591992199421
0.05866917595267296, 0.006498757284134626
0.05913923308253288, 0.006722938735038042
0.05920824036002159, 0.006139038130640984
0.058032095432281494, 0.005253127310425043
0.058626942336559296, 0.00763310119509697
0.0583411268889904, 0.006707797292619944
0.0585513636469841, 0.008295190520584583
0.05831553414463997, 0.0056728702038526535
0.05826078727841377, 0.005364326760172844
0.058114759624004364, 0.005094817839562893
0.05771147087216377, 0.004737300332635641
0.05764197185635567, 0.007756269071251154
0.05789587274193764, 0.005714671686291695
0.057860951870679855, 0.0063403272069990635
0.05774485319852829, 0.006452232599258423
0.058554280549287796, 0.005899747367948294
0.058231521397829056, 0.004699657671153545
0.05759606882929802, 0.006690678186714649
0.057471562176942825, 0.006794000510126352
0.05781957879662514, 0.006875711493194103
0.05762958526611328, 0.006288142409175634
0.0572928786277771, 0.0049263169057667255
0.05818372964859009, 0.003876552451401949
0.057481877505779266, 0.005511032417416573
0.0574909970164299, 0.00752354646101594
0.057201988995075226, 0.004821042995899916
0.05740111321210861, 0.0037514553405344486
0.057372450828552246, 0.00667549530044198
0.0572899766266346, 0.005772983189672232
0.05716298893094063, 0.004815821535885334
0.0573575384914875, 0.005671886261552572
0.05722571164369583, 0.005620189942419529
0.05686018988490105, 0.006983491592109203
0.056701529771089554, 0.005934836342930794
0.05708986520767212, 0.004931136034429073
0.056815434247255325, 0.005092585925012827
0.05707904323935509, 0.0043942928314208984
0.05628509819507599, 0.0065871356055140495
0.05732195824384689, 0.005621655844151974
0.056561365723609924, 0.007088025100529194
0.05702318623661995, 0.006030699238181114
0.05579494312405586, 0.007907447405159473
0.05704106390476227, 0.004435958340764046
0.056127529591321945, 0.006639915984123945
0.05629037693142891, 0.005982378963381052
0.05683209374547005, 0.005383949261158705
0.056420665234327316, 0.00532922800630331
0.056545190513134, 0.006425558123737574
0.05604609474539757, 0.00700125889852643
0.0560833215713501, 0.00488665048032999
0.05604708939790726, 0.005863966420292854
0.055695388466119766, 0.006758454255759716
0.05567571893334389, 0.00704313674941659
0.05647607520222664, 0.0052041164599359035
0.05616458132863045, 0.007376761641353369
0.0561906099319458, 0.004590158350765705
0.05586762726306915, 0.005499981343746185
0.056012120097875595, 0.0034984536468982697
0.056427162140607834, 0.006804042030125856
0.05614032968878746, 0.007463283371180296
0.05477968230843544, 0.005425591953098774
0.055614907294511795, 0.007263656705617905
0.05545317009091377, 0.004943756852298975
0.05537055432796478, 0.005367569159716368
0.05522435903549194, 0.006995298899710178
0.05551832914352417, 0.006238384172320366
0.05488019809126854, 0.006512005813419819
0.05614814534783363, 0.0039819334633648396
0.05545695498585701, 0.005896668881177902
0.054450709372758865, 0.006036114878952503
0.05554752051830292, 0.006543376948684454
0.055604543536901474, 0.005641407333314419
0.05585001781582832, 0.004864607006311417
0.05539192259311676, 0.005726836621761322
0.05568341538310051, 0.0063119749538600445
0.05545010417699814, 0.005998475011438131
0.05514261871576309, 0.004234452731907368
0.055647049099206924, 0.006386211607605219
0.05542479082942009, 0.006011325865983963
0.05528067424893379, 0.006379947531968355
0.055202603340148926, 0.005223353859037161
0.055706098675727844, 0.005904661025851965
0.05516325682401657, 0.006315355189144611
0.054830893874168396, 0.006852597929537296
0.05509886518120766, 0.005869623739272356
0.055125512182712555, 0.005781796295195818
0.05466027930378914, 0.005553349386900663
0.05554803088307381, 0.0041517410427331924
0.05498021841049194, 0.005656037945300341
0.054667793214321136, 0.006264121271669865
0.05500653386116028, 0.005711766425520182
0.05478852614760399, 0.006963864900171757
0.054537344723939896, 0.006767233368009329
0.05495639890432358, 0.006655870471149683
0.05512710288167, 0.004464247729629278
0.054165977984666824, 0.008190215565264225
0.05473654344677925, 0.004144125618040562
0.05412106588482857, 0.006643201690167189
0.05412047356367111, 0.004644488915801048
0.054819464683532715, 0.007058075163513422
0.05436408519744873, 0.00510766776278615
0.05448782444000244, 0.004999345168471336
0.0546601377427578, 0.005244567524641752
0.05394243821501732, 0.007442489732056856
0.054216593503952026, 0.006106586195528507
0.05404555797576904, 0.004660758189857006
0.05455287545919418, 0.004408883862197399
0.054119791835546494, 0.004070327151566744
0.054775211960077286, 0.005486844107508659
0.05490512028336525, 0.006101135164499283
0.05386017635464668, 0.006507044192403555
0.054244983941316605, 0.006183842197060585
0.053892649710178375, 0.005237607751041651
0.05421771481633186, 0.004419111181050539
0.053607165813446045, 0.007275706622749567
0.05376544967293739, 0.007627058774232864
0.054019246250391006, 0.005605641286820173
0.05414881929755211, 0.005182299762964249
0.0538204088807106, 0.0073374598287045956
0.053500980138778687, 0.00654142489656806
0.05387648940086365, 0.003750782459974289
0.05358255282044411, 0.00493401987478137
0.053598757833242416, 0.005205564200878143
0.054084084928035736, 0.00556199811398983
0.053339168429374695, 0.005023610312491655
0.05350999906659126, 0.005651431158185005
0.05334391072392464, 0.005368146579712629
0.05449894443154335, 0.0037103043869137764
0.054099105298519135, 0.0050814407877624035
0.053578801453113556, 0.005643120035529137
0.05362597107887268, 0.00547719607129693
0.053708214312791824, 0.005174107849597931
0.05327208340167999, 0.005351504310965538
0.05380214378237724, 0.005939196795225143
0.05376744270324707, 0.0044350698590278625
0.05353035405278206, 0.004373906180262566
0.053693585097789764, 0.005937620997428894
0.05352109298110008, 0.0053326720371842384
0.05365324392914772, 0.005410221870988607
0.05349094793200493, 0.004617027007043362
0.053088828921318054, 0.005647990852594376
0.05318254604935646, 0.005842247512191534
0.052699342370033264, 0.006453322246670723
0.0531037375330925, 0.005300707649439573
0.053513821214437485, 0.007021796423941851
0.05317188426852226, 0.006287849973887205
0.05297192558646202, 0.004960822407156229
0.05280343070626259, 0.0059953127056360245
0.0529182106256485, 0.005455476697534323
0.05273988097906113, 0.004333990626037121
0.05322014167904854, 0.005593998823314905
0.05316903814673424, 0.005429218523204327
0.05327361822128296, 0.005819609388709068
0.05311649292707443, 0.006084764841943979
0.05282872915267944, 0.005054602865129709
0.05234431102871895, 0.006924014072865248
0.0525846965610981, 0.004857377614825964
0.052699971944093704, 0.007559807505458593
0.05261540412902832, 0.004885772243142128
0.05316967889666557, 0.004740746691823006
0.052599161863327026, 0.006017118226736784
0.052580248564481735, 0.006493573542684317
0.05293935909867287, 0.006099620833992958
0.05281640961766243, 0.007115180138498545
0.05283501371741295, 0.006883579771965742
0.05293901637196541, 0.005041072610765696
0.052555520087480545, 0.007052440661936998
0.05231362581253052, 0.006155314855277538
0.05274125933647156, 0.006128148175776005
0.05230650305747986, 0.004475864581763744
0.052390120923519135, 0.005768868140876293
0.05182798579335213, 0.005153154022991657
0.05220669135451317, 0.0060508339665830135
0.05275207757949829, 0.0044457875192165375
0.052355993539094925, 0.0063667334616184235
0.05250464752316475, 0.0034058464225381613
0.05240270122885704, 0.006518115289509296
0.05210321024060249, 0.00515827676281333
0.05217371881008148, 0.005930233281105757
0.05263811722397804, 0.005336616653949022
0.051886219531297684, 0.005457508377730846
0.052161309868097305, 0.0059373765252530575
0.051711779087781906, 0.006472618784755468
0.052597526460886, 0.0030492835212498903
0.05236825719475746, 0.0052501363679766655
0.05161160230636597, 0.005257409065961838
0.05223929136991501, 0.005732419900596142
0.051777999848127365, 0.006829557009041309
0.05232628062367439, 0.004868895746767521
0.05215992406010628, 0.006499627139419317
0.052010536193847656, 0.004055054392665625
0.05229350924491882, 0.005317101255059242
0.0523407943546772, 0.005338664632290602
0.052188996225595474, 0.0036122931633144617
0.05140914395451546, 0.004035357851535082
0.05144831910729408, 0.007045609410852194
0.051911696791648865, 0.004792408086359501
0.05169906094670296, 0.006412592250853777
0.05203137546777725, 0.00446730013936758
0.05129941180348396, 0.007069754414260387
0.051651664078235626, 0.005499097518622875
0.051652975380420685, 0.005786010064184666
0.05155504494905472, 0.00676713464781642
0.051481619477272034, 0.005241772625595331
0.051484692841768265, 0.006053835619240999
0.051757875829935074, 0.006733835209161043
0.05159679055213928, 0.006681310012936592
0.05175324156880379, 0.006069347728043795
0.0520731583237648, 0.004054654389619827
0.051567062735557556, 0.0049374704249203205
0.051197078078985214, 0.005668873433023691
0.05116914585232735, 0.004861769266426563
0.051465947180986404, 0.0036972316447645426
0.0514751560986042, 0.0058386921882629395
0.05136203393340111, 0.006304053124040365
0.05157016962766647, 0.005536234937608242
0.05119423195719719, 0.003708234056830406
0.05094652622938156, 0.004756972659379244
0.05158885195851326, 0.005319542251527309
0.051183510571718216, 0.006241117138415575
0.05130373314023018, 0.0059298500418663025
0.05114984139800072, 0.0077703529968857765
0.0507722944021225, 0.0062858290039002895
0.050890643149614334, 0.006128308828920126
0.05161865055561066, 0.005634012632071972
0.050762277096509933, 0.0055114272981882095
0.05034900829195976, 0.005176926497370005
0.05108156055212021, 0.0054363287054002285
0.051279135048389435, 0.004937723744660616
0.051296018064022064, 0.005548431538045406
0.051388002932071686, 0.0038712210953235626
0.05091746523976326, 0.006015279330313206
0.050921935588121414, 0.005199363920837641
0.051369842141866684, 0.003069237107411027
0.05057186633348465, 0.0066980826668441296
0.051611848175525665, 0.005362377502024174
0.05064835026860237, 0.005784908775240183
0.05094432085752487, 0.006977024953812361
0.050513651221990585, 0.005422942340373993
0.05090458691120148, 0.005557788535952568
0.05113404244184494, 0.005954181309789419
0.050619933754205704, 0.006113829091191292
0.050963595509529114, 0.005263849161565304
0.05076982453465462, 0.003078692825511098
0.05010305717587471, 0.006645432207733393
0.05076703801751137, 0.005827583372592926
0.05086475983262062, 0.004407250322401524
0.0509759895503521, 0.0055703031830489635
0.050497278571128845, 0.005406671669334173
0.05077902227640152, 0.006453311536461115
0.05072810500860214, 0.003961368929594755
0.05065181478857994, 0.00451552914455533
0.05045188590884209, 0.0037123633082956076
0.05079656094312668, 0.006228068843483925
0.05042463541030884, 0.00664072809740901
0.05080817639827728, 0.00589811522513628
0.050722673535346985, 0.0030521696899086237
0.05071588233113289, 0.004138617776334286
0.05096182972192764, 0.005097971763461828
0.05011731758713722, 0.004848614800721407
0.05028859153389931, 0.005521050654351711
0.05046125128865242, 0.005607723258435726
0.05046945437788963, 0.005366217810660601
0.05056419596076012, 0.005054923705756664
0.0501181036233902, 0.005917639005929232
0.05068683624267578, 0.0048499200493097305
0.04992900416254997, 0.0058099995367228985
0.05046939477324486, 0.0048140548169612885
0.05060147866606712, 0.005622422322630882
0.04996718093752861, 0.0035222996957600117
0.050495393574237823, 0.005718768108636141
0.050313062965869904, 0.005881568416953087
0.05042440816760063, 0.004541293252259493
0.05029602721333504, 0.004727425053715706
0.050237201154232025, 0.005552135873585939
0.0502554289996624, 0.0061269486322999
0.05017843842506409, 0.0060137733817100525
0.04989853501319885, 0.005436754319816828
0.049485597759485245, 0.005202554166316986
0.04940890893340111, 0.00682554766535759
0.05021118000149727, 0.005814545787870884
0.05028511956334114, 0.004493265878409147
0.05005853250622749, 0.005638482049107552
0.05013211444020271, 0.006468513514846563
0.04992710426449776, 0.004865818191319704
0.05003941059112549, 0.005795258563011885
0.050031568855047226, 0.005643999204039574
0.05051335319876671, 0.003971375524997711
0.048979777842760086, 0.008923799730837345
0.050019342452287674, 0.005626401863992214
0.049626246094703674, 0.003350626677274704
0.04979991167783737, 0.004561433102935553
0.049606673419475555, 0.00753001356497407
0.0484684556722641, 0.005065396893769503
0.04970941320061684, 0.004331686999648809
0.049916476011276245, 0.005169809330254793
0.04947718232870102, 0.006008648779243231
0.04986448213458061, 0.004413208924233913
0.0491371713578701, 0.005335673689842224
0.049760300666093826, 0.006943881511688232
0.04943748190999031, 0.004867484327405691
0.04928292706608772, 0.005296796560287476
0.049160148948431015, 0.005442099180072546
0.04914714768528938, 0.006761690601706505
0.04944803938269615, 0.004993274807929993
0.049404043704271317, 0.0063650598749518394
0.04908093810081482, 0.004739432595670223
0.04927634075284004, 0.004036823287606239
0.049016304314136505, 0.0041905175894498825
0.04896397888660431, 0.004880122374743223
0.048978764563798904, 0.0039286003448069096
0.04928434640169144, 0.00569957634434104
0.04908250272274017, 0.005257603712379932
0.049097731709480286, 0.004618179053068161
0.04890282079577446, 0.004767694976180792
0.048977065831422806, 0.0061646560207009315
0.04946267604827881, 0.005080134607851505
0.04913964495062828, 0.004299935884773731
0.048602666705846786, 0.004133179783821106
0.04904778674244881, 0.004029561299830675
0.04930197075009346, 0.0052140457555651665
0.04915161803364754, 0.0034175701439380646
0.04895251244306564, 0.005587903317064047
0.0487021841108799, 0.00457598315551877
0.04865377023816109, 0.005064943339675665
0.049046266824007034, 0.005198363680392504
0.04845764860510826, 0.00567980483174324
0.04823857918381691, 0.0048116580583155155
0.048809994012117386, 0.006842582952231169
0.04920479282736778, 0.004314933903515339
0.04904569312930107, 0.0041321320459246635
0.048660583794116974, 0.005229041446000338
0.048236098140478134, 0.005529935006052256
0.04879247397184372, 0.004256885964423418
0.04888886585831642, 0.006250601261854172
0.04820220544934273, 0.004964244086295366
0.04870756343007088, 0.00482710637152195
0.048619434237480164, 0.00478362524881959
0.04813088849186897, 0.005123584996908903
0.04844401776790619, 0.005065952427685261
0.04871712252497673, 0.005320549942553043
0.048243943601846695, 0.005828088615089655
0.04810198396444321, 0.004795907996594906
0.04778967425227165, 0.003960795700550079
0.04795132577419281, 0.004466302692890167
0.048758722841739655, 0.0036141397431492805
0.0482497401535511, 0.0053141117095947266
0.04802250862121582, 0.004295565187931061
0.04835725575685501, 0.004893174860626459
0.048254597932100296, 0.004677795339375734
0.048117462545633316, 0.004940290004014969
0.04778909310698509, 0.0063839927315711975
0.04828888177871704, 0.006015687249600887
0.04773187264800072, 0.004158955067396164
0.048018988221883774, 0.004198868293315172
0.047882094979286194, 0.0036029317416250706
0.047349173575639725, 0.006399116944521666
0.0476134829223156, 0.004374382551759481
0.0474797859787941, 0.0056093293242156506
0.04818236082792282, 0.006441863719373941
0.047673553228378296, 0.005117966793477535
0.047667842358350754, 0.005452076438814402
0.04775407910346985, 0.004881513770669699
0.047374922782182693, 0.006377699319273233
0.047764234244823456, 0.004896232858300209
0.048062436282634735, 0.004312659148126841
0.047699715942144394, 0.005320352502167225
0.04761447384953499, 0.004416199866682291
0.04779659956693649, 0.006246717181056738
0.04782040789723396, 0.005863663740456104
0.04740538075566292, 0.006105824373662472
0.04737374931573868, 0.004888646304607391
0.04711565002799034, 0.005085854325443506
0.04763365164399147, 0.006467890925705433
0.04740368574857712, 0.004941495135426521
0.04732738062739372, 0.00535791227594018
0.04769527539610863, 0.005341191776096821
0.04757027328014374, 0.004478428512811661
0.04734494909644127, 0.006265673320740461
0.047140154987573624, 0.005129687022417784
0.047845978289842606, 0.004950293339788914
0.04753640294075012, 0.003606746904551983
0.047926221042871475, 0.002545161172747612
0.04737021401524544, 0.004269891418516636
0.04745181277394295, 0.005489116068929434
0.04729553684592247, 0.00524562643840909
0.047470573335886, 0.005899948067963123
0.047412265092134476, 0.004799340385943651
0.04712117090821266, 0.00517253065481782
0.04708017036318779, 0.004549819976091385
0.047344498336315155, 0.0043945047073066235
0.04713919013738632, 0.004155272617936134
0.04732141271233559, 0.00507512828335166
0.04708283394575119, 0.005878313444554806
0.04641629010438919, 0.004722292535007
0.0468362495303154, 0.005270740017294884
0.04712824895977974, 0.005401641596108675
0.04697517678141594, 0.004655769560486078
0.045978765934705734, 0.005467150826007128
0.04663047194480896, 0.006018731277436018
0.04732281714677811, 0.004751823842525482
0.04654577746987343, 0.005699308589100838
0.046510063111782074, 0.006747032515704632
0.04699183627963066, 0.005211602430790663
0.04648905247449875, 0.00593937560915947
0.04695422202348709, 0.004189379047602415
0.046710509806871414, 0.005312205757945776
0.04667207598686218, 0.005614027846604586
0.04664406180381775, 0.005716812796890736
0.046902675181627274, 0.005058581009507179
0.04632081091403961, 0.005347490310668945
0.04628755524754524, 0.00424622418358922
0.04673466458916664, 0.004407378379255533
0.04676913097500801, 0.00536827277392149
0.04664206504821777, 0.0036112938541918993
0.04632044583559036, 0.0046075256541371346
0.04692073166370392, 0.004769757855683565
0.046892907470464706, 0.0029620539862662554
0.04627333953976631, 0.005192348267883062
0.04646065831184387, 0.005460014101117849
0.04683469980955124, 0.005010460969060659
0.04621265456080437, 0.0072402553632855415
0.04628904163837433, 0.004710628185421228
0.0463089719414711, 0.004905423149466515
0.04629890248179436, 0.005023764446377754
0.045982085168361664, 0.005438096355646849
0.04567514732480049, 0.006863628514111042
0.04656395688652992, 0.005224257241934538
0.04620463401079178, 0.0036139197181910276
0.04623355343937874, 0.0035972553305327892
0.04641662538051605, 0.004218473099172115
0.045940469950437546, 0.0055596791207790375
0.046184275299310684, 0.00264109973795712
0.04629870131611824, 0.003762434469535947
0.04584025219082832, 0.0053033833391964436
0.045890528708696365, 0.005047941580414772
0.04601380228996277, 0.003530695801600814
0.04604407027363777, 0.004077671095728874
0.04561397060751915, 0.005686077754944563
0.04570513591170311, 0.0062102400697767735
0.045669808983802795, 0.005594823509454727
0.04552704468369484, 0.005200259853154421
0.04573417454957962, 0.004398373421281576
0.04557742550969124, 0.0052511924877762794
0.045498836785554886, 0.004570352844893932
0.04554898664355278, 0.00456580612808466
0.045941878110170364, 0.004863752983510494
0.045733492821455, 0.003773050382733345
0.045211516320705414, 0.005505594424903393
0.04548640921711922, 0.0046158055774867535
0.045326896011829376, 0.005915122106671333
0.04526137188076973, 0.003723743138834834
0.0455184131860733, 0.005235395394265652
0.045316699892282486, 0.005698499735444784
0.045247890055179596, 0.004042952787131071
0.04586168751120567, 0.0040498399175703526
0.04550029709935188, 0.004198931157588959
0.04543004930019379, 0.004097988363355398
0.04534247890114784, 0.00462613720446825
0.04477019980549812, 0.005504983011633158
0.04512619972229004, 0.004733898211270571
0.04515718296170235, 0.004249244462698698
0.0449359305202961, 0.00475110299885273
0.04516800865530968, 0.004622220993041992
0.044772516936063766, 0.0037945148069411516
0.04519045725464821, 0.0037949024699628353
0.045072317123413086, 0.004643880762159824
0.04543519392609596, 0.0029532958287745714
0.0447973906993866, 0.0032857172191143036
0.044976264238357544, 0.004124520346522331
0.0446033738553524, 0.004583310801535845
0.04511696845293045, 0.0052551100961863995
0.04461725801229477, 0.005135702900588512
0.04500386118888855, 0.0034929397515952587
0.044739410281181335, 0.004962879233062267
0.04496171697974205, 0.003685393836349249
0.04469529539346695, 0.004640289582312107
0.044807761907577515, 0.003759268904104829
0.044728513807058334, 0.005687385331839323
0.04434208944439888, 0.0044220988638699055
0.04451770335435867, 0.00678990688174963
0.04477338492870331, 0.004482434131205082
0.04493830353021622, 0.004588966257870197
0.04466422274708748, 0.004604659508913755
0.044058170169591904, 0.006420081481337547
0.044443607330322266, 0.005137187894433737
0.04467492178082466, 0.0035792288836091757
0.04461588338017464, 0.0029782247729599476
0.04502154141664505, 0.004715823568403721
0.04478924348950386, 0.004104341380298138
0.04403972253203392, 0.005007735453546047
0.04472951963543892, 0.0037901948671787977
0.04468020796775818, 0.004662339575588703
0.044417060911655426, 0.005393091589212418
0.04418440908193588, 0.00519997114315629
0.044128935784101486, 0.005536326207220554
0.043942321091890335, 0.005712191108614206
0.04411844536662102, 0.004353186581283808
0.04441836476325989, 0.005205383989959955
0.04427275061607361, 0.003759989980608225
0.043905891478061676, 0.0060279155150055885
0.04436922445893288, 0.003971443045884371
0.04408123344182968, 0.004432416521012783
0.04365340247750282, 0.003856608411297202
0.04401356726884842, 0.005377716384828091
0.04408876970410347, 0.0050175790674984455
0.04379730299115181, 0.006722084246575832
0.04386677220463753, 0.004686699714511633
0.04366075620055199, 0.004513653460890055
0.04436330497264862, 0.004458977375179529
0.04404662176966667, 0.0051557705737650394
0.044080477207899094, 0.003898733062669635
0.04338928684592247, 0.004810086451470852
0.043657757341861725, 0.005416457075625658
0.04391220584511757, 0.005021101329475641
0.04438148811459541, 0.005041984375566244
0.04378138855099678, 0.004978272132575512
0.04424571990966797, 0.0040594302117824554
0.043892957270145416, 0.004092561546713114
0.04315466433763504, 0.0054260920733213425
0.04348737373948097, 0.004915869329124689
0.043909672647714615, 0.004064309410750866
0.04393374174833298, 0.0043135592713952065
0.04334508255124092, 0.005277897231280804
0.04366188496351242, 0.004652741365134716
0.04395907372236252, 0.005585887469351292
0.04367620497941971, 0.005354560445994139
0.044103942811489105, 0.0036728789564222097
0.04380650445818901, 0.003870438551530242
0.0433947928249836, 0.004668788984417915
0.04353638365864754, 0.003962289541959763
0.0437290295958519, 0.0058503891341388226
0.043989721685647964, 0.005243689753115177
0.04390515387058258, 0.004164566285908222
0.043075550347566605, 0.004988715052604675
0.04367552325129509, 0.005142809823155403
0.04360916465520859, 0.0041853999719023705
0.043428558856248856, 0.0054917288944125175
0.0431981086730957, 0.005985165014863014
0.04346435144543648, 0.004688810091465712
0.043674666434526443, 0.003245765110477805
0.04335923492908478, 0.004515631590038538
0.04359471797943115, 0.003790854709222913
0.04359577223658562, 0.005472629796713591
0.04328232631087303, 0.0047086020931601524
0.043472375720739365, 0.00495135085657239
0.04313770309090614, 0.005073013715445995
0.043527424335479736, 0.004156032111495733
0.04317326471209526, 0.0051773167215287685
0.042772646993398666, 0.00600879080593586
0.04335687309503555, 0.003762084525078535
0.0436583086848259, 0.0037619126960635185
0.043621208518743515, 0.003969680517911911
0.04318217188119888, 0.003722714027389884
0.04246263578534126, 0.004208027385175228
0.04293634742498398, 0.003929397091269493
0.04348577931523323, 0.003801836632192135
0.04299761727452278, 0.005442474503070116
0.04281289502978325, 0.0038122697733342648
0.04313529655337334, 0.003941753879189491
0.0431196466088295, 0.0038350760005414486
0.04276974871754646, 0.005403496325016022
0.042705897241830826, 0.005602399352937937
0.04296489432454109, 0.0056951311416924
0.04283925145864487, 0.004620337393134832
0.04287946596741676, 0.004548018332570791
0.04275689646601677, 0.0046181026846170425
0.043065574020147324, 0.003613619366660714
0.04227486997842789, 0.0048324489034712315
0.04279656335711479, 0.0037910733371973038
0.04266735166311264, 0.004671912174671888
0.042733240872621536, 0.004362046252936125
0.042701609432697296, 0.004974338226020336
0.042899634689092636, 0.0037715097423642874
0.042491812258958817, 0.006185293663293123
0.04258314520120621, 0.0059955245815217495
0.04267798736691475, 0.004902187269181013
0.04288400337100029, 0.004032106604427099
0.04308328032493591, 0.0040489742532372475
0.04250464588403702, 0.0038360420148819685
0.042901694774627686, 0.003712150501087308
0.043066710233688354, 0.0038554007187485695
0.04250745475292206, 0.005029167514294386
0.04277114197611809, 0.003582457546144724
0.042868249118328094, 0.004099818877875805
0.04248831793665886, 0.003970556892454624
0.042510803788900375, 0.004806689452379942
0.0423448421061039, 0.005304464139044285
0.0419461727142334, 0.005684214644134045
0.04284560680389404, 0.006237487308681011
0.041555847972631454, 0.007739163003861904
0.04230191558599472, 0.004253839608281851
0.04230395331978798, 0.004151156637817621
0.04185078293085098, 0.005836544092744589
0.042343758046627045, 0.00577692873775959
0.04264570400118828, 0.003569713095203042
0.04201235622167587, 0.0033265387173742056
0.04257006570696831, 0.0033069164492189884
0.04274936392903328, 0.00475306948646903
0.042420852929353714, 0.005094770807772875
0.04189882054924965, 0.005919361021369696
0.042337816208601, 0.004531391896307468
0.042390186339616776, 0.0033103302121162415
0.04229117929935455, 0.005223263520747423
0.04259268939495087, 0.005120941437780857
0.04236821457743645, 0.004141489043831825
0.04193762317299843, 0.005742810666561127
0.04219767078757286, 0.005618844646960497
0.04223402217030525, 0.004360390827059746
0.042122893035411835, 0.004280220251530409
0.04239436239004135, 0.004429527558386326
0.042215798050165176, 0.004209649749100208
0.04209870472550392, 0.0043155415914952755
0.04236557334661484, 0.004946164786815643
0.04251858964562416, 0.004984116181731224
0.042336881160736084, 0.004005766939371824
0.04176119714975357, 0.005893010180443525
0.04239662364125252, 0.005224325228482485
0.041952550411224365, 0.005126755218952894
0.04159346595406532, 0.005805094260722399
0.04218851774930954, 0.0041142236441373825
0.04247094690799713, 0.003898855298757553
0.042262833565473557, 0.004058802034705877
0.04220987483859062, 0.004034681245684624
0.04181147366762161, 0.004571751691401005
0.04216103255748749, 0.004807055927813053
0.04180770367383957, 0.003213198622688651
0.041729096323251724, 0.0038146430160850286
0.042044747620821, 0.0034944796934723854
0.04176819324493408, 0.003998701460659504
0.04185796529054642, 0.005216862075030804
0.04186511039733887, 0.005569932982325554
0.042076341807842255, 0.0035404858645051718
0.04190521687269211, 0.004825203213840723
0.04208093136548996, 0.004393796436488628
0.04122519865632057, 0.0072654252871870995
0.04174357280135155, 0.0050516631454229355
0.04216565191745758, 0.004819653928279877
0.04249135032296181, 0.004024355206638575
0.04190823808312416, 0.004540544934570789
0.04182322695851326, 0.0041761999018490314
0.042340245097875595, 0.0043946425430476665
0.041810549795627594, 0.004484826698899269
0.04197388514876366, 0.003488834947347641
0.041498929262161255, 0.005573242902755737
0.04162425920367241, 0.004387021064758301
0.04194464161992073, 0.0036958970595151186
0.04199637100100517, 0.0042874435894191265
0.04174942895770073, 0.004411284811794758
0.04159056022763252, 0.0036189360544085503
0.04185155779123306, 0.0053459033370018005
0.041859813034534454, 0.0051089064218103886
0.04168083146214485, 0.004211843013763428
0.04173452407121658, 0.005028929095715284
0.04155837744474411, 0.006078044418245554
0.04202616587281227, 0.0037242635153234005
0.041857846081256866, 0.004892296157777309
0.0410834364593029, 0.005477352067828178
0.041862379759550095, 0.004283439368009567
0.04151352867484093, 0.004718631971627474
0.041685886681079865, 0.006100189406424761
0.04161588102579117, 0.0032109811436384916
0.041500743478536606, 0.004482622258365154
0.041428886353969574, 0.004347073379904032
0.041131582111120224, 0.003651604289188981
0.04150057211518288, 0.002890224102884531
0.04159566015005112, 0.0043066940270364285
0.0417143739759922, 0.004770366474986076
0.04142162576317787, 0.00508722523227334
0.04196961596608162, 0.003189493902027607
0.041791290044784546, 0.004500491078943014
0.041261330246925354, 0.0045211161486804485
0.041219886392354965, 0.004558418411761522
0.041441358625888824, 0.0055213612504303455
0.041163668036460876, 0.003806489985436201
0.04169533774256706, 0.0036522061564028263
0.04142579808831215, 0.004017606843262911
0.04137997701764107, 0.0048384154215455055
0.04131019115447998, 0.005365058314055204
0.04088151827454567, 0.006370819639414549
0.04135900363326073, 0.005184445530176163
0.041135359555482864, 0.004336611833423376
0.04153681546449661, 0.0030078054405748844
0.0404229499399662, 0.005553048569709063
0.041261911392211914, 0.0037041122559458017
0.04141242429614067, 0.0030817945953458548
0.04117298871278763, 0.0045903529971838
0.04082683101296425, 0.005551593843847513
0.041210614144802094, 0.005014180671423674
0.04086961969733238, 0.0034727121237665415
0.04115062579512596, 0.0049397447146475315
0.040995318442583084, 0.004625124391168356
0.040933217853307724, 0.003952255472540855
0.041241444647312164, 0.004802015144377947
0.04126507043838501, 0.005831998307257891
0.04085773229598999, 0.004366726148873568
0.040749404579401016, 0.005109639838337898
0.040878940373659134, 0.004371774382889271
0.04101436585187912, 0.004821371752768755
0.04088614508509636, 0.00552624836564064
0.041366301476955414, 0.0042662410996854305
0.041109196841716766, 0.0028285246808081865
0.04094276949763298, 0.004113357048481703
0.04083888232707977, 0.005275197792798281
0.04108153283596039, 0.0034186099655926228
0.04085805267095566, 0.004607325419783592
0.041012004017829895, 0.004369364585727453
0.04101283848285675, 0.0017721140757203102
0.041110560297966, 0.0030809559393674135
0.04084200784564018, 0.0039019519463181496
0.04066045954823494, 0.00407006498426199
0.041031401604413986, 0.004393442068248987
0.04051697626709938, 0.005539264064282179
0.0409652516245842, 0.004203460179269314
0.040809266269207, 0.004131293389946222
0.040529265999794006, 0.004805439151823521
0.041013944894075394, 0.0033600651659071445
0.040984053164720535, 0.004142423626035452
0.04071597754955292, 0.0054444605484604836
0.040687236934900284, 0.003856637282297015
0.041046109050512314, 0.003284007776528597
0.04022015258669853, 0.005450172815471888
0.04054723307490349, 0.0030874789226800203
0.04064304381608963, 0.0042219869792461395
0.04060753062367439, 0.003650166094303131
0.04075145721435547, 0.003914844244718552
0.0404583178460598, 0.005463847890496254
0.04044997692108154, 0.00434604287147522
0.04064716771245003, 0.0039057268295437098
0.0407409705221653, 0.003368617966771126
0.04062473028898239, 0.003343304619193077
0.040788765996694565, 0.003817841876298189
0.04034433513879776, 0.005028703715652227
0.04059670493006706, 0.005042883567512035
0.040461812168359756, 0.003287713509052992
0.04026278853416443, 0.0039414637722074986
0.040722351521253586, 0.0033280483912676573
0.040438972413539886, 0.004846397787332535
0.040336377918720245, 0.004395454190671444
0.04063643887639046, 0.005215514451265335
0.0409143902361393, 0.0028236652724444866
0.04036429896950722, 0.005800392013043165
0.04081457480788231, 0.003718739841133356
0.04055028036236763, 0.004749702755361795
0.04055674746632576, 0.0041522313840687275
0.04077226296067238, 0.005176444537937641
0.040216460824012756, 0.004135809373110533
0.04053671658039093, 0.004768013954162598
0.04026617482304573, 0.0049055335111916065
0.039907462894916534, 0.004547682590782642
0.04053524509072304, 0.0034167699050158262
0.040533509105443954, 0.0041747381910681725
0.040167186409235, 0.0035759133752435446
0.04021599516272545, 0.004988258704543114
0.04028305411338806, 0.0036809409502893686
0.040563929826021194, 0.003808013629168272
0.040077198296785355, 0.00448322668671608
0.040438633412122726, 0.004779637325555086
0.04005776718258858, 0.004260710906237364
0.04030277207493782, 0.004820234142243862
0.04057886078953743, 0.004729890730232
0.04028642177581787, 0.004863272421061993
0.04003461077809334, 0.005564989056438208
0.04039316624403, 0.0036327221896499395
0.04050581157207489, 0.0031719859689474106
0.04055192694067955, 0.004330196883529425
0.04023503139615059, 0.004350552801042795
0.039994142949581146, 0.005248047411441803
0.03991801664233208, 0.0044204737059772015
0.0396968238055706, 0.004479624330997467
0.039885468780994415, 0.004580095410346985
0.04038354381918907, 0.004314156714826822
0.04006250575184822, 0.003256123512983322
0.04009797051548958, 0.00505779730156064
0.04025093838572502, 0.004494864959269762
0.04016157612204552, 0.004231512080878019
0.0403418131172657, 0.004716027528047562
0.03975768759846687, 0.004211743362247944
0.03997984528541565, 0.004041650332510471
0.03967028483748436, 0.004773763474076986
0.04023976996541023, 0.004081453662365675
0.03996174782514572, 0.004837118089199066
0.040355511009693146, 0.0035928997676819563
0.04019708186388016, 0.00367683544754982
0.03995818272233009, 0.004585228860378265
0.039663199335336685, 0.0047934940084815025
0.03963140770792961, 0.0055310847237706184
0.03991570323705673, 0.004745985846966505
0.039701081812381744, 0.004088347777724266
0.039451438933610916, 0.0037168292328715324
0.04026062786579132, 0.003947079181671143
0.039676226675510406, 0.004298795480281115
0.03943728283047676, 0.003973505459725857
0.039407651871442795, 0.005627613049000502
0.03996915742754936, 0.004639029502868652
0.039492569863796234, 0.005284070502966642
0.03987317159771919, 0.003641035407781601
0.039708733558654785, 0.004625131841748953
0.039554253220558167, 0.0038865841925144196
0.03952093794941902, 0.0033739896025508642
0.0394224151968956, 0.004242357797920704
0.03992166742682457, 0.0029220038559287786
0.03978150337934494, 0.004422308877110481
0.0399225614964962, 0.0045517487451434135
0.039501599967479706, 0.004645890556275845
0.03972049430012703, 0.004143068101257086
0.03977587819099426, 0.00553016597405076
0.03963062912225723, 0.0029039697255939245
0.03949610888957977, 0.004660983569920063
0.0397435761988163, 0.004317605867981911
0.039622630923986435, 0.004969803616404533
0.03969365358352661, 0.0050455727614462376
0.039551857858896255, 0.004909534007310867
0.03965179994702339, 0.003900597570464015
0.03932815417647362, 0.0036519344430416822
0.03934734687209129, 0.004098068457096815
0.039691824465990067, 0.004598135594278574
0.03906737640500069, 0.00538676418364048
0.03956148400902748, 0.004380673635751009
0.03943759948015213, 0.003925503697246313
0.03959278762340546, 0.003972609993070364
0.039349984377622604, 0.003673101309686899
0.03970102220773697, 0.0044934554025530815
0.03941691666841507, 0.0040268683806061745
0.039541590958833694, 0.0038968650624156
0.03910752013325691, 0.00603244174271822
0.0397493913769722, 0.004004054237157106
0.039278943091630936, 0.004408508539199829
0.03927122429013252, 0.004597438964992762
0.038923054933547974, 0.003265626262873411
0.03900919109582901, 0.004125257022678852
0.039187341928482056, 0.004181016702204943
0.039531685411930084, 0.004395116586238146
0.03919412940740585, 0.004990752786397934
0.03940754011273384, 0.004266801290214062
0.0390188992023468, 0.004524633288383484
0.039486128836870193, 0.003510726150125265
0.03924873098731041, 0.0034626841079443693
0.03882748261094093, 0.004769752733409405
0.03952408209443092, 0.003719861852005124
0.03876569867134094, 0.0034386953338980675
0.03918030858039856, 0.004156253766268492
0.03931477665901184, 0.004727523308247328
0.039139434695243835, 0.004075930919498205
0.039136484265327454, 0.005547082982957363
0.03863288834691048, 0.004288236610591412
0.03947381302714348, 0.0037186741828918457
0.03906530514359474, 0.005361194722354412
0.03883977606892586, 0.004201565403491259
0.038884080946445465, 0.0045069800689816475
0.039751965552568436, 0.002668156521394849
0.03883552923798561, 0.0048621781170368195
0.038616716861724854, 0.005584545899182558
0.038641948252916336, 0.0038796740118414164
0.03879588097333908, 0.0037285180296748877
0.038962509483098984, 0.004911231342703104
0.038723237812519073, 0.005126283969730139
0.038909245282411575, 0.0039474754594266415
0.03867611289024353, 0.0059648193418979645
0.03859161585569382, 0.00494050607085228
0.038811713457107544, 0.0039017396047711372
0.03907143324613571, 0.0034513287246227264
0.038459666073322296, 0.004689764231443405
0.039190735667943954, 0.004568094853311777
0.03906446695327759, 0.0033366899006068707
0.03850514069199562, 0.005274541210383177
0.038626495748758316, 0.002466606441885233
0.038690369576215744, 0.004275523126125336
0.03882796689867973, 0.0038112448528409004
0.038353148847818375, 0.004911223892122507
0.03881919011473656, 0.0038012901786714792
0.03890401870012283, 0.0044177258387207985
0.03875558823347092, 0.003072541207075119
0.03845546767115593, 0.003954210318624973
0.03906546160578728, 0.0032328085508197546
0.038646090775728226, 0.004338146187365055
0.038600046187639236, 0.00435528252273798
0.038785818964242935, 0.003856642171740532
0.038767583668231964, 0.004589632619172335
0.038392163813114166, 0.005345931276679039
0.038730520755052567, 0.003921506926417351
0.03827064856886864, 0.0035333374980837107
0.03862323239445686, 0.002852773293852806
0.038618020713329315, 0.004369864705950022
0.03851322457194328, 0.004071698524057865
0.038117360323667526, 0.004166560247540474
0.03831722214818001, 0.004587007220834494
0.038609642535448074, 0.004834984894841909
0.038257163017988205, 0.004038593731820583
0.038179412484169006, 0.003842773148790002
0.03840038180351257, 0.003752745920792222
0.03849337622523308, 0.003765818662941456
0.038404032588005066, 0.0031137249898165464
0.03860441595315933, 0.004377422854304314
0.038775116205215454, 0.0036223758943378925
0.03852703422307968, 0.003814161056652665
0.038771215826272964, 0.003287909086793661
0.03845088556408882, 0.004695692099630833
0.03875802457332611, 0.002870811615139246
0.038598764687776566, 0.0053038704209029675
0.039199989289045334, 0.004301303997635841
0.03870123624801636, 0.0036533325910568237
0.03842984884977341, 0.0037815540563315153
0.03843756392598152, 0.004335162229835987
0.038535039871931076, 0.005007881671190262
0.038257863372564316, 0.004736435599625111
0.03855559602379799, 0.0038441678043454885
0.03845402970910072, 0.004577089101076126
0.03828766942024231, 0.0038000380154699087
0.038249194622039795, 0.0051578632555902
0.03790182247757912, 0.0040204585529863834
0.038321539759635925, 0.004530709236860275
0.03809207305312157, 0.0036190063692629337
0.03831328824162483, 0.003229693276807666
0.038333356380462646, 0.004672366194427013
0.03877226635813713, 0.003994446247816086
0.038422126322984695, 0.0038529031444340944
0.03859345242381096, 0.004266767296940088
0.03843286633491516, 0.0037241149693727493
0.03813284635543823, 0.004408767446875572
0.0382586270570755, 0.0033900714479386806
0.0383012555539608, 0.004467638675123453
0.038343533873558044, 0.004553365055471659
0.03846171125769615, 0.004021902568638325
0.0380416139960289, 0.005087870638817549
0.03847149387001991, 0.00461251987144351
0.038200072944164276, 0.003719497937709093
0.03816431388258934, 0.005358366295695305
0.03845623508095741, 0.004003587178885937
0.037607695907354355, 0.004518437664955854
0.03785796836018562, 0.003860879922285676
0.03827323392033577, 0.0044668870978057384
0.03836781159043312, 0.0026388501282781363
0.03810640424489975, 0.00456074345856905
0.03812107816338539, 0.0032985990401357412
0.03809547424316406, 0.004253983497619629
0.03803415596485138, 0.004600954242050648
0.037623513489961624, 0.004550602287054062
0.037606168538331985, 0.004954556468874216
0.03765244409441948, 0.003879339899867773
0.03799699246883392, 0.004448250401765108
0.037659723311662674, 0.0051412275061011314
0.03799428045749664, 0.004246113821864128
0.03791752830147743, 0.004748756531625986
0.03815549984574318, 0.004315787926316261
0.03806830197572708, 0.0043569705449044704
0.03814227879047394, 0.003865871112793684
0.03768843784928322, 0.004936641082167625
0.03802277520298958, 0.0034717738162726164
0.0380515456199646, 0.0037721723783761263
0.03801663592457771, 0.0056074513122439384
0.038037970662117004, 0.004866378847509623
0.037773918360471725, 0.003459183033555746
0.03758133947849274, 0.005193204618990421
0.03801926597952843, 0.003325294703245163
0.03724055364727974, 0.004837199579924345
0.03761892765760422, 0.004716159775853157
0.03791410103440285, 0.004548614379018545
0.03797122463583946, 0.005048305727541447
0.037643056362867355, 0.004407741595059633
0.03777924180030823, 0.003720613429322839
0.03802547976374626, 0.004311723634600639
0.037887971848249435, 0.004407462198287249
0.037956926971673965, 0.004700039513409138
0.038186609745025635, 0.004902188666164875
0.03750946372747421, 0.004958862904459238
0.037742577493190765, 0.00435091694816947
0.03803879767656326, 0.004948090296238661
0.03764519467949867, 0.00438993563875556
0.03760113939642906, 0.0037694121710956097
0.037447188049554825, 0.003988118376582861
0.03790760040283203, 0.0040885708294808865
0.03761306405067444, 0.004698328208178282
0.03772570192813873, 0.004465765785425901
0.03745889663696289, 0.003888036124408245
0.03787648677825928, 0.003166703972965479
0.03786057233810425, 0.003992557059973478
0.03768208995461464, 0.004367704037576914
0.037637874484062195, 0.0036209665704518557
0.037881627678871155, 0.003342318581417203
0.0373341366648674, 0.004138378892093897
0.03774642199277878, 0.0040123495273292065
0.0376942902803421, 0.004404725506901741
0.037739578634500504, 0.0029666030313819647
0.0376557894051075, 0.005465386901050806
0.03755894675850868, 0.0039021677803248167
0.03741009533405304, 0.003616294590756297
0.03790678083896637, 0.004471499472856522
0.03782760724425316, 0.0036720731295645237
0.037816040217876434, 0.004938457626849413
0.037378501147031784, 0.005223409738391638
0.037487395107746124, 0.00437834020704031
0.0376359187066555, 0.005591913592070341
0.038175374269485474, 0.003609152976423502
0.037220973521471024, 0.005748310126364231
0.037609029561281204, 0.004147497471421957
0.037127040326595306, 0.00528355035930872
0.03679174929857254, 0.005732343997806311
0.03715270012617111, 0.005148786120116711
0.03775905445218086, 0.00423714192584157
0.03707228973507881, 0.004174927249550819
0.03749080374836922, 0.0033649825491011143
0.03751307353377342, 0.0042923190630972385
0.03735977038741112, 0.004677171353250742
0.037572335451841354, 0.00396508676931262
0.037909477949142456, 0.003295978531241417
0.03729984164237976, 0.00481831980869174
0.03767697140574455, 0.0042250570841133595
0.03741515800356865, 0.004800810944288969
0.03757962957024574, 0.0033698875922709703
0.03750777617096901, 0.0032978616654872894
0.037313684821128845, 0.004325289279222488
0.03738287091255188, 0.004710339475423098
0.03731810301542282, 0.004414783790707588
0.03767155855894089, 0.0034704050049185753
0.037280891090631485, 0.0037500900216400623
0.03672828525304794, 0.003649734891951084
0.03724491968750954, 0.0032947277650237083
0.03718777745962143, 0.004568919539451599
0.03699203208088875, 0.005350902676582336
0.03748764842748642, 0.005926759447902441
0.03739600628614426, 0.004207547288388014
0.03694674372673035, 0.004112838767468929
0.03688572347164154, 0.00417677965015173
0.03722475841641426, 0.004694418981671333
0.03757380321621895, 0.003922941628843546
0.03722836449742317, 0.004129734355956316
0.03752489015460014, 0.002643186366185546
0.03694618493318558, 0.004400766920298338
0.03736645728349686, 0.004188076127320528
0.03719060868024826, 0.004719508346170187
0.03730481117963791, 0.003964801784604788
0.037062205374240875, 0.003907059319317341
0.0367196723818779, 0.003732239594683051
0.03706888481974602, 0.0039708358235657215
0.03732786700129509, 0.0048009189777076244
0.03729501739144325, 0.0050838482566177845
0.03750262409448624, 0.004338833037763834
0.037222981452941895, 0.004381848499178886
0.037241652607917786, 0.0038427363615483046
0.037238530814647675, 0.002598376478999853
0.03723223879933357, 0.0039387173019349575
0.03693919628858566, 0.004575938452035189
0.03729122877120972, 0.0034909227397292852
0.03694691136479378, 0.0039310213178396225
0.03710395470261574, 0.003530481131747365
0.03663830831646919, 0.003537663957104087
0.0372798889875412, 0.003959763329476118
0.03681912273168564, 0.003133396850898862
0.03682400658726692, 0.0044967602007091045
0.03696315363049507, 0.003908130340278149
0.03712478652596474, 0.0040722740814089775
0.03722285479307175, 0.0039647347293794155
0.0369628369808197, 0.0044278958812355995
0.03692646324634552, 0.004971969407051802
0.03704093396663666, 0.0031098693143576384
0.036870718002319336, 0.004572838544845581
0.03718004375696182, 0.003932681400328875
0.03696276620030403, 0.004028892144560814
0.037239789962768555, 0.0049522025510668755
0.03688467666506767, 0.005458727013319731
0.03702184185385704, 0.004890359938144684
0.03703552111983299, 0.004132322035729885
0.03730935603380203, 0.003846050938591361
0.037111058831214905, 0.0026019932702183723
0.037576839327812195, 0.0040039257146418095
0.03691720589995384, 0.003519651247188449
0.036993514746427536, 0.004413848277181387
0.03646485507488251, 0.004539390094578266
0.03670858219265938, 0.003642662428319454
0.03718561679124832, 0.0033859352115541697
0.037157196551561356, 0.003858566749840975
0.03688531741499901, 0.005083004478365183
0.036573003977537155, 0.004524583928287029
0.03736380860209465, 0.004084211774170399
0.03666411340236664, 0.004192153457552195
0.03694445639848709, 0.004427135456353426
0.03702108934521675, 0.004114801995456219
0.03704884275794029, 0.0033766268752515316
0.03681167960166931, 0.0055479141883552074
0.0365125797688961, 0.0031684571877121925
0.036145687103271484, 0.004422500263899565
0.036952417343854904, 0.0035780295729637146
0.03697756305336952, 0.004350496456027031
0.03687787055969238, 0.0034827988129109144
0.036786168813705444, 0.004271594807505608
0.03691985085606575, 0.004125948529690504
0.03653504326939583, 0.004325215704739094
0.036819811910390854, 0.0053203352726995945
0.03661103546619415, 0.004787299316376448
0.03714831545948982, 0.003576909191906452
0.0364091657102108, 0.004060937091708183
0.03640652075409889, 0.005343145225197077
0.036826279014348984, 0.004380011931061745
0.036588601768016815, 0.004808085039258003
0.03695151209831238, 0.0036358931101858616
0.03656062111258507, 0.005241654347628355
0.03659769147634506, 0.0034755042288452387
0.03679089993238449, 0.0035273265093564987
0.03663712739944458, 0.003546025138348341
0.03671889752149582, 0.003999155480414629
0.036814529448747635, 0.004032662138342857
0.03706265985965729, 0.003502046689391136
0.036781299859285355, 0.00338821392506361
0.03656027093529701, 0.003471283009275794
0.035977765917778015, 0.0037412240635603666
0.03662345930933952, 0.0031597621273249388
0.03692350164055824, 0.004842858761548996
0.036336369812488556, 0.0036212806589901447
0.03672831878066063, 0.0035365689545869827
0.03648129478096962, 0.004911897704005241
0.03640665486454964, 0.004922761116176844
0.036484476178884506, 0.0039244345389306545
0.036498211324214935, 0.004643100313842297
0.036409080028533936, 0.004422015510499477
0.03640899807214737, 0.00397688802331686
0.03661978617310524, 0.00268906750716269
0.03666025772690773, 0.003976650536060333
0.03657624125480652, 0.004187318962067366
0.03680427744984627, 0.004652523435652256
0.0363418348133564, 0.004590245429426432
0.03638068959116936, 0.003887040773406625
0.036134567111730576, 0.004758160561323166
0.036863062530756, 0.0036737609189003706
0.03666478022933006, 0.004138993099331856
0.03661608695983887, 0.003041547955945134
0.03630730137228966, 0.003994332626461983
0.036390796303749084, 0.0051765418611466885
0.036632779985666275, 0.0033047315664589405
0.03637515753507614, 0.004480372183024883
0.03632204607129097, 0.003567309584468603
0.035966675728559494, 0.0038755619898438454
0.03641848638653755, 0.003140102606266737
0.036168742924928665, 0.0031616175547242165
0.036515820771455765, 0.004354660399258137
0.03634572774171829, 0.004106838721781969
0.03628728911280632, 0.005735471379011869
0.03632398322224617, 0.004201971925795078
0.03587159886956215, 0.004327051807194948
0.03651099279522896, 0.002781068906188011
0.036278136074543, 0.0038927989080548286
0.03644833713769913, 0.003779408987611532
0.03638079762458801, 0.004422727040946484
0.036636222153902054, 0.0037102741189301014
0.036585111171007156, 0.0044327108189463615
0.036140698939561844, 0.004703469108790159
0.03638877347111702, 0.005938086658716202
0.03618200495839119, 0.0038004566449671984
0.03622595965862274, 0.003174369689077139
0.03606066107749939, 0.004792822524905205
0.036531563848257065, 0.004806270822882652
0.03636853024363518, 0.004940525162965059
0.03627539053559303, 0.004089404828846455
0.03627334162592888, 0.00508588831871748
0.03605795279145241, 0.005123288370668888
0.03644334152340889, 0.00386319262906909
0.036548759788274765, 0.0044279154390096664
0.036715682595968246, 0.003333714557811618
0.03622456640005112, 0.004621320404112339
0.03661621734499931, 0.003842673497274518
0.036359332501888275, 0.0037492187693715096
0.03652716428041458, 0.003313753055408597
0.03650287538766861, 0.0038148558232933283
0.03645224869251251, 0.004478135146200657
0.036486487835645676, 0.0024821374099701643
0.03666209056973457, 0.002384757623076439
0.0358397401869297, 0.0034619986545294523
0.03636879473924637, 0.004960552789270878
0.03623717278242111, 0.003979796078056097
0.0362832136452198, 0.004471041727811098
0.03600189834833145, 0.004472861532121897
0.03602024167776108, 0.0038700615987181664
0.03621602803468704, 0.0041447295807302
0.03616996854543686, 0.002773693297058344
0.03654870018362999, 0.003078266279771924
0.0358586385846138, 0.0038439524360001087
0.03622930869460106, 0.003900084411725402
0.03632904961705208, 0.0027386900037527084
0.03591170161962509, 0.003574949223548174
0.0361822172999382, 0.004285547416657209
0.03581800311803818, 0.004265851341187954
0.03620831295847893, 0.0031446078792214394
0.036332737654447556, 0.003862377256155014
0.03604503348469734, 0.004472954664379358
0.036038920283317566, 0.003193765878677368
0.03602224960923195, 0.004298616666346788
0.036372363567352295, 0.002679225755855441
0.03550674393773079, 0.0038176767993718386
0.03601560741662979, 0.004213913809508085
0.03544418886303902, 0.005347169004380703
0.036107275635004044, 0.003634305903688073
0.03627019375562668, 0.002584794070571661
0.03614005446434021, 0.005529201589524746
0.03602953627705574, 0.0035143576096743345
0.03629707172513008, 0.003622528165578842
0.03601207584142685, 0.004042366519570351
0.03607042506337166, 0.005127699580043554
0.03614770993590355, 0.0036786014679819345
0.03608382120728493, 0.004991516470909119
0.03591970354318619, 0.00417708232998848
0.03598528355360031, 0.003569131251424551
0.03600591421127319, 0.004560527857393026
0.036024272441864014, 0.004253015387803316
0.03609900921583176, 0.00465615326538682
0.03592554107308388, 0.003417725907638669
0.03621116653084755, 0.003085244679823518
0.03584206849336624, 0.004375595133751631
0.03594963625073433, 0.004720334894955158
0.036106761544942856, 0.00328501733019948
0.03613065183162689, 0.0023285981733351946
0.0354098305106163, 0.006478473078459501
0.03554632142186165, 0.00311277131550014
0.03609165921807289, 0.003933656960725784
0.03582184016704559, 0.0042495219968259335
0.03569122031331062, 0.002992482390254736
0.03606375679373741, 0.004203236196190119
0.03586288169026375, 0.004321007523685694
0.035826217383146286, 0.0034116485621780157
0.03593205660581589, 0.004291767254471779
0.03574242815375328, 0.0049152374267578125
0.035561367869377136, 0.0036421457771211863
0.03546598181128502, 0.0053242845460772514
0.03604418784379959, 0.0030091863591223955
0.03577672690153122, 0.004381109029054642
0.03614411875605583, 0.003011324442923069
0.0354563407599926, 0.004021380562335253
0.03600378707051277, 0.0034744390286505222
0.036047182977199554, 0.002952725160866976
0.03616495802998543, 0.004015025682747364
0.03564279526472092, 0.0035801075864583254
0.03558565303683281, 0.004599347710609436
0.035807594656944275, 0.003914811182767153
0.035813119262456894, 0.00420130742713809
0.0355975478887558, 0.0032822913490235806
0.036063048988580704, 0.0034760190173983574
0.035987913608551025, 0.0031805792823433876
0.035645823925733566, 0.004857114516198635
0.03604011982679367, 0.003550677327439189
0.035775888711214066, 0.004161569755524397
0.03578949719667435, 0.004698382690548897
0.03578656539320946, 0.0035631225910037756
0.03580476716160774, 0.003960559610277414
0.03587377816438675, 0.0038700394798070192
0.0358625091612339, 0.004347826819866896
0.035931870341300964, 0.004821933340281248
0.03533315286040306, 0.0037443090695887804
0.03601914644241333, 0.0033793686889111996
0.03538694232702255, 0.005366655997931957
0.03562602028250694, 0.002928412053734064
0.03589896485209465, 0.003882251912727952
0.03598750755190849, 0.003886980004608631
0.03538847714662552, 0.00442585488781333
0.035805121064186096, 0.0033884632866829634
0.03558017686009407, 0.005158731713891029
0.03584849834442139, 0.004234763327986002
0.03581039607524872, 0.003927139565348625
0.03581935167312622, 0.004792623221874237
0.03569823503494263, 0.005029244814068079
0.035862892866134644, 0.003099358407780528
0.0359683558344841, 0.0020887129940092564
0.03562871739268303, 0.003929999191313982
0.03560980036854744, 0.0038806928787380457
0.03547144681215286, 0.0030741386581212282
0.035914696753025055, 0.004075297620147467
0.035474132746458054, 0.004016905557364225
0.03535792976617813, 0.005639866925776005
0.035795025527477264, 0.0031019391026347876
0.035724010318517685, 0.0032330236863344908
0.03514651581645012, 0.004024981986731291
0.03541184216737747, 0.00418469961732626
0.0354669988155365, 0.0050663696601986885
0.03572232648730278, 0.003789900802075863
0.035566940903663635, 0.004295692779123783
0.0353781059384346, 0.0038183056749403477
0.035794563591480255, 0.004037692677229643
0.035321615636348724, 0.003532453440129757
0.03550683334469795, 0.005708977114409208
0.0351584330201149, 0.003642429132014513
0.035415168851614, 0.004602295346558094
0.03573477640748024, 0.003942230716347694
0.03560743108391762, 0.004395302850753069
0.035400938242673874, 0.0039050669874995947
0.03501507267355919, 0.004540366120636463
0.03544386103749275, 0.0037279054522514343
0.03525229170918465, 0.004256115294992924
0.03565135598182678, 0.0034792409278452396
0.03531887009739876, 0.0025950272101908922
0.03519366309046745, 0.0036343568935990334
0.03556838631629944, 0.0030374436173588037
0.03553507849574089, 0.0042923325672745705
0.03541276603937149, 0.003867665771394968
0.035632967948913574, 0.003750711912289262
0.03563638776540756, 0.003961832728236914
0.035731952637434006, 0.003942785318940878
0.03523914888501167, 0.004042667802423239
0.03488611429929733, 0.00535281328484416
0.035551030188798904, 0.004337628837674856
0.035630155354738235, 0.003711795900017023
0.03578142076730728, 0.004050250165164471
0.035745128989219666, 0.0033888535108417273
0.03495704382658005, 0.0050738793797791
0.035800911486148834, 0.004237193148583174
0.03546559065580368, 0.0031311572529375553
0.03536004573106766, 0.004263633396476507
0.035579610615968704, 0.0029439334757626057
0.035655997693538666, 0.0044645280577242374
0.03545047342777252, 0.003964831121265888
0.03559575229883194, 0.004089960362762213
0.035601064562797546, 0.0030363760888576508
0.03562452644109726, 0.004974139854311943
0.035338521003723145, 0.003681173315271735
0.03537648916244507, 0.0037227666471153498
0.03537966310977936, 0.005432409234344959
0.035284142941236496, 0.003193574957549572
0.035497356206178665, 0.0031837488058954477
0.035268306732177734, 0.004781660623848438
0.03574278578162193, 0.0024625363294035196
0.03510459139943123, 0.00408595334738493
0.03542686253786087, 0.003646528348326683
0.03506895899772644, 0.003817160613834858
0.035489585250616074, 0.0033925429452210665
0.03543144091963768, 0.0027479869313538074
0.035314202308654785, 0.004235501866787672
0.03533044829964638, 0.003997894935309887
0.03516334295272827, 0.00430894922465086
0.03537480905652046, 0.00481655215844512
0.035299934446811676, 0.003361813258379698
0.034966256469488144, 0.004593614023178816
0.035467084497213364, 0.004135205410420895
0.03548829257488251, 0.004157151095569134
0.03560285270214081, 0.004701758734881878
0.03507888689637184, 0.005073902662843466
0.035569023340940475, 0.0031646587885916233
0.03523629903793335, 0.0042578489519655704
0.034901294857263565, 0.004941691644489765
0.03509562090039253, 0.0038632499054074287
0.034824419766664505, 0.004156165756285191
0.035104576498270035, 0.004662289284169674
0.035009413957595825, 0.005109079647809267
0.035597097128629684, 0.0033728366252034903
0.0350293330848217, 0.003391485195606947
0.0354301817715168, 0.0036506846081465483
0.03513777256011963, 0.00264540477655828
0.035529498010873795, 0.0038002387154847383
0.035563983023166656, 0.003685058793053031
0.035459358245134354, 0.002804119372740388
0.03539624065160751, 0.004157027695327997
0.03503401204943657, 0.00323892617598176
0.03505219891667366, 0.005294537637382746
0.03499576076865196, 0.00420708954334259
0.03500441834330559, 0.00429333932697773
0.03511355072259903, 0.003960941918194294
0.03509223088622093, 0.004759477451443672
0.03525817021727562, 0.0044107758440077305
0.035351116210222244, 0.003369403537362814
0.03530967980623245, 0.004620247054845095
0.03512321040034294, 0.004029400646686554
0.03517607972025871, 0.0041044424287974834
0.035226814448833466, 0.0036403792910277843
0.03505714237689972, 0.004046429879963398
0.03536297753453255, 0.0044819689355790615
0.034969527274370193, 0.004197062458842993
0.03527813032269478, 0.004126549232751131
0.03531428053975105, 0.0037340261042118073
0.03477803245186806, 0.003232775256037712
0.03511248901486397, 0.0041568768210709095
0.03521016240119934, 0.0030168509110808372
0.034913334995508194, 0.0038180151022970676
0.034949012100696564, 0.003514858428388834
0.03477880358695984, 0.004284346476197243
0.03525982424616814, 0.004613711033016443
0.03502994030714035, 0.004081186838448048
0.035115618258714676, 0.0037767274770885706
0.0348234660923481, 0.0044449870474636555
0.03444976732134819, 0.004613183438777924
0.03532758727669716, 0.0029193093068897724
0.035334307700395584, 0.0031659777741879225
0.03538932278752327, 0.0037565790116786957
0.03527640923857689, 0.0039154766127467155
0.03497285395860672, 0.0037104818038642406
0.035223305225372314, 0.002571375109255314
0.03531574085354805, 0.004009187687188387
0.034933507442474365, 0.0045687370002269745
