mean, std
0.1360808163881302, 0.10710132867097855
0.08629345148801804, 0.05302393063902855
0.07841765880584717, 0.04550880938768387
0.10901542752981186, 0.08134350180625916
0.10153541713953018, 0.0631425529718399
0.13539674878120422, 0.08523081243038177
0.10207735002040863, 0.09121270477771759
0.1025710478425026, 0.05744318664073944
0.10324081033468246, 0.0761542022228241
0.11157677322626114, 0.08161071687936783
0.13766954839229584, 0.07845883071422577
0.247122660279274, 0.07654160261154175
0.14687226712703705, 0.08059318363666534
0.07132616639137268, 0.04569822549819946
0.08111494034528732, 0.05347716808319092
0.05834640935063362, 0.031728483736515045
0.043577417731285095, 0.028165489435195923
0.028149502351880074, 0.013263481669127941
0.027972562238574028, 0.010967157781124115
0.020612133666872978, 0.014642586931586266
0.01789976842701435, 0.008601009845733643
0.020229091867804527, 0.008604852482676506
0.018771866336464882, 0.008534980937838554
0.014381799846887589, 0.006264485418796539
0.0075355940498411655, 0.003473553340882063
0.011602954007685184, 0.006332612130790949
0.023147549480199814, 0.013898467645049095
0.021264439448714256, 0.010719685815274715
0.02016671933233738, 0.008623824454843998
0.010450424626469612, 0.005325817968696356
0.018026480451226234, 0.008469835855066776
0.016097189858555794, 0.0054259044118225574
0.013047847896814346, 0.006653222255408764
0.015120082534849644, 0.007608609274029732
0.01844334974884987, 0.007971188984811306
0.01693934015929699, 0.007168118376284838
0.014069880358874798, 0.007586463820189238
0.019923733547329903, 0.010689893737435341
0.021442629396915436, 0.008800369687378407
0.016095327213406563, 0.00785907544195652
0.015375337563455105, 0.005885239690542221
0.01293835137039423, 0.006151281297206879
0.02214818075299263, 0.011901803314685822
0.019910985603928566, 0.00840082298964262
0.02368999272584915, 0.009625076316297054
0.024120789021253586, 0.01261686161160469
0.01868346892297268, 0.009996865876019001
0.018760502338409424, 0.008023932576179504
0.01790371723473072, 0.00767921470105648
0.014110414311289787, 0.0072263688780367374
0.03420374542474747, 0.018107105046510696
0.022291108965873718, 0.009737183339893818
0.023736093193292618, 0.006310476455837488
0.022978628054261208, 0.00746295927092433
0.02280549518764019, 0.010388384573161602
0.03546475991606712, 0.015437223017215729
0.023898279294371605, 0.00941507052630186
0.021859854459762573, 0.0066951545886695385
0.024458250030875206, 0.008646375499665737
0.022434214130043983, 0.008778656832873821
0.03296998143196106, 0.010233928449451923
0.036420248448848724, 0.01692327857017517
0.036980707198381424, 0.011946196667850018
0.034667182713747025, 0.010421615093946457
0.02816103957593441, 0.008500687777996063
0.03516659885644913, 0.014225928112864494
0.03779204562306404, 0.018231535330414772
0.04845293611288071, 0.014012095518410206
0.03864317014813423, 0.010630257427692413
0.03729924559593201, 0.010500534437596798
0.03417323902249336, 0.011225677095353603
0.03995978832244873, 0.010525643825531006
0.03880905359983444, 0.014391705393791199
0.03885585814714432, 0.01352012250572443
0.05471261963248253, 0.021364079788327217
0.06749382615089417, 0.014400358311831951
0.055859923362731934, 0.02013038471341133
0.05420021712779999, 0.021036604419350624
0.056368179619312286, 0.018617860972881317
0.04483621567487717, 0.014581574127078056
0.04552001506090164, 0.016960829496383667
0.044880058616399765, 0.013192776590585709
0.07147989422082901, 0.025771789252758026
0.05246756970882416, 0.017507338896393776
0.04816707968711853, 0.014542341232299805
0.04172239825129509, 0.018520371988415718
0.047628115862607956, 0.01991182193160057
0.04142875596880913, 0.013535024598240852
0.046401042491197586, 0.017519639804959297
0.04989961162209511, 0.0192666444927454
0.04630595073103905, 0.013963593170046806
0.05405953526496887, 0.018015749752521515
0.04892633855342865, 0.016124317422509193
0.04082489013671875, 0.01315019465982914
0.04964515566825867, 0.016090301796793938
0.04694995656609535, 0.011349048465490341
0.04895918443799019, 0.021413244307041168
0.05841125547885895, 0.02170138992369175
0.0548742301762104, 0.01890404522418976
0.057995643466711044, 0.021400785073637962
0.05925546959042549, 0.023412879556417465
0.05434127524495125, 0.014629252254962921
0.051362648606300354, 0.020018432289361954
0.05232107266783714, 0.017220264300704002
0.04586685076355934, 0.012389217503368855
0.065244659781456, 0.021478258073329926
0.06817161291837692, 0.02277553454041481
0.062136903405189514, 0.02137908525764942
0.07080747187137604, 0.022791482508182526
0.0807933658361435, 0.02836703136563301
0.07466442137956619, 0.030764654278755188
0.08132021129131317, 0.0358165018260479
0.06152922660112381, 0.028335176408290863
0.09409318119287491, 0.03337206318974495
0.09744420647621155, 0.0365283340215683
0.08433154970407486, 0.023342827335000038
0.09135787189006805, 0.037039704620838165
0.06774074584245682, 0.028271706774830818
0.07142139971256256, 0.027181556448340416
0.08923980593681335, 0.030161600559949875
0.08505067974328995, 0.0403587631881237
0.09021327644586563, 0.04079824313521385
0.10859891772270203, 0.025769615545868874
0.10175026208162308, 0.03789839521050453
0.08908943086862564, 0.028951657935976982
0.08866063505411148, 0.025150688365101814
0.08454300463199615, 0.03187617287039757
0.11925028264522552, 0.039050742983818054
0.11413941532373428, 0.04591478779911995
0.09397933632135391, 0.026784447953104973
0.07460987567901611, 0.02903015725314617
0.1110440343618393, 0.03164637088775635
0.08651147782802582, 0.043417371809482574
0.09881631284952164, 0.03307483345270157
0.0851583182811737, 0.03864714130759239
0.10647503286600113, 0.03801722452044487
0.11315383017063141, 0.0394657664000988
0.10126683861017227, 0.03177860751748085
0.08900925517082214, 0.03459310159087181
0.1091805249452591, 0.044342413544654846
0.11126874387264252, 0.028379518538713455
0.07773100584745407, 0.028020072728395462
0.10695330798625946, 0.04344206303358078
0.08696206659078598, 0.037526752799749374
0.08760437369346619, 0.03318651020526886
0.07526498287916183, 0.03931713476777077
0.10516709089279175, 0.037705738097429276
0.10612516850233078, 0.040056757628917694
0.08258168399333954, 0.020456550642848015
0.08996927738189697, 0.02782505750656128
0.09654399007558823, 0.03782402724027634
0.10093867778778076, 0.037712451070547104
0.10104791074991226, 0.03257022425532341
0.11811570078134537, 0.0339888371527195
0.10937725007534027, 0.03495291247963905
0.09256432205438614, 0.026509258896112442
0.10059263557195663, 0.03455886244773865
0.09735811501741409, 0.03539673984050751
0.0910683199763298, 0.02717304788529873
0.10472235828638077, 0.03367045149207115
0.09319303929805756, 0.028484586626291275
0.08422055095434189, 0.027399783954024315
0.07282087206840515, 0.02532760053873062
0.10055116564035416, 0.04162537679076195
0.08644220978021622, 0.023937756195664406
0.09459199756383896, 0.03534761816263199
0.08743760734796524, 0.03002334199845791
0.09341304004192352, 0.032186806201934814
0.10412586480379105, 0.04067688062787056
0.09609545767307281, 0.03743976727128029
0.10755391418933868, 0.04423878714442253
0.10374143719673157, 0.020225411280989647
0.11462578922510147, 0.03533070534467697
0.08666710555553436, 0.03215968608856201
0.09309646487236023, 0.03782723844051361
0.08831115067005157, 0.04283872991800308
0.08536616712808609, 0.03122819773852825
0.10120757669210434, 0.02561240643262863
0.097091443836689, 0.041968267410993576
0.10119923949241638, 0.03452018275856972
0.09559553861618042, 0.027037570253014565
0.09273950010538101, 0.03287351503968239
0.08137200027704239, 0.03287849575281143
0.08061891049146652, 0.024833690375089645
0.10138843208551407, 0.040095776319503784
0.09033078700304031, 0.03715578094124794
0.08894752711057663, 0.03568187728524208
0.09695043414831161, 0.02571672759950161
0.10565554350614548, 0.0450354665517807
0.09331781417131424, 0.02873319573700428
0.10082870721817017, 0.0395561121404171
0.09077934920787811, 0.02619633823633194
0.1015397384762764, 0.03802964463829994
0.08818770200014114, 0.05700134113430977
0.0991116538643837, 0.036078426986932755
0.08716330677270889, 0.027300143614411354
0.10956621170043945, 0.03621762990951538
0.09572301059961319, 0.036917928606271744
0.11096391826868057, 0.032240692526102066
0.08660214394330978, 0.022896651178598404
0.12448973208665848, 0.03330091014504433
0.10451848059892654, 0.039092276245355606
0.09899375587701797, 0.04235122725367546
0.11311990767717361, 0.03566673398017883
0.09362535923719406, 0.04748130589723587
0.10261919349431992, 0.04039646312594414
0.09670499712228775, 0.033839836716651917
0.0937625914812088, 0.0317777618765831
0.10340484976768494, 0.034705206751823425
0.10005120933055878, 0.033385466784238815
0.10921040177345276, 0.03391679748892784
0.09890790283679962, 0.036849476397037506
0.09326519072055817, 0.03242197632789612
0.10798830538988113, 0.04365494102239609
0.11283066868782043, 0.03062794730067253
0.10013052821159363, 0.0252815131098032
0.09326739609241486, 0.02872566133737564
0.085787333548069, 0.026808470487594604
0.1087474599480629, 0.054092444479465485
0.09194739162921906, 0.0323675274848938
0.08497026562690735, 0.035395704209804535
0.09437733888626099, 0.03036775067448616
0.12043137103319168, 0.04350387677550316
0.09699084609746933, 0.022275839000940323
0.11144671589136124, 0.04630474001169205
0.09564755111932755, 0.03259909525513649
0.08172868937253952, 0.025879094377160072
0.116659976541996, 0.040541406720876694
0.08720876276493073, 0.04526228830218315
0.0994536429643631, 0.04645046591758728
0.09179685264825821, 0.035136766731739044
0.11912230402231216, 0.04462601989507675
0.12893851101398468, 0.04618271812796593
0.13813398778438568, 0.053044453263282776
0.15849867463111877, 0.05334588140249252
0.1470607966184616, 0.05261194333434105
0.11409912258386612, 0.0467258058488369
0.13440604507923126, 0.035829268395900726
0.10434264689683914, 0.034973420202732086
0.11243978887796402, 0.03818711265921593
0.1191500797867775, 0.039652734994888306
0.10951665043830872, 0.03621174767613411
0.10682182759046555, 0.04948990046977997
0.08652728796005249, 0.03341926261782646
0.10252030193805695, 0.03975426033139229
0.10604080557823181, 0.030445521697402
0.11795006692409515, 0.047100476920604706
0.10992821305990219, 0.05438441038131714
0.09764255583286285, 0.036573197692632675
0.11311668902635574, 0.03727435693144798
0.1090066060423851, 0.04018330201506615
0.09739167243242264, 0.02582930400967598
0.09486600011587143, 0.03395349532365799
0.12639319896697998, 0.047483179718256
0.11500218510627747, 0.05188218131661415
0.1105770468711853, 0.04843482747673988
0.09403014183044434, 0.03617057576775551
0.11140275001525879, 0.04144732654094696
0.09953558444976807, 0.025907492265105247
0.09439282864332199, 0.026891078799962997
0.10353819280862808, 0.042599622160196304
0.10278892517089844, 0.033875223249197006
0.09570389240980148, 0.030470136553049088
0.1173364445567131, 0.038333047181367874
0.10262348502874374, 0.0424579493701458
0.11934757232666016, 0.036351244896650314
0.102580226957798, 0.024494340643286705
0.0861404687166214, 0.025274932384490967
0.08849648386240005, 0.03514060005545616
0.1114153191447258, 0.030673645436763763
0.1035764068365097, 0.029413264244794846
0.11121056228876114, 0.06163835525512695
0.12396112084388733, 0.04431666433811188
0.11234152317047119, 0.04433535039424896
0.08756273984909058, 0.026825737208127975
0.08310740441083908, 0.03220532462000847
0.11827044934034348, 0.05124228447675705
0.09675156325101852, 0.04002222418785095
0.08750100433826447, 0.03366710618138313
0.1019599586725235, 0.03549780324101448
0.10064175724983215, 0.045402150601148605
0.11298898607492447, 0.04663052782416344
0.10939215868711472, 0.05343639850616455
0.09606877714395523, 0.0337146632373333
0.11754923313856125, 0.035982273519039154
0.10471395403146744, 0.031172730028629303
0.08262204378843307, 0.026459049433469772
0.096979059278965, 0.03564511239528656
0.129956915974617, 0.04721765220165253
0.08547449856996536, 0.03160695731639862
0.10955039411783218, 0.04043605551123619
0.12876655161380768, 0.04473155736923218
0.10085035115480423, 0.036946143954992294
0.12243788689374924, 0.0472063347697258
0.10328824073076248, 0.03743153437972069
0.13163183629512787, 0.06318337470293045
0.12102055549621582, 0.06118062138557434
0.0917154848575592, 0.03124472312629223
0.11436308920383453, 0.03413204476237297
0.10448183864355087, 0.03976568207144737
0.11749164015054703, 0.03959234431385994
0.12378500401973724, 0.03691323474049568
0.15917426347732544, 0.062033407390117645
0.11796029657125473, 0.05060321465134621
0.09855244308710098, 0.034782424569129944
0.11173500120639801, 0.03520160913467407
0.10514310002326965, 0.03155732527375221
0.11791275441646576, 0.042432814836502075
0.11535918712615967, 0.04268620163202286
0.1048545241355896, 0.03750596567988396
0.09498277306556702, 0.03510236367583275
0.10847249627113342, 0.03678819164633751
0.09175232797861099, 0.02063453570008278
0.13569612801074982, 0.04594576358795166
0.11643452197313309, 0.05766231194138527
0.11549726128578186, 0.0411386713385582
0.1154843419790268, 0.041647717356681824
0.1134214773774147, 0.0464022196829319
0.12195239216089249, 0.05241229385137558
0.10009676218032837, 0.046005621552467346
0.14388449490070343, 0.05897193402051926
0.13609297573566437, 0.03879489749670029
0.0838693156838417, 0.0366470068693161
0.11597374081611633, 0.05042871832847595
0.11630401760339737, 0.043278180062770844
0.09920862317085266, 0.037737052887678146
0.09589459002017975, 0.033564575016498566
0.09994379431009293, 0.041836611926555634
0.09981844574213028, 0.028318073600530624
0.11218709498643875, 0.04076884686946869
0.11719078570604324, 0.04106714576482773
0.13002145290374756, 0.034865379333496094
0.10225635766983032, 0.03529365733265877
0.11661425977945328, 0.047673147171735764
0.10767810791730881, 0.053761277347803116
0.13957329094409943, 0.057992126792669296
0.14551639556884766, 0.04535280913114548
0.12231412529945374, 0.040164146572351456
0.11351630836725235, 0.058809906244277954
0.10514206439256668, 0.03437637537717819
0.13280445337295532, 0.05541094020009041
0.12462552636861801, 0.04944884404540062
0.12506672739982605, 0.02791542373597622
0.1359877735376358, 0.05269751697778702
0.10774127393960953, 0.03599783778190613
0.10912930220365524, 0.040391918271780014
0.10255687683820724, 0.04381200298666954
0.10921941697597504, 0.052574679255485535
0.10701953619718552, 0.037164125591516495
0.11887484043836594, 0.03836799040436745
0.09656760841608047, 0.037128087133169174
0.10789056867361069, 0.03375572711229324
0.0950731411576271, 0.0294348057359457
0.12606732547283173, 0.045421846210956573
0.10609203577041626, 0.03569531813263893
0.13187898695468903, 0.051365308463573456
0.11384890973567963, 0.03476161137223244
0.10902081429958344, 0.032956063747406006
0.10296078771352768, 0.035519614815711975
0.1298503875732422, 0.040778011083602905
0.12469092011451721, 0.036398954689502716
0.11739400774240494, 0.038134410977363586
0.09985283762216568, 0.031810369342565536
0.09278225898742676, 0.03310655802488327
0.10160509496927261, 0.046779606491327286
0.11473200470209122, 0.04734718054533005
0.10334392637014389, 0.03815853223204613
0.11076158285140991, 0.039120446890592575
0.09792102128267288, 0.03441949561238289
0.09729607403278351, 0.026020409539341927
0.0843537449836731, 0.03255040571093559
0.08381142467260361, 0.03908814489841461
0.10455947369337082, 0.04278350621461868
0.0929124727845192, 0.032699741423130035
0.10729409754276276, 0.04197532311081886
0.13109761476516724, 0.04751653969287872
0.11453048139810562, 0.03299310430884361
0.09867386519908905, 0.0364142544567585
0.11278245598077774, 0.04163780435919762
0.08226427435874939, 0.033980339765548706
0.08360805362462997, 0.031757839024066925
0.11780847609043121, 0.05273212864995003
0.10612402111291885, 0.03380117192864418
0.10453779250383377, 0.038473453372716904
0.07976888120174408, 0.02733670361340046
0.09614783525466919, 0.03752058371901512
0.09753072261810303, 0.03752591460943222
0.09951824694871902, 0.043496064841747284
0.10879429429769516, 0.052766479551792145
0.11060871183872223, 0.0527273491024971
0.10876039415597916, 0.046919479966163635
0.10673408210277557, 0.03817383199930191
0.10315803438425064, 0.023678455501794815
0.09960242360830307, 0.03499061241745949
0.10915176570415497, 0.03939872607588768
0.09301033616065979, 0.03646712750196457
0.09254014492034912, 0.04317948967218399
0.11764071881771088, 0.030750509351491928
0.0976552665233612, 0.026810353621840477
0.1254371702671051, 0.050625354051589966
0.1179405227303505, 0.05635130777955055
0.09316942095756531, 0.026527907699346542
0.08656730502843857, 0.02612866461277008
0.11290352791547775, 0.031225230544805527
0.12144219875335693, 0.06893288344144821
0.1103920266032219, 0.03149675950407982
0.09534464031457901, 0.027474377304315567
0.10745617747306824, 0.024688808247447014
0.11746609210968018, 0.0392288863658905
0.10973676294088364, 0.030621595680713654
0.11966828256845474, 0.03824611008167267
0.12193717062473297, 0.0481354221701622
0.1251893788576126, 0.046050455421209335
0.11961033940315247, 0.04798009991645813
0.13167093694210052, 0.045448847115039825
0.11812090873718262, 0.039865899831056595
0.09697166085243225, 0.025204429402947426
0.10393456369638443, 0.046647801995277405
0.11631976068019867, 0.025238052010536194
0.13138891756534576, 0.042061690241098404
0.1250923126935959, 0.049832094460725784
0.12402073293924332, 0.03844268620014191
0.10478291660547256, 0.026949649676680565
0.10458172857761383, 0.031681519001722336
0.10784022510051727, 0.03694666922092438
0.10350839048624039, 0.04449265077710152
0.13704951107501984, 0.04578709602355957
0.123512402176857, 0.03783155977725983
0.11646473407745361, 0.01891307905316353
0.11002369970083237, 0.04303814470767975
0.12500782310962677, 0.03401222825050354
0.12648539245128632, 0.04550788924098015
0.13190330564975739, 0.05948647856712341
0.14222057163715363, 0.04019572213292122
0.11753751337528229, 0.03919388726353645
0.12711355090141296, 0.03538694232702255
0.10977058857679367, 0.040618572384119034
0.12543760240077972, 0.03425737842917442
0.1202402412891388, 0.036362357437610626
0.11956734210252762, 0.03573483228683472
0.11906073987483978, 0.030740393325686455
0.1073416918516159, 0.02509784884750843
0.11772528290748596, 0.03640389069914818
0.12760785222053528, 0.03847547248005867
0.14225490391254425, 0.04821248725056648
0.14693856239318848, 0.0342533215880394
0.12757597863674164, 0.030019639059901237
0.106340691447258, 0.024806750938296318
0.09728126227855682, 0.02929464355111122
0.11339882016181946, 0.038005027920007706
0.11532410234212875, 0.040286384522914886
0.1146988496184349, 0.0327838659286499
0.10415316373109818, 0.03381708264350891
0.11177779734134674, 0.036006730049848557
0.13231785595417023, 0.04517468437552452
0.14096815884113312, 0.04834604635834694
0.12531395256519318, 0.03556445986032486
0.13498081266880035, 0.04615442454814911
0.12931717932224274, 0.07023275643587112
0.12091688066720963, 0.044258855283260345
0.12630480527877808, 0.03663105145096779
0.12384656816720963, 0.03364762291312218
0.09481743723154068, 0.026296306401491165
0.11300977319478989, 0.037364862859249115
0.11248292028903961, 0.03317546099424362
0.12768691778182983, 0.03320234641432762
0.11206763237714767, 0.03238293528556824
0.12729282677173615, 0.04726608470082283
0.1142912432551384, 0.041476864367723465
0.13351593911647797, 0.03994198143482208
0.13258352875709534, 0.03423604741692543
0.1236519142985344, 0.0324985571205616
0.11779168248176575, 0.03175639361143112
0.10787298530340195, 0.03145797178149223
0.1328110247850418, 0.04956579953432083
0.11538497358560562, 0.02797774039208889
0.1241299957036972, 0.0494602806866169
0.11089837551116943, 0.024032019078731537
0.1116480603814125, 0.040527284145355225
0.13010479509830475, 0.05559278652071953
0.1111300140619278, 0.030194105580449104
0.13838548958301544, 0.038368914276361465
0.131859689950943, 0.038323868066072464
0.11447177827358246, 0.03649274259805679
0.11830467730760574, 0.028153087943792343
0.11934680491685867, 0.032616276293992996
0.12262269109487534, 0.03625250980257988
0.12363598495721817, 0.0433366596698761
0.12865279614925385, 0.033070217818021774
0.12313461303710938, 0.030694179236888885
0.14872321486473083, 0.03746335208415985
0.15578587353229523, 0.053337838500738144
0.17594894766807556, 0.04840952903032303
0.18940287828445435, 0.047897759824991226
0.1296902298927307, 0.032729100435972214
0.13416023552417755, 0.04691435024142265
0.10498829185962677, 0.03703702613711357
0.1384613960981369, 0.051710743457078934
0.13831916451454163, 0.04908773675560951
0.16269084811210632, 0.0599566251039505
0.16238705813884735, 0.05524042621254921
0.15768206119537354, 0.05694923177361488
0.15711469948291779, 0.04463978111743927
0.15125249326229095, 0.06199529394507408
0.14739792048931122, 0.05975085124373436
0.13042223453521729, 0.03765290975570679
0.11772378534078598, 0.0484265498816967
0.1475733369588852, 0.041324298828840256
0.10194603353738785, 0.02697228640317917
0.14193113148212433, 0.04943981394171715
0.15185388922691345, 0.04822816699743271
0.10919586569070816, 0.027490412816405296
0.13916046917438507, 0.030624695122241974
0.1648678481578827, 0.06591594964265823
0.14221468567848206, 0.057100240141153336
0.11856438219547272, 0.037127550691366196
0.14432436227798462, 0.058428168296813965
0.15203861892223358, 0.03600775822997093
0.1488291621208191, 0.05238541588187218
0.1856883019208908, 0.04919765517115593
0.15117831528186798, 0.04689895361661911
0.13474765419960022, 0.045697081834077835
0.1480683833360672, 0.04872570186853409
0.1550498753786087, 0.06539443880319595
0.17817120254039764, 0.06566644459962845
0.1745961755514145, 0.07020274549722672
0.13965380191802979, 0.050496090203523636
0.14230191707611084, 0.04055057466030121
0.20244644582271576, 0.10940048098564148
0.23188301920890808, 0.08126751333475113
0.1603585183620453, 0.0647684633731842
0.1408061683177948, 0.030815061181783676
0.1438065618276596, 0.04098402336239815
0.15629887580871582, 0.0657610222697258
0.16419576108455658, 0.08220697194337845
0.14476270973682404, 0.05156537890434265
0.15189814567565918, 0.043554503470659256
0.15080566704273224, 0.05661904066801071
0.1692863255739212, 0.06913281977176666
0.1544598639011383, 0.047365590929985046
0.1441665142774582, 0.04157043620944023
0.15528634190559387, 0.03926466032862663
0.13730232417583466, 0.03987345099449158
0.1408546417951584, 0.028104787692427635
0.19068467617034912, 0.0649653896689415
0.15600959956645966, 0.051854368299245834
0.14782214164733887, 0.03760148957371712
0.17753691971302032, 0.04596653953194618
0.16625338792800903, 0.05110611394047737
0.1280893087387085, 0.04570586979389191
0.13707508146762848, 0.046491991728544235
0.15836496651172638, 0.0447026826441288
0.15079398453235626, 0.05323023721575737
0.1727171689271927, 0.05823417752981186
0.16298027336597443, 0.06805573403835297
0.1615532785654068, 0.06125839427113533
0.1381419450044632, 0.03218541666865349
0.14819753170013428, 0.03176261857151985
0.16541452705860138, 0.0633126050233841
0.14879485964775085, 0.053275518119335175
0.1900782585144043, 0.04960869252681732
0.16863912343978882, 0.042063385248184204
0.15895670652389526, 0.042826488614082336
0.1494075059890747, 0.0370209738612175
0.17970037460327148, 0.07142012566328049
0.1670103669166565, 0.04096689075231552
0.13819296658039093, 0.04277925565838814
0.1481301635503769, 0.05440386012196541
0.1885710060596466, 0.053204428404569626
0.14908887445926666, 0.04778541252017021
0.15416261553764343, 0.043206460773944855
0.15018494427204132, 0.03259516507387161
0.16349996626377106, 0.048554908484220505
0.17382925748825073, 0.06236423924565315
0.15044109523296356, 0.0419141948223114
0.16470350325107574, 0.04531817138195038
0.1746489703655243, 0.04531392455101013
0.1739046573638916, 0.05502551794052124
0.17270122468471527, 0.05428610369563103
0.15431107580661774, 0.048704393208026886
0.17485706508159637, 0.05352473258972168
0.17330127954483032, 0.03978497534990311
0.1627027541399002, 0.05073612928390503
0.18066424131393433, 0.033728115260601044
0.14299719035625458, 0.04974307119846344
0.16110719740390778, 0.05219658464193344
0.16777968406677246, 0.05898456275463104
0.1523618847131729, 0.03948212042450905
0.14945413172245026, 0.04790803790092468
0.20231859385967255, 0.05563480034470558
0.18107393383979797, 0.03769136220216751
0.17148156464099884, 0.07336293160915375
0.1736670285463333, 0.04772413894534111
0.17010727524757385, 0.04807193577289581
0.152526393532753, 0.047639135271310806
0.1768491417169571, 0.05117848888039589
0.19855274260044098, 0.058956537395715714
0.15445725619792938, 0.04580586403608322
0.17606870830059052, 0.04425052925944328
0.17836987972259521, 0.043597809970378876
0.13672402501106262, 0.03894146531820297
0.18176472187042236, 0.031425245106220245
0.15081320703029633, 0.04902813956141472
0.15367010235786438, 0.05655768886208534
0.1533663421869278, 0.058727458119392395
0.16100867092609406, 0.03242616355419159
0.19325357675552368, 0.06985362619161606
0.20307503640651703, 0.0846501886844635
0.17844294011592865, 0.06414909660816193
0.15770681202411652, 0.04119488224387169
0.14157401025295258, 0.03808731585741043
0.15689650177955627, 0.04182486608624458
0.18949052691459656, 0.06212788075208664
0.1442365050315857, 0.04466180503368378
0.19483448565006256, 0.06037275493144989
0.18439660966396332, 0.03067123144865036
0.1734946072101593, 0.033708322793245316
0.16519714891910553, 0.04935729503631592
0.17449478805065155, 0.04888567700982094
0.16793988645076752, 0.037456050515174866
0.1828916221857071, 0.04704975709319115
0.18347539007663727, 0.056916434317827225
0.19798007607460022, 0.07152973115444183
0.19791992008686066, 0.06092382222414017
0.17445522546768188, 0.0845995545387268
0.16816143691539764, 0.04415488988161087
0.15886522829532623, 0.046651989221572876
0.1468019187450409, 0.038340166211128235
0.17383283376693726, 0.048233721405267715
0.19901151955127716, 0.08782126754522324
0.17522890865802765, 0.061112817376852036
0.17017965018749237, 0.040997348725795746
0.17844389379024506, 0.057772524654865265
0.19236788153648376, 0.06781643629074097
0.182111456990242, 0.04927332326769829
0.16521671414375305, 0.03728127479553223
0.2012321650981903, 0.05322021245956421
0.15804153680801392, 0.041616570204496384
0.1538109928369522, 0.03936170041561127
0.19095265865325928, 0.06808808445930481
0.18717265129089355, 0.058355677872896194
0.1681360900402069, 0.03378947824239731
0.17756423354148865, 0.05999387055635452
0.15242916345596313, 0.04423493891954422
0.17523349821567535, 0.04692516848444939
0.17935770750045776, 0.06430346518754959
0.24834325909614563, 0.09512507170438766
0.195663183927536, 0.04758645221590996
0.19835728406906128, 0.05888129398226738
0.1824699193239212, 0.05651330575346947
0.18711310625076294, 0.05453820526599884
0.18736815452575684, 0.04387715086340904
0.1747470498085022, 0.03986583650112152
0.21547633409500122, 0.07233604788780212
0.19691085815429688, 0.05537966638803482
0.18362100422382355, 0.05716030299663544
0.18014416098594666, 0.05321676284074783
0.19179843366146088, 0.050342854112386703
0.18956239521503448, 0.04882765933871269
0.17572949826717377, 0.04887465015053749
0.1723841428756714, 0.059603337198495865
0.1704636514186859, 0.04474194347858429
0.19015347957611084, 0.03983186185359955
0.19421115517616272, 0.07566960155963898
0.21255189180374146, 0.06887152045965195
0.19208352267742157, 0.0542093887925148
0.16765592992305756, 0.05053982883691788
0.17720670998096466, 0.05894206464290619
0.18647430837154388, 0.05828642472624779
0.20271368324756622, 0.06803771108388901
0.17868764698505402, 0.0490734688937664
0.16911064088344574, 0.044570859521627426
0.19082696735858917, 0.054124247282743454
0.1727912276983261, 0.05130159109830856
0.16349011659622192, 0.03483102470636368
0.18593665957450867, 0.0471666045486927
0.17811335623264313, 0.0429014153778553
0.2069900631904602, 0.06174055114388466
0.19774490594863892, 0.05176839604973793
0.202217698097229, 0.06358946859836578
0.15661542117595673, 0.03458763286471367
0.1581503003835678, 0.04533278942108154
0.1726268082857132, 0.059226974844932556
0.19736307859420776, 0.0577714666724205
0.15895630419254303, 0.037426985800266266
0.17741471529006958, 0.055398616939783096
0.17639634013175964, 0.04582548141479492
0.14949287474155426, 0.04221930727362633
0.1734837293624878, 0.06351987272500992
0.16762831807136536, 0.052317023277282715
0.1981012374162674, 0.03770317882299423
0.193455770611763, 0.04536087065935135
0.16212111711502075, 0.04716219753026962
0.17291544377803802, 0.039244476705789566
0.16583819687366486, 0.04774216562509537
0.16687101125717163, 0.039993058890104294
0.15086613595485687, 0.05309812352061272
0.1811339557170868, 0.027466677129268646
0.15765929222106934, 0.061203714460134506
0.17219878733158112, 0.05256224423646927
0.1558098942041397, 0.04904581233859062
0.18991586565971375, 0.0508071668446064
0.16528061032295227, 0.048903174698352814
0.17587101459503174, 0.047041285783052444
0.19289055466651917, 0.055844780057668686
0.18116460740566254, 0.04955976828932762
0.15545371174812317, 0.04119802266359329
0.18083341419696808, 0.0404663048684597
0.16423358023166656, 0.05054536461830139
0.1980443149805069, 0.0672517791390419
0.15966077148914337, 0.05352533608675003
0.1741713136434555, 0.041280683130025864
0.2195659577846527, 0.0901041179895401
0.14761388301849365, 0.03988330811262131
0.15379391610622406, 0.043058816343545914
0.18531639873981476, 0.0529705286026001
0.18008215725421906, 0.03868011385202408
0.1675623655319214, 0.04995657876133919
0.19762183725833893, 0.0535854808986187
0.18233337998390198, 0.05117260292172432
0.17111808061599731, 0.044528789818286896
0.1746983528137207, 0.058318253606557846
0.1917385309934616, 0.060993947088718414
0.17219610512256622, 0.0374370738863945
0.15745912492275238, 0.03842015191912651
0.1647828221321106, 0.04439244046807289
0.17781908810138702, 0.06210925057530403
0.20864257216453552, 0.061422187834978104
0.18481720983982086, 0.058383386582136154
0.1744271069765091, 0.059403929859399796
0.19673998653888702, 0.05043359100818634
0.20110578835010529, 0.05394621565937996
0.1914362907409668, 0.07556957751512527
0.18458016216754913, 0.07482439279556274
0.17799481749534607, 0.04338352009654045
0.1727214902639389, 0.042908262461423874
0.1828351616859436, 0.04871761426329613
0.18494297564029694, 0.04924263432621956
0.18357621133327484, 0.05436522513628006
0.1598995178937912, 0.037432506680488586
0.20308300852775574, 0.04733400046825409
0.1529581993818283, 0.03986934944987297
0.16314132511615753, 0.03972373157739639
0.16967107355594635, 0.06020539253950119
0.19106990098953247, 0.06308723986148834
0.1790330410003662, 0.05503423511981964
0.1772991418838501, 0.03531147167086601
0.1851537674665451, 0.04999397695064545
0.17908765375614166, 0.041006673127412796
0.1999729424715042, 0.04507707804441452
0.1653655469417572, 0.04227906093001366
0.16777484118938446, 0.04336799681186676
0.16229072213172913, 0.03299785032868385
0.18042832612991333, 0.05164702981710434
0.1696082204580307, 0.03918321058154106
0.16196288168430328, 0.04025837406516075
0.20521581172943115, 0.05122927576303482
0.18232141435146332, 0.03122788853943348
0.16017508506774902, 0.036955974996089935
0.1656135767698288, 0.05727074667811394
0.18406642973423004, 0.042756278067827225
0.17495878040790558, 0.05274917557835579
0.20075269043445587, 0.0508359894156456
0.19931729137897491, 0.07746154814958572
0.22426319122314453, 0.06012028083205223
0.1696673184633255, 0.05270344391465187
0.18929313123226166, 0.05217341333627701
0.16686466336250305, 0.044533319771289825
0.15779240429401398, 0.04189508780837059
0.17541798949241638, 0.06116747483611107
0.16908815503120422, 0.045170847326517105
0.16333793103694916, 0.033883217722177505
0.19974355399608612, 0.09434664994478226
0.18761694431304932, 0.04607225954532623
0.18894357979297638, 0.039195846766233444
0.14873015880584717, 0.03469106927514076
0.20882625877857208, 0.05894036591053009
0.18376824259757996, 0.04472077637910843
0.21128800511360168, 0.06453578919172287
0.19531743228435516, 0.06869916617870331
0.16855718195438385, 0.04456328600645065
0.20236392319202423, 0.07807526737451553
0.1711752861738205, 0.05173877254128456
0.17767997086048126, 0.048239566385746
0.15010769665241241, 0.035575155168771744
0.16507917642593384, 0.04439782351255417
0.17816926538944244, 0.05133988335728645
0.16836638748645782, 0.05330970883369446
0.1542779803276062, 0.03805936127901077
0.18598124384880066, 0.05090942606329918
0.15916700661182404, 0.0408305749297142
0.2025236040353775, 0.04408543184399605
0.19898423552513123, 0.06106050685048103
0.15840403735637665, 0.04234131798148155
0.16136355698108673, 0.040974054485559464
0.1505182832479477, 0.03061613067984581
0.15056797862052917, 0.0375388041138649
0.20129980146884918, 0.05588430538773537
0.1701114922761917, 0.049957141280174255
0.1561996042728424, 0.037636104971170425
0.1622922718524933, 0.04307156801223755
0.15939781069755554, 0.05160312354564667
0.1823975145816803, 0.040772758424282074
0.15843763947486877, 0.04765705391764641
0.16067993640899658, 0.037713926285505295
0.16972067952156067, 0.05328696221113205
0.18862034380435944, 0.05908401310443878
0.20736853778362274, 0.09885481745004654
0.2053721845149994, 0.05305974557995796
0.18784509599208832, 0.05180805176496506
0.18840822577476501, 0.052879709750413895
0.17749865353107452, 0.042626332491636276
0.17527028918266296, 0.0644778162240982
0.15005716681480408, 0.036417312920093536
0.16812647879123688, 0.06734909117221832
0.1694527566432953, 0.04074060916900635
0.14251837134361267, 0.0346081480383873
0.1632634401321411, 0.03795088827610016
0.16118741035461426, 0.04031350091099739
0.1687680184841156, 0.040195249021053314
0.144527867436409, 0.0398191474378109
0.15419137477874756, 0.036069780588150024
0.17014677822589874, 0.06392514705657959
0.20632100105285645, 0.06776953488588333
0.1918637752532959, 0.06121779978275299
0.17090153694152832, 0.037879377603530884
0.16182632744312286, 0.03185345605015755
0.17630428075790405, 0.04469374939799309
0.17327037453651428, 0.04846158251166344
0.22285358607769012, 0.0797915831208229
0.19476397335529327, 0.0684371069073677
0.19662675261497498, 0.041219957172870636
0.15698876976966858, 0.0510285310447216
0.187616765499115, 0.059914011508226395
0.19790662825107574, 0.04473050683736801
0.1645835041999817, 0.04661525785923004
0.16663207113742828, 0.042897552251815796
0.140722393989563, 0.04992319643497467
0.17657975852489471, 0.04762739688158035
0.17871883511543274, 0.05991583690047264
0.18431253731250763, 0.03641374409198761
0.16954655945301056, 0.051452554762363434
0.14265458285808563, 0.030842188745737076
0.15978839993476868, 0.036768704652786255
0.18398670852184296, 0.07152128964662552
0.1945147067308426, 0.05601827800273895
0.16613520681858063, 0.04859788715839386
0.19657538831233978, 0.05975421145558357
0.15997189283370972, 0.041820745915174484
0.1816239207983017, 0.052760787308216095
0.18001586198806763, 0.03613525629043579
0.194267138838768, 0.04410456120967865
0.1797599494457245, 0.06324803829193115
0.18115097284317017, 0.05311644822359085
0.1653141975402832, 0.03404157608747482
0.15679574012756348, 0.037374574691057205
0.1752757579088211, 0.056945040822029114
0.15446877479553223, 0.037158019840717316
0.15651832520961761, 0.04936755448579788
0.2053554803133011, 0.03913881629705429
0.16822977364063263, 0.053496260195970535
0.16535255312919617, 0.03059137612581253
0.18303655087947845, 0.03549862653017044
0.1851123422384262, 0.051772911101579666
0.16921472549438477, 0.045518964529037476
0.1582822948694229, 0.03886706382036209
0.16047316789627075, 0.02353723905980587
0.176259845495224, 0.03774356469511986
0.1872134655714035, 0.05436880141496658
0.16549871861934662, 0.0475391261279583
0.16502971947193146, 0.04468474164605141
0.1678893268108368, 0.04005083069205284
0.16396382451057434, 0.04063235968351364
0.18116004765033722, 0.05629833787679672
0.18802788853645325, 0.03918321803212166
0.18072621524333954, 0.035076647996902466
0.19383957982063293, 0.051540307700634
0.18991461396217346, 0.04704324156045914
0.17666232585906982, 0.05434485897421837
0.17627687752246857, 0.04739917069673538
0.16862425208091736, 0.041055817157030106
0.1446106880903244, 0.04048067331314087
0.14166326820850372, 0.033638425171375275
0.16553561389446259, 0.045316293835639954
0.18529029190540314, 0.041558604687452316
0.16421197354793549, 0.032970499247312546
0.18480440974235535, 0.049510013312101364
0.17777366936206818, 0.04503897204995155
0.17161162197589874, 0.053263548761606216
0.17815813422203064, 0.05406268686056137
0.17117290198802948, 0.03830257058143616
0.19354119896888733, 0.051861342042684555
0.16445951163768768, 0.0321926586329937
0.18318931758403778, 0.04597935825586319
0.17616648972034454, 0.05364922061562538
0.19212161004543304, 0.04328027740120888
0.18378950655460358, 0.07135090231895447
0.16383856534957886, 0.047440364956855774
0.1720287799835205, 0.05887703225016594
0.19756194949150085, 0.05502563342452049
0.18998558819293976, 0.06851572543382645
0.19072990119457245, 0.050927817821502686
0.15623487532138824, 0.037037331610918045
0.16127191483974457, 0.023914581164717674
0.18002043664455414, 0.04165056347846985
0.17607489228248596, 0.03973713144659996
0.17637570202350616, 0.05100812390446663
0.1560920774936676, 0.027308735996484756
0.1530100703239441, 0.042628128081560135
0.16207627952098846, 0.040123604238033295
0.19268344342708588, 0.05805661901831627
0.19185273349285126, 0.034874122589826584
0.16462035477161407, 0.04328266903758049
0.16564695537090302, 0.04816191643476486
0.18038910627365112, 0.07638022303581238
0.16637594997882843, 0.042936861515045166
0.15845471620559692, 0.0433075986802578
0.1687440574169159, 0.04669903591275215
0.1614256352186203, 0.04501194506883621
0.1801719069480896, 0.05486739054322243
0.20296023786067963, 0.06513813883066177
0.19936543703079224, 0.045080527663230896
0.17832352221012115, 0.04072098806500435
0.17877715826034546, 0.05043289065361023
0.17010007798671722, 0.05154336616396904
0.1575179398059845, 0.03184754401445389
0.168600931763649, 0.031892988830804825
0.17505128681659698, 0.04518221691250801
0.15590344369411469, 0.037932656705379486
0.18309827148914337, 0.0690595954656601
0.19380199909210205, 0.0938919335603714
0.16859610378742218, 0.0560065396130085
0.14844001829624176, 0.053733598440885544
0.18104909360408783, 0.051630258560180664
0.16850699484348297, 0.026101969182491302
0.17938847839832306, 0.05575794354081154
0.1670861393213272, 0.03535991534590721
0.1693064123392105, 0.05502980947494507
0.15426631271839142, 0.04386845603585243
0.18673881888389587, 0.07282494753599167
0.18642017245292664, 0.06587903946638107
0.16231657564640045, 0.0487545020878315
0.17273561656475067, 0.04674917459487915
0.1767674833536148, 0.049638886004686356
0.16911450028419495, 0.06196693331003189
0.15426118671894073, 0.03733595088124275
0.1717028170824051, 0.04884254187345505
0.15508869290351868, 0.03558742254972458
0.16186366975307465, 0.0457252562046051
0.1654766947031021, 0.04946294054389
0.1867750585079193, 0.057008109986782074
0.16780509054660797, 0.04894318804144859
0.1766444891691208, 0.05871375650167465
0.20534776151180267, 0.04692894592881203
0.20290271937847137, 0.03845597803592682
0.1678224503993988, 0.03357982635498047
0.15644477307796478, 0.035242337733507156
0.17049403488636017, 0.04096938297152519
0.16083137691020966, 0.038692012429237366
0.16721439361572266, 0.04155762121081352
0.1514110118150711, 0.037558574229478836
0.1555873304605484, 0.045653678476810455
0.15657897293567657, 0.04199737682938576
0.15827368199825287, 0.045834314078092575
0.1660967469215393, 0.03907660022377968
0.1482245773077011, 0.037722546607255936
0.19880229234695435, 0.07323037087917328
0.1715102642774582, 0.07821968197822571
0.18097256124019623, 0.05254305154085159
0.16097983717918396, 0.05948621779680252
0.1591939777135849, 0.04296189546585083
0.16057488322257996, 0.046552591025829315
0.15046657621860504, 0.0323416106402874
0.1857595145702362, 0.05327676236629486
0.17196686565876007, 0.06573227792978287
0.1637343466281891, 0.03248288109898567
0.16784843802452087, 0.052255675196647644
0.1692754477262497, 0.04435742646455765
0.18053115904331207, 0.05469050258398056
0.14627493917942047, 0.03231833502650261
0.1934484988451004, 0.052629321813583374
0.16898944973945618, 0.04096846655011177
0.15764352679252625, 0.04457505792379379
0.14565514028072357, 0.03975836560130119
0.14180317521095276, 0.033948130905628204
0.17555516958236694, 0.046815089881420135
0.2026408612728119, 0.04692229628562927
0.1736043095588684, 0.044504113495349884
0.18565733730793, 0.06262572854757309
0.1773303896188736, 0.062762051820755
0.1684519499540329, 0.04127510264515877
0.14208917319774628, 0.04546821862459183
0.17514072358608246, 0.04945295676589012
0.1262339949607849, 0.03170330077409744
0.17091071605682373, 0.06010335311293602
0.19279305636882782, 0.05473729223012924
0.18455518782138824, 0.031149156391620636
0.15688183903694153, 0.0493290089070797
0.16003021597862244, 0.031268417835235596
0.1817435771226883, 0.04587046429514885
0.1650961935520172, 0.049249663949012756
0.205927774310112, 0.060300562530756
0.18956051766872406, 0.05873798951506615
0.17904554307460785, 0.039550479501485825
0.16986475884914398, 0.039365317672491074
0.17095361649990082, 0.04608172923326492
0.20157648622989655, 0.06764182448387146
0.17329536378383636, 0.05462638661265373
0.1797499656677246, 0.04400574415922165
0.17281906306743622, 0.038658712059259415
0.1649417132139206, 0.038221605122089386
0.16257065534591675, 0.04229610040783882
0.17328186333179474, 0.05697181448340416
0.14993540942668915, 0.03506283089518547
0.1666252166032791, 0.04981989786028862
0.16286234557628632, 0.03271883353590965
0.17447689175605774, 0.045316871255636215
0.16004322469234467, 0.0506485290825367
0.15079215168952942, 0.03876616433262825
0.14943771064281464, 0.03684726357460022
0.18393607437610626, 0.04279711842536926
0.1686205118894577, 0.04327971115708351
0.16125443577766418, 0.04503738135099411
0.17985503375530243, 0.06248063966631889
0.1595081239938736, 0.044463638216257095
0.1647750735282898, 0.04659629613161087
0.19914554059505463, 0.0490068718791008
0.15979883074760437, 0.03827768936753273
0.1709272414445877, 0.05530671775341034
0.1746828854084015, 0.046670883893966675
0.16742658615112305, 0.05943790078163147
0.15535607933998108, 0.048225823789834976
0.15800972282886505, 0.04408247396349907
0.12722238898277283, 0.03535842522978783
0.158169224858284, 0.036900147795677185
0.15581414103507996, 0.043246425688266754
0.17539572715759277, 0.056443795561790466
0.160369873046875, 0.030515432357788086
0.164008229970932, 0.04614504799246788
0.18069840967655182, 0.04644263908267021
0.1533340960741043, 0.04359861835837364
0.16740082204341888, 0.06028297170996666
0.15029139816761017, 0.03676306828856468
0.1630895733833313, 0.0504155233502388
0.19929270446300507, 0.0523710660636425
0.16056591272354126, 0.03061618097126484
0.15544824302196503, 0.040350377559661865
0.16228049993515015, 0.041049059480428696
0.15168438851833344, 0.026737695559859276
0.18362396955490112, 0.06669659912586212
0.20031635463237762, 0.04343485087156296
0.18096794188022614, 0.04968901723623276
0.18088722229003906, 0.042948924005031586
0.14394178986549377, 0.03347811475396156
0.15412700176239014, 0.03395026549696922
0.15082614123821259, 0.036290984600782394
0.17372456192970276, 0.0442289337515831
0.17201024293899536, 0.05688238516449928
0.15225721895694733, 0.023832837119698524
0.16967947781085968, 0.04879813268780708
0.1551799327135086, 0.04499264061450958
0.14539000391960144, 0.02743523009121418
0.17153069376945496, 0.05239134654402733
0.15556176006793976, 0.02882152795791626
0.16108772158622742, 0.03832274302840233
0.16306602954864502, 0.03619292005896568
0.16218900680541992, 0.03039690852165222
0.1510288268327713, 0.02225412428379059
0.1767595261335373, 0.06619780510663986
0.1904926896095276, 0.07113273441791534
0.1874278336763382, 0.046846430748701096
0.17366190254688263, 0.03626221790909767
0.17808087170124054, 0.0399060919880867
0.15664823353290558, 0.03451515734195709
0.1735841929912567, 0.047603316605091095
0.16986887156963348, 0.04838855192065239
0.15260201692581177, 0.04116266593337059
0.15677662193775177, 0.044661324471235275
0.14578820765018463, 0.035299792885780334
0.17206116020679474, 0.04296677187085152
0.14960496127605438, 0.03214137628674507
0.174996018409729, 0.04147379472851753
0.14763203263282776, 0.04383184015750885
0.1698003113269806, 0.04705636575818062
0.16938896477222443, 0.046819817274808884
0.14292296767234802, 0.029856977984309196
0.16094419360160828, 0.048340730369091034
0.1756414771080017, 0.0655878484249115
0.15280282497406006, 0.03960825130343437
0.15989652276039124, 0.04041481018066406
0.19565466046333313, 0.053243376314640045
0.17344260215759277, 0.045044489204883575
0.15860845148563385, 0.02818596363067627
0.16223914921283722, 0.04289659857749939
0.1718544214963913, 0.040664780884981155
0.1946118324995041, 0.06055450066924095
0.14809826016426086, 0.04093471169471741
0.1402568370103836, 0.04029976204037666
0.17149551212787628, 0.04744755104184151
0.16159050166606903, 0.03320394456386566
0.16370078921318054, 0.034836385399103165
0.1713544875383377, 0.033948346972465515
0.17475280165672302, 0.05145019665360451
0.17036958038806915, 0.03230980038642883
0.15404346585273743, 0.04018379747867584
0.1890222132205963, 0.06349895894527435
0.20247073471546173, 0.05588080734014511
0.15731605887413025, 0.04809197410941124
0.15223732590675354, 0.04165864363312721
0.15854598581790924, 0.0517495758831501
0.14877982437610626, 0.04164961725473404
0.14062584936618805, 0.04657425731420517
0.1418083757162094, 0.039756715297698975
0.185658261179924, 0.04459955543279648
0.16667303442955017, 0.04238119348883629
0.1651362180709839, 0.036143045872449875
0.18437477946281433, 0.05122830346226692
0.15666383504867554, 0.04530475288629532
0.16059525310993195, 0.044063761830329895
0.15985801815986633, 0.042531825602054596
0.16964909434318542, 0.04320180043578148
0.156948521733284, 0.03580985963344574
0.15335829555988312, 0.04197472333908081
0.16785292327404022, 0.06962314248085022
0.149571031332016, 0.042248524725437164
0.14460857212543488, 0.02933938056230545
0.14760610461235046, 0.04208223149180412
0.16259939968585968, 0.04003426805138588
0.17211827635765076, 0.041884295642375946
0.15163785219192505, 0.030415333807468414
0.15263696014881134, 0.03668908029794693
0.16323216259479523, 0.03515879809856415
0.17904117703437805, 0.04527599364519119
0.15431442856788635, 0.058340903371572495
0.1663242131471634, 0.04669782146811485
0.1611567884683609, 0.02535613439977169
0.18153253197669983, 0.05370543897151947
0.1426224559545517, 0.034492094069719315
0.17234519124031067, 0.059095531702041626
0.14947208762168884, 0.03358137235045433
0.16671690344810486, 0.036132968962192535
0.16362403333187103, 0.04040004685521126
0.17838449776172638, 0.0496194064617157
0.18702368438243866, 0.03703557699918747
0.16182780265808105, 0.057817962020635605
0.1644120067358017, 0.04243111610412598
0.17405688762664795, 0.04213804751634598
0.15438443422317505, 0.027959130704402924
0.19504718482494354, 0.07232917100191116
0.18009348213672638, 0.04629135504364967
0.14610497653484344, 0.042018018662929535
0.16200323402881622, 0.04740733653306961
0.13334466516971588, 0.03019264154136181
0.17138226330280304, 0.04323126748204231
0.1552840620279312, 0.04470811039209366
0.17121687531471252, 0.045934390276670456
0.17982420325279236, 0.05947459116578102
0.15446685254573822, 0.0415545329451561
0.15503183007240295, 0.029240280389785767
0.16997770965099335, 0.06449476629495621
0.1429857313632965, 0.026564519852399826
0.1699395477771759, 0.037713129073381424
0.19649818539619446, 0.06954646855592728
0.16674011945724487, 0.04663965851068497
0.1832217425107956, 0.039945293217897415
0.17207124829292297, 0.06618094444274902
0.16954487562179565, 0.04889604449272156
0.15911221504211426, 0.05006342753767967
0.16287857294082642, 0.03876115381717682
0.19224900007247925, 0.0779871866106987
0.1825287789106369, 0.06977512687444687
0.1495075523853302, 0.04565269872546196
0.15180489420890808, 0.05012812837958336
0.16539649665355682, 0.0494084469974041
0.14554806053638458, 0.03908257931470871
0.1639864146709442, 0.04449569806456566
0.16078297793865204, 0.04784265160560608
0.15588533878326416, 0.030223285779356956
0.14618515968322754, 0.029772209003567696
0.1637381613254547, 0.04579195752739906
0.193204864859581, 0.0780085101723671
0.1929519921541214, 0.057621244341135025
0.16353042423725128, 0.03934967890381813
0.14203882217407227, 0.028021154925227165
0.16701658070087433, 0.036602720618247986
0.1588129997253418, 0.03305033966898918
0.1996447741985321, 0.059855010360479355
0.17090469598770142, 0.04240241274237633
0.16235986351966858, 0.04943940415978432
0.15557733178138733, 0.04577276110649109
0.1539965271949768, 0.027645204216241837
0.1536569744348526, 0.0317203588783741
0.1607392579317093, 0.05156711861491203
0.15258634090423584, 0.04043303802609444
0.16062822937965393, 0.03331302851438522
0.18840311467647552, 0.0492609478533268
0.16241903603076935, 0.04431936517357826
0.15406179428100586, 0.04101891070604324
0.15041668713092804, 0.03280013054609299
0.1821437031030655, 0.04112224653363228
0.16396872699260712, 0.049658775329589844
0.1452479511499405, 0.02603911980986595
0.15844401717185974, 0.03234270587563515
0.17733068764209747, 0.039867132902145386
0.16376696527004242, 0.040218230336904526
0.15555888414382935, 0.05030764266848564
0.1511254608631134, 0.03564473241567612
0.18475885689258575, 0.05926308035850525
0.16700072586536407, 0.041850484907627106
0.15244711935520172, 0.0399717353284359
0.12985356152057648, 0.03781387209892273
0.14124873280525208, 0.03708215430378914
0.15222841501235962, 0.032961972057819366
0.1735813170671463, 0.05841175094246864
0.14370514452457428, 0.04841243848204613
0.14822112023830414, 0.03287450224161148
0.14479205012321472, 0.041124701499938965
0.16430605947971344, 0.04498497024178505
0.1726774126291275, 0.05950077623128891
0.17114663124084473, 0.042927760630846024
0.158784881234169, 0.033432699739933014
0.15780134499073029, 0.03376874327659607
0.14155268669128418, 0.03192482888698578
0.1373181790113449, 0.027949566021561623
0.17355217039585114, 0.03291811794042587
0.1686546504497528, 0.045500338077545166
0.15106701850891113, 0.04270928353071213
0.1609397679567337, 0.05809056758880615
0.15781410038471222, 0.04384260252118111
0.1614636331796646, 0.041641149669885635
0.16275610029697418, 0.04773860052227974
0.21506525576114655, 0.08810412883758545
0.16388382017612457, 0.04271062836050987
0.139663428068161, 0.0386495366692543
0.18247723579406738, 0.06825631111860275
0.1630556881427765, 0.04639187455177307
0.1552804708480835, 0.044517632573843
0.14768509566783905, 0.03417487069964409
0.14666981995105743, 0.029722627252340317
0.16946536302566528, 0.05877375602722168
0.1666627824306488, 0.036679692566394806
0.15289439260959625, 0.0375700481235981
0.16215252876281738, 0.04727999493479729
0.16638006269931793, 0.051938798278570175
0.18469348549842834, 0.047105275094509125
0.15355205535888672, 0.0415877141058445
0.153250589966774, 0.053832605481147766
0.1642438918352127, 0.047158949077129364
0.14416037499904633, 0.031217699870467186
0.17544834315776825, 0.05778663605451584
0.14575642347335815, 0.05186821147799492
0.1762077659368515, 0.06002725288271904
0.16239529848098755, 0.0561322383582592
0.16321076452732086, 0.051593028008937836
0.13481886684894562, 0.04761327803134918
0.16500945389270782, 0.04504051432013512
0.14732497930526733, 0.048116534948349
0.16600315272808075, 0.045643556863069534
0.17646248638629913, 0.05552060529589653
0.16706247627735138, 0.054674357175827026
0.18666644394397736, 0.06557054817676544
0.16316457092761993, 0.03812176361680031
0.1398841291666031, 0.031070291996002197
0.1676209270954132, 0.037104878574609756
0.15930785238742828, 0.03859568387269974
0.17679844796657562, 0.05619801580905914
0.17467376589775085, 0.04688658565282822
0.18076665699481964, 0.043732233345508575
0.16843561828136444, 0.052930716425180435
0.17081218957901, 0.046773504465818405
0.16619107127189636, 0.03761676326394081
0.15089185535907745, 0.04013426601886749
0.14430591464042664, 0.027476007118821144
0.1720307320356369, 0.06679470092058182
0.15340536832809448, 0.049873266369104385
0.1586083620786667, 0.05794627591967583
0.15776441991329193, 0.05415184423327446
0.15693962574005127, 0.04548455774784088
0.1720859408378601, 0.04398913308978081
0.15593746304512024, 0.05301846191287041
0.16001874208450317, 0.042513445019721985
0.13300219178199768, 0.04157993197441101
0.13372613489627838, 0.034279584884643555
0.15851576626300812, 0.05173589289188385
0.14276094734668732, 0.03171003237366676
0.15186485648155212, 0.04185783118009567
0.1609632968902588, 0.028182396665215492
0.17278370261192322, 0.04434295371174812
0.16039308905601501, 0.05743098258972168
0.13829568028450012, 0.03375347703695297
0.14497381448745728, 0.03973061591386795
0.15567736327648163, 0.055417031049728394
0.14601582288742065, 0.043628253042697906
0.1472502499818802, 0.028311066329479218
0.1744222342967987, 0.048896756023168564
0.155554860830307, 0.03637940436601639
0.15304987132549286, 0.052986789494752884
0.15495522320270538, 0.06059819832444191
0.1579584777355194, 0.04915792495012283
0.15155036747455597, 0.039669979363679886
0.16197718679904938, 0.04380764812231064
0.1573917418718338, 0.035011980682611465
0.14379079639911652, 0.039926279336214066
0.1680193692445755, 0.06105579808354378
0.15188997983932495, 0.033852703869342804
0.1322353333234787, 0.029204754158854485
0.1681155115365982, 0.04963144287467003
0.15448348224163055, 0.04052071273326874
0.16347353160381317, 0.042006656527519226
0.15248264372348785, 0.050184592604637146
0.1615963727235794, 0.03640250861644745
0.14884307980537415, 0.03216774761676788
0.15070931613445282, 0.03344724327325821
0.1517694741487503, 0.03458148613572121
0.14417977631092072, 0.039930541068315506
0.1589357703924179, 0.047558773308992386
0.16794748604297638, 0.05501658096909523
0.14807581901550293, 0.04502660408616066
0.14264360070228577, 0.04105306789278984
0.1491663157939911, 0.03716661036014557
0.14809410274028778, 0.03930647298693657
0.15097928047180176, 0.046925291419029236
0.16815683245658875, 0.0624387301504612
0.16676174104213715, 0.04458487778902054
0.15317638218402863, 0.03871099650859833
0.1636563390493393, 0.07379039376974106
0.14528222382068634, 0.04034282639622688
0.14377868175506592, 0.02775050327181816
0.164705291390419, 0.05398888513445854
0.15111789107322693, 0.047465093433856964
0.1546621024608612, 0.03382798284292221
0.1455344706773758, 0.03141838684678078
0.17173269391059875, 0.048106878995895386
0.17268438637256622, 0.061675991863012314
0.15301038324832916, 0.03996548056602478
0.15386122465133667, 0.03519623354077339
0.17420484125614166, 0.03417478874325752
0.18075580894947052, 0.05265102535486221
0.14288006722927094, 0.03404809907078743
0.15583176910877228, 0.04261816293001175
0.16201414167881012, 0.0453709252178669
0.173785999417305, 0.042160239070653915
0.141503244638443, 0.03724084421992302
0.15849089622497559, 0.04362041503190994
0.14180971682071686, 0.02994341030716896
0.1492643505334854, 0.027699334546923637
0.1666819006204605, 0.04829885810613632
0.13583309948444366, 0.04140392318367958
0.1317608654499054, 0.03249267861247063
0.14452333748340607, 0.04395582154393196
0.17570969462394714, 0.048775240778923035
0.1521223932504654, 0.049017131328582764
0.16162331402301788, 0.04635389894247055
0.14590568840503693, 0.04467860609292984
0.16330257058143616, 0.033803973346948624
0.16249075531959534, 0.04050512984395027
0.15872308611869812, 0.036992404609918594
0.1645187884569168, 0.03724950924515724
0.1869821548461914, 0.05820372328162193
0.17835243046283722, 0.06815100461244583
0.19272172451019287, 0.0577850341796875
0.14995092153549194, 0.036421261727809906
0.16062043607234955, 0.03207952901721001
0.14204710721969604, 0.04069271683692932
0.14065085351467133, 0.03388120234012604
0.15340231359004974, 0.042525678873062134
0.17236842215061188, 0.044887036085128784
0.1915261298418045, 0.048898521810770035
0.14606989920139313, 0.027761533856391907
0.15006157755851746, 0.0371474027633667
0.1514037847518921, 0.0459807924926281
0.15855896472930908, 0.037550996989011765
0.14905276894569397, 0.04121900722384453
0.1446203738451004, 0.04098370298743248
0.16666094958782196, 0.0660117119550705
0.13465410470962524, 0.03583332523703575
0.1597118377685547, 0.044665344059467316
0.1452813446521759, 0.028253747150301933
0.15848073363304138, 0.03744422644376755
0.1532353162765503, 0.05250784009695053
0.15967805683612823, 0.039030302315950394
0.15583375096321106, 0.0431339330971241
0.14982937276363373, 0.035847339779138565
0.17818914353847504, 0.04657373204827309
0.1541987955570221, 0.035294655710458755
0.14216604828834534, 0.03391150385141373
0.14589102566242218, 0.04085005819797516
0.13589811325073242, 0.029151273891329765
0.16157998144626617, 0.03884434327483177
0.15567629039287567, 0.035454798489809036
0.14737610518932343, 0.028628766536712646
0.14031076431274414, 0.04483029991388321
0.13216200470924377, 0.03646199777722359
0.15365590155124664, 0.03646929934620857
0.1457214206457138, 0.035384513437747955
0.1598571091890335, 0.0327274389564991
0.15523654222488403, 0.036270081996917725
0.14697247743606567, 0.026574384421110153
0.14483428001403809, 0.036976661533117294
0.12432820349931717, 0.03592241555452347
0.1508662849664688, 0.032035332173109055
0.14352332055568695, 0.040724437683820724
0.15114495158195496, 0.0357530303299427
0.1534077674150467, 0.051148973405361176
0.1732599288225174, 0.05136916786432266
0.16508054733276367, 0.032806649804115295
0.1851736605167389, 0.0749209001660347
0.1647205948829651, 0.05583469942212105
0.18687492609024048, 0.05129604414105415
0.1730629950761795, 0.05454971641302109
0.14023472368717194, 0.03675089776515961
0.1644849330186844, 0.04334702342748642
0.15948301553726196, 0.0489547960460186
0.14699359238147736, 0.028501158580183983
0.14728562533855438, 0.029051560908555984
0.1301269382238388, 0.030612902715802193
0.15107670426368713, 0.047390975058078766
0.1381891965866089, 0.03078731894493103
0.16103453934192657, 0.036288484930992126
0.15110918879508972, 0.03067651391029358
0.1487855762243271, 0.04387272521853447
0.16172964870929718, 0.03924371302127838
0.1499347686767578, 0.05064486712217331
0.14666472375392914, 0.047032035887241364
0.1505754292011261, 0.03855164721608162
0.1321101039648056, 0.03435023874044418
0.15597179532051086, 0.041410818696022034
0.15526314079761505, 0.02762189321219921
0.1557762324810028, 0.05684032291173935
0.13883477449417114, 0.035382021218538284
0.15935392677783966, 0.03673297539353371
0.18312963843345642, 0.05701438710093498
0.1610778123140335, 0.05017406865954399
0.15324197709560394, 0.04002528265118599
0.1468151956796646, 0.049362778663635254
0.13499002158641815, 0.043574169278144836
0.15020804107189178, 0.039731040596961975
0.1503104418516159, 0.04440515115857124
0.15691907703876495, 0.05401647090911865
0.1398835927248001, 0.036533329635858536
0.1397353708744049, 0.03555893898010254
0.1580672413110733, 0.03922193497419357
0.1653965264558792, 0.06924121826887131
0.22670981287956238, 0.12017954885959625
0.14593009650707245, 0.03019600920379162
0.16291764378547668, 0.03710294887423515
0.14624689519405365, 0.03781214728951454
0.16506586968898773, 0.04524815455079079
0.14988316595554352, 0.037046823650598526
0.1421409696340561, 0.04563842713832855
0.13365568220615387, 0.025946954265236855
0.14462347328662872, 0.029699770733714104
0.1409783512353897, 0.030526775866746902
0.13258792459964752, 0.03205549344420433
0.14509625732898712, 0.024422815069556236
0.17848435044288635, 0.04613971337676048
0.16717486083507538, 0.03971509635448456
0.14734584093093872, 0.024210458621382713
0.16664595901966095, 0.047436535358428955
0.16262879967689514, 0.04555864632129669
0.1583307683467865, 0.04270777106285095
0.158830925822258, 0.04740956798195839
0.16444629430770874, 0.042493052780628204
0.14620451629161835, 0.0322575569152832
0.16166992485523224, 0.048457078635692596
0.15661828219890594, 0.0414784699678421
0.15465253591537476, 0.041811998933553696
0.1587129384279251, 0.03222309798002243
0.14507560431957245, 0.037641096860170364
0.1341978907585144, 0.03870208561420441
0.15654712915420532, 0.03820895403623581
0.15851990878582, 0.03636297956109047
0.14913339912891388, 0.039871882647275925
0.15928933024406433, 0.04135178029537201
0.1655389815568924, 0.04421590641140938
0.16800062358379364, 0.04442063719034195
0.1657235026359558, 0.04233063757419586
0.1545666605234146, 0.03987487405538559
0.14563153684139252, 0.032179635018110275
0.17753741145133972, 0.031434066593647
0.15790027379989624, 0.0389830656349659
0.14386709034442902, 0.03369424492120743
0.16191767156124115, 0.03673049807548523
0.15330204367637634, 0.04450913146138191
0.15462109446525574, 0.03104284033179283
0.17160260677337646, 0.03856422379612923
0.1832866370677948, 0.059397026896476746
0.17783038318157196, 0.04154103994369507
0.14441168308258057, 0.03977867588400841
0.1533031165599823, 0.051496438682079315
0.1442149430513382, 0.02842533029615879
0.15618854761123657, 0.028313051909208298
0.14227591454982758, 0.03601274639368057
0.13110804557800293, 0.039879217743873596
0.1519099771976471, 0.040373411029577255
0.1652076095342636, 0.02977660857141018
0.14755955338478088, 0.02535334974527359
0.1590636521577835, 0.04247080907225609
0.12711045145988464, 0.027299610897898674
0.15083056688308716, 0.036811161786317825
