mean, std
0.16123874485492706, 0.1269676238298416
0.10441980510950089, 0.06425725668668747
0.09514404833316803, 0.055204279720783234
0.13308247923851013, 0.09917517751455307
0.12453419715166092, 0.07749098539352417
0.16654711961746216, 0.10488834977149963
0.12606966495513916, 0.11267749220132828
0.1281738579273224, 0.07174725085496902
0.1303618848323822, 0.09617529064416885
0.14151804149150848, 0.10574818402528763
0.15524239838123322, 0.11468400806188583
0.23951633274555206, 0.10502386093139648
0.11541054397821426, 0.11005734652280807
0.07478616386651993, 0.05550098419189453
0.0840848758816719, 0.06327491998672485
0.0555819608271122, 0.03241361305117607
0.042727451771497726, 0.03345125913619995
0.02193611115217209, 0.015997054055333138
0.017382971942424774, 0.012065325863659382
0.01435852237045765, 0.01324187871068716
0.01595134101808071, 0.008681722916662693
0.013942486606538296, 0.00943304318934679
0.010665946640074253, 0.008683990687131882
0.008943400345742702, 0.0077153779566287994
0.006492572836577892, 0.003731491044163704
0.007806367240846157, 0.005624526180326939
0.016433769837021828, 0.012781905010342598
0.016586363315582275, 0.011006666347384453
0.016977937892079353, 0.010987057350575924
0.007410143967717886, 0.00568564236164093
0.015960784628987312, 0.010095559060573578
0.009684654884040356, 0.006827671546489
0.011506841517984867, 0.007889723405241966
0.010399793274700642, 0.00681786285713315
0.015091891400516033, 0.009151562117040157
0.018085336312651634, 0.009122704155743122
0.011901813559234142, 0.008326402865350246
0.0192312840372324, 0.011842292733490467
0.01734989881515503, 0.009438632987439632
0.011982357129454613, 0.006921450141817331
0.0120997354388237, 0.007635656278580427
0.010915546678006649, 0.007217530161142349
0.017029056325554848, 0.01200250256806612
0.01401632558554411, 0.011935064569115639
0.01938583515584469, 0.009889330714941025
0.02087303251028061, 0.014856621623039246
0.01882549561560154, 0.012906806543469429
0.014128759503364563, 0.008981217630207539
0.012236729264259338, 0.009244748391211033
0.00881137978285551, 0.00793445110321045
0.022086169570684433, 0.0193534716963768
0.016348883509635925, 0.011190577410161495
0.017707429826259613, 0.007286172825843096
0.013533581979572773, 0.00926059577614069
0.01389242708683014, 0.012318686582148075
0.02595813199877739, 0.013617545366287231
0.015368448570370674, 0.011020655743777752
0.012111786752939224, 0.007290448993444443
0.014896200969815254, 0.00873185321688652
0.013599214144051075, 0.008313191123306751
0.016185816377401352, 0.012272202409803867
0.018685298040509224, 0.012819156982004642
0.011620738543570042, 0.008415352553129196
0.0152943916618824, 0.01114322803914547
0.011509503237903118, 0.008018795400857925
0.014654834754765034, 0.009261688217520714
0.01706121489405632, 0.009952994994819164
0.03398122265934944, 0.014004381373524666
0.020133331418037415, 0.013141932897269726
0.012971896678209305, 0.007163809612393379
0.012376259081065655, 0.01023726724088192
0.020267793908715248, 0.013069315813481808
0.016441263258457184, 0.014158074744045734
0.019170979037880898, 0.013273938558995724
0.0200148057192564, 0.02040986344218254
0.04265807196497917, 0.025312546640634537
0.0219217911362648, 0.017048001289367676
0.0381762757897377, 0.023866113275289536
0.022763805463910103, 0.020252017304301262
0.027230437844991684, 0.017684439197182655
0.02200385369360447, 0.019579211249947548
0.02125990018248558, 0.014165014028549194
0.0322066992521286, 0.021508611738681793
0.029017789289355278, 0.019117780029773712
0.018537338823080063, 0.014251482672989368
0.019849801436066628, 0.01221186388283968
0.030474262312054634, 0.016505850479006767
0.021728789433836937, 0.01370277814567089
0.019752725958824158, 0.015083671547472477
0.01590324006974697, 0.012802306562662125
0.018946919590234756, 0.011397618800401688
0.03213852271437645, 0.024168241769075394
0.022145487368106842, 0.016468843445181847
0.015708154067397118, 0.010235916823148727
0.02000594511628151, 0.015827277675271034
0.025024322792887688, 0.01395354513078928
0.015580673702061176, 0.00931334774941206
0.03890460357069969, 0.022355832159519196
0.02722877450287342, 0.01921829581260681
0.031781669706106186, 0.02595076709985733
0.028808802366256714, 0.027889980003237724
0.02573578618466854, 0.016727691516280174
0.023989850655198097, 0.0161136444658041
0.02402324602007866, 0.020502347499132156
0.0258083026856184, 0.017053481191396713
0.03368114307522774, 0.02455088123679161
0.028765404596924782, 0.016741318628191948
0.037348825484514236, 0.022434599697589874
0.04070992022752762, 0.02513773739337921
0.057304125279188156, 0.042607128620147705
0.043783556669950485, 0.03156304731965065
0.033320266753435135, 0.038346562534570694
0.022292956709861755, 0.01714872010052204
0.055718857795000076, 0.03859525918960571
0.050680335611104965, 0.029825937002897263
0.050067439675331116, 0.025229187682271004
0.059816572815179825, 0.0395670123398304
0.02012551762163639, 0.017956165596842766
0.036093082278966904, 0.02997591905295849
0.06498043984174728, 0.04137789085507393
0.03291035071015358, 0.028119783848524094
0.04740287736058235, 0.0405423603951931
0.06424123793840408, 0.04103650525212288
0.03106760047376156, 0.02172655612230301
0.03599853441119194, 0.028325598686933517
0.027306394651532173, 0.020150918513536453
0.04910813271999359, 0.043364088982343674
0.07701656967401505, 0.05697264149785042
0.073296919465065, 0.04643517732620239
0.03886561468243599, 0.028645168989896774
0.03137342631816864, 0.026276949793100357
0.053484559059143066, 0.03286276012659073
0.04212034493684769, 0.023042455315589905
0.03519626334309578, 0.029575426131486893
0.0428440235555172, 0.022189274430274963
0.07874836027622223, 0.05053548514842987
0.060853712260723114, 0.056906308978796005
0.05917852371931076, 0.034296609461307526
0.03616747632622719, 0.024706702679395676
0.04030376672744751, 0.03482552617788315
0.06496161967515945, 0.03706559166312218
0.031646810472011566, 0.020384464412927628
0.039291199296712875, 0.02357100322842598
0.03216857463121414, 0.025180157274007797
0.03257429227232933, 0.022170184180140495
0.01922534592449665, 0.019341520965099335
0.05118497461080551, 0.029471738263964653
0.054318867623806, 0.038752470165491104
0.04429934546351433, 0.029047857969999313
0.04161859676241875, 0.03274761885404587
0.044012267142534256, 0.035522159188985825
0.04249236732721329, 0.032898351550102234
0.052591923624277115, 0.02967548370361328
0.05604076385498047, 0.033496953547000885
0.061623137444257736, 0.038339197635650635
0.04844491928815842, 0.030836381018161774
0.04401913657784462, 0.031188517808914185
0.034964803606271744, 0.02174227312207222
0.04083676263689995, 0.03149227052927017
0.05694732442498207, 0.04655101150274277
0.04794960096478462, 0.034476086497306824
0.03314368799328804, 0.022216446697711945
0.036476198583841324, 0.02671782299876213
0.036592960357666016, 0.038170479238033295
0.04729660972952843, 0.02478344552218914
0.050723377615213394, 0.026709280908107758
0.04380234330892563, 0.027702154591679573
0.042780738323926926, 0.028752636164426804
0.03520524874329567, 0.025355592370033264
0.04394915699958801, 0.03166350722312927
0.06341011077165604, 0.04575824737548828
0.056135933846235275, 0.030220260843634605
0.04273407161235809, 0.030287696048617363
0.03692098706960678, 0.026738129556179047
0.0350462980568409, 0.030396215617656708
0.026093441992998123, 0.017375892028212547
0.02918507717549801, 0.028036898002028465
0.038836270570755005, 0.031012985855340958
0.03669576719403267, 0.030128417536616325
0.04006369411945343, 0.024596473202109337
0.04717256501317024, 0.027797821909189224
0.03817087784409523, 0.024093056097626686
0.044562168419361115, 0.028282348066568375
0.05311167985200882, 0.02586149238049984
0.04396174103021622, 0.03635985031723976
0.042694155126810074, 0.03417415916919708
0.02600562758743763, 0.021509025245904922
0.05448188632726669, 0.0254756398499012
0.03419772908091545, 0.02201378531754017
0.03813682496547699, 0.033906251192092896
0.05280575156211853, 0.03040156699717045
0.03948986902832985, 0.02143644541501999
0.039483536034822464, 0.03338265419006348
0.021864520385861397, 0.021694514900445938
0.04204724729061127, 0.025877326726913452
0.027154527604579926, 0.02088184654712677
0.05568697676062584, 0.03157922253012657
0.04457907751202583, 0.03318404406309128
0.05455108359456062, 0.035510770976543427
0.0399119108915329, 0.02464889921247959
0.04953712970018387, 0.032827939838171005
0.05436579883098602, 0.03944617137312889
0.05568896606564522, 0.03236248716711998
0.05250333249568939, 0.03567494824528694
0.04604928195476532, 0.04253772273659706
0.0554543063044548, 0.03146211430430412
0.0537569485604763, 0.03651389852166176
0.042373619973659515, 0.02730989269912243
0.03960417956113815, 0.02933540754020214
0.037724997848272324, 0.03204521909356117
0.05934135988354683, 0.04000063240528107
0.05100194737315178, 0.036749646067619324
0.04471179470419884, 0.03997853025794029
0.05482621118426323, 0.03342152386903763
0.054600704461336136, 0.03427649289369583
0.05933937057852745, 0.030004378408193588
0.03759779781103134, 0.024860486388206482
0.048079609870910645, 0.024105539545416832
0.04172860458493233, 0.037918489426374435
0.03761583939194679, 0.022076115012168884
0.03418302163481712, 0.028958717361092567
0.043637000024318695, 0.031091559678316116
0.06735149025917053, 0.05265732854604721
0.06175551190972328, 0.043431613594293594
0.04201364144682884, 0.037355490028858185
0.0464857816696167, 0.0359887070953846
0.034888822585344315, 0.029924312606453896
0.05126387998461723, 0.04000594839453697
0.03719713166356087, 0.032748881727457047
0.040749140083789825, 0.030177051201462746
0.05183206871151924, 0.0383116640150547
0.055930860340595245, 0.04335637018084526
0.036380037665367126, 0.02369721420109272
0.06668785959482193, 0.05668359249830246
0.10906641185283661, 0.07402685284614563
0.0852791890501976, 0.05004967376589775
0.08050063997507095, 0.04978376254439354
0.06410939991474152, 0.05029841884970665
0.06743774563074112, 0.04670172557234764
0.07233551889657974, 0.05798765644431114
0.055831439793109894, 0.037582315504550934
0.04237951710820198, 0.027881380170583725
0.033681001514196396, 0.02185164950788021
0.04300498217344284, 0.024468259885907173
0.03586235269904137, 0.03583621606230736
0.06719769537448883, 0.031211772933602333
0.04481687396764755, 0.0298113115131855
0.04975152388215065, 0.04078826308250427
0.03297440707683563, 0.024678897112607956
0.038481827825307846, 0.0292831901460886
0.056200504302978516, 0.025747118517756462
0.044496890157461166, 0.024950413033366203
0.0626373142004013, 0.034388650208711624
0.042827803641557693, 0.032378021627664566
0.0817476436495781, 0.04365911707282066
0.04317556694149971, 0.02820209413766861
0.034015752375125885, 0.02498619630932808
0.0557980090379715, 0.04336016997694969
0.044893261045217514, 0.028371574357151985
0.0470704510807991, 0.0327720120549202
0.06736884266138077, 0.038954734802246094
0.037356749176979065, 0.034198641777038574
0.03349762037396431, 0.026465579867362976
0.06838032603263855, 0.03761282190680504
0.04509870707988739, 0.026973163709044456
0.030112428590655327, 0.02783258818089962
0.03624691069126129, 0.032341934740543365
0.025308260694146156, 0.021461492404341698
0.04359884560108185, 0.01861189864575863
0.06236759200692177, 0.04051866754889488
0.0577065609395504, 0.030691426247358322
0.04165811091661453, 0.028710050508379936
0.043440189212560654, 0.028695957735180855
0.06496698409318924, 0.04577269032597542
0.03923578932881355, 0.023921998217701912
0.04497348889708519, 0.02941564843058586
0.05331305041909218, 0.039201054722070694
0.05050038918852806, 0.03607765585184097
0.04561026766896248, 0.028329972177743912
0.0454723946750164, 0.031254012137651443
0.0352279432117939, 0.02609741874039173
0.05450502783060074, 0.03579873964190483
0.03993701562285423, 0.02630920521914959
0.04705725982785225, 0.030748853459954262
0.04383040592074394, 0.03169718757271767
0.042751047760248184, 0.030791601166129112
0.037626419216394424, 0.02543037012219429
0.03480162099003792, 0.021696677431464195
0.07228760421276093, 0.05034205690026283
0.04173772409558296, 0.02719506435096264
0.05716054514050484, 0.04571320489048958
0.056383583694696426, 0.03790484368801117
0.057903289794921875, 0.0358637310564518
0.05701255798339844, 0.04492032155394554
0.052355583757162094, 0.028532756492495537
0.052193377166986465, 0.03288652375340462
0.03946179151535034, 0.02404056116938591
0.03641792759299278, 0.03177734836935997
0.0535900704562664, 0.0405157208442688
0.06866876780986786, 0.04562242329120636
0.05590495094656944, 0.02742217481136322
0.03464988246560097, 0.02818169817328453
0.1083221435546875, 0.05566922575235367
0.059379927814006805, 0.055738866329193115
0.03431377187371254, 0.034787967801094055
0.039898212999105453, 0.032134633511304855
0.062140900641679764, 0.03835276886820793
0.045559465885162354, 0.03588573634624481
0.04358068108558655, 0.026630505919456482
0.03008005954325199, 0.016408948227763176
0.035057924687862396, 0.026923615485429764
0.048318229615688324, 0.02748674340546131
0.046982575207948685, 0.037410471588373184
0.044203877449035645, 0.03643670678138733
0.047398801892995834, 0.03448092192411423
0.042017560452222824, 0.03818979859352112
0.0347418449819088, 0.029392363503575325
0.04809548705816269, 0.03173701837658882
0.05472410097718239, 0.04365941882133484
0.04245103523135185, 0.03494109958410263
0.1070057600736618, 0.06050132215023041
0.06262290477752686, 0.052889060229063034
0.034575097262859344, 0.03312274068593979
0.048298656940460205, 0.0360327772796154
0.060184087604284286, 0.04335248842835426
0.05478468909859657, 0.03975842520594597
0.04737519845366478, 0.025546643882989883
0.028181876987218857, 0.019673621281981468
0.04917152225971222, 0.029773199930787086
0.055931463837623596, 0.04271760210394859
0.048548657447099686, 0.04191975295543671
0.08377373218536377, 0.045964621007442474
0.048101410269737244, 0.02904725819826126
0.04401315003633499, 0.03537409007549286
0.04538142308592796, 0.04694551229476929
0.06857574731111526, 0.05143962800502777
0.08900362998247147, 0.05516033247113228
0.05644712969660759, 0.043568387627601624
0.04257485643029213, 0.0387205071747303
0.03326168283820152, 0.02716967463493347
0.08554602414369583, 0.059822678565979004
0.03834613040089607, 0.022127363830804825
0.08362095057964325, 0.051188915967941284
0.10450728982686996, 0.06681028753519058
0.04856244474649429, 0.041262123733758926
0.03621482104063034, 0.026737453415989876
0.040545668452978134, 0.026662426069378853
0.052889127284288406, 0.03713218867778778
0.062068045139312744, 0.04110374301671982
0.07647046446800232, 0.049844786524772644
0.04960145801305771, 0.043986354023218155
0.06181913614273071, 0.03678341209888458
0.054193247109651566, 0.034369032829999924
0.06515046209096909, 0.0488889254629612
0.04384979233145714, 0.042051274329423904
0.060926053673028946, 0.040612973272800446
0.061983559280633926, 0.03341573476791382
0.0641624853014946, 0.05154751241207123
0.0558176226913929, 0.034382130950689316
0.05878802761435509, 0.048173096030950546
0.07997353374958038, 0.04809340462088585
0.05087413266301155, 0.050711240619421005
0.05119150131940842, 0.04165058955550194
0.043922070413827896, 0.03259197995066643
0.03808150440454483, 0.035016123205423355
0.04982846975326538, 0.03473664075136185
0.03581390529870987, 0.026322761550545692
0.03868318721652031, 0.027493521571159363
0.042199116200208664, 0.02577362395823002
0.057538799941539764, 0.04442378506064415
0.03977089747786522, 0.02610139176249504
0.04270412400364876, 0.03957490995526314
0.054008353501558304, 0.039695240557193756
0.04530272260308266, 0.027786143124103546
0.05808897688984871, 0.05413765832781792
0.08135253190994263, 0.05537356436252594
0.07803748548030853, 0.047774020582437515
0.05874507874250412, 0.03482256457209587
0.04899917170405388, 0.039775192737579346
0.04446563869714737, 0.03534527122974396
0.03490988165140152, 0.022470969706773758
0.04878689721226692, 0.039147090166807175
0.04930697754025459, 0.03217540308833122
0.047629550099372864, 0.023373018950223923
0.036122940480709076, 0.026550736278295517
0.03268837183713913, 0.021727075800299644
0.042168308049440384, 0.027407262474298477
0.053833115845918655, 0.03019545041024685
0.055788200348615646, 0.027937257662415504
0.05319518223404884, 0.03622724115848541
0.07172390818595886, 0.04816723242402077
0.05798995494842529, 0.033104874193668365
0.07102301716804504, 0.044709403067827225
0.04947395995259285, 0.027413547039031982
0.05898107960820198, 0.03567258268594742
0.05981803685426712, 0.037463512271642685
0.04126722738146782, 0.03130989894270897
0.05883755907416344, 0.03752830997109413
0.04229552671313286, 0.029590660706162453
0.05795929208397865, 0.056116580963134766
0.0566779300570488, 0.047344107180833817
0.0434468537569046, 0.02570766769349575
0.038009241223335266, 0.029602941125631332
0.04901869222521782, 0.0315638929605484
0.04357902333140373, 0.029535911977291107
0.06725785881280899, 0.04482199624180794
0.052877314388751984, 0.028767433017492294
0.0450357049703598, 0.03044241853058338
0.039824292063713074, 0.026599770411849022
0.06901795417070389, 0.0436096265912056
0.06442524492740631, 0.05044488608837128
0.0532987006008625, 0.03938343748450279
0.07673744112253189, 0.0537881962954998
0.03380030766129494, 0.03038562647998333
0.0606340691447258, 0.03742876276373863
0.07610653340816498, 0.03895409777760506
0.05705900490283966, 0.0337066687643528
0.03264261782169342, 0.021408718079328537
0.05699993669986725, 0.046163078397512436
0.06896641850471497, 0.04532108083367348
0.06352411210536957, 0.04941662773489952
0.07530767470598221, 0.05472106114029884
0.04392079636454582, 0.034880295395851135
0.038791198283433914, 0.03391647711396217
0.044579457491636276, 0.03583546727895737
0.03179684653878212, 0.02501191757619381
0.10203740000724792, 0.06276380270719528
0.06945762038230896, 0.06598031520843506
0.053826022893190384, 0.03528450056910515
0.04347068816423416, 0.03518193960189819
0.05625814199447632, 0.03121362440288067
0.04684410244226456, 0.03465581312775612
0.03676615655422211, 0.02585701085627079
0.09628753364086151, 0.054203685373067856
0.0664234608411789, 0.04341399669647217
0.07533309608697891, 0.0353182852268219
0.04446639493107796, 0.027647316455841064
0.06027610972523689, 0.05140920728445053
0.03355442360043526, 0.029385441914200783
0.058309342712163925, 0.05318878963589668
0.058631427586078644, 0.03472324460744858
0.055264610797166824, 0.03556154668331146
0.0381888784468174, 0.028846684843301773
0.04497231915593147, 0.04678159952163696
0.09403214603662491, 0.05427151918411255
0.08657130599021912, 0.0462515726685524
0.07180602103471756, 0.047732867300510406
0.06725376844406128, 0.044505808502435684
0.04935656487941742, 0.030357804149389267
0.05282864347100258, 0.04254605993628502
0.055653851479291916, 0.03746986389160156
0.08063074201345444, 0.05510629713535309
0.03402535989880562, 0.023579083383083344
0.04858752340078354, 0.031628940254449844
0.0721527487039566, 0.048385366797447205
0.07536400854587555, 0.03906421363353729
0.06236768513917923, 0.046133242547512054
0.05421500280499458, 0.047775786370038986
0.031284406781196594, 0.02921716682612896
0.03084116242825985, 0.03132610395550728
0.0361446887254715, 0.030981404706835747
0.038698725402355194, 0.024389993399381638
0.03800354152917862, 0.02430276945233345
0.048172980546951294, 0.035850513726472855
0.0585058219730854, 0.0415276400744915
0.07023316621780396, 0.04501417279243469
0.0521320141851902, 0.04286947101354599
0.055592432618141174, 0.02899090014398098
0.051173675805330276, 0.032923515886068344
0.0547071248292923, 0.037732649594545364
0.07122207432985306, 0.057873986661434174
0.05179440230131149, 0.02357945404946804
0.05385303124785423, 0.03260915353894234
0.05214111879467964, 0.037776101380586624
0.054318007081747055, 0.03824970871210098
0.04560012370347977, 0.025045478716492653
0.04863841086626053, 0.035680342465639114
0.04133181646466255, 0.02903040312230587
0.05027220398187637, 0.03744244575500488
0.07424009591341019, 0.045600876212120056
0.05554676428437233, 0.03525746986269951
0.05354342982172966, 0.028725719079375267
0.07778069376945496, 0.06043070927262306
0.05023918300867081, 0.03910824656486511
0.07459983229637146, 0.049739763140678406
0.06272933632135391, 0.0429048165678978
0.04754837229847908, 0.03841337189078331
0.056346576660871506, 0.05584586411714554
0.06443960964679718, 0.034547556191682816
0.06007692590355873, 0.0396084189414978
0.09481053799390793, 0.057099275290966034
0.08777851611375809, 0.05955171212553978
0.12095914781093597, 0.0921020656824112
0.1604643613100052, 0.06590496748685837
0.07066721469163895, 0.045560091733932495
0.07287842780351639, 0.05970053747296333
0.03750325366854668, 0.025520816445350647
0.0697186216711998, 0.04913361743092537
0.046157557517290115, 0.03361926227807999
0.06440315395593643, 0.04553314298391342
0.0755377784371376, 0.04264942184090614
0.08713722229003906, 0.047227367758750916
0.11316654831171036, 0.07990126311779022
0.11769519746303558, 0.07140475511550903
0.07574078440666199, 0.042690642178058624
0.046994831413030624, 0.04460923746228218
0.04754495620727539, 0.033306680619716644
0.059127986431121826, 0.04144083335995674
0.046070776879787445, 0.037858907133340836
0.08562643826007843, 0.05752105265855789
0.12222293764352798, 0.06762326508760452
0.07317596673965454, 0.041335925459861755
0.06791013479232788, 0.042081691324710846
0.07097823917865753, 0.04949790611863136
0.039883796125650406, 0.03367830067873001
0.04948459938168526, 0.026827998459339142
0.06406907737255096, 0.038987260311841965
0.0806492492556572, 0.04736681655049324
0.09495803713798523, 0.06977704912424088
0.12617988884449005, 0.07404793053865433
0.10112452507019043, 0.06542418897151947
0.05439121648669243, 0.03740709275007248
0.053680479526519775, 0.030407460406422615
0.06292945891618729, 0.05676352232694626
0.14581945538520813, 0.07408438622951508
0.12134809046983719, 0.06744790822267532
0.06971491128206253, 0.04499533027410507
0.08224604278802872, 0.0639648288488388
0.1289687603712082, 0.10223257541656494
0.20283229649066925, 0.1150350272655487
0.04418989643454552, 0.04081818088889122
0.05450593680143356, 0.04561002179980278
0.07103493064641953, 0.04083812236785889
0.0587407685816288, 0.04548419639468193
0.051470089703798294, 0.03833770751953125
0.04627825692296028, 0.03382943943142891
0.08705125004053116, 0.043961431831121445
0.09248243272304535, 0.05751596391201019
0.08351251482963562, 0.07628247141838074
0.08544431626796722, 0.05113287642598152
0.07592084258794785, 0.06275437772274017
0.051429398357868195, 0.0381348691880703
0.08478164672851562, 0.05023898929357529
0.06737800687551498, 0.04309821501374245
0.12885108590126038, 0.08822470158338547
0.08272938430309296, 0.053916122764348984
0.05499846115708351, 0.0466616228222847
0.08804862946271896, 0.05957577005028725
0.08807513862848282, 0.05798892676830292
0.05305440351366997, 0.03528562933206558
0.0577407069504261, 0.0572424940764904
0.09675325453281403, 0.0633399486541748
0.06405369192361832, 0.029568668454885483
0.07727531343698502, 0.05938737466931343
0.09443595260381699, 0.05098120868206024
0.05315733328461647, 0.04193225875496864
0.05976330488920212, 0.03354862704873085
0.08157236874103546, 0.045699793845415115
0.07216652482748032, 0.053876783698797226
0.07166152447462082, 0.05913034826517105
0.10983419418334961, 0.07673340290784836
0.06977473944425583, 0.04627558961510658
0.09862319380044937, 0.07263941317796707
0.0848064199090004, 0.05809054151177406
0.06312546879053116, 0.041954733431339264
0.07876262813806534, 0.04965726658701897
0.058410320430994034, 0.03644688054919243
0.07165907323360443, 0.04817182943224907
0.09693119674921036, 0.06888081133365631
0.07138509303331375, 0.05512769892811775
0.060406606644392014, 0.03508488088846207
0.09066008031368256, 0.06400946527719498
0.09488554298877716, 0.05522888898849487
0.06873832643032074, 0.05118162930011749
0.07739012688398361, 0.05722302198410034
0.06163835525512695, 0.04072239622473717
0.10147818177938461, 0.07344323396682739
0.09244890511035919, 0.07761642336845398
0.07025966048240662, 0.040952786803245544
0.07177697867155075, 0.03302093967795372
0.08888805657625198, 0.07518953830003738
0.09164102375507355, 0.06772015243768692
0.07571370154619217, 0.06120038777589798
0.10303047299385071, 0.06284826993942261
0.058803804218769073, 0.03197260573506355
0.05797135829925537, 0.03686963766813278
0.07714331150054932, 0.050013259053230286
0.07428345829248428, 0.05089632421731949
0.0661792904138565, 0.050932303071022034
0.0932680144906044, 0.06320711225271225
0.07075486332178116, 0.052496325224637985
0.08117319643497467, 0.053252533078193665
0.09072933346033096, 0.05352995544672012
0.0773753672838211, 0.05770963802933693
0.06300412118434906, 0.05181382969021797
0.08437220007181168, 0.03869827464222908
0.10565988719463348, 0.07842643558979034
0.09240186959505081, 0.08006541430950165
0.08760926872491837, 0.05279534310102463
0.08101572841405869, 0.06409897655248642
0.05156952887773514, 0.04997744783759117
0.12739689648151398, 0.07416288554668427
0.0763140395283699, 0.06341911107301712
0.05897901579737663, 0.05403153598308563
0.0684986338019371, 0.05245208367705345
0.07585839182138443, 0.05168994888663292
0.09442779421806335, 0.06241663172841072
0.07275339961051941, 0.058021124452352524
0.0938611552119255, 0.06511694937944412
0.06571605801582336, 0.04654195159673691
0.04809565842151642, 0.041774898767471313
0.07883904874324799, 0.04345020651817322
0.09554354846477509, 0.0787045955657959
0.06588779389858246, 0.04353126510977745
0.08796364814043045, 0.05665970593690872
0.10106338560581207, 0.06189374998211861
0.08858475834131241, 0.050989724695682526
0.06237053871154785, 0.0418982170522213
0.09463798999786377, 0.062191884964704514
0.07803057134151459, 0.056048110127449036
0.09959981590509415, 0.07142069190740585
0.11324820667505264, 0.08980884402990341
0.1607946753501892, 0.10123281180858612
0.11496603488922119, 0.09027747064828873
0.09656046330928802, 0.07566428184509277
0.06339599192142487, 0.04735672473907471
0.07167428731918335, 0.04086189717054367
0.08020109683275223, 0.055716197937726974
0.10651523619890213, 0.07071945071220398
0.11396823823451996, 0.10646457970142365
0.06152312830090523, 0.04373738169670105
0.10667237639427185, 0.07475399225950241
0.09369291365146637, 0.0786796435713768
0.09821295738220215, 0.06172790378332138
0.0987815409898758, 0.06789900362491608
0.08450005948543549, 0.05935554951429367
0.10475430637598038, 0.05117928981781006
0.07344664633274078, 0.04749323055148125
0.06731388717889786, 0.05275940150022507
0.11137741059064865, 0.08537391573190689
0.0752129852771759, 0.08171988278627396
0.10236208885908127, 0.04266960173845291
0.08821318298578262, 0.059847161173820496
0.06203177198767662, 0.07072408497333527
0.10188356041908264, 0.055291447788476944
0.09989342838525772, 0.06947273761034012
0.10984007269144058, 0.07257042825222015
0.0847637951374054, 0.06219465658068657
0.10031086951494217, 0.0541456937789917
0.08836064487695694, 0.07779199630022049
0.08424443751573563, 0.060088761150836945
0.1321975141763687, 0.08695382624864578
0.09345056116580963, 0.06542987376451492
0.12569603323936462, 0.0836058259010315
0.10581890493631363, 0.06282997131347656
0.09074008464813232, 0.06701666116714478
0.09592973440885544, 0.07337291538715363
0.1010764092206955, 0.06946071982383728
0.06782438606023788, 0.06604354828596115
0.08795037865638733, 0.051597483456134796
0.08308348059654236, 0.053639575839042664
0.08681854605674744, 0.06042471155524254
0.09554198384284973, 0.05170108750462532
0.07383731752634048, 0.05924682691693306
0.12046857923269272, 0.08241527527570724
0.11939249187707901, 0.07380931824445724
0.06735507398843765, 0.05334169417619705
0.09742823988199234, 0.06200069934129715
0.08324942737817764, 0.06786259263753891
0.10918375849723816, 0.08612026274204254
0.10076295584440231, 0.05399000272154808
0.06680756062269211, 0.05781557783484459
0.07320459932088852, 0.06950265914201736
0.07747150957584381, 0.058830711990594864
0.0748630166053772, 0.05166352167725563
0.10603152960538864, 0.07862154394388199
0.11473336815834045, 0.08223357796669006
0.14935654401779175, 0.0800933986902237
0.10282491892576218, 0.07641476392745972
0.08408850431442261, 0.07184617966413498
0.04928823187947273, 0.04319362714886665
0.07409509271383286, 0.06076209992170334
0.07911770790815353, 0.06836076080799103
0.08704837411642075, 0.057016994804143906
0.07574732601642609, 0.03638636693358421
0.09289427101612091, 0.06993482261896133
0.09641919285058975, 0.06401649862527847
0.07092714309692383, 0.05870278924703598
0.10242968052625656, 0.07537137717008591
0.10000326484441757, 0.06572423875331879
0.08334630727767944, 0.06177655607461929
0.09081820398569107, 0.05451441556215286
0.08407562971115112, 0.06589483469724655
0.08198651671409607, 0.053682535886764526
0.09441926330327988, 0.06615559011697769
0.05837608128786087, 0.046713341027498245
0.05918419361114502, 0.04687412083148956
0.07715175300836563, 0.049213189631700516
0.04817229136824608, 0.04192798212170601
0.0865287259221077, 0.059867825359106064
0.08350313454866409, 0.06489663571119308
0.1079297810792923, 0.08095338195562363
0.08356694132089615, 0.0647282674908638
0.09884432703256607, 0.051980484277009964
0.07847754657268524, 0.05541107431054115
0.07137695699930191, 0.06621072441339493
0.07246654480695724, 0.049426332116127014
0.08897726982831955, 0.07279340922832489
0.0878397524356842, 0.07325362414121628
0.13358071446418762, 0.09999920427799225
0.0687016174197197, 0.045510996133089066
0.06635496765375137, 0.056478410959243774
0.10847172141075134, 0.07400821894407272
0.07531128078699112, 0.048223648220300674
0.05373002961277962, 0.04327080398797989
0.09751858562231064, 0.062195878475904465
0.053037870675325394, 0.0346338152885437
0.0707705020904541, 0.05906140059232712
0.09046586602926254, 0.056753236800432205
0.07509315013885498, 0.0536823607981205
0.10634711384773254, 0.06677194684743881
0.08508645743131638, 0.06534389406442642
0.08894280344247818, 0.0726127177476883
0.08667781949043274, 0.05061320215463638
0.06809157133102417, 0.04484232887625694
0.09439115971326828, 0.07310822606086731
0.11503265798091888, 0.09247273951768875
0.1278817057609558, 0.07649067044258118
0.10145982354879379, 0.09812415391206741
0.1084822565317154, 0.06815575063228607
0.12314126640558243, 0.08779921382665634
0.10841230303049088, 0.07248211652040482
0.07673024386167526, 0.05980165675282478
0.07324736565351486, 0.05213030055165291
0.13997501134872437, 0.08146950602531433
0.09131951630115509, 0.06201164424419403
0.09759805351495743, 0.06215084716677666
0.11782687157392502, 0.07371403276920319
0.1104205846786499, 0.07760708034038544
0.08099192380905151, 0.042918868362903595
0.10953223705291748, 0.06288807839155197
0.07021936774253845, 0.057361189275979996
0.08012078702449799, 0.061501383781433105
0.07715865969657898, 0.04842940345406532
0.08492503315210342, 0.06669215112924576
0.10376492887735367, 0.055961500853300095
0.09844818711280823, 0.058146312832832336
0.09619224071502686, 0.06167936697602272
0.10515166819095612, 0.06382318586111069
0.09495288878679276, 0.06427391618490219
0.06535090506076813, 0.04627038910984993
0.08706272393465042, 0.04749327525496483
0.07649340480566025, 0.049715571105480194
0.09582517296075821, 0.05992894247174263
0.07093542069196701, 0.05765917897224426
0.04670530930161476, 0.045292068272829056
0.15552693605422974, 0.10315846651792526
0.09573113918304443, 0.06933500617742538
0.07685963064432144, 0.06385359168052673
0.08250518143177032, 0.0757012665271759
0.10196074098348618, 0.055731989443302155
0.08308208733797073, 0.06858780980110168
0.10724356770515442, 0.06744556128978729
0.10749489814043045, 0.07849018275737762
0.18171828985214233, 0.09625248610973358
0.09119143337011337, 0.06912560015916824
0.07882557064294815, 0.0502498559653759
0.07123398035764694, 0.05666360631585121
0.09331967681646347, 0.06869123876094818
0.1029193252325058, 0.06254222244024277
0.10230875015258789, 0.05432417616248131
0.06440950185060501, 0.04878976196050644
0.07487574219703674, 0.07922792434692383
0.11997967213392258, 0.08404439687728882
0.13666535913944244, 0.07289575040340424
0.0620834045112133, 0.032690711319446564
0.08820999413728714, 0.06122917681932449
0.09929443895816803, 0.056120626628398895
0.13386793434619904, 0.0823177918791771
0.07922045886516571, 0.04337909072637558
0.08017332851886749, 0.0627342164516449
0.1415727138519287, 0.07704673707485199
0.08571721613407135, 0.07159744948148727
0.0906568318605423, 0.07264693081378937
0.08595273643732071, 0.0592377632856369
0.06998401880264282, 0.06507797539234161
0.09462014585733414, 0.0655238926410675
0.09776512533426285, 0.06034723296761513
0.07024502754211426, 0.0524044968187809
0.07740363478660583, 0.06088314950466156
0.06016615405678749, 0.047806963324546814
0.12354224175214767, 0.07512257248163223
0.09114785492420197, 0.06616447865962982
0.09038260579109192, 0.06664480268955231
0.09550987184047699, 0.055135782808065414
0.07427016645669937, 0.04651925712823868
0.08003510534763336, 0.05539930611848831
0.12448707967996597, 0.08694034069776535
0.09484338760375977, 0.08705055713653564
0.04644970968365669, 0.031981322914361954
0.10286388546228409, 0.06323430687189102
0.07772894948720932, 0.0507042296230793
0.09116958826780319, 0.04891589656472206
0.06001982465386391, 0.047785352915525436
0.08478738367557526, 0.07093992084264755
0.10735128074884415, 0.07476519793272018
0.10186140984296799, 0.049780286848545074
0.07005271315574646, 0.05745638534426689
0.1330338567495346, 0.09565690904855728
0.09662692248821259, 0.06720639765262604
0.11778251081705093, 0.07551315426826477
0.08614428341388702, 0.057115986943244934
0.06684888154268265, 0.0417502298951149
0.07427582889795303, 0.06673380732536316
0.09971785545349121, 0.06527378410100937
0.08578245341777802, 0.0691591203212738
0.08542484045028687, 0.05180398002266884
0.09099473059177399, 0.059649400413036346
0.06939574331045151, 0.05849756300449371
0.07836605608463287, 0.06364920735359192
0.07522841542959213, 0.050230737775564194
0.06839258223772049, 0.06427356600761414
0.0649469718337059, 0.04496185854077339
0.08631355315446854, 0.07739832252264023
0.13605442643165588, 0.058843474835157394
0.12777075171470642, 0.07390869408845901
0.07794811576604843, 0.06783179193735123
0.13055938482284546, 0.08383145928382874
0.10458845645189285, 0.06401384621858597
0.12076711654663086, 0.08500795811414719
0.10590175539255142, 0.07697118818759918
0.15283603966236115, 0.09575588256120682
0.11550405621528625, 0.07965132594108582
0.10489856451749802, 0.09759807586669922
0.09308125823736191, 0.07409423589706421
0.10873759537935257, 0.09308801591396332
0.08112112432718277, 0.04573894292116165
0.04383080452680588, 0.037232574075460434
0.11328528821468353, 0.07603869587182999
0.11613819748163223, 0.0798061192035675
0.07771649956703186, 0.07097141444683075
0.08469493687152863, 0.061420831829309464
0.06100490316748619, 0.05672647804021835
0.09746002405881882, 0.05602949857711792
0.08054831624031067, 0.0595899373292923
0.13359618186950684, 0.07374396920204163
0.09004154056310654, 0.06883911043405533
0.13266584277153015, 0.08254675567150116
0.08238036930561066, 0.05408734828233719
0.09756932407617569, 0.06978561729192734
0.09042240679264069, 0.04663896933197975
0.10060093551874161, 0.057754576206207275
0.09078994393348694, 0.07035359740257263
0.12312275916337967, 0.08871658146381378
0.09489474445581436, 0.04877953976392746
0.07185964286327362, 0.053072310984134674
0.07524267584085464, 0.05657688155770302
0.09025731682777405, 0.06695916503667831
0.09325101226568222, 0.07759775966405869
0.11252454668283463, 0.067406564950943
0.08413390070199966, 0.06739525496959686
0.09617447853088379, 0.06342543661594391
0.14453858137130737, 0.07255374640226364
0.12783785164356232, 0.07347054034471512
0.10399293154478073, 0.07950659841299057
0.09189287573099136, 0.05929334834218025
0.0773034617304802, 0.04346548765897751
0.09327308088541031, 0.07095421850681305
0.11310213059186935, 0.08771748095750809
0.1265137940645218, 0.09924077987670898
0.09316624701023102, 0.06826119124889374
0.08365949988365173, 0.059516601264476776
0.10249719023704529, 0.07667724043130875
0.08210334926843643, 0.06995006650686264
0.09221934527158737, 0.06599593162536621
0.1029779314994812, 0.05793699249625206
0.09734442085027695, 0.0736057385802269
0.10756935924291611, 0.0634337067604065
0.11290684342384338, 0.07685285061597824
0.1296897977590561, 0.07446392625570297
0.11654637008905411, 0.06816741824150085
0.05409833788871765, 0.046861518174409866
0.09595952183008194, 0.05824379622936249
0.11274585872888565, 0.06877343356609344
0.10749860852956772, 0.08033180981874466
0.08191247284412384, 0.06288913637399673
0.11578718572854996, 0.0857548639178276
0.10906375199556351, 0.08106949925422668
0.136031374335289, 0.10342264175415039
0.1017141118645668, 0.08964329212903976
0.10274048894643784, 0.05532233417034149
0.12694649398326874, 0.07777298986911774
0.10990478098392487, 0.06661791354417801
0.11412404477596283, 0.08910548686981201
0.13512155413627625, 0.11582764983177185
0.1124722808599472, 0.06252212822437286
0.09565036743879318, 0.07973501831293106
0.09086892753839493, 0.07754450291395187
0.09422121942043304, 0.0557248480618
0.1340772956609726, 0.09402893483638763
0.09339842945337296, 0.06840018928050995
0.11566579341888428, 0.08990436792373657
0.09570012241601944, 0.08577180653810501
0.10525377839803696, 0.0670311450958252
0.11856669932603836, 0.0629318505525589
0.11745262145996094, 0.07085268199443817
0.09847326576709747, 0.0730893537402153
0.06990734487771988, 0.05565666779875755
0.09378363192081451, 0.056358158588409424
0.08539829403162003, 0.06708352267742157
0.1524774432182312, 0.0953582301735878
0.11956410855054855, 0.07406853139400482
0.08438049256801605, 0.06965984404087067
0.1166999340057373, 0.08236143738031387
0.05797809362411499, 0.035737939178943634
0.11909900605678558, 0.09537851810455322
0.1035759225487709, 0.07683555781841278
0.10175624489784241, 0.061308469623327255
0.09869098663330078, 0.08264333754777908
0.12720052897930145, 0.0794500783085823
0.10917402803897858, 0.09150248765945435
0.11690131574869156, 0.08808839321136475
0.07277683168649673, 0.04744366556406021
0.11721382290124893, 0.07709040492773056
0.0921616330742836, 0.06055094301700592
0.10762820392847061, 0.06194556504487991
0.09713234007358551, 0.049213819205760956
0.11033318191766739, 0.0701942890882492
0.12217989563941956, 0.09260445088148117
0.12131784856319427, 0.11121447384357452
0.13589763641357422, 0.12577417492866516
0.1196310892701149, 0.06653985381126404
0.06915674358606339, 0.06069379299879074
0.09756297618150711, 0.08811143785715103
0.12023637443780899, 0.06160668283700943
0.12124048173427582, 0.07695513218641281
0.09604211151599884, 0.06672685593366623
0.1342289298772812, 0.08769431710243225
0.08652942627668381, 0.05022384971380234
0.11475222557783127, 0.10670647025108337
0.0925137996673584, 0.07748361676931381
0.07880143076181412, 0.05649328976869583
0.1424567997455597, 0.0946563184261322
0.12286598235368729, 0.10166603326797485
0.10404995828866959, 0.08726934343576431
0.11387215554714203, 0.09136093407869339
0.10106261819601059, 0.07553575932979584
0.07280426472425461, 0.054715465754270554
0.06695300340652466, 0.04138312116265297
0.0708673968911171, 0.045418404042720795
0.1023499146103859, 0.08487708866596222
0.10548798739910126, 0.058130525052547455
0.10629093647003174, 0.09006073325872421
0.14730395376682281, 0.09425172209739685
0.14940138161182404, 0.08120166510343552
0.10590153187513351, 0.06394124031066895
0.09015221893787384, 0.06371214240789413
0.08032544702291489, 0.0605136938393116
0.0973307341337204, 0.07730663567781448
0.1030326783657074, 0.07521701604127884
0.09837837517261505, 0.0710911750793457
0.11805783212184906, 0.08959230035543442
0.11039379239082336, 0.07651804387569427
0.08001621812582016, 0.09229196608066559
0.06813747435808182, 0.04060274362564087
0.07604769617319107, 0.05795026198029518
0.09412828832864761, 0.051574211567640305
0.0627298653125763, 0.04666738584637642
0.09028041362762451, 0.08704180270433426
0.10588178783655167, 0.09332209825515747
0.09910491853952408, 0.08062808960676193
0.07922401279211044, 0.052033524960279465
0.08420064300298691, 0.06675483286380768
0.1199696883559227, 0.0983244851231575
0.13507913053035736, 0.10654875636100769
0.11608143895864487, 0.08239717781543732
0.13872984051704407, 0.09396824240684509
0.10804484039545059, 0.08789817988872528
0.09382015466690063, 0.06977871805429459
0.06929264217615128, 0.03877861797809601
0.1089988648891449, 0.09382201731204987
0.11051104217767715, 0.07354186475276947
0.0711875930428505, 0.057433176785707474
0.07568228244781494, 0.04970195144414902
0.08803289383649826, 0.05320320278406143
0.10703890025615692, 0.08112633973360062
0.17738893628120422, 0.08414044231176376
0.07826807349920273, 0.05502653494477272
0.11829128861427307, 0.08679942041635513
0.10966092348098755, 0.0752321407198906
0.0795426294207573, 0.0667291134595871
0.05421563237905502, 0.04216781258583069
0.0967826247215271, 0.05478711798787117
0.07677984982728958, 0.06685249507427216
0.10283233225345612, 0.07817342877388
0.12245162576436996, 0.07930050045251846
0.1102403923869133, 0.05698743090033531
0.10728860646486282, 0.07246830314397812
0.09977157413959503, 0.06687867641448975
0.12850889563560486, 0.08894487470388412
0.1255936622619629, 0.07471631467342377
0.1664249747991562, 0.11004474014043808
0.1540181189775467, 0.12453731894493103
0.14642919600009918, 0.09943428635597229
0.1342867910861969, 0.08074584603309631
0.10183146595954895, 0.08011096715927124
0.10004744678735733, 0.06388557702302933
0.11323944479227066, 0.09098558127880096
0.10672967880964279, 0.06629790365695953
0.0797700360417366, 0.057721640914678574
0.09484627097845078, 0.07198794186115265
0.10034938156604767, 0.06538377702236176
0.07870486378669739, 0.06137975677847862
0.08270877599716187, 0.04063411056995392
0.10250354558229446, 0.08249371498823166
0.12069249153137207, 0.06691434979438782
0.13109073042869568, 0.09237300604581833
0.052815865725278854, 0.04155086725950241
0.08851362019777298, 0.06202686205506325
0.09108000993728638, 0.06498468667268753
0.14455099403858185, 0.08788105845451355
0.06920081377029419, 0.04895239695906639
0.07606477290391922, 0.06524042040109634
0.09904670715332031, 0.08235558122396469
0.11993855983018875, 0.07685080915689468
0.09232239425182343, 0.060315731912851334
0.11441437155008316, 0.07489839196205139
0.11943060904741287, 0.07369894534349442
0.10334610193967819, 0.06965859234333038
0.11041785031557083, 0.09184326976537704
0.08513223379850388, 0.05647891387343407
0.07452420890331268, 0.0589304119348526
0.06676704436540604, 0.05292319506406784
0.048993341624736786, 0.04501239210367203
0.10056779533624649, 0.08523593842983246
0.08311036974191666, 0.06479379534721375
0.13677555322647095, 0.09253527224063873
0.09533882141113281, 0.062311481684446335
0.09685039520263672, 0.07965660840272903
0.09847746044397354, 0.07137531787157059
0.07430552691221237, 0.05205922573804855
0.10175402462482452, 0.07464053481817245
0.09085539728403091, 0.07348133623600006
0.13686546683311462, 0.07237481325864792
0.14857429265975952, 0.076988086104393
0.09343281388282776, 0.0558769628405571
0.109955333173275, 0.06983058899641037
0.06965324282646179, 0.07101628184318542
0.0882669985294342, 0.052311528474092484
0.12294435501098633, 0.06902597099542618
0.1304219365119934, 0.07777398079633713
0.10605209320783615, 0.07478322088718414
0.09955707937479019, 0.07620824128389359
0.08663926273584366, 0.05858301371335983
0.0917050912976265, 0.05165370926260948
0.07697989046573639, 0.06394277513027191
0.10381416976451874, 0.08260198682546616
0.10833572596311569, 0.10103204846382141
0.1132320836186409, 0.0741981565952301
0.06761335581541061, 0.05635765194892883
0.07813172787427902, 0.05571836978197098
0.07225329428911209, 0.042458102107048035
0.0986572876572609, 0.0571015328168869
0.09162247180938721, 0.06358834356069565
0.07842385023832321, 0.05448313429951668
0.0632724016904831, 0.04771571233868599
0.13016636669635773, 0.06978495419025421
0.09767037630081177, 0.06873470544815063
0.10054585337638855, 0.07170756906270981
0.12316393852233887, 0.09239080548286438
0.1243356466293335, 0.08228206634521484
0.09599149972200394, 0.06628140807151794
0.12418695539236069, 0.09920448809862137
0.10388050973415375, 0.06365980207920074
0.11630858480930328, 0.10489006340503693
0.09264452010393143, 0.05614270642399788
0.09264925867319107, 0.07653964310884476
0.09164661914110184, 0.0725015327334404
0.07439441233873367, 0.054126203060150146
0.1145809218287468, 0.09510019421577454
0.08746408671140671, 0.04753453657031059
0.10690074414014816, 0.08917464315891266
0.10044074803590775, 0.07030761986970901
0.10355070233345032, 0.05979219079017639
0.08587614446878433, 0.06343957036733627
0.0787593349814415, 0.04686618596315384
0.10017699003219604, 0.08166754990816116
0.09960374981164932, 0.0755530595779419
0.07251760363578796, 0.04795055463910103
0.10555163770914078, 0.07856952399015427
0.13958902657032013, 0.06466164439916611
0.10555433481931686, 0.07554464042186737
0.0833548977971077, 0.05759343132376671
0.11843517422676086, 0.09068556129932404
0.06596452742815018, 0.053944818675518036
0.1327587515115738, 0.11096629500389099
0.08538777381181717, 0.054648712277412415
0.07948591560125351, 0.08806296437978745
0.13323791325092316, 0.09818325191736221
0.114778533577919, 0.0639556497335434
0.07872448116540909, 0.04903814196586609
0.1139589175581932, 0.06604088842868805
0.11398909240961075, 0.07919524610042572
0.11347123235464096, 0.05944007635116577
0.0974341407418251, 0.07553994655609131
0.10314922034740448, 0.08780467510223389
0.14207662642002106, 0.07294458895921707
0.0985364019870758, 0.054151054471731186
0.09749278426170349, 0.053527116775512695
0.11133483052253723, 0.06482663005590439
0.08947969228029251, 0.07808640599250793
0.06838364899158478, 0.08641368895769119
0.07035636156797409, 0.047165434807538986
0.1510058492422104, 0.086771160364151
0.09832140803337097, 0.05863911285996437
0.08532033860683441, 0.058344706892967224
0.10321295261383057, 0.0606859028339386
0.12303462624549866, 0.06943734735250473
0.09304341673851013, 0.05888877063989639
0.12629182636737823, 0.09514937549829483
0.12560981512069702, 0.08312484622001648
0.08475526422262192, 0.04562947526574135
0.10500046610832214, 0.067189060151577
0.12483366578817368, 0.09802291542291641
0.08193061500787735, 0.059997785836458206
0.06752078980207443, 0.05570337176322937
0.07514182478189468, 0.05508073419332504
0.05807110294699669, 0.048208463937044144
0.11301733553409576, 0.05875527486205101
0.09081987291574478, 0.07894199341535568
0.11557356268167496, 0.07301347702741623
0.11258184909820557, 0.07125213742256165
0.11170032620429993, 0.07717309147119522
0.09156734496355057, 0.06277275085449219
0.13534577190876007, 0.09271132946014404
0.0906234011054039, 0.06567951291799545
0.15397866070270538, 0.11134491115808487
0.07352198660373688, 0.04013706371188164
0.12304755300283432, 0.10706211626529694
0.06797013431787491, 0.03596297651529312
0.14128190279006958, 0.08897106349468231
0.08474352210760117, 0.075478695333004
0.11771651357412338, 0.10183191299438477
0.0937044695019722, 0.06431678682565689
0.060048237442970276, 0.045418161898851395
0.10095527768135071, 0.05256384238600731
0.1276654750108719, 0.089606374502182
0.07060233503580093, 0.03896225988864899
0.09624580293893814, 0.07393964380025864
0.08227071166038513, 0.06245199218392372
0.06638474762439728, 0.06137948855757713
0.11763127893209457, 0.08042063564062119
0.07910323143005371, 0.05287850648164749
0.10277028381824493, 0.0661262646317482
0.12286148965358734, 0.062492914497852325
0.09640362113714218, 0.0641176626086235
0.08536357432603836, 0.04895208775997162
0.08126823604106903, 0.05912616476416588
0.08949694782495499, 0.0633634701371193
0.14227910339832306, 0.1274910718202591
0.06733720004558563, 0.04909456893801689
0.1117917150259018, 0.07115372270345688
0.10556460916996002, 0.06396869570016861
0.09231359511613846, 0.06707213819026947
0.10429231077432632, 0.07006002217531204
0.11403772979974747, 0.07707836478948593
0.09316882491111755, 0.06279272586107254
0.0779302641749382, 0.06003904342651367
0.1407366842031479, 0.09745246917009354
0.12561607360839844, 0.09902564436197281
0.08365464955568314, 0.07220439612865448
0.07881716638803482, 0.05333917587995529
0.09590054303407669, 0.08440186083316803
0.12694431841373444, 0.09867901355028152
0.11898025125265121, 0.0692167729139328
0.07423049956560135, 0.0617823600769043
0.13119371235370636, 0.10733389854431152
0.09021947532892227, 0.06204306334257126
0.08160137385129929, 0.055579908192157745
0.09107080847024918, 0.05815097317099571
0.09973879903554916, 0.0993129163980484
0.0885481983423233, 0.06549685448408127
0.07388005405664444, 0.04569356143474579
0.07334800064563751, 0.08089875429868698
0.06843957304954529, 0.05853068828582764
0.10954592376947403, 0.06012402102351189
0.14225506782531738, 0.1329900324344635
0.11069059371948242, 0.06187836453318596
0.14359289407730103, 0.060888469219207764
0.13024373352527618, 0.09220042079687119
0.07038050889968872, 0.04343472421169281
0.09195183962583542, 0.06971374154090881
0.0970478430390358, 0.06262625008821487
0.09784097969532013, 0.055246587842702866
0.08107268810272217, 0.06780955195426941
0.12194500863552094, 0.06485207378864288
0.13080111145973206, 0.08487485349178314
0.10429266840219498, 0.05826978012919426
0.10167328268289566, 0.07205469161272049
0.09482055902481079, 0.06234316900372505
0.08973842859268188, 0.08402545005083084
0.1076001226902008, 0.07543672621250153
0.12844730913639069, 0.07473207265138626
0.11861804872751236, 0.07650207728147507
0.11788700520992279, 0.06463310122489929
0.07674690335988998, 0.05546395853161812
0.08489324897527695, 0.06754999607801437
0.11252835392951965, 0.08399356156587601
0.07431107014417648, 0.0710337683558464
0.06014986336231232, 0.04871658608317375
0.10676459968090057, 0.06283515691757202
0.09257538616657257, 0.05631186068058014
0.08760125190019608, 0.07735558599233627
0.07120902091264725, 0.049353811889886856
0.09379269182682037, 0.04061439260840416
0.07158494740724564, 0.0628846138715744
0.11193130165338516, 0.08670177310705185
0.11150337755680084, 0.0942164734005928
0.10671225935220718, 0.07249344140291214
0.07599416375160217, 0.061032332479953766
0.07326387614011765, 0.06698590517044067
0.0754079520702362, 0.04802476987242699
0.0860501080751419, 0.060091156512498856
0.08288668841123581, 0.05363220348954201
0.11635736376047134, 0.07645998895168304
0.10351759940385818, 0.08962596207857132
0.08431104570627213, 0.05624043941497803
0.09274015575647354, 0.05968422442674637
0.13891111314296722, 0.10230670124292374
0.07982462644577026, 0.06704460829496384
0.08609066158533096, 0.041533417999744415
0.08779317140579224, 0.06742087006568909
0.10018602758646011, 0.08209606260061264
0.08017309755086899, 0.05764254927635193
0.1190711110830307, 0.06190483272075653
0.08630234748125076, 0.06897537410259247
0.10056047886610031, 0.06939747184515
0.09424839168787003, 0.07147611677646637
0.09686365723609924, 0.062179405242204666
0.1102328673005104, 0.06340296566486359
0.15301188826560974, 0.07525346428155899
0.09348704665899277, 0.06951528787612915
0.07104234397411346, 0.05342806130647659
0.09879326075315475, 0.08818155527114868
0.11184404790401459, 0.08565811812877655
0.12470640242099762, 0.06790252029895782
0.0958864837884903, 0.07461784034967422
0.0936981812119484, 0.062110841274261475
0.08370106667280197, 0.06168508529663086
0.07887241989374161, 0.046490639448165894
0.09330502897500992, 0.06630547344684601
0.09525614231824875, 0.07183315604925156
0.08251556009054184, 0.04178480803966522
0.10141972452402115, 0.08327655494213104
0.07025204598903656, 0.05175086855888367
0.1029616966843605, 0.08311226218938828
0.10249732434749603, 0.09355564415454865
0.09090016037225723, 0.06340469419956207
0.09474216401576996, 0.06623151153326035
0.07955721020698547, 0.04681164398789406
0.11165681481361389, 0.07507480680942535
0.09779996424913406, 0.06832919269800186
0.09839436411857605, 0.0620756559073925
0.11742158979177475, 0.07828352600336075
0.07596783339977264, 0.0817451998591423
0.12001419067382812, 0.05744645744562149
0.11279218643903732, 0.09509539604187012
0.1278323233127594, 0.07624788582324982
0.09184408187866211, 0.0560104176402092
0.12929384410381317, 0.08864457905292511
0.0896940603852272, 0.06357213854789734
0.09159694612026215, 0.07914331555366516
0.09843099117279053, 0.07852791994810104
0.0951402559876442, 0.0833386778831482
0.08564338088035583, 0.0657227486371994
0.10203015804290771, 0.042023446410894394
0.08114181458950043, 0.05435152351856232
0.09413474053144455, 0.05425732955336571
0.11059511452913284, 0.08009165525436401
0.07919779419898987, 0.0515013113617897
0.1223839670419693, 0.0791705846786499
0.07504472881555557, 0.059230200946331024
0.06432156264781952, 0.05207737162709236
0.1036265566945076, 0.06913495808839798
0.11330507695674896, 0.054730262607336044
0.10820676386356354, 0.07356417924165726
0.10468200594186783, 0.07460332661867142
0.14612706005573273, 0.09880367666482925
0.1144276037812233, 0.07053368538618088
0.07105060666799545, 0.04658344015479088
0.09189679473638535, 0.06511745601892471
0.07032577693462372, 0.05734784156084061
0.0906490907073021, 0.05215780436992645
0.056905943900346756, 0.04195604473352432
0.09849725663661957, 0.05883810669183731
0.0874943807721138, 0.0544503815472126
0.09444025903940201, 0.07630796730518341
0.11151882261037827, 0.09624854475259781
0.09456650167703629, 0.05900794267654419
0.08455492556095123, 0.05832560732960701
0.10499714314937592, 0.07560458034276962
0.0938531756401062, 0.059064000844955444
0.09647929668426514, 0.0569237619638443
0.1319127380847931, 0.078981414437294
0.10237583518028259, 0.06363005191087723
0.06819873303174973, 0.04382101818919182
0.09212690591812134, 0.06507322192192078
0.10200510174036026, 0.07609178870916367
0.08256013691425323, 0.06309330463409424
0.08336319029331207, 0.07003609091043472
0.11156515032052994, 0.07542584091424942
0.09310869872570038, 0.07135757058858871
0.0889524593949318, 0.058568842709064484
0.08719754219055176, 0.052978139370679855
0.0640777125954628, 0.04262014850974083
0.09246762096881866, 0.07203364372253418
0.12416324764490128, 0.07986880838871002
0.10941636562347412, 0.08090522140264511
0.07846961915493011, 0.05511355772614479
0.1281009167432785, 0.07568158209323883
0.09826460480690002, 0.07731229811906815
0.08438050746917725, 0.0679001584649086
0.09335830062627792, 0.07098854333162308
0.11376246064901352, 0.08586624264717102
0.08552920073270798, 0.07092440128326416
0.10337676107883453, 0.07628963887691498
0.0826738253235817, 0.042991869151592255
0.09519192576408386, 0.06003192067146301
0.07706233859062195, 0.06517898291349411
0.11991894245147705, 0.08678168058395386
0.09046896547079086, 0.0693248063325882
0.06446622312068939, 0.03804231435060501
0.09410110861063004, 0.0636250451207161
0.10429930686950684, 0.05936005339026451
0.13023990392684937, 0.09334742277860641
0.10155722498893738, 0.07563130557537079
0.09298930317163467, 0.0641438290476799
0.09928513318300247, 0.04348880425095558
0.0911291167140007, 0.06396079808473587
0.0768832340836525, 0.06302769482135773
0.11248401552438736, 0.072052001953125
0.13805092871189117, 0.07321032881736755
0.10851369053125381, 0.08073458075523376
0.10003318637609482, 0.07646136730909348
0.07450325042009354, 0.06021828204393387
0.0882272720336914, 0.06654509156942368
0.10084094107151031, 0.060292087495326996
0.09738262742757797, 0.08163785934448242
0.09960415959358215, 0.06016514450311661
0.08070138841867447, 0.0597321093082428
0.09660086780786514, 0.06259368360042572
0.08951753377914429, 0.08456568419933319
0.0849994346499443, 0.08903919905424118
0.1037282720208168, 0.07197186350822449
0.10710786283016205, 0.0713895931839943
0.07476756721735, 0.06302346289157867
0.09309151023626328, 0.055173855274915695
0.11672494560480118, 0.08721873909235
0.12473540753126144, 0.08805383741855621
0.126860111951828, 0.08240722864866257
0.1133979931473732, 0.06925830990076065
0.09342292696237564, 0.04589901491999626
0.14910171926021576, 0.09535381942987442
0.11155322939157486, 0.07745223492383957
0.07411488890647888, 0.0689736157655716
0.08693906664848328, 0.06709758192300797
0.10295339673757553, 0.07280116528272629
0.10090983659029007, 0.08978445082902908
0.10818072408437729, 0.07485722750425339
0.10986064374446869, 0.06578348577022552
0.0765969529747963, 0.0825524851679802
0.08693473786115646, 0.05857038125395775
0.09151480346918106, 0.06500402092933655
0.10531698167324066, 0.07643294334411621
0.0992760956287384, 0.06783805042505264
0.05926000326871872, 0.06178800016641617
0.11645010113716125, 0.09193101525306702
0.10820065438747406, 0.08318678289651871
0.09577146917581558, 0.06481567025184631
0.07574833929538727, 0.05207503214478493
0.08073113858699799, 0.0662093237042427
0.0854894369840622, 0.06667087227106094
0.10406969487667084, 0.07092542201280594
0.10918690264225006, 0.07928286492824554
0.09469088912010193, 0.07160128653049469
0.09499768912792206, 0.05963357537984848
0.06469760090112686, 0.04209848865866661
0.09473148733377457, 0.048866432160139084
0.09769612550735474, 0.07852324843406677
0.11166214942932129, 0.06298749148845673
0.09031365066766739, 0.06745485216379166
0.07338685542345047, 0.06245589628815651
0.09567681699991226, 0.08116458356380463
0.07363623380661011, 0.05686866119503975
0.09337691217660904, 0.061865802854299545
0.112410768866539, 0.0596071220934391
0.12026766687631607, 0.06872884929180145
0.07780584692955017, 0.06165436655282974
0.07226969301700592, 0.05141327530145645
0.04018016159534454, 0.03943322226405144
0.05802319571375847, 0.042371783405542374
0.07537754625082016, 0.053052015602588654
0.08605935424566269, 0.04686194285750389
0.10891620069742203, 0.06848461180925369
0.12423143535852432, 0.09031481295824051
0.09779909998178482, 0.07299614697694778
0.1253833919763565, 0.0776083916425705
0.09353262931108475, 0.06664005666971207
0.11453015357255936, 0.08737824857234955
0.1263727843761444, 0.10333532094955444
0.08617449551820755, 0.06471846252679825
0.10165336728096008, 0.06663454324007034
0.08318987488746643, 0.06402704119682312
0.09190802276134491, 0.06020733714103699
0.06492838263511658, 0.03742809593677521
0.08540217578411102, 0.06162053719162941
0.10684242844581604, 0.07941553741693497
0.08475939184427261, 0.0574784129858017
0.11543396860361099, 0.06362440437078476
0.09942618757486343, 0.059010542929172516
0.12888506054878235, 0.08802193403244019
0.10581028461456299, 0.07862024754285812
0.11298692226409912, 0.0801319032907486
0.08553192019462585, 0.07553823292255402
0.07936403155326843, 0.06414355337619781
0.06780827790498734, 0.05012936517596245
0.11158377677202225, 0.07615474611520767
0.0841098427772522, 0.0633634701371193
0.09323493391275406, 0.07020334154367447
0.10672098398208618, 0.07320286333560944
0.1406039148569107, 0.07310117781162262
0.07571949809789658, 0.06328608095645905
0.08448392152786255, 0.06749067455530167
0.08017478883266449, 0.05209027975797653
0.07944916188716888, 0.058456726372241974
0.08231043815612793, 0.06620854139328003
0.0942339077591896, 0.07631383836269379
0.06589195132255554, 0.042174648493528366
0.1127549260854721, 0.09434514492750168
0.12708033621311188, 0.08238169550895691
0.07465251535177231, 0.04492567107081413
0.11887465417385101, 0.06960830092430115
0.07541350275278091, 0.04547189921140671
0.08005142211914062, 0.04437020421028137
0.09141581505537033, 0.06548339873552322
0.11906213313341141, 0.08620768785476685
0.07574641704559326, 0.05641968175768852
0.09457191079854965, 0.06976732611656189
0.07675310224294662, 0.06158686429262161
0.11445682495832443, 0.07645099610090256
0.0955752432346344, 0.051745399832725525
0.08535946160554886, 0.05819600820541382
0.12926428020000458, 0.08401141315698624
0.0629475861787796, 0.05256354436278343
0.11674497276544571, 0.07021250575780869
0.11712733656167984, 0.0733950138092041
0.11083494871854782, 0.08292780816555023
0.08440593630075455, 0.06392272561788559
0.10465186089277267, 0.06279915571212769
0.08164718747138977, 0.06583452224731445
0.14427442848682404, 0.07903905212879181
0.10984387248754501, 0.0782637894153595
0.11242542415857315, 0.102817103266716
0.08177859336137772, 0.08766531944274902
0.12340068817138672, 0.08603241294622421
0.08513591438531876, 0.05420975014567375
0.08224424719810486, 0.061944905668497086
0.11549390852451324, 0.08510338515043259
0.1198631003499031, 0.08273708075284958
0.09870442748069763, 0.07147467136383057
0.1011894941329956, 0.06931596249341965
0.14091353118419647, 0.07451124489307404
0.0708102211356163, 0.06715795397758484
0.05631916597485542, 0.045180972665548325
0.08559532463550568, 0.07384410500526428
0.13040027022361755, 0.11657744646072388
0.0978860929608345, 0.06638289988040924
0.07572946697473526, 0.05199584737420082
0.07989514619112015, 0.07060451805591583
0.08371651917695999, 0.06147436797618866
0.07856783270835876, 0.051266271620988846
0.09334977716207504, 0.05962594598531723
0.09735672920942307, 0.06308842450380325
0.1252734661102295, 0.0954556092619896
0.08009690791368484, 0.06276954710483551
0.1091981902718544, 0.0666707456111908
0.12697497010231018, 0.07843542098999023
0.12524789571762085, 0.07373037934303284
0.07599235326051712, 0.06058984994888306
0.10017275810241699, 0.08565856516361237
0.087994784116745, 0.07836529612541199
0.10986410826444626, 0.057182323187589645
0.10034572333097458, 0.08819705992937088
0.07133183628320694, 0.055220186710357666
0.09856300055980682, 0.07335561513900757
0.13187606632709503, 0.1023569330573082
0.06760328263044357, 0.03473977744579315
0.11372265964746475, 0.06729709357023239
0.08835982531309128, 0.047650910913944244
0.1003064289689064, 0.033285290002822876
