mean, std
0.12890897691249847, 0.10103973746299744
0.0812629833817482, 0.049933142960071564
0.07355973869562149, 0.04269655421376228
0.10254108905792236, 0.07645260542631149
0.09528199583292007, 0.059278134256601334
0.12675751745700836, 0.07986090332269669
0.09547943621873856, 0.08530163764953613
0.09653405845165253, 0.054036080837249756
0.09624134749174118, 0.07084988802671432
0.10784418135881424, 0.07590268552303314
0.1732744574546814, 0.0806322768330574
0.3498018980026245, 0.0919095128774643
0.27391043305397034, 0.1415429413318634
0.12788912653923035, 0.05782496556639671
0.13931161165237427, 0.07011532038450241
0.16092978417873383, 0.095826655626297
0.111904077231884, 0.06594658643007278
0.07448044419288635, 0.03498615697026253
0.07592280954122543, 0.030324773862957954
0.05612652376294136, 0.037941861897706985
0.04696206748485565, 0.022584514692425728
0.056304384022951126, 0.02271462418138981
0.050537995994091034, 0.023474372923374176
0.040302932262420654, 0.015283098444342613
0.019197143614292145, 0.009055529721081257
0.03177915886044502, 0.01705317385494709
0.06384400278329849, 0.03714101389050484
0.05708286538720131, 0.029717640951275826
0.05430171266198158, 0.023756036534905434
0.028644267469644547, 0.013587810099124908
0.04737171158194542, 0.02143174409866333
0.04385758936405182, 0.014347734861075878
0.034270744770765305, 0.017365356907248497
0.04043722152709961, 0.020517198368906975
0.04827505350112915, 0.021447990089654922
0.043072596192359924, 0.018460169434547424
0.036313824355602264, 0.018620610237121582
0.05203055590391159, 0.02826584503054619
0.05757049843668938, 0.02353728376328945
0.0432087741792202, 0.020802706480026245
0.04012836888432503, 0.01459814514964819
0.03423089534044266, 0.016253989189863205
0.059885136783123016, 0.03164871037006378
0.05337580293416977, 0.023107361048460007
0.06088219955563545, 0.02508563920855522
0.06102510169148445, 0.03252309560775757
0.04477883130311966, 0.023795118555426598
0.0466478206217289, 0.020071743056178093
0.04291515424847603, 0.019268380478024483
0.03359343111515045, 0.019205057993531227
0.08876316249370575, 0.04881004989147186
0.053937382996082306, 0.027041040360927582
0.05585532635450363, 0.017945947125554085
0.05105425789952278, 0.019753629341721535
0.04768013954162598, 0.026377420872449875
0.07575047016143799, 0.03737589344382286
0.05892574042081833, 0.025813201442360878
0.04462854191660881, 0.012309763580560684
0.04760725423693657, 0.021648287773132324
0.041867200285196304, 0.0211596991866827
0.061528995633125305, 0.023334750905632973
0.068697489798069, 0.04088718444108963
0.06563059240579605, 0.02974088117480278
0.052157968282699585, 0.018255891278386116
0.043909598141908646, 0.014632911421358585
0.0640132874250412, 0.03152649849653244
0.06248766928911209, 0.026179738342761993
0.0959927961230278, 0.032853443175554276
0.06715304404497147, 0.023100262507796288
0.05677516758441925, 0.021250730380415916
0.049764394760131836, 0.01792185939848423
0.07005713880062103, 0.02497445046901703
0.060452453792095184, 0.023694323375821114
0.06516299396753311, 0.021079201251268387
0.104019396007061, 0.05158928409218788
0.12745660543441772, 0.031330958008766174
0.0941125676035881, 0.03153757378458977
0.10268132388591766, 0.04540847986936569
0.09199406206607819, 0.050784703344106674
0.077963687479496, 0.025896869599819183
0.06706523150205612, 0.028322743251919746
0.06928332149982452, 0.02167234569787979
0.12337684631347656, 0.0426282063126564
0.10813537985086441, 0.04649884253740311
0.08739019930362701, 0.025588802993297577
0.06391710788011551, 0.027200831100344658
0.06661730259656906, 0.028946232050657272
0.05626498907804489, 0.020025070756673813
0.05917903408408165, 0.025026781484484673
0.06977849453687668, 0.03162306547164917
0.0715748742222786, 0.02441033162176609
0.0836864784359932, 0.027305802330374718
0.08009807765483856, 0.024825889617204666
0.06512374430894852, 0.014036959037184715
0.08248564600944519, 0.035350900143384933
0.07541488856077194, 0.019265489652752876
0.06348305940628052, 0.022493600845336914
0.104524165391922, 0.0575408861041069
0.10180654376745224, 0.03680754825472832
0.09213495999574661, 0.030170846730470657
0.10853035748004913, 0.045414235442876816
0.07854282855987549, 0.01866617240011692
0.07700645923614502, 0.037810005247592926
0.0719301849603653, 0.02453446201980114
0.07637093961238861, 0.026621712371706963
0.10708916187286377, 0.0337894931435585
0.14320921897888184, 0.07091687619686127
0.10792053490877151, 0.05085959658026695
0.12658675014972687, 0.03856530413031578
0.1942438781261444, 0.09104686230421066
0.15937073528766632, 0.08879408240318298
0.18535295128822327, 0.06825005263090134
0.14590004086494446, 0.07945453375577927
0.24173736572265625, 0.06577242910861969
0.22879290580749512, 0.08448281139135361
0.20370300114154816, 0.06938774138689041
0.19374997913837433, 0.08902265876531601
0.12960989773273468, 0.05457913130521774
0.1949838399887085, 0.0974821224808693
0.23416593670845032, 0.1308545470237732
0.2002555876970291, 0.09652414917945862
0.23999561369419098, 0.10518064349889755
0.2943236827850342, 0.14255203306674957
0.19937828183174133, 0.07767560333013535
0.21705996990203857, 0.07186340540647507
0.1691282093524933, 0.051394280046224594
0.2661532759666443, 0.1483055055141449
0.3510831594467163, 0.11516573280096054
0.2535320520401001, 0.09032060950994492
0.1865810751914978, 0.05852334946393967
0.15964068472385406, 0.07206503301858902
0.2016560435295105, 0.08074507862329483
0.17869339883327484, 0.06683376431465149
0.21010631322860718, 0.09426882863044739
0.18202705681324005, 0.0716475397348404
0.24699470400810242, 0.09208650141954422
0.22749784588813782, 0.09819397330284119
0.18208694458007812, 0.056242503225803375
0.15645164251327515, 0.0465521439909935
0.24249322712421417, 0.11225514858961105
0.2957388758659363, 0.1269119381904602
0.15919598937034607, 0.04566150903701782
0.20099811255931854, 0.07286790013313293
0.1739194691181183, 0.07462040334939957
0.16090896725654602, 0.06731302291154861
0.1442607343196869, 0.052807144820690155
0.19958767294883728, 0.09643562138080597
0.22198207676410675, 0.07357355952262878
0.15856242179870605, 0.03709189221262932
0.176607146859169, 0.047282543033361435
0.1887393593788147, 0.05662553757429123
0.17404288053512573, 0.06576644629240036
0.1953812688589096, 0.08583192527294159
0.22042244672775269, 0.08797145634889603
0.18719929456710815, 0.06344588100910187
0.15824854373931885, 0.04793762415647507
0.1900789737701416, 0.055065643042325974
0.18377497792243958, 0.07205209881067276
0.1913779377937317, 0.06552338600158691
0.1881786286830902, 0.08873504400253296
0.21813517808914185, 0.07000340521335602
0.1427556872367859, 0.044944118708372116
0.16287663578987122, 0.07750436663627625
0.18363560736179352, 0.06595097482204437
0.16101659834384918, 0.04841013625264168
0.16769249737262726, 0.05165399610996246
0.16249367594718933, 0.06615055352449417
0.19066081941127777, 0.037471625953912735
0.17169632017612457, 0.06100804731249809
0.1938365250825882, 0.051359813660383224
0.22026845812797546, 0.0939769297838211
0.28588101267814636, 0.14373895525932312
0.2733655571937561, 0.11664074659347534
0.2363889217376709, 0.07699395716190338
0.20522598922252655, 0.05475027859210968
0.17627497017383575, 0.061114367097616196
0.16296394169330597, 0.07174471020698547
0.17191651463508606, 0.04927718639373779
0.15901756286621094, 0.045376215130090714
0.20032581686973572, 0.06776260584592819
0.1766577810049057, 0.05642597749829292
0.15914683043956757, 0.043840475380420685
0.16712065041065216, 0.049560707062482834
0.18466873466968536, 0.054275862872600555
0.2037697434425354, 0.0749291405081749
0.2207418978214264, 0.10317795723676682
0.17377781867980957, 0.08577526360750198
0.21164031326770782, 0.06260132044553757
0.21251845359802246, 0.08845218271017075
0.2014736384153366, 0.07373606413602829
0.19742311537265778, 0.07359953224658966
0.20539525151252747, 0.0924723669886589
0.23219704627990723, 0.11813095957040787
0.20133934915065765, 0.07701735943555832
0.19421954452991486, 0.05960734933614731
0.1711861938238144, 0.06312312185764313
0.19689606130123138, 0.05963838845491409
0.2175351232290268, 0.0650700256228447
0.2535899579524994, 0.0936071127653122
0.2598130404949188, 0.1921072155237198
0.2990301847457886, 0.10125596076250076
0.24990956485271454, 0.0854591429233551
0.24718573689460754, 0.11268367618322372
0.2567404806613922, 0.07511590421199799
0.23134319484233856, 0.09079226851463318
0.23573414981365204, 0.08403915911912918
0.24193552136421204, 0.07454881072044373
0.2195431888103485, 0.06774351745843887
0.24351824820041656, 0.09894950687885284
0.24105951189994812, 0.08307774364948273
0.2531784176826477, 0.0642031580209732
0.19789130985736847, 0.06760869920253754
0.2344634234905243, 0.08552027493715286
0.24239638447761536, 0.06438066810369492
0.2859424650669098, 0.06650646775960922
0.2913307547569275, 0.136110320687294
0.19117137789726257, 0.0447029285132885
0.23689760267734528, 0.08598527312278748
0.2427215576171875, 0.10716181248426437
0.21251866221427917, 0.07890366017818451
0.2419693022966385, 0.10686217248439789
0.24466879665851593, 0.07782087475061417
0.2691301107406616, 0.12645362317562103
0.21911092102527618, 0.05112610012292862
0.27447664737701416, 0.10381167382001877
0.212782084941864, 0.06588005274534225
0.21528658270835876, 0.0674244612455368
0.26930156350135803, 0.0811205804347992
0.22569233179092407, 0.06448785215616226
0.2619347870349884, 0.11645787209272385
0.2469964325428009, 0.07291948050260544
0.3527602553367615, 0.20245184004306793
0.2913953363895416, 0.11016379296779633
0.5037819147109985, 0.34333354234695435
0.5950525403022766, 0.28024566173553467
0.5672445893287659, 0.24775227904319763
0.43316400051116943, 0.1960279494524002
0.4227619469165802, 0.15952125191688538
0.38198569416999817, 0.15620514750480652
0.3384120762348175, 0.17398735880851746
0.3425346314907074, 0.1342538297176361
0.28849729895591736, 0.08800379186868668
0.2985459864139557, 0.1221306174993515
0.2928161025047302, 0.08948025852441788
0.3214634954929352, 0.10988983511924744
0.3105033338069916, 0.09984678030014038
0.3065394461154938, 0.09359133988618851
0.298481285572052, 0.1304180920124054
0.2656632661819458, 0.07192276418209076
0.302406907081604, 0.08544617891311646
0.2705442011356354, 0.07793965935707092
0.2750588059425354, 0.0742587149143219
0.2751065790653229, 0.06567026674747467
0.30477553606033325, 0.09669709205627441
0.2942870557308197, 0.0878591388463974
0.28053608536720276, 0.08026031404733658
0.2569963335990906, 0.10087938606739044
0.30513739585876465, 0.1098935604095459
0.29248905181884766, 0.06651632487773895
0.26093369722366333, 0.0883893147110939
0.28421130776405334, 0.0945182591676712
0.31006646156311035, 0.10103431344032288
0.33123651146888733, 0.125194251537323
0.35557109117507935, 0.09476026892662048
0.255147784948349, 0.08642655611038208
0.30305278301239014, 0.09980076551437378
0.27702030539512634, 0.10922673344612122
0.2350863367319107, 0.06696992367506027
0.21259470283985138, 0.08914458751678467
0.3749265670776367, 0.08064576238393784
0.30550846457481384, 0.08197411894798279
0.26632681488990784, 0.0973752811551094
0.3676994740962982, 0.204814150929451
0.3485676348209381, 0.13207851350307465
0.25974300503730774, 0.07465025782585144
0.20912638306617737, 0.07817459106445312
0.2949698567390442, 0.07634451985359192
0.2571936547756195, 0.08381340652704239
0.23802879452705383, 0.10024815797805786
0.274559885263443, 0.08769822120666504
0.24976001679897308, 0.07859575748443604
0.2524878680706024, 0.07645027339458466
0.26169353723526, 0.07231783121824265
0.2512497305870056, 0.13664036989212036
0.3221246302127838, 0.10845042765140533
0.29492881894111633, 0.11596366763114929
0.33309805393218994, 0.12125159054994583
0.33814680576324463, 0.14183659851551056
0.4313090741634369, 0.13529962301254272
0.3081052303314209, 0.10575300455093384
0.3011133372783661, 0.07113322615623474
0.33156856894493103, 0.09535492956638336
0.2700839638710022, 0.0883127748966217
0.3346697986125946, 0.10546427220106125
0.2795144319534302, 0.09113875031471252
0.37753525376319885, 0.1826055645942688
0.2931573987007141, 0.12293204665184021
0.3084888756275177, 0.1337570995092392
0.3501374423503876, 0.142704039812088
0.3085538446903229, 0.08922629803419113
0.38047266006469727, 0.1330452859401703
0.4248313903808594, 0.13096162676811218
0.5701722502708435, 0.22542308270931244
0.3513278365135193, 0.12995579838752747
0.25232502818107605, 0.10445255041122437
0.33116042613983154, 0.0936175137758255
0.39660969376564026, 0.1246444433927536
0.38344261050224304, 0.14268259704113007
0.3111077547073364, 0.1553540825843811
0.3271366357803345, 0.11826986074447632
0.2937488555908203, 0.08124794065952301
0.3026849925518036, 0.12023642659187317
0.26561030745506287, 0.08809645473957062
0.33125269412994385, 0.1146058663725853
0.3894939720630646, 0.13976864516735077
0.32859960198402405, 0.14530088007450104
0.39598870277404785, 0.15230552852153778
0.38675397634506226, 0.13375240564346313
0.32876846194267273, 0.127019003033638
0.32901158928871155, 0.14355041086673737
0.5505053400993347, 0.2336331605911255
0.5058954358100891, 0.21308615803718567
0.27916398644447327, 0.08136126399040222
0.3534046709537506, 0.1771283745765686
0.3528374433517456, 0.11433163285255432
0.315521776676178, 0.11888214200735092
0.30605021119117737, 0.12541116774082184
0.3029603660106659, 0.1116616278886795
0.25678393244743347, 0.09878836572170258
0.4055893123149872, 0.18623796105384827
0.4239354431629181, 0.14455756545066833
0.36778882145881653, 0.10386538505554199
0.3515217900276184, 0.1434115618467331
0.3366450369358063, 0.1246030256152153
0.3545561730861664, 0.17119194567203522
0.4674629271030426, 0.1858671009540558
0.5323966145515442, 0.18917597830295563
0.46988794207572937, 0.15400952100753784
0.39215731620788574, 0.12564153969287872
0.3539813756942749, 0.1562003791332245
0.5919076800346375, 0.24109122157096863
0.4415075480937958, 0.1821456253528595
0.5652201175689697, 0.22334162890911102
0.5797303318977356, 0.25339463353157043
0.452618807554245, 0.23351097106933594
0.4316655695438385, 0.23325304687023163
0.34440818428993225, 0.1301838457584381
0.28954067826271057, 0.09880013018846512
0.40411171317100525, 0.10419163852930069
0.40438535809516907, 0.16062669456005096
0.36491087079048157, 0.21656784415245056
0.4117927849292755, 0.19301505386829376
0.5022514462471008, 0.3437114655971527
0.5021153092384338, 0.2039925754070282
0.5169200301170349, 0.22412002086639404
0.557827353477478, 0.3116905093193054
0.3324715793132782, 0.09604057669639587
0.4486760199069977, 0.19129133224487305
0.463265061378479, 0.14933916926383972
0.4005662798881531, 0.14234325289726257
0.5076250433921814, 0.2297019362449646
0.4377657473087311, 0.18404431641101837
0.3646203875541687, 0.12768006324768066
0.32428810000419617, 0.09750217199325562
0.2520872950553894, 0.08362884819507599
0.3443029820919037, 0.12123018503189087
0.3254188597202301, 0.12568770349025726
0.32332056760787964, 0.12304986268281937
0.32527774572372437, 0.10889474302530289
0.3706493675708771, 0.12663137912750244
0.31645384430885315, 0.1334776133298874
0.32123106718063354, 0.11850520968437195
0.3542955219745636, 0.12135521322488785
0.31168174743652344, 0.0977296382188797
0.39546892046928406, 0.10908486694097519
0.5384917855262756, 0.20113152265548706
0.39095935225486755, 0.14617395401000977
0.33485862612724304, 0.11288565397262573
0.32188311219215393, 0.1014016717672348
0.2284422218799591, 0.07362192869186401
0.2779414653778076, 0.08880350738763809
0.33222031593322754, 0.1164328083395958
0.4167691767215729, 0.1578792929649353
0.35092273354530334, 0.11376500874757767
0.2313370704650879, 0.06482642143964767
0.30128249526023865, 0.09820136427879333
0.2883772552013397, 0.09681160748004913
0.3325652480125427, 0.13448666036128998
0.35994163155555725, 0.10750281065702438
0.40956130623817444, 0.167416512966156
0.42121046781539917, 0.1581951230764389
0.29737135767936707, 0.09915892034769058
0.3840331733226776, 0.11433448642492294
0.28813233971595764, 0.0956462100148201
0.3702472448348999, 0.155472531914711
0.3076102137565613, 0.1284206062555313
0.3242836594581604, 0.15415728092193604
0.3877122104167938, 0.11994356662034988
0.34590810537338257, 0.12027141451835632
0.37939465045928955, 0.120660699903965
0.45298758149147034, 0.24344496428966522
0.28313395380973816, 0.11128989607095718
0.25643256306648254, 0.09831376373767853
0.3557399809360504, 0.13388559222221375
0.2874963879585266, 0.0815088301897049
0.44473007321357727, 0.19599184393882751
0.33963149785995483, 0.12784135341644287
0.35924601554870605, 0.15542995929718018
0.36266592144966125, 0.10907316952943802
0.37224438786506653, 0.08088734745979309
0.41432130336761475, 0.09652334451675415
0.3547171652317047, 0.10577905178070068
0.4742843210697174, 0.1714003086090088
0.3646957278251648, 0.11685483157634735
0.40415021777153015, 0.21390798687934875
0.4420435428619385, 0.1570950448513031
0.43988868594169617, 0.15848569571971893
0.3314080834388733, 0.11175837367773056
0.37180933356285095, 0.12905560433864594
0.3606869876384735, 0.1378301978111267
0.46600231528282166, 0.2115979939699173
0.39975813031196594, 0.14510096609592438
0.3757343590259552, 0.14410433173179626
0.4524560570716858, 0.1530531495809555
0.3990534842014313, 0.0735572800040245
0.3509519398212433, 0.12796802818775177
0.6746839284896851, 0.25876152515411377
0.5443496704101562, 0.24654485285282135
0.40540674328804016, 0.11794969439506531
0.38223889470100403, 0.11463457345962524
0.5660242438316345, 0.16587646305561066
0.4023524224758148, 0.20986546576023102
0.4543053209781647, 0.16634690761566162
0.5472308993339539, 0.2624533176422119
0.4631158113479614, 0.23363083600997925
0.5040098428726196, 0.18557684123516083
0.4577859342098236, 0.24181781709194183
0.48790842294692993, 0.2032272219657898
0.5705737471580505, 0.3701258897781372
0.43732768297195435, 0.14800523221492767
0.6937215924263, 0.3047744333744049
0.38909676671028137, 0.12787260115146637
0.3565363585948944, 0.10566173493862152
0.5254836082458496, 0.15566416084766388
0.5021494626998901, 0.15088291466236115
0.804550051689148, 0.3967590630054474
0.5345744490623474, 0.1782832145690918
0.5185894966125488, 0.23053358495235443
0.4237745404243469, 0.14537161588668823
0.4432438910007477, 0.17602889239788055
0.4221262037754059, 0.17176976799964905
0.46200016140937805, 0.17061872780323029
0.3713482618331909, 0.15738488733768463
0.42544710636138916, 0.20359942317008972
0.4685156047344208, 0.18938562273979187
0.47694647312164307, 0.1312437504529953
0.4842471480369568, 0.17403876781463623
0.4397794008255005, 0.18664640188217163
0.31018075346946716, 0.07590232789516449
0.43788933753967285, 0.19475103914737701
0.45798975229263306, 0.17880046367645264
0.3453182280063629, 0.07480832189321518
0.36679530143737793, 0.11650443822145462
0.39400339126586914, 0.11898043006658554
0.4082604944705963, 0.13358813524246216
0.4534532129764557, 0.14566893875598907
0.4388340711593628, 0.17202338576316833
0.5457226037979126, 0.22063907980918884
0.4390166699886322, 0.17187951505184174
0.5229804515838623, 0.1519411951303482
0.6060031056404114, 0.26771843433380127
0.5431462526321411, 0.15678563714027405
0.47650066018104553, 0.1290798783302307
0.4258299767971039, 0.12293076515197754
0.5108649134635925, 0.14272308349609375
0.5810438990592957, 0.25254055857658386
0.44267144799232483, 0.15116137266159058
0.40871134400367737, 0.11042382568120956
0.45291227102279663, 0.12370385974645615
0.46672412753105164, 0.2070988118648529
0.43435919284820557, 0.2392510622739792
0.5245478749275208, 0.23688256740570068
0.5725826621055603, 0.20446018874645233
0.5767195820808411, 0.1754559576511383
0.4366765022277832, 0.1209188774228096
0.6273980140686035, 0.3718598484992981
0.43970248103141785, 0.16422918438911438
0.6085533499717712, 0.31089165806770325
0.5240147709846497, 0.1651998609304428
0.49573278427124023, 0.19478203356266022
0.6507204174995422, 0.3025255799293518
0.7275345325469971, 0.2706991136074066
0.9401930570602417, 0.4358466863632202
0.7597380876541138, 0.3300711214542389
0.6600805521011353, 0.2984459698200226
0.6013191938400269, 0.24276897311210632
0.5771849155426025, 0.4063669741153717
0.5070140361785889, 0.17347997426986694
0.6915743947029114, 0.8279997110366821
0.6743104457855225, 0.3033249080181122
0.5707815885543823, 0.21880367398262024
0.701691746711731, 0.2669644355773926
0.8562132716178894, 0.3930509090423584
0.7833044528961182, 0.40734919905662537
0.5539985299110413, 0.20839080214500427
0.5620149970054626, 0.3907555937767029
0.3842700719833374, 0.1731887012720108
0.47535622119903564, 0.22923940420150757
0.38038599491119385, 0.07330238819122314
0.6814116835594177, 0.3189711570739746
0.7432611584663391, 0.300799161195755
0.5050241351127625, 0.1812179982662201
0.5595102906227112, 0.3846474587917328
0.5212815999984741, 0.1950036883354187
0.41833725571632385, 0.1953972578048706
0.4740431010723114, 0.16564637422561646
0.5426034331321716, 0.213858500123024
0.707637369632721, 0.37795209884643555
0.7689483761787415, 0.26460787653923035
0.8083590865135193, 0.33015355467796326
0.7491333484649658, 0.2389678657054901
0.6510269045829773, 0.22334936261177063
0.6271475553512573, 0.24394093453884125
0.6516612768173218, 0.23033544421195984
0.8269227147102356, 0.3232032358646393
0.8387466669082642, 0.33846184611320496
0.7181886434555054, 0.19450300931930542
0.5975325703620911, 0.21236716210842133
0.923247218132019, 0.4678190350532532
0.9497398734092712, 0.28068503737449646
0.5644634962081909, 0.16102182865142822
0.5499206781387329, 0.13443657755851746
0.4669382870197296, 0.17008142173290253
0.608404278755188, 0.21430706977844238
0.549513041973114, 0.22183971107006073
0.5404542684555054, 0.21424202620983124
0.7713057994842529, 0.3179349899291992
0.7275568842887878, 0.2576501667499542
0.5797166228294373, 0.1588772088289261
0.6867704391479492, 0.24921931326389313
0.6821073889732361, 0.23390822112560272
0.6292189359664917, 0.16781900823116302
0.5113587975502014, 0.18637506663799286
0.5384868383407593, 0.1524568647146225
0.827917218208313, 0.3017466366291046
0.6507651805877686, 0.2350609302520752
0.6538047790527344, 0.14593617618083954
0.6609715819358826, 0.21380339562892914
0.7074618339538574, 0.22450405359268188
0.5647723078727722, 0.1932293325662613
0.6580960750579834, 0.1750607043504715
0.5998287796974182, 0.21765081584453583
0.574663519859314, 0.22116363048553467
0.6591660380363464, 0.23560379445552826
0.7082028388977051, 0.2617734968662262
0.6060811281204224, 0.1932458132505417
0.6145261526107788, 0.22377872467041016
0.6635810136795044, 0.20244120061397552
0.8031643033027649, 0.20376595854759216
0.7186863422393799, 0.2092055082321167
0.6163516640663147, 0.1776423305273056
0.7835752964019775, 0.3584694564342499
0.6305002570152283, 0.2640398144721985
0.5574620366096497, 0.20921111106872559
0.6076052784919739, 0.1998273879289627
0.5544045567512512, 0.1633218377828598
0.5934907793998718, 0.18704552948474884
0.6202397346496582, 0.2536138892173767
0.8475106954574585, 0.1796383559703827
0.6074398756027222, 0.18312272429466248
0.6090677976608276, 0.1879233568906784
0.5913766622543335, 0.1815159022808075
0.645428478717804, 0.23114390671253204
0.5603179335594177, 0.20055624842643738
0.547877311706543, 0.15962408483028412
0.4966453015804291, 0.14116568863391876
0.7669113874435425, 0.1773373931646347
0.6802316308021545, 0.1710539609193802
0.5355097651481628, 0.16363462805747986
0.5872514843940735, 0.20633642375469208
0.7793598175048828, 0.2520979046821594
0.621096670627594, 0.22380146384239197
0.5121554136276245, 0.1629304140806198
0.6126910448074341, 0.1051206886768341
0.4911874830722809, 0.1364990472793579
0.6048906445503235, 0.20940600335597992
0.6620044112205505, 0.21994872391223907
0.585637629032135, 0.18079476058483124
0.6750091314315796, 0.2090703845024109
0.7979400753974915, 0.26921334862709045
0.6415853500366211, 0.15751616656780243
0.5884488224983215, 0.13955289125442505
0.6634054183959961, 0.17265036702156067
0.6127093434333801, 0.12156618386507034
0.5537683367729187, 0.1673995405435562
0.7982080578804016, 0.2444731891155243
0.6559742093086243, 0.15929901599884033
0.6365014314651489, 0.28297391533851624
0.6870378255844116, 0.30116352438926697
0.6593194603919983, 0.2120233178138733
0.5060295462608337, 0.15319237112998962
0.7200501561164856, 0.18254372477531433
0.5924968719482422, 0.20825642347335815
0.6125735640525818, 0.13113535940647125
0.5223324298858643, 0.16104882955551147
0.7199710011482239, 0.2386990636587143
0.5738022923469543, 0.18828076124191284
0.5787249207496643, 0.13717438280582428
0.5906250476837158, 0.24576759338378906
0.5855439305305481, 0.14638015627861023
0.5274789929389954, 0.15069463849067688
0.6117651462554932, 0.17396607995033264
0.7645183801651001, 0.1994953602552414
0.6312216520309448, 0.19175837934017181
0.5420628786087036, 0.13498330116271973
0.6925625205039978, 0.12766367197036743
0.6847465634346008, 0.16929703950881958
0.6957382559776306, 0.15774106979370117
0.6193844079971313, 0.275611937046051
0.769573986530304, 0.26937535405158997
0.626448929309845, 0.1944970041513443
0.7589867115020752, 0.2542206943035126
0.9816123247146606, 0.28029438853263855
0.826500415802002, 0.18201452493667603
0.5771898031234741, 0.15012258291244507
0.6467738747596741, 0.2311355173587799
0.6294548511505127, 0.1426602154970169
0.6285340189933777, 0.18573643267154694
0.8037552833557129, 0.2124222069978714
0.7904256582260132, 0.27530616521835327
0.8023636937141418, 0.1789514571428299
0.6420491933822632, 0.24729575216770172
0.747061014175415, 0.25006553530693054
0.6681498289108276, 0.252833753824234
0.5892776846885681, 0.19984188675880432
0.6953479647636414, 0.1628914475440979
0.7162168025970459, 0.2028268724679947
0.6055107116699219, 0.14412759244441986
0.5851224064826965, 0.12959299981594086
0.8667699694633484, 0.23641005158424377
0.7120417952537537, 0.22864815592765808
0.5728384852409363, 0.16469016671180725
0.626396894454956, 0.15985363721847534
0.7552521824836731, 0.19912508130073547
0.776670515537262, 0.21038872003555298
0.7637231349945068, 0.26079481840133667
0.7455331683158875, 0.20840200781822205
0.7803908586502075, 0.20348557829856873
0.7242257595062256, 0.26267895102500916
0.838989794254303, 0.2492285668849945
1.0367405414581299, 0.3445446491241455
1.0826777219772339, 0.3210425078868866
0.8145827651023865, 0.21125519275665283
1.0227043628692627, 0.4236661493778229
0.7913421392440796, 0.24115724861621857
0.7880213856697083, 0.1947324275970459
0.6313800811767578, 0.16737058758735657
0.9178221821784973, 0.2049546241760254
0.6402619481086731, 0.2117847353219986
0.686635434627533, 0.18230506777763367
0.7201015949249268, 0.2325233817100525
0.7480716705322266, 0.21460677683353424
0.8307464718818665, 0.24448087811470032
0.7143532633781433, 0.21845200657844543
0.9830525517463684, 0.3671565651893616
0.7618146538734436, 0.17919926345348358
0.641411542892456, 0.1650146245956421
0.5992758870124817, 0.18561145663261414
0.7253491878509521, 0.15347622334957123
0.7238166332244873, 0.30869147181510925
0.662834644317627, 0.35294899344444275
0.7967121005058289, 0.2801383435726166
0.8545528650283813, 0.33580824732780457
0.681736171245575, 0.15864799916744232
0.6982903480529785, 0.192050039768219
0.7074733376502991, 0.21394497156143188
0.6476938724517822, 0.13783039152622223
0.7967504262924194, 0.291612446308136
0.8358052968978882, 0.262152761220932
0.7383224368095398, 0.23328541219234467
0.6481149196624756, 0.18183626234531403
0.6776621341705322, 0.19150780141353607
0.8232157826423645, 0.3346930146217346
0.8899755477905273, 0.34289082884788513
0.6971834301948547, 0.20439426600933075
0.6005886197090149, 0.15186725556850433
0.5745930671691895, 0.1802794337272644
0.6551477909088135, 0.26981377601623535
0.7875240445137024, 0.2644244432449341
0.7889626026153564, 0.2434690296649933
0.9349115490913391, 0.32255274057388306
0.7416815757751465, 0.280912309885025
0.9192981719970703, 0.2729674279689789
0.7019944190979004, 0.27748632431030273
0.7221938371658325, 0.26802727580070496
0.6845523715019226, 0.19167354702949524
0.5942010879516602, 0.19654631614685059
0.6911895871162415, 0.21118275821208954
0.896905243396759, 0.35117533802986145
0.8697200417518616, 0.29538074135780334
1.0112048387527466, 0.43729689717292786
0.8663304448127747, 0.24302902817726135
0.7471855878829956, 0.29506009817123413
0.7897284030914307, 0.2807140350341797
0.8387488722801208, 0.28542137145996094
0.7294613718986511, 0.3255831301212311
0.6779490113258362, 0.28259164094924927
0.630118191242218, 0.15186019241809845
0.8541449904441833, 0.2702672481536865
0.8546431660652161, 0.20660792291164398
0.7369290590286255, 0.21262463927268982
0.7263671159744263, 0.18706928193569183
1.0061264038085938, 0.31449398398399353
0.6471148729324341, 0.15367336571216583
0.7272582054138184, 0.29763999581336975
0.8186123967170715, 0.3830561637878418
0.8120867013931274, 0.241803839802742
0.7208203673362732, 0.1807670146226883
0.7734454870223999, 0.22602303326129913
0.6344354748725891, 0.1428097039461136
0.6736594438552856, 0.3290262222290039
0.842912495136261, 0.41800016164779663
0.7330513000488281, 0.2278193086385727
0.6240051984786987, 0.1792546808719635
0.7119121551513672, 0.3516436517238617
0.8944309949874878, 0.18238866329193115
0.9300577640533447, 0.3301706910133362
0.7416528463363647, 0.2612617611885071
0.9755635857582092, 0.37561529874801636
0.8977447152137756, 0.30385005474090576
0.9351599216461182, 0.27794721722602844
0.9369284510612488, 0.1854301393032074
0.7257354855537415, 0.18342198431491852
0.6819820404052734, 0.267523854970932
0.8269109725952148, 0.22235731780529022
0.7827354669570923, 0.32922664284706116
0.8013381361961365, 0.339342325925827
0.7677455544471741, 0.17797264456748962
0.7304576635360718, 0.16863468289375305
0.6921156644821167, 0.1935412734746933
0.9527808427810669, 0.3367408514022827
0.6819591522216797, 0.2700316607952118
0.6892938613891602, 0.1992422193288803
0.7547882199287415, 0.26081404089927673
0.872211754322052, 0.4389055371284485
0.9910699129104614, 0.3295381963253021
0.755885660648346, 0.32047519087791443
0.8379194736480713, 0.26570743322372437
1.1605966091156006, 0.3383089005947113
0.9004133939743042, 0.251679390668869
0.7213686108589172, 0.17093978822231293
0.6323117017745972, 0.12143227458000183
0.7049487233161926, 0.28925493359565735
0.6591289639472961, 0.19858844578266144
0.6982784271240234, 0.18642054498195648
1.0824445486068726, 0.4363246560096741
1.280718445777893, 0.42240187525749207
0.8933091759681702, 0.292646586894989
0.7131413817405701, 0.2589780390262604
0.7340046167373657, 0.2703954577445984
0.9673231244087219, 0.4024224877357483
0.8264433145523071, 0.3097674548625946
0.8022187948226929, 0.23923586308956146
0.7097744941711426, 0.13788610696792603
0.8380361199378967, 0.3094513416290283
0.7135876417160034, 0.1943455934524536
0.6490383148193359, 0.1766834557056427
0.8351351618766785, 0.4857178330421448
0.6359684467315674, 0.16908997297286987
0.7767242193222046, 0.2878282964229584
0.8112339973449707, 0.3814140558242798
0.931768000125885, 0.22726836800575256
0.7009743452072144, 0.1776709258556366
0.7697519063949585, 0.1886858195066452
0.8153257966041565, 0.2452245056629181
0.6939991116523743, 0.14735962450504303
0.7086125612258911, 0.21245580911636353
0.5996972322463989, 0.13538019359111786
0.9078795313835144, 0.2525784373283386
0.9084218144416809, 0.3002671003341675
0.9621450901031494, 0.3614307641983032
1.1029926538467407, 0.7470069527626038
0.9479168653488159, 0.32559797167778015
0.9238819479942322, 0.29847344756126404
0.6477211713790894, 0.14123843610286713
0.763948917388916, 0.32443344593048096
1.1025445461273193, 0.33286741375923157
0.7645246982574463, 0.1709090769290924
0.649286687374115, 0.3068549335002899
0.9388782978057861, 0.5626054406166077
0.7552079558372498, 0.4656418263912201
0.960902750492096, 0.2886059284210205
1.0585896968841553, 0.448586106300354
0.6282756328582764, 0.1585901975631714
0.7615857720375061, 0.24714484810829163
0.7810870409011841, 0.24480126798152924
0.7160093188285828, 0.25231802463531494
0.6517937779426575, 0.21805819869041443
0.6225066781044006, 0.1964600384235382
0.6911598443984985, 0.18059638142585754
0.6980302929878235, 0.2129189372062683
0.7348589897155762, 0.30984926223754883
0.8130629658699036, 0.29319822788238525
0.7680173516273499, 0.2974543869495392
0.9496431350708008, 0.2855280637741089
0.8375777006149292, 0.1878201812505722
0.7548243999481201, 0.2197495549917221
0.7967991232872009, 0.24427616596221924
0.8785274624824524, 0.2604958415031433
0.8280045986175537, 0.27246037125587463
0.8934508562088013, 0.24743466079235077
0.7381885647773743, 0.17151647806167603
0.769254744052887, 0.21232916414737701
0.6815293431282043, 0.29170262813568115
0.8138364553451538, 0.2514287829399109
0.8724787831306458, 0.2291046679019928
0.8328696489334106, 0.24006833136081696
0.7760190367698669, 0.21128301322460175
0.5994649529457092, 0.1485540270805359
0.692668616771698, 0.16832324862480164
0.7604100108146667, 0.25841522216796875
0.7611789703369141, 0.24979989230632782
0.8508627414703369, 0.3425457775592804
0.9200695753097534, 0.33839672803878784
0.6780848503112793, 0.17134259641170502
0.9595552086830139, 0.28790178894996643
0.7563902735710144, 0.28992053866386414
0.9788338541984558, 0.29922354221343994
0.8470948338508606, 0.21343110501766205
1.0526376962661743, 0.41467350721359253
1.0542463064193726, 0.2575577199459076
1.2512524127960205, 0.36857545375823975
1.11640202999115, 0.4737165570259094
1.139534592628479, 0.3621908128261566
0.7435937523841858, 0.14444005489349365
0.8936780095100403, 0.22721385955810547
0.720874547958374, 0.27613234519958496
0.6412380337715149, 0.1388399749994278
0.8092274069786072, 0.20663443207740784
0.9494497776031494, 0.2741377055644989
0.8702086210250854, 0.18072491884231567
0.6726906299591064, 0.18110291659832
0.8224195241928101, 0.3206062912940979
0.9398916959762573, 0.44963696599006653
0.742053747177124, 0.17225143313407898
1.0333399772644043, 0.23750704526901245
0.8325114250183105, 0.30391496419906616
0.650810718536377, 0.09730315208435059
0.7204461693763733, 0.2030697762966156
0.8236263394355774, 0.37206798791885376
0.8527086973190308, 0.4211082458496094
0.8439679741859436, 0.267499178647995
0.8596373796463013, 0.18302708864212036
0.7478296756744385, 0.16979598999023438
0.8276639580726624, 0.20931412279605865
0.9075539708137512, 0.5125972032546997
0.7594124674797058, 0.20617057383060455
0.6506535410881042, 0.15273647010326385
0.8538950085639954, 0.2423606514930725
0.9551493525505066, 0.18537409603595734
0.8706676363945007, 0.2862139642238617
0.8149405717849731, 0.23391605913639069
1.00921630859375, 0.3060718774795532
1.0657072067260742, 0.37049683928489685
0.9013962149620056, 0.4638215899467468
0.9628357291221619, 0.48463281989097595
0.8277294039726257, 0.20084017515182495
0.7440974116325378, 0.35708290338516235
0.8862994313240051, 0.2777235209941864
1.05203115940094, 0.48668599128723145
0.8021170496940613, 0.27036646008491516
0.7099270224571228, 0.20926262438297272
1.1860389709472656, 0.610335648059845
0.9582275748252869, 0.34957757592201233
1.0534459352493286, 0.35538792610168457
1.0003316402435303, 0.25249770283699036
0.9677758812904358, 0.5260229110717773
0.9373522996902466, 0.29362183809280396
0.9433872699737549, 0.2804981470108032
0.960475504398346, 0.3927672505378723
1.0392709970474243, 0.3048378825187683
0.8529742956161499, 0.27034178376197815
1.138711929321289, 0.4959341287612915
0.9401715397834778, 0.29815468192100525
1.086613655090332, 0.3212202489376068
0.953334629535675, 0.33615198731422424
0.9661684036254883, 0.4320957064628601
0.9397017359733582, 0.3481158912181854
1.0097572803497314, 0.23509778082370758
0.9713951945304871, 0.27009284496307373
0.9555812478065491, 0.2865030765533447
0.9312350153923035, 0.2283322811126709
0.82234126329422, 0.24129705131053925
1.0442183017730713, 0.2804282009601593
0.9403833746910095, 0.39327219128608704
0.8769564032554626, 0.308788537979126
0.8182379007339478, 0.3174867331981659
0.6362410187721252, 0.19221045076847076
0.9878319501876831, 0.3256973624229431
0.9221730828285217, 0.35750171542167664
0.8427807688713074, 0.23606541752815247
1.002597451210022, 0.2957952916622162
1.0418071746826172, 0.39034658670425415
0.882806122303009, 0.26980966329574585
0.9823952913284302, 0.49766844511032104
0.784792959690094, 0.20711418986320496
0.835101306438446, 0.2190430909395218
0.7691144347190857, 0.26323941349983215
0.7058284878730774, 0.13927015662193298
0.808799684047699, 0.28769662976264954
1.1242491006851196, 0.35809820890426636
0.9205052256584167, 0.29239845275878906
0.7098849415779114, 0.2105807065963745
0.9279417395591736, 0.3934476971626282
0.7717759013175964, 0.29437580704689026
0.9462693333625793, 0.3621668517589569
0.8280302286148071, 0.3137495815753937
0.8172365427017212, 0.3783375322818756
0.7145960927009583, 0.18520982563495636
0.6632003784179688, 0.19492654502391815
0.8707216382026672, 0.29619550704956055
1.0075957775115967, 0.39305269718170166
0.7486558556556702, 0.21251626312732697
0.9910004138946533, 0.2741907238960266
0.9943880438804626, 0.23436887562274933
0.8947737216949463, 0.34082716703414917
1.1008366346359253, 0.546035885810852
1.1512558460235596, 0.557127058506012
0.9374558329582214, 0.31622037291526794
0.9567824602127075, 0.44245290756225586
0.8979874849319458, 0.24785271286964417
0.9183078408241272, 0.3373400866985321
1.042986512184143, 0.28231319785118103
0.8895319104194641, 0.19314898550510406
0.7346845865249634, 0.16800156235694885
0.7931861877441406, 0.21809165179729462
0.9171849489212036, 0.20856432616710663
1.0327860116958618, 0.2575432062149048
0.9471008777618408, 0.6872449517250061
1.033103585243225, 0.37099695205688477
0.8676190972328186, 0.25776010751724243
0.9267139434814453, 0.3415108323097229
1.1596075296401978, 0.40170782804489136
0.91997230052948, 0.32528820633888245
0.9986193180084229, 0.5997257828712463
0.8191012144088745, 0.17886467278003693
0.9710928797721863, 0.5158728957176208
1.1014599800109863, 0.26295891404151917
0.9868830442428589, 0.32706770300865173
0.9943082928657532, 0.33019810914993286
0.7833775281906128, 0.2642670273780823
0.8665335774421692, 0.3134479820728302
0.9424118399620056, 0.3320639729499817
1.2804394960403442, 0.40122371912002563
1.2518458366394043, 0.2872031033039093
1.1916042566299438, 0.5376367568969727
0.905624508857727, 0.41911160945892334
0.8988246917724609, 0.32320132851600647
0.9346347451210022, 0.3136841058731079
0.9103019833564758, 0.19957467913627625
0.8669021725654602, 0.26661384105682373
0.717424213886261, 0.17457734048366547
0.8123505711555481, 0.28490403294563293
0.938938558101654, 0.30018457770347595
0.8902658820152283, 0.2421617954969406
0.872530460357666, 0.35290199518203735
0.7911503314971924, 0.1941470205783844
0.8684749603271484, 0.2282208502292633
0.9216504693031311, 0.2823934853076935
1.1156138181686401, 0.5612130761146545
1.1458168029785156, 0.567543625831604
0.9061892032623291, 0.3718326687812805
0.8018173575401306, 0.24985723197460175
1.0178591012954712, 0.4078408181667328
0.8850803971290588, 0.265537828207016
0.7558912038803101, 0.15826141834259033
0.9438928961753845, 0.27765098214149475
0.8037973642349243, 0.22243140637874603
0.8926406502723694, 0.27981144189834595
0.9442206621170044, 0.23899485170841217
0.8965151309967041, 0.41025882959365845
0.787653923034668, 0.2377285659313202
0.8891666531562805, 0.2809062898159027
0.8874310255050659, 0.21503038704395294
0.8155730366706848, 0.5221313834190369
1.4564310312271118, 0.8832788467407227
1.4760009050369263, 0.6190723180770874
0.9840584993362427, 0.4102051854133606
0.9996156692504883, 0.41444242000579834
0.9013128280639648, 0.30763116478919983
0.895274817943573, 0.3137078881263733
0.9197150468826294, 0.37429550290107727
0.9329000115394592, 0.5920543074607849
0.8073674440383911, 0.2918119728565216
1.1366316080093384, 0.38374170660972595
1.4511737823486328, 0.5434189438819885
1.3204532861709595, 0.2566664516925812
1.102230429649353, 0.3590447008609772
1.0246893167495728, 0.33206906914711
1.151855707168579, 0.367438942193985
0.9890449643135071, 0.3821205496788025
1.1474229097366333, 0.30592256784439087
0.8912067413330078, 0.2661610543727875
0.97265625, 0.3727658689022064
0.9413957595825195, 0.1469908356666565
0.9542911648750305, 0.22801585495471954
0.8821036219596863, 0.4008103013038635
1.0306001901626587, 0.21789850294589996
0.8680539131164551, 0.37901610136032104
0.9556982517242432, 0.34308159351348877
1.169937014579773, 0.43994200229644775
0.89559406042099, 0.21586088836193085
0.905369222164154, 0.265186607837677
0.9387672543525696, 0.2782388925552368
0.9784612655639648, 0.3074067234992981
0.8624058365821838, 0.287537544965744
1.0908784866333008, 0.3772483468055725
0.9754284620285034, 0.40500667691230774
0.946488082408905, 0.24671028554439545
1.149577260017395, 0.5682603120803833
1.390173077583313, 0.4329911768436432
0.9587884545326233, 0.47042274475097656
0.8784912824630737, 0.3432573974132538
0.8464677929878235, 0.4279478192329407
0.9029854536056519, 0.4362344741821289
0.8610752820968628, 0.2980172634124756
0.9652233123779297, 0.45139721035957336
0.8939113616943359, 0.23770271241664886
0.9795604348182678, 0.261107474565506
0.8491811752319336, 0.2504630982875824
0.8365041613578796, 0.25008144974708557
0.7579028606414795, 0.2044678032398224
0.7978715300559998, 0.30055198073387146
0.664618730545044, 0.18675099313259125
0.8281111121177673, 0.23179355263710022
0.7560856342315674, 0.24920974671840668
0.7810120582580566, 0.2418522983789444
0.865836501121521, 0.2971167266368866
0.7498103380203247, 0.19680529832839966
0.8982458114624023, 0.36157897114753723
0.7120435237884521, 0.18650642037391663
0.7698282599449158, 0.1399010717868805
0.6745181679725647, 0.183043971657753
0.8074856400489807, 0.17881281673908234
0.9521094560623169, 0.22206611931324005
0.8516063094139099, 0.270079642534256
0.8932169675827026, 0.27383357286453247
0.7969282269477844, 0.1585424244403839
0.816068172454834, 0.19093163311481476
0.9296931028366089, 0.2590780258178711
0.7830212712287903, 0.17332138121128082
1.0032639503479004, 0.20151351392269135
0.785755455493927, 0.1362461894750595
0.6889769434928894, 0.20470157265663147
0.9233332872390747, 0.33571726083755493
0.9471032023429871, 0.2285303771495819
1.0435229539871216, 0.27461811900138855
0.8673005104064941, 0.2980130910873413
0.9423539042472839, 0.2817919850349426
0.7905769944190979, 0.15599390864372253
0.7155301570892334, 0.19326163828372955
0.7500935196876526, 0.17671239376068115
0.8698870539665222, 0.22853249311447144
0.7853716015815735, 0.34003517031669617
0.7332070469856262, 0.11040804535150528
0.8995988965034485, 0.3026733100414276
0.9271566867828369, 0.24717643857002258
0.8868765234947205, 0.342687726020813
0.9558051228523254, 0.3154850900173187
0.9226395487785339, 0.3138262927532196
0.9547568559646606, 0.262923002243042
1.0068421363830566, 0.28087666630744934
0.8060198426246643, 0.20793549716472626
0.8548806309700012, 0.19794949889183044
0.8004850149154663, 0.15025615692138672
0.8215156197547913, 0.22362889349460602
0.7361738681793213, 0.18522925674915314
0.7075650095939636, 0.16598862409591675
0.8313868641853333, 0.268423467874527
1.1192080974578857, 0.3057672381401062
0.9694070816040039, 0.26153233647346497
1.006483793258667, 0.2437835931777954
0.7759237289428711, 0.2023254781961441
0.6330693960189819, 0.10834559798240662
0.7622843384742737, 0.20613156259059906
0.794247031211853, 0.20728257298469543
0.7936371564865112, 0.3936290442943573
0.9103427529335022, 0.2217298150062561
0.7445728182792664, 0.20801864564418793
0.9408226013183594, 0.22899021208286285
0.864643394947052, 0.21361896395683289
0.8605531454086304, 0.28544023633003235
0.8324277400970459, 0.19170795381069183
0.979441225528717, 0.3461849093437195
1.241808533668518, 1.179433822631836
1.267066478729248, 0.399530291557312
0.8944908976554871, 0.30349624156951904
1.1529816389083862, 0.7303920984268188
0.9811529517173767, 0.3950097858905792
0.8668999671936035, 0.37686511874198914
0.904189944267273, 0.28095608949661255
0.9437329173088074, 0.25311264395713806
1.1118831634521484, 0.36032533645629883
0.9586693644523621, 0.48231270909309387
0.9857086539268494, 0.39493075013160706
1.1420365571975708, 0.3803515136241913
1.184714913368225, 0.48861804604530334
0.9040493369102478, 0.22579823434352875
0.7136825323104858, 0.1817406415939331
0.7486777901649475, 0.1711120307445526
0.8532204627990723, 0.21262110769748688
0.680935263633728, 0.1761273294687271
0.9334231615066528, 0.26673346757888794
1.0006723403930664, 0.3755667805671692
0.8022474050521851, 0.231084406375885
0.8952563405036926, 0.20860083401203156
0.7487080693244934, 0.21838031709194183
0.7375781536102295, 0.2004343718290329
0.7245985865592957, 0.15666429698467255
0.9706056714057922, 0.5544301271438599
1.00057852268219, 0.3123428225517273
0.850346565246582, 0.2192397117614746
0.8317775726318359, 0.26994451880455017
0.804133415222168, 0.4022964835166931
0.8804373741149902, 0.24145019054412842
0.7512005567550659, 0.17466318607330322
0.7721176147460938, 0.16752400994300842
0.8615551590919495, 0.20592620968818665
0.9075804948806763, 0.2250555008649826
0.8765326142311096, 0.2550240457057953
0.7652165293693542, 0.16371847689151764
0.9454538822174072, 0.31902435421943665
0.9243590235710144, 0.2871496379375458
0.882928729057312, 0.2301594316959381
0.9696568250656128, 0.2217504233121872
1.1056655645370483, 0.30833664536476135
0.8977378010749817, 0.20266203582286835
0.8620983958244324, 0.19841302931308746
1.1410293579101562, 0.30317485332489014
0.8501966595649719, 0.1657695174217224
0.8557323813438416, 0.22971627116203308
0.7465642094612122, 0.2336680144071579
0.9095633625984192, 0.23253312706947327
0.7456868290901184, 0.1655058115720749
0.7290171980857849, 0.20865674316883087
0.7645812630653381, 0.18367357552051544
0.7886441349983215, 0.20620042085647583
0.8500646948814392, 0.25612300634384155
0.7971644997596741, 0.197040393948555
0.8221263289451599, 0.1987409144639969
0.850309431552887, 0.17725449800491333
0.8030800223350525, 0.22572393715381622
0.8897756934165955, 0.22321520745754242
0.9223899841308594, 0.30818039178848267
1.0725672245025635, 0.32404500246047974
0.9503548741340637, 0.2496613711118698
0.808386504650116, 0.2482137233018875
0.7485787272453308, 0.20143666863441467
0.9416764378547668, 0.23684507608413696
0.9518662691116333, 0.28954485058784485
0.8946567177772522, 0.20039302110671997
1.056667685508728, 0.27852290868759155
1.0420387983322144, 0.22924529016017914
1.1112492084503174, 0.40258899331092834
0.8448168635368347, 0.12094193696975708
0.8174607157707214, 0.28845319151878357
0.7636712789535522, 0.18632803857326508
0.8873847126960754, 0.26960769295692444
1.0655697584152222, 0.26263269782066345
1.046916127204895, 0.2992350161075592
0.943410336971283, 0.22911497950553894
0.763752818107605, 0.1426219940185547
0.9028699994087219, 0.2644120156764984
0.8636407256126404, 0.2811877429485321
0.8591645956039429, 0.22600993514060974
0.7709038853645325, 0.19457952678203583
0.9192808270454407, 0.27124595642089844
0.8616971969604492, 0.16553284227848053
0.7408447265625, 0.20224010944366455
0.8047435283660889, 0.15621179342269897
0.9671792984008789, 0.266732782125473
0.9643547534942627, 0.27739572525024414
0.9527959823608398, 0.29013821482658386
0.8852203488349915, 0.26014456152915955
0.8312514424324036, 0.215601846575737
0.8839256167411804, 0.21089249849319458
1.0881898403167725, 0.3044740557670593
0.9505011439323425, 0.24055276811122894
1.2091730833053589, 0.5175650715827942
0.8873000741004944, 0.24941682815551758
0.9701551795005798, 0.29546302556991577
0.8006895184516907, 0.19383274018764496
0.7184514403343201, 0.21638363599777222
0.985309898853302, 0.3430003225803375
1.2196604013442993, 0.3086470365524292
1.219264268875122, 0.30872243642807007
1.1303341388702393, 0.36124104261398315
0.7876333594322205, 0.16785067319869995
0.8093835711479187, 0.14622098207473755
0.9500925540924072, 0.21120582520961761
0.9768555164337158, 0.23370778560638428
0.8749448657035828, 0.20063652098178864
0.9231001734733582, 0.2540581524372101
0.8557405471801758, 0.23737832903862
0.8896605372428894, 0.23971742391586304
0.7588985562324524, 0.18381145596504211
0.7563267946243286, 0.20477856695652008
0.9918752312660217, 0.2937174141407013
0.7662572264671326, 0.196759432554245
0.6815991997718811, 0.13430723547935486
0.7071114778518677, 0.17693860828876495
0.6996539235115051, 0.11814034730195999
0.7319419980049133, 0.1979360282421112
0.990818977355957, 0.33614078164100647
0.775086522102356, 0.1578287035226822
0.7592810988426208, 0.2237032800912857
0.9631554484367371, 0.2651198208332062
0.7856717705726624, 0.22254832088947296
0.7455764412879944, 0.18636928498744965
0.9799767732620239, 0.21966569125652313
0.8928451538085938, 0.2498486042022705
0.816459596157074, 0.26560771465301514
0.8987129330635071, 0.2767057418823242
0.8533447980880737, 0.23367582261562347
0.8638148307800293, 0.1942538470029831
1.0917409658432007, 0.3546903133392334
0.8226321339607239, 0.21833981573581696
1.0642281770706177, 0.39136573672294617
1.1246896982192993, 0.33258309960365295
1.0191196203231812, 0.2785688638687134
1.0720316171646118, 0.3686313033103943
1.237682819366455, 0.3586660325527191
0.9782096147537231, 0.29007866978645325
0.7693308591842651, 0.26660576462745667
0.8862575888633728, 0.1928202211856842
0.7897725701332092, 0.1763739436864853
0.7573992609977722, 0.17622655630111694
0.9649919867515564, 0.35573258996009827
0.7632128000259399, 0.11424636840820312
0.9348363876342773, 0.3109181821346283
1.0926624536514282, 0.3850865066051483
0.94700688123703, 0.1889030933380127
1.0518935918807983, 0.3033301830291748
1.0585429668426514, 0.27659788727760315
1.0922918319702148, 0.2158193141222
0.8559415936470032, 0.19071988761425018
0.8997673392295837, 0.2341565042734146
0.7394461035728455, 0.19411121308803558
0.7394106984138489, 0.16100037097930908
0.8730125427246094, 0.2710779011249542
0.7772490978240967, 0.22450493276119232
0.8648442029953003, 0.2075577974319458
0.7887253165245056, 0.12616471946239471
1.0449413061141968, 0.3527601957321167
0.8451946377754211, 0.23559319972991943
0.8718696236610413, 0.24416527152061462
0.8486604690551758, 0.20725317299365997
1.0079331398010254, 0.26158955693244934
0.9987981915473938, 0.2796480059623718
1.0406769514083862, 0.23999643325805664
1.1780593395233154, 0.3305893540382385
0.9571981430053711, 0.22529339790344238
0.8417885899543762, 0.22945918142795563
0.8162708878517151, 0.19144390523433685
0.7695050239562988, 0.2783956229686737
0.8897466659545898, 0.25019192695617676
1.1654893159866333, 0.2768577039241791
1.1277345418930054, 0.24873624742031097
1.0291252136230469, 0.27944475412368774
1.2393556833267212, 0.30908480286598206
0.9142801761627197, 0.26448115706443787
0.9866387248039246, 0.14735151827335358
1.0196539163589478, 0.2828613519668579
1.0302139520645142, 0.20487113296985626
0.841092050075531, 0.20819434523582458
0.7045680284500122, 0.172678142786026
0.9029079079627991, 0.2826349139213562
0.8077415823936462, 0.2301967740058899
0.9305247068405151, 0.20266366004943848
0.8262016177177429, 0.20699407160282135
1.0817551612854004, 0.32229161262512207
0.7510626316070557, 0.1231919452548027
0.9124100804328918, 0.24292714893817902
1.0065604448318481, 0.38126614689826965
0.9373604655265808, 0.20076973736286163
0.9850344061851501, 0.18903423845767975
0.8894707560539246, 0.17452692985534668
0.9831192493438721, 0.20225968956947327
1.103193998336792, 0.3486500680446625
0.9364143013954163, 0.2414584457874298
0.8969033360481262, 0.2720958888530731
1.2178454399108887, 0.2943533957004547
0.8588287830352783, 0.219046488404274
0.8830199837684631, 0.15226812660694122
1.068710446357727, 0.24288173019886017
0.8223220705986023, 0.2145707756280899
0.9768596291542053, 0.33504199981689453
1.0427933931350708, 0.3027087152004242
0.8551436066627502, 0.2117696851491928
0.743700385093689, 0.16703404486179352
0.8654301762580872, 0.23264364898204803
0.9372381567955017, 0.16093121469020844
0.9555363059043884, 0.22429224848747253
0.8791397213935852, 0.29351964592933655
0.8486202359199524, 0.19884677231311798
0.8662616014480591, 0.21054458618164062
0.9077628254890442, 0.2549019753932953
1.1013163328170776, 0.1728091537952423
1.1346125602722168, 0.3299524784088135
0.9681280851364136, 0.27970725297927856
1.0568161010742188, 0.27041152119636536
0.8603964447975159, 0.18845868110656738
0.8766964077949524, 0.25201544165611267
1.0470011234283447, 0.31577804684638977
1.044711947441101, 0.24594536423683167
1.2449551820755005, 0.296634703874588
1.246720314025879, 0.35134783387184143
1.081286072731018, 0.33492812514305115
0.955418586730957, 0.22529301047325134
0.9139062166213989, 0.23110832273960114
0.8794153928756714, 0.1744612604379654
0.9155943989753723, 0.2458532154560089
1.024905800819397, 0.23109497129917145
1.1218891143798828, 0.3761847913265228
1.217125654220581, 0.20749324560165405
0.9901826977729797, 0.19102591276168823
0.9633640646934509, 0.32533371448516846
0.8404507040977478, 0.16747455298900604
0.9894148707389832, 0.2735525071620941
0.8837355375289917, 0.32731664180755615
1.0063823461532593, 0.300647497177124
0.8195660710334778, 0.2578948438167572
1.0828043222427368, 0.3098786473274231
1.0955044031143188, 0.34058117866516113
1.1794384717941284, 0.29793763160705566
0.8835827112197876, 0.2152838259935379
0.9321497082710266, 0.2544638216495514
0.9862909317016602, 0.26060184836387634
0.9358192086219788, 0.1990465670824051
0.9488890171051025, 0.2913837134838104
0.9295323491096497, 0.2557683289051056
1.1623761653900146, 0.27658912539482117
1.0007244348526, 0.24964193999767303
1.123442530632019, 0.36536914110183716
0.9917486310005188, 0.2031610906124115
0.820534884929657, 0.1517322063446045
0.8640832304954529, 0.1849713772535324
0.8447149395942688, 0.2360023856163025
0.8404774069786072, 0.2235429584980011
0.8284239172935486, 0.33419227600097656
1.0274479389190674, 0.3422253727912903
0.9192600250244141, 0.2151665836572647
0.885985791683197, 0.29240119457244873
0.9564293622970581, 0.2963442802429199
1.0819965600967407, 0.3240354657173157
1.0848222970962524, 0.26950809359550476
1.0618503093719482, 0.35721468925476074
0.9905211329460144, 0.3026340901851654
0.9350059628486633, 0.2657696306705475
1.2369544506072998, 0.3336772620677948
1.2867324352264404, 0.2981828451156616
1.0958976745605469, 0.3759901225566864
1.0044569969177246, 0.2647036015987396
1.0387324094772339, 0.375874400138855
0.7832744717597961, 0.18569505214691162
0.9665625691413879, 0.3097933530807495
1.0918594598770142, 0.31976452469825745
1.0385761260986328, 0.2515169382095337
0.8979926705360413, 0.15803277492523193
0.9085803627967834, 0.2434571534395218
0.8042435646057129, 0.20086853206157684
0.9015204310417175, 0.19072668254375458
0.7290118932723999, 0.1486850082874298
0.8378822803497314, 0.2667875587940216
1.1589549779891968, 0.44778233766555786
0.7830598950386047, 0.21660389006137848
1.0215510129928589, 0.2900152802467346
0.8977634906768799, 0.19778931140899658
0.8788394927978516, 0.23462454974651337
0.8216837048530579, 0.17996081709861755
0.9583411812782288, 0.2173912078142166
0.8588156700134277, 0.23543517291545868
0.8418615460395813, 0.21783891320228577
1.0993179082870483, 0.32728689908981323
0.8506957292556763, 0.16015255451202393
0.7798100709915161, 0.16433335840702057
0.8680039644241333, 0.20900727808475494
0.8687418103218079, 0.21271994709968567
1.1725846529006958, 0.24788792431354523
0.9294873476028442, 0.24541768431663513
0.8997376561164856, 0.255291223526001
1.020843505859375, 0.2767939865589142
0.8738259077072144, 0.24964550137519836
1.2215439081192017, 0.416263222694397
1.2150821685791016, 0.46339958906173706
1.0012485980987549, 0.2913704812526703
0.9034870862960815, 0.2616943120956421
0.8248984217643738, 0.15340352058410645
0.8238271474838257, 0.2120620161294937
0.7631426453590393, 0.2150404453277588
0.9035454988479614, 0.30301347374916077
0.8560342192649841, 0.1805320829153061
0.8485872149467468, 0.2466265708208084
1.0253032445907593, 0.287771612405777
1.224144458770752, 0.3251052796840668
1.1049535274505615, 0.2470218986272812
1.090807557106018, 0.25754818320274353
0.8996207118034363, 0.25158947706222534
1.0311362743377686, 0.22275999188423157
1.1657980680465698, 0.3524441421031952
0.9288175702095032, 0.2709169387817383
0.7245245575904846, 0.2364780157804489
0.9146854877471924, 0.26690953969955444
1.1342819929122925, 0.25041088461875916
1.0594288110733032, 0.21760866045951843
0.8114640712738037, 0.25719553232192993
1.0793135166168213, 0.28767526149749756
0.9880808591842651, 0.25351449847221375
1.129659652709961, 0.3654915988445282
1.3282867670059204, 0.40071630477905273
1.2481932640075684, 0.4231172800064087
1.1446614265441895, 0.27704665064811707
0.954823911190033, 0.25280940532684326
0.8189542889595032, 0.1703873723745346
0.8913480043411255, 0.20196087658405304
0.8262304663658142, 0.20578546822071075
1.0946661233901978, 0.31796175241470337
1.0226160287857056, 0.19206948578357697
1.0236736536026, 0.23677481710910797
0.8826075792312622, 0.19898681342601776
0.9456135630607605, 0.26754119992256165
1.1383615732192993, 0.3123509883880615
1.0027273893356323, 0.26887643337249756
0.844755232334137, 0.227085143327713
0.8255071640014648, 0.2590329647064209
0.8537895083427429, 0.24881775677204132
0.9392205476760864, 0.24497325718402863
0.9613402485847473, 0.2791391611099243
0.989934504032135, 0.2371150702238083
0.9386051297187805, 0.15982893109321594
0.9090351462364197, 0.2933325469493866
1.0621250867843628, 0.28513792157173157
1.0847920179367065, 0.25532230734825134
1.1075901985168457, 0.27312415838241577
1.1232801675796509, 0.36373358964920044
1.1499537229537964, 0.2195201963186264
0.8541139364242554, 0.2043272852897644
1.0824356079101562, 0.24509026110172272
0.9455565214157104, 0.23750105500221252
0.8755185008049011, 0.13672274351119995
0.876875102519989, 0.24550679326057434
0.8487812280654907, 0.2661699056625366
0.8269951343536377, 0.22524647414684296
1.0393987894058228, 0.27139416337013245
1.0825855731964111, 0.25268253684043884
1.2261167764663696, 0.28392040729522705
1.1524364948272705, 0.3558092415332794
1.0086904764175415, 0.268775075674057
0.9432258605957031, 0.2660352289676666
0.9663269519805908, 0.28789669275283813
1.0200285911560059, 0.23816713690757751
0.937474250793457, 0.26698732376098633
1.1634641885757446, 0.30440884828567505
1.043843388557434, 0.3140178620815277
0.9353868961334229, 0.1334701031446457
0.9615549445152283, 0.27414071559906006
1.1498736143112183, 0.25428301095962524
1.215753197669983, 0.4406128525733948
1.0465867519378662, 0.19621391594409943
0.8983893990516663, 0.26379069685935974
1.0387684106826782, 0.2967272698879242
1.063334584236145, 0.2705252468585968
1.0012397766113281, 0.21107053756713867
1.2322291135787964, 0.3789820075035095
0.9275103807449341, 0.22016076743602753
1.1382379531860352, 0.37111303210258484
0.9828479886054993, 0.3280516266822815
1.0883591175079346, 0.2553902566432953
1.1262141466140747, 0.33395442366600037
0.9659979343414307, 0.24703897535800934
1.0720417499542236, 0.28307169675827026
0.9054502844810486, 0.23009654879570007
0.9400671720504761, 0.2531435489654541
1.1511130332946777, 0.23010259866714478
1.0068507194519043, 0.2889983057975769
1.2182927131652832, 0.40153074264526367
1.2945226430892944, 0.3860085606575012
1.2574007511138916, 0.36355462670326233
0.9873140454292297, 0.30472901463508606
1.2026774883270264, 0.5184164047241211
0.9914124011993408, 0.17785921692848206
0.9713082909584045, 0.2019496113061905
0.9839781522750854, 0.2266058772802353
0.9669187664985657, 0.2664112448692322
1.0872719287872314, 0.3907410204410553
1.0921821594238281, 0.29452216625213623
1.0102896690368652, 0.21337419748306274
1.0330002307891846, 0.32524797320365906
1.2219469547271729, 0.40592241287231445
1.0613906383514404, 0.3063507080078125
