mean, std
0.3294895887374878, 0.017586054280400276
0.3295292854309082, 0.017641765996813774
0.33046212792396545, 0.018405867740511894
0.32691389322280884, 0.015961743891239166
0.32788270711898804, 0.01569058746099472
0.329886257648468, 0.01849023997783661
0.3296087086200714, 0.01787375845015049
0.3299455940723419, 0.027397921308875084
0.3278106451034546, 0.020760560408234596
0.32795068621635437, 0.020914744585752487
0.31180670857429504, 0.029594097286462784
0.2224338799715042, 0.02661541849374771
0.19606883823871613, 0.013188764452934265
0.1796347051858902, 0.014422722160816193
0.17125485837459564, 0.013699074275791645
0.1669301688671112, 0.010715256445109844
0.1672057807445526, 0.012795787304639816
0.1666187047958374, 0.011886545456945896
0.16693256795406342, 0.01652313768863678
0.16662321984767914, 0.01196766085922718
0.16616246104240417, 0.012867679819464684
0.1665346771478653, 0.01139448769390583
0.16570785641670227, 0.0105922045186162
0.16615910828113556, 0.011409289203584194
0.1668430119752884, 0.01105519849807024
0.1670093983411789, 0.010548874735832214
0.1673339158296585, 0.01194924395531416
0.1666492372751236, 0.009609068743884563
0.16716046631336212, 0.01212193164974451
0.1664324551820755, 0.014185803011059761
0.16742968559265137, 0.01095847599208355
0.16712191700935364, 0.012056604959070683
0.16620475053787231, 0.012194509617984295
0.16677062213420868, 0.013294157572090626
0.1659158170223236, 0.013774503022432327
0.16626162827014923, 0.01574605330824852
0.16607604920864105, 0.01463896594941616
0.1658213585615158, 0.0133550139144063
0.16637438535690308, 0.013473163358867168
0.16670343279838562, 0.008517074398696423
0.16616971790790558, 0.01131585706025362
0.16650278866291046, 0.011867365799844265
0.16765908896923065, 0.012533902190625668
0.16614748537540436, 0.012781872414052486
0.16703881323337555, 0.013475258834660053
0.16550835967063904, 0.017743265256285667
0.1660686731338501, 0.012347216717898846
0.167318657040596, 0.01156480610370636
0.16611415147781372, 0.013268070295453072
0.16665595769882202, 0.008631293661892414
0.16653913259506226, 0.012908515520393848
0.1655864417552948, 0.01635911874473095
0.1656932532787323, 0.014510937966406345
0.16635757684707642, 0.011458326131105423
0.16645480692386627, 0.011789258569478989
0.16677360236644745, 0.012270582839846611
0.16634351015090942, 0.010964320041239262
0.1661505252122879, 0.013384852558374405
0.16669507324695587, 0.010085459798574448
0.16625483334064484, 0.013347451575100422
0.16527202725410461, 0.011614249087870121
0.16668325662612915, 0.010198603384196758
0.16641688346862793, 0.01175105944275856
0.16602294147014618, 0.012586981058120728
0.16705380380153656, 0.011064250022172928
0.16570444405078888, 0.014728105627000332
0.1653851866722107, 0.011069553904235363
0.16520869731903076, 0.015650639310479164
0.16606728732585907, 0.0095265693962574
0.16493093967437744, 0.014020483940839767
0.1646960973739624, 0.012915689498186111
0.16568727791309357, 0.011347225867211819
0.16572988033294678, 0.012564160861074924
0.16437239944934845, 0.009961524978280067
0.16692590713500977, 0.010204988531768322
0.16562049090862274, 0.011284353211522102
0.16586163640022278, 0.010961703024804592
0.16472549736499786, 0.015862688422203064
0.16526447236537933, 0.01278037391602993
0.1658446490764618, 0.012207970023155212
0.16454805433750153, 0.009732373058795929
0.1648939698934555, 0.013100181706249714
0.16499069333076477, 0.01088336668908596
0.16471357643604279, 0.014861217699944973
0.16540654003620148, 0.012750478461384773
0.16482004523277283, 0.011254288256168365
0.16490662097930908, 0.014116319827735424
0.16404208540916443, 0.01402257289737463
0.16644372045993805, 0.010503409430384636
0.1660384088754654, 0.013351229950785637
0.1651117354631424, 0.010341080836951733
0.16600266098976135, 0.014026542194187641
0.1654951572418213, 0.01008903980255127
0.16417840123176575, 0.009980258531868458
0.16454465687274933, 0.014547787606716156
0.16609402000904083, 0.009117798879742622
0.1650840789079666, 0.010303286835551262
0.16569636762142181, 0.009009333327412605
0.16442647576332092, 0.014183205552399158
0.1651378571987152, 0.010083163157105446
0.1652911752462387, 0.009507182985544205
0.16412654519081116, 0.010721931234002113
0.16527600586414337, 0.01250078808516264
0.1642232984304428, 0.007559827528893948
0.1641416996717453, 0.010796158574521542
0.1642332822084427, 0.014595752581954002
0.16468174755573273, 0.011654747650027275
0.16432209312915802, 0.0075533101335167885
0.16288167238235474, 0.01212343480437994
0.16463418304920197, 0.010417509824037552
0.1636415272951126, 0.01064448431134224
0.16358715295791626, 0.0157760102301836
0.16245536506175995, 0.013421153649687767
0.16335038840770721, 0.011860430240631104
0.16343112289905548, 0.01238997746258974
0.16350007057189941, 0.012591156177222729
0.16250061988830566, 0.012345360592007637
0.16136930882930756, 0.016172239556908607
0.16384942829608917, 0.01140336599200964
0.16279032826423645, 0.01298458967357874
0.16184623539447784, 0.01013341173529625
0.16276349127292633, 0.01370262447744608
0.16279523074626923, 0.015069583430886269
0.16118818521499634, 0.013413743115961552
0.160800501704216, 0.013657542876899242
0.1597280204296112, 0.009283065795898438
0.16021828353405, 0.011339577846229076
0.16118837893009186, 0.011629902757704258
0.15986520051956177, 0.01666470430791378
0.15769360959529877, 0.013544807210564613
0.15870383381843567, 0.011476683430373669
0.15948088467121124, 0.011488402262330055
0.1581701934337616, 0.012926275841891766
0.15779633820056915, 0.013518772087991238
0.15783411264419556, 0.015322580933570862
0.1592375785112381, 0.010364381596446037
0.15896888077259064, 0.014263876713812351
0.1575727015733719, 0.013692105188965797
0.15636451542377472, 0.011927208863198757
0.1590089350938797, 0.007253808435052633
0.1585998833179474, 0.010841005481779575
0.15698949992656708, 0.019349373877048492
0.15618915855884552, 0.014102725312113762
0.15708085894584656, 0.009151754900813103
0.15618044137954712, 0.01346533466130495
0.15689414739608765, 0.010826241225004196
0.15693546831607819, 0.011511295102536678
0.15665864944458008, 0.013352991081774235
0.15562741458415985, 0.012232409790158272
0.155581995844841, 0.014437991194427013
0.15567146241664886, 0.019054090604186058
0.15592001378536224, 0.015047183260321617
0.15656565129756927, 0.011141397058963776
0.15866032242774963, 0.011650515720248222
0.1563388854265213, 0.015801623463630676
0.15581531822681427, 0.012886840850114822
0.1556226760149002, 0.012855462729930878
0.15790323913097382, 0.01239172462373972
0.15456120669841766, 0.016162702813744545
0.15667381882667542, 0.011557399295270443
0.15529964864253998, 0.01000180933624506
0.15495939552783966, 0.011302502825856209
0.1557290107011795, 0.013044928200542927
0.15498800575733185, 0.01268518902361393
0.1560680866241455, 0.012672936543822289
0.154754176735878, 0.017746470868587494
0.15483476221561432, 0.01226773951202631
0.1548273116350174, 0.013750890269875526
0.15540599822998047, 0.014487456530332565
0.15572696924209595, 0.01233726367354393
0.15694983303546906, 0.012151550501585007
0.1563367396593094, 0.013140910305082798
0.15599854290485382, 0.013643244281411171
0.15543332695960999, 0.012153676711022854
0.156110018491745, 0.011179979890584946
0.15516743063926697, 0.015502836555242538
0.15577414631843567, 0.01601259410381317
0.15357454121112823, 0.012031776830554008
0.15516531467437744, 0.013313395902514458
0.15520431101322174, 0.009721503593027592
0.15441767871379852, 0.010964709334075451
0.15390507876873016, 0.016589848324656487
0.15384185314178467, 0.016477810218930244
0.15406973659992218, 0.014672939665615559
0.15681739151477814, 0.009014689363539219
0.15466107428073883, 0.008969034068286419
0.1538255661725998, 0.01217467151582241
0.15445035696029663, 0.014108319766819477
0.15597271919250488, 0.01289304904639721
0.15576593577861786, 0.0076281786896288395
0.15485985577106476, 0.011250229552388191
0.15488196909427643, 0.013740702532231808
0.15499620139598846, 0.012101145461201668
0.15375860035419464, 0.011138702742755413
0.1563892811536789, 0.01475507766008377
0.15387962758541107, 0.012622646056115627
0.15491729974746704, 0.012328103184700012
0.1539497971534729, 0.01130997110158205
0.15563063323497772, 0.015256434679031372
0.15477831661701202, 0.012072460725903511
0.1553700715303421, 0.01707134209573269
0.15462417900562286, 0.011459293775260448
0.15459910035133362, 0.011914274655282497
0.1538419872522354, 0.014965605922043324
0.154982328414917, 0.011842363514006138
0.1551058292388916, 0.013202817179262638
0.1542152762413025, 0.013252110220491886
0.1550017148256302, 0.013029844500124454
0.15515054762363434, 0.012889597564935684
0.1546071618795395, 0.013585660606622696
0.15515631437301636, 0.012136971578001976
0.15415136516094208, 0.015830032527446747
0.1534278243780136, 0.01522611640393734
0.15463706851005554, 0.010929864831268787
0.1536683738231659, 0.014669115655124187
0.15355755388736725, 0.010212129913270473
0.1544261872768402, 0.013810711912810802
0.1525946855545044, 0.013003607280552387
0.1548174023628235, 0.01095736026763916
0.15406982600688934, 0.013957646675407887
0.1533064842224121, 0.014735115692019463
0.15268857777118683, 0.01412905938923359
0.15323761105537415, 0.01009636465460062
0.15376417338848114, 0.009092272259294987
0.1528705209493637, 0.008362033404409885
0.15326839685440063, 0.01161763072013855
0.15364664793014526, 0.012549093924462795
0.15285438299179077, 0.013665844686329365
0.1529967486858368, 0.00936082098633051
0.15199755132198334, 0.010971427895128727
0.15251046419143677, 0.011769011616706848
0.1522538810968399, 0.016163161024451256
0.15430141985416412, 0.012755204923450947
0.15472503006458282, 0.01364613976329565
0.15834729373455048, 0.015497472137212753
0.15785349905490875, 0.016626056283712387
0.15496642887592316, 0.011777627281844616
0.15510399639606476, 0.012615025974810123
0.1528252363204956, 0.01272156834602356
0.15148235857486725, 0.008668513037264347
0.15113580226898193, 0.010229651816189289
0.14740808308124542, 0.01084909401834011
0.14842700958251953, 0.010911987163126469
0.14649304747581482, 0.012184548191726208
0.14829090237617493, 0.011111618019640446
0.14676234126091003, 0.011364240199327469
0.14691327512264252, 0.012561291456222534
0.14605577290058136, 0.010565918870270252
0.14603956043720245, 0.01612149365246296
0.14483481645584106, 0.011940094642341137
0.14484664797782898, 0.013586260378360748
0.14528633654117584, 0.010772239416837692
0.14412479102611542, 0.01122424565255642
0.14655150473117828, 0.012356447987258434
0.14519397914409637, 0.01469101570546627
0.14532150328159332, 0.011116421781480312
0.14380957186222076, 0.008995773270726204
0.1442134976387024, 0.014688504859805107
0.14325818419456482, 0.011652435176074505
0.14257767796516418, 0.011759063228964806
0.14368267357349396, 0.009820888750255108
0.14438915252685547, 0.01490599662065506
0.14385390281677246, 0.015767524018883705
0.14298047125339508, 0.010338631458580494
0.14290566742420197, 0.014867817051708698
0.14432880282402039, 0.01383193302899599
0.14337001740932465, 0.012608848512172699
0.14384500682353973, 0.014474510215222836
0.14337913691997528, 0.009182165376842022
0.14352945983409882, 0.018844252452254295
0.14337415993213654, 0.0144655741751194
0.14292769134044647, 0.013705370016396046
0.1425406038761139, 0.017500383779406548
0.14358079433441162, 0.011054924689233303
0.14218132197856903, 0.013977247290313244
0.1415044665336609, 0.010547778569161892
0.1422111988067627, 0.012441428378224373
0.14185887575149536, 0.01192287914454937
0.1420588195323944, 0.013578664511442184
0.14233681559562683, 0.015383193269371986
0.14141631126403809, 0.015287507325410843
0.14199307560920715, 0.012020651251077652
0.1423330307006836, 0.012179959565401077
0.14120036363601685, 0.014392483979463577
0.14230722188949585, 0.013958626426756382
0.14081764221191406, 0.010599114932119846
0.14111338555812836, 0.0114292586222291
0.14226362109184265, 0.011352638714015484
0.1431989222764969, 0.013870177790522575
0.14129365980625153, 0.0142003009095788
0.1423201858997345, 0.013523215427994728
0.14199282228946686, 0.010783144272863865
0.1405489444732666, 0.010703297331929207
0.14153337478637695, 0.01632733643054962
0.1418081670999527, 0.009938971139490604
0.1422453671693802, 0.011437992565333843
0.1423010677099228, 0.014190134592354298
0.14082911610603333, 0.010467163287103176
0.1410430371761322, 0.010628977790474892
0.14010459184646606, 0.011735701933503151
0.14174194633960724, 0.007149039767682552
0.1413978934288025, 0.013821725733578205
0.14222724735736847, 0.009740098379552364
0.14091534912586212, 0.01594955287873745
0.13985177874565125, 0.01790808141231537
0.14076872169971466, 0.011947848834097385
0.14206650853157043, 0.01126680988818407
0.1412447690963745, 0.01155892200767994
0.1415395587682724, 0.01143181137740612
0.1421554982662201, 0.011720863170921803
0.1402890682220459, 0.012672734446823597
0.1394919753074646, 0.011546071618795395
0.1391015350818634, 0.017021419480443
0.14055705070495605, 0.010640875436365604
0.1409321278333664, 0.015498715452849865
0.14217519760131836, 0.010944610461592674
0.1412287801504135, 0.015707172453403473
0.1399335414171219, 0.014934038743376732
0.14070597290992737, 0.016831647604703903
0.13964717090129852, 0.011790127493441105
0.14168336987495422, 0.012916281819343567
0.14209692180156708, 0.010970409959554672
0.13941064476966858, 0.017342522740364075
0.13938665390014648, 0.01454613171517849
0.13963933289051056, 0.012743223458528519
0.13988932967185974, 0.012141149491071701
0.13995207846164703, 0.013134527951478958
0.1378193199634552, 0.01329166628420353
0.1385708749294281, 0.014844913966953754
0.13949750363826752, 0.010864018462598324
0.1399286985397339, 0.015133867971599102
0.14052417874336243, 0.010439044795930386
0.14016887545585632, 0.012451828457415104
0.13826176524162292, 0.010592568665742874
0.13973000645637512, 0.007582811173051596
0.14093853533267975, 0.01433112658560276
0.14069117605686188, 0.01577293500304222
0.14082147181034088, 0.013396729715168476
0.139657661318779, 0.012025136500597
0.14048005640506744, 0.01364914607256651
0.13939355313777924, 0.015385039150714874
0.1402146965265274, 0.012275910936295986
0.1398843675851822, 0.01108314748853445
0.13832099735736847, 0.010770156048238277
0.1378941386938095, 0.009493782185018063
0.1389997899532318, 0.01231913361698389
0.13640956580638885, 0.015217146836221218
0.13708928227424622, 0.009299654513597488
0.1377122551202774, 0.012892931699752808
0.13637550175189972, 0.012213281355798244
0.13827303051948547, 0.012259216979146004
0.13752171397209167, 0.010920005850493908
0.13679556548595428, 0.011617262847721577
0.13727682828903198, 0.013410544022917747
0.13702531158924103, 0.013132521882653236
0.1376296579837799, 0.010258866474032402
0.13570936024188995, 0.013984724879264832
0.1377151757478714, 0.016651390120387077
0.1360413283109665, 0.013149745762348175
0.13738632202148438, 0.012146461755037308
0.1371334344148636, 0.013374801725149155
0.13545675575733185, 0.01728842407464981
0.13632605969905853, 0.014080793596804142
0.1344136744737625, 0.010860933922231197
0.13593927025794983, 0.012235007248818874
0.13496655225753784, 0.010721678845584393
0.13664740324020386, 0.012895855121314526
0.13506394624710083, 0.012536000460386276
0.13423171639442444, 0.013215715996921062
0.13587601482868195, 0.010547125712037086
0.1352982223033905, 0.014946331270039082
0.1357363760471344, 0.015587551519274712
0.13663236796855927, 0.011065542697906494
0.13555128872394562, 0.013379761017858982
0.13559675216674805, 0.009576047770678997
0.1364714801311493, 0.01485308539122343
0.1345386803150177, 0.01098073273897171
0.13444456458091736, 0.011258818209171295
0.13481895625591278, 0.013706952333450317
0.13502909243106842, 0.013043167069554329
0.13449783623218536, 0.011710354126989841
0.13452525436878204, 0.015555246733129025
0.13620050251483917, 0.010117667727172375
0.13463415205478668, 0.016902120783925056
0.13427317142486572, 0.013980813324451447
0.13552157580852509, 0.01268010400235653
0.13429461419582367, 0.01195164117962122
0.13546617329120636, 0.009798235259950161
0.13466711342334747, 0.012665770016610622
0.1347159743309021, 0.014330138452351093
0.13577517867088318, 0.014860059134662151
0.1344439536333084, 0.013583856634795666
0.13535527884960175, 0.014679296873509884
0.13451799750328064, 0.016344865784049034
0.13557322323322296, 0.009782923385500908
0.13373689353466034, 0.01456241961568594
0.13448987901210785, 0.015624592080712318
0.13537761569023132, 0.012612249702215195
0.135351300239563, 0.013621287420392036
0.13587228953838348, 0.016573697328567505
0.13628113269805908, 0.014567512087523937
0.13504835963249207, 0.009457044303417206
0.13544999063014984, 0.011643804609775543
0.13468720018863678, 0.012788332998752594
0.13531620800495148, 0.012340117245912552
0.1345459371805191, 0.01850251667201519
0.1350223571062088, 0.014478428289294243
0.1339413821697235, 0.010439767502248287
0.13565921783447266, 0.011717487126588821
0.1349027454853058, 0.014985758811235428
0.1327059417963028, 0.011313596740365028
0.1356414407491684, 0.008586553856730461
0.13524004817008972, 0.010070698335766792
0.13485600054264069, 0.013768944889307022
0.13629312813282013, 0.008731912821531296
0.1346665918827057, 0.01110653392970562
0.1350441575050354, 0.014664256945252419
0.13426513969898224, 0.0126004284247756
0.13375496864318848, 0.013062688522040844
0.13405296206474304, 0.01580038294196129
0.13500703871250153, 0.01405579037964344
0.13389547169208527, 0.00885486975312233
0.13379503786563873, 0.013174384832382202
0.13344402611255646, 0.010605252347886562
0.1332719624042511, 0.009177476167678833
0.13253866136074066, 0.006517176516354084
0.13398964703083038, 0.0129852881655097
0.1338430792093277, 0.009504473768174648
0.13248176872730255, 0.01278182677924633
0.13283951580524445, 0.010741591453552246
0.13322243094444275, 0.01271664910018444
0.13293007016181946, 0.013731511309742928
0.13362501561641693, 0.012541194446384907
0.1343558430671692, 0.01347385998815298
0.13329868018627167, 0.013140778988599777
0.13200341165065765, 0.013307762332260609
0.13185963034629822, 0.012293108738958836
0.1331610381603241, 0.008783979341387749
0.13308663666248322, 0.013729454949498177
0.13245539367198944, 0.011069078929722309
0.13225941359996796, 0.013596717268228531
0.13272707164287567, 0.008750411681830883
0.1310388743877411, 0.012678248807787895
0.131846621632576, 0.011816906742751598
0.1310267150402069, 0.016024082899093628
0.13405917584896088, 0.013179964385926723
0.13337048888206482, 0.009785913862287998
0.13247352838516235, 0.011860700324177742
0.13079608976840973, 0.010191958397626877
0.1304052770137787, 0.011197032406926155
0.1314755529165268, 0.010712597519159317
0.13258913159370422, 0.012218908406794071
0.129254549741745, 0.013658784329891205
0.1308441162109375, 0.012368818745017052
0.13174225389957428, 0.013879386708140373
0.13134422898292542, 0.013540082611143589
0.13040529191493988, 0.012704961001873016
0.1318361759185791, 0.01231446210294962
0.1296590268611908, 0.014157230965793133
0.13043774664402008, 0.008889847435057163
0.1296251118183136, 0.012767098844051361
0.13083516061306, 0.014953821897506714
0.1304318904876709, 0.009863265790045261
0.13054297864437103, 0.01043750997632742
0.1290910542011261, 0.010038962587714195
0.13148276507854462, 0.008149616420269012
0.1292933225631714, 0.0136883445084095
0.13111096620559692, 0.012571977451443672
0.1298261284828186, 0.012733613140881062
0.13149386644363403, 0.009869368746876717
0.1301768571138382, 0.015337768942117691
0.12996497750282288, 0.01273275539278984
0.12893390655517578, 0.011298571713268757
0.12866710126399994, 0.013522687368094921
0.12894375622272491, 0.013664922676980495
0.12839150428771973, 0.01464838907122612
0.13045385479927063, 0.0142996059730649
0.12924844026565552, 0.009118087589740753
0.1292414516210556, 0.010575385764241219
0.13032647967338562, 0.01112537644803524
0.12887316942214966, 0.016117850318551064
0.13097433745861053, 0.012775898911058903
0.13124175369739532, 0.016390599310398102
0.13063299655914307, 0.009862651117146015
0.12993106245994568, 0.010549414902925491
0.12971392273902893, 0.013038733042776585
0.12934154272079468, 0.013083402067422867
0.1286686807870865, 0.01351140532642603
0.13010424375534058, 0.00940243061631918
0.1267315149307251, 0.012872917577624321
0.1280708611011505, 0.013460812158882618
0.13029983639717102, 0.011964929290115833
0.1316481977701187, 0.013259949162602425
0.1323181539773941, 0.015323224477469921
0.1312502771615982, 0.00974771473556757
0.1307995468378067, 0.01472536288201809
0.12929250299930573, 0.012667210772633553
0.12983760237693787, 0.015581069514155388
0.13004039227962494, 0.01087408047169447
0.13167829811573029, 0.013721724972128868
0.12925224006175995, 0.008402133360505104
0.12881125509738922, 0.012461003847420216
0.12946674227714539, 0.012712182477116585
0.12665650248527527, 0.018235325813293457
0.12720824778079987, 0.011068177409470081
0.1273544579744339, 0.011159251444041729
0.12560886144638062, 0.010098342783749104
0.12549002468585968, 0.0162019282579422
0.12449761480093002, 0.013946239836513996
0.12677356600761414, 0.013504564762115479
0.12735803425312042, 0.011438787914812565
0.12582246959209442, 0.010488142259418964
0.12585310637950897, 0.013155961409211159
0.12519700825214386, 0.010645941831171513
0.12338719516992569, 0.013552938587963581
0.12202262878417969, 0.013473366387188435
0.12432754039764404, 0.012733575887978077
0.12566687166690826, 0.010755078867077827
0.12365349382162094, 0.009836864657700062
0.12361951917409897, 0.013666820712387562
0.12186446785926819, 0.012843262404203415
0.11993660032749176, 0.013259192928671837
0.1212349608540535, 0.014290807768702507
0.11944407969713211, 0.009612242691218853
0.12006989121437073, 0.012427044101059437
0.11994637548923492, 0.015022833831608295
0.1187172457575798, 0.009414834901690483
0.11773820966482162, 0.009919213131070137
0.12001555413007736, 0.009573678486049175
0.11994334310293198, 0.01030476950109005
0.11699899286031723, 0.011166182346642017
0.11460205167531967, 0.009444755502045155
0.11422370374202728, 0.007466922979801893
0.11633385717868805, 0.009999457746744156
0.11587245017290115, 0.008558683097362518
0.11418019235134125, 0.008278758265078068
0.11438903957605362, 0.012870058417320251
0.11581145226955414, 0.009758689440786839
0.11445833742618561, 0.012601207941770554
0.1149376779794693, 0.010398413054645061
0.1140889972448349, 0.012552250176668167
0.11358773708343506, 0.009085140191018581
0.11209307610988617, 0.0074265943840146065
0.11157749593257904, 0.013502337969839573
0.11398705095052719, 0.011378790251910686
0.11242156475782394, 0.011087212711572647
0.11234147101640701, 0.011562175117433071
0.11307767033576965, 0.011392050422728062
0.11429289728403091, 0.008884385228157043
0.1124981939792633, 0.011186406947672367
0.11287299543619156, 0.010621177032589912
0.11215991526842117, 0.010532498359680176
0.11059904843568802, 0.009187364019453526
0.11081959307193756, 0.011351319029927254
0.11103574186563492, 0.007864431478083134
0.11259543895721436, 0.011161449365317822
0.11288254708051682, 0.01026088185608387
0.11175709217786789, 0.012039358727633953
0.1130347028374672, 0.012431293725967407
0.11243089288473129, 0.009535574354231358
0.11133860051631927, 0.011975427158176899
0.11154083162546158, 0.009264982305467129
0.11255653947591782, 0.008801838383078575
0.11010905355215073, 0.009646452963352203
0.11013591289520264, 0.010683723725378513
0.11013313382863998, 0.007929611951112747
0.10878103971481323, 0.011579259298741817
0.1094094067811966, 0.010050543583929539
0.11014804989099503, 0.011373206041753292
0.10997693985700607, 0.009703326970338821
0.10823511332273483, 0.009898028336465359
0.10806304216384888, 0.009904910810291767
0.10968724638223648, 0.007976098917424679
0.1084069311618805, 0.010560805909335613
0.10749171674251556, 0.011322064325213432
0.10750540345907211, 0.00960416067391634
0.10829956084489822, 0.012323864735662937
0.10927904397249222, 0.010123614221811295
0.10762705653905869, 0.009463814087212086
0.1066250279545784, 0.008395129814743996
0.10860758274793625, 0.008471621200442314
0.10823716223239899, 0.006244766525924206
0.10645780712366104, 0.008220622316002846
0.10768846422433853, 0.009702791459858418
0.10696288198232651, 0.006144242361187935
0.10623504221439362, 0.0075079468078911304
0.1070522591471672, 0.01197892613708973
0.10655786097049713, 0.007865043357014656
0.10705158114433289, 0.010128453373908997
0.1087961420416832, 0.01133352518081665
0.10802672058343887, 0.00824162270873785
0.10614104568958282, 0.009351825341582298
0.10738182812929153, 0.009825664572417736
0.10635676980018616, 0.007071578875184059
0.10631125420331955, 0.006057034246623516
0.1064440980553627, 0.009702331386506557
0.1072438582777977, 0.0089334137737751
0.10539921373128891, 0.011787389405071735
0.10581973195075989, 0.010613457299768925
0.10625014454126358, 0.010127786546945572
0.10456795245409012, 0.00895913690328598
0.10530209541320801, 0.012652156874537468
0.10467101633548737, 0.007514230441302061
0.10519316792488098, 0.01123090460896492
0.10474806278944016, 0.0073727830313146114
0.10508804023265839, 0.010254389606416225
0.10568930208683014, 0.008212446235120296
0.10416202992200851, 0.009608853608369827
0.10449500381946564, 0.008707755245268345
0.10434398055076599, 0.008575588464736938
0.10328671336174011, 0.011301074177026749
0.1035168319940567, 0.011406609788537025
0.10616562515497208, 0.009484747424721718
0.10240864753723145, 0.010431502014398575
0.10375028103590012, 0.0073959119617938995
0.10543635487556458, 0.01055638212710619
0.10455251485109329, 0.0053338115103542805
0.10415810346603394, 0.009731651283800602
0.10362392663955688, 0.008220899850130081
0.10293996334075928, 0.011433555744588375
0.10326132923364639, 0.009806239046156406
0.10398980975151062, 0.011668720282614231
0.10635028779506683, 0.008886477909982204
0.10370837897062302, 0.011847942136228085
0.10301198810338974, 0.007050907704979181
0.10181902348995209, 0.009581166319549084
0.10273642838001251, 0.008940836414694786
0.10157205164432526, 0.011486392468214035
0.1034199520945549, 0.009258531965315342
0.10419894009828568, 0.00797894224524498
0.10442385822534561, 0.008050361648201942
0.10251060873270035, 0.01194180827587843
0.10311666876077652, 0.010406699031591415
0.10243376344442368, 0.010807960294187069
0.10318069159984589, 0.0077605172991752625
0.10342202335596085, 0.010074889287352562
0.10129596292972565, 0.010354775935411453
0.10111003369092941, 0.008962657302618027
0.10027722269296646, 0.009451347403228283
0.10416335612535477, 0.008410058915615082
0.10211548954248428, 0.010547355748713017
0.10074486583471298, 0.008459084667265415
0.10186603665351868, 0.008952988311648369
0.10157358646392822, 0.00781722366809845
0.10157831013202667, 0.006708951201289892
0.10255555063486099, 0.00749935582280159
0.10212472826242447, 0.009972790256142616
0.10395318269729614, 0.00899176113307476
0.10288277268409729, 0.008546466939151287
0.10317054390907288, 0.010129526257514954
0.10372889786958694, 0.00680246576666832
0.10268191248178482, 0.008467892184853554
0.1023619994521141, 0.008662858977913857
0.10392724722623825, 0.008946291171014309
0.10342023521661758, 0.008869211189448833
0.10199575871229172, 0.008104688487946987
0.1002591997385025, 0.007857609540224075
0.10178935527801514, 0.01077389158308506
0.10146167129278183, 0.007266007363796234
0.10135477781295776, 0.008889047428965569
0.10069652646780014, 0.010876564309000969
0.10026666522026062, 0.007550673559308052
0.10182478278875351, 0.008902129717171192
0.1016087532043457, 0.007463544607162476
0.10254351794719696, 0.011070288717746735
0.1002919003367424, 0.00785934366285801
0.1010374054312706, 0.00954030267894268
0.09969305992126465, 0.007077255751937628
0.09970251470804214, 0.008418948389589787
0.10111520439386368, 0.009407635778188705
0.09978965669870377, 0.007497828453779221
0.09866256266832352, 0.008321444503962994
0.1011103093624115, 0.007023891434073448
0.10046037286520004, 0.013914167881011963
0.10034403949975967, 0.011073913425207138
0.10062643885612488, 0.007878139615058899
0.0991087555885315, 0.0090726213529706
0.10025200992822647, 0.007987957447767258
0.10036004334688187, 0.009493893943727016
0.09835536777973175, 0.010537034831941128
0.09839632362127304, 0.007602332625538111
0.09793033450841904, 0.008909659460186958
0.09984195232391357, 0.009213686920702457
0.10014886409044266, 0.005671455059200525
0.09884081780910492, 0.007256480865180492
0.09716546535491943, 0.0090547576546669
0.09739482402801514, 0.006158876698464155
0.09686353802680969, 0.008144080638885498
0.0979367271065712, 0.006957815028727055
0.09978415071964264, 0.008705444633960724
0.10058055818080902, 0.010280638933181763
0.09794846177101135, 0.012606337666511536
0.09928189218044281, 0.009363851509988308
0.09717167168855667, 0.011103464290499687
0.09901758283376694, 0.007125133648514748
0.09836024045944214, 0.007427926640957594
0.09660717099905014, 0.009132906794548035
0.09854456782341003, 0.008817869238555431
0.10036573559045792, 0.009477650746703148
0.09813367575407028, 0.01088027749210596
0.1001385748386383, 0.008530770428478718
0.09979017823934555, 0.008625081740319729
0.09823232144117355, 0.009030627086758614
0.09788637608289719, 0.008765026926994324
0.098042793571949, 0.008268531411886215
0.09715617448091507, 0.008823560550808907
0.0981382504105568, 0.007758968975394964
0.09661481529474258, 0.011502537876367569
0.09718278795480728, 0.009802854619920254
0.09936103969812393, 0.00861890334635973
0.09816653281450272, 0.007382871583104134
0.09791098535060883, 0.009756435640156269
0.10035107284784317, 0.009565632790327072
0.09698561578989029, 0.005673356354236603
0.09791479259729385, 0.006670287810266018
0.09747429192066193, 0.0062231081537902355
0.0983370989561081, 0.008132582530379295
0.0965648889541626, 0.012362906709313393
0.09738853573799133, 0.00901561789214611
0.09665026515722275, 0.007821349427103996
0.09547802805900574, 0.010541380383074284
0.09682223200798035, 0.010052851401269436
0.09566899389028549, 0.007399296388030052
0.09584598243236542, 0.009549946524202824
0.09512937813997269, 0.0069037554785609245
0.09869805723428726, 0.010160568170249462
0.09813901782035828, 0.006605920847505331
0.0979563519358635, 0.006399497389793396
0.09789881855249405, 0.00767136225476861
0.09772948175668716, 0.010299820452928543
0.09836307913064957, 0.00784139335155487
0.09823371469974518, 0.007605514023452997
0.09634646028280258, 0.0067133777774870396
0.09534267336130142, 0.007994933985173702
0.09613261371850967, 0.009045444428920746
0.09663970023393631, 0.009914712980389595
0.09591006487607956, 0.009379812516272068
0.09686396270990372, 0.006743248552083969
0.09683570265769958, 0.008897517807781696
0.09572681039571762, 0.004419130738824606
0.09793466329574585, 0.009537884034216404
0.09439561516046524, 0.009041833691298962
0.09420318156480789, 0.009267984889447689
0.09478448331356049, 0.007988620549440384
0.09523633867502213, 0.008886042051017284
0.099086694419384, 0.009166764095425606
0.09872458875179291, 0.009966163896024227
0.09701142460107803, 0.010478192940354347
0.10266139358282089, 0.007341296412050724
0.0978495329618454, 0.007540568243712187
0.09581014513969421, 0.00711952755227685
0.09511082619428635, 0.005640799179673195
0.0944199413061142, 0.011652499437332153
0.09499983489513397, 0.007914932444691658
0.09583669155836105, 0.009127246215939522
0.09764378517866135, 0.00751175731420517
0.10085891932249069, 0.008686589077115059
0.09786587208509445, 0.009585238993167877
0.09655192494392395, 0.007509041111916304
0.09474054723978043, 0.009454620070755482
0.09632991254329681, 0.007452287711203098
0.09592440724372864, 0.008158099837601185
0.09535390138626099, 0.007630261592566967
0.0951070562005043, 0.008278889581561089
0.09697147458791733, 0.005476676858961582
0.09528052061796188, 0.00902640726417303
0.09396559000015259, 0.009222518652677536
0.09532703459262848, 0.009134662337601185
0.09319767355918884, 0.0072038182988762856
0.09398684650659561, 0.0082438625395298
0.09526610374450684, 0.0081367501989007
0.0951230376958847, 0.01097666472196579
0.09532690048217773, 0.011270767077803612
0.09436634927988052, 0.006234417669475079
0.09448302537202835, 0.009180262684822083
0.09459859877824783, 0.007913828827440739
0.09501739591360092, 0.006861884146928787
0.09408693760633469, 0.009693539701402187
0.09491699188947678, 0.006759033538401127
0.09570078551769257, 0.007678583730012178
0.09481778740882874, 0.00844727735966444
0.09831896424293518, 0.009014323353767395
0.09752626717090607, 0.005568856839090586
0.09607994556427002, 0.009022267535328865
0.09315390884876251, 0.009855536743998528
0.09357961267232895, 0.007213752716779709
0.09658343344926834, 0.007987168617546558
0.09547724574804306, 0.006093495059758425
0.09277217835187912, 0.006799944676458836
0.09471345692873001, 0.006835340987890959
0.09343856573104858, 0.012242399156093597
0.09540412575006485, 0.008983624167740345
0.0961114764213562, 0.009409431368112564
0.09299366921186447, 0.008673497475683689
0.09347641468048096, 0.0078043388202786446
0.09313449263572693, 0.007544875144958496
0.09229085594415665, 0.008578053675591946
0.09258189797401428, 0.008047533221542835
0.0926707312464714, 0.00694434717297554
0.09246072173118591, 0.006808824371546507
0.09248866140842438, 0.008267799392342567
0.09283744543790817, 0.00818674173206091
0.09332125633955002, 0.008059228770434856
0.0924876406788826, 0.009090537205338478
0.09290323406457901, 0.010690109804272652
0.09294131398200989, 0.00939193181693554
0.09270737320184708, 0.008433334529399872
0.093710757791996, 0.007506675086915493
0.09374962002038956, 0.009655077941715717
0.09343595802783966, 0.004822428338229656
0.09532491117715836, 0.009041921235620975
0.09354308247566223, 0.007166917901486158
0.09251419454813004, 0.007269036490470171
0.09123039245605469, 0.007285034283995628
0.09322933107614517, 0.010377553291618824
0.09498202055692673, 0.009233267977833748
0.09365139156579971, 0.005792040843516588
0.09295979142189026, 0.0068450989201664925
0.09153243154287338, 0.00874505564570427
0.09281615912914276, 0.0058814543299376965
0.09250115603208542, 0.009181327186524868
0.09273527562618256, 0.010846322402358055
0.09322775900363922, 0.009241088293492794
0.09450121968984604, 0.008459844626486301
0.09269396215677261, 0.006602739915251732
0.09281781315803528, 0.004661692306399345
0.09118971973657608, 0.008850688114762306
0.0958230122923851, 0.007635797839611769
0.09619953483343124, 0.0080934539437294
0.09676359593868256, 0.006880722474306822
0.09809719026088715, 0.009828646667301655
0.10235438495874405, 0.010810168460011482
0.09960059076547623, 0.011403192766010761
0.10010196268558502, 0.008023622445762157
0.09464538097381592, 0.009374266490340233
0.09393759071826935, 0.006337953731417656
0.09363207966089249, 0.00727893877774477
0.09154720604419708, 0.007490201387554407
0.09246829897165298, 0.006365597248077393
0.09364201873540878, 0.007484156638383865
0.09312808513641357, 0.0078006102703511715
0.09035605192184448, 0.007569433189928532
0.09061381220817566, 0.009841402061283588
0.09303675591945648, 0.011590947397053242
0.09307656437158585, 0.00883970595896244
0.0953359380364418, 0.0077156550250947475
0.09244713187217712, 0.006130713038146496
0.09184131771326065, 0.008270486257970333
0.09104599058628082, 0.00931449793279171
0.08993185311555862, 0.008523964323103428
0.09145521372556686, 0.009101024828851223
0.09375869482755661, 0.006291612982749939
0.09584672749042511, 0.009867069311439991
0.09257455915212631, 0.009184804745018482
0.09261710941791534, 0.0074639772064983845
0.09181685745716095, 0.009465420618653297
0.09311655908823013, 0.007916659116744995
0.09144037961959839, 0.005901275668293238
0.0920172706246376, 0.008893432095646858
0.09364282339811325, 0.007740911561995745
0.09266018867492676, 0.006016600411385298
0.09226606041193008, 0.0072765350341796875
0.0935838371515274, 0.008079993538558483
0.09458430111408234, 0.008392665535211563
0.09254428744316101, 0.008806790225207806
0.09286234527826309, 0.010691763833165169
0.09120908379554749, 0.008306429721415043
0.09162645787000656, 0.0063617476262152195
0.09277697652578354, 0.007038033567368984
0.09258086234331131, 0.010089908726513386
0.08985751867294312, 0.01125999353826046
0.09075968712568283, 0.007589258253574371
0.09325627237558365, 0.007419235073029995
0.09553942829370499, 0.008636955171823502
0.09652260690927505, 0.010629086755216122
0.09485695511102676, 0.007831241004168987
0.09475266933441162, 0.007710629608482122
0.09524737298488617, 0.009152131155133247
0.09404607117176056, 0.008301610127091408
0.09240729361772537, 0.009793752804398537
0.09487999230623245, 0.004498299676924944
0.09368617832660675, 0.008710085414350033
0.09655425697565079, 0.00868834089487791
0.09817551076412201, 0.007716535124927759
0.09694703668355942, 0.01030695904046297
0.09942899644374847, 0.007872726768255234
0.09933625161647797, 0.009141616523265839
0.09765581041574478, 0.00858671311289072
0.09760838001966476, 0.0062577673234045506
0.095814548432827, 0.008923940360546112
0.09657687693834305, 0.007909107021987438
0.09635360538959503, 0.008163126185536385
0.09328976273536682, 0.00824817270040512
0.09677208214998245, 0.009149872697889805
0.09558621048927307, 0.007650596555322409
0.09503570944070816, 0.007033932488411665
0.09341669827699661, 0.01141685526818037
0.0918523520231247, 0.008937581442296505
0.09477277100086212, 0.00909940805286169
0.09480145573616028, 0.007995296269655228
0.09375128895044327, 0.00997081957757473
0.09545352309942245, 0.008388306014239788
0.09468111395835876, 0.006884265691041946
0.09411143511533737, 0.009571323171257973
0.09492523223161697, 0.008625980466604233
0.09280294179916382, 0.008435049094259739
0.09402480721473694, 0.010681583546102047
0.09289046376943588, 0.008676327764987946
0.09100595116615295, 0.008359931409358978
0.09138014167547226, 0.008022413589060307
0.09577561169862747, 0.01029275730252266
0.09440375864505768, 0.009085692465305328
0.0919029638171196, 0.008988410234451294
0.09256774187088013, 0.007550525479018688
0.09317394345998764, 0.008242583833634853
0.0934726819396019, 0.006785681005567312
0.09132903814315796, 0.008802327327430248
0.09234229475259781, 0.007173679769039154
0.09225612878799438, 0.00526556046679616
0.09099927544593811, 0.009577050805091858
0.09313644468784332, 0.00631670793518424
0.09204505383968353, 0.009103238582611084
0.09158989042043686, 0.008351541124284267
0.09294310212135315, 0.006169736385345459
0.09248585999011993, 0.008609691634774208
0.09239964187145233, 0.007091214880347252
0.09247615188360214, 0.005567164625972509
0.09436661750078201, 0.006653785705566406
0.0957176685333252, 0.008558702655136585
0.0973619744181633, 0.00943431444466114
0.09758500009775162, 0.008661933243274689
0.09330584108829498, 0.007785214111208916
0.09482917934656143, 0.007294391747564077
0.09357886016368866, 0.009080161340534687
0.09199108928442001, 0.008302712813019753
0.09253183752298355, 0.006777979899197817
0.09210238605737686, 0.006134358700364828
0.09495703130960464, 0.007016821298748255
0.09252779185771942, 0.010079635307192802
0.09377267956733704, 0.010510614141821861
0.09361697733402252, 0.011309490539133549
0.09295248985290527, 0.006122066639363766
0.09604325890541077, 0.007941675372421741
0.09255693107843399, 0.007423261646181345
0.09135491400957108, 0.0062881517224013805
0.09209427237510681, 0.005078933201730251
0.08996609598398209, 0.00811478216201067
0.09367196261882782, 0.004387640859931707
0.0927620530128479, 0.009755503386259079
0.0912993922829628, 0.0085655702278018
0.09143746644258499, 0.0091186398640275
0.09127817302942276, 0.006962864194065332
0.09183774143457413, 0.006607601884752512
0.0943317711353302, 0.008515425957739353
0.09739944338798523, 0.00838856864720583
0.09435524046421051, 0.006887165363878012
0.09197661280632019, 0.009528214111924171
0.09001918137073517, 0.009187242016196251
0.09230168908834457, 0.00880251545459032
0.0929805338382721, 0.007463617715984583
0.09008526057004929, 0.0075889588333666325
0.0893545001745224, 0.01021089032292366
0.08809439837932587, 0.00688971858471632
0.0905529037117958, 0.007711262907832861
0.09175322949886322, 0.004999163094907999
0.08941948413848877, 0.006038625258952379
0.09030420333147049, 0.007110185921192169
0.08976434171199799, 0.00730974180623889
0.09032116085290909, 0.007543676532804966
0.09064242988824844, 0.01081810425966978
0.09195995330810547, 0.007502331398427486
0.09561514854431152, 0.00736559322103858
0.09198015928268433, 0.006310399621725082
0.09356068074703217, 0.007999829016625881
0.09198703616857529, 0.007828820496797562
0.08983488380908966, 0.012168167158961296
0.09153620153665543, 0.007380783092230558
0.08986063301563263, 0.0064567686058580875
0.09040901809930801, 0.006267831195145845
0.09101996570825577, 0.006959098391234875
0.09135179966688156, 0.008734788745641708
0.08931078016757965, 0.008263678289949894
0.08988883346319199, 0.009115747176110744
0.08951125293970108, 0.010078616440296173
0.0891733467578888, 0.0084105608984828
0.09185583144426346, 0.008730091154575348
0.0979313999414444, 0.009944816119968891
0.09194651991128922, 0.006489663850516081
0.09075526148080826, 0.010742011480033398
0.08969888836145401, 0.008975296281278133
0.08933345228433609, 0.00687059573829174
0.09002133458852768, 0.009576273150742054
0.08912530541419983, 0.006115342956036329
0.0900702252984047, 0.00985901802778244
0.09167766571044922, 0.005707522854208946
0.09671256691217422, 0.009458220563828945
0.09727779030799866, 0.01025327667593956
0.09284098446369171, 0.005956105422228575
0.0910593718290329, 0.0080900639295578
0.09041289240121841, 0.008001400157809258
0.09030595421791077, 0.007005037274211645
0.09214180707931519, 0.008327892050147057
0.09207574278116226, 0.007602449040859938
0.09059198945760727, 0.008347589522600174
0.0904703438282013, 0.008454203605651855
0.08983448892831802, 0.006487071514129639
0.08867815881967545, 0.00953138992190361
0.09092961996793747, 0.008977621793746948
0.08920887112617493, 0.007549358066171408
0.08908174186944962, 0.0059004416689276695
0.09011901915073395, 0.009040061384439468
0.08973284810781479, 0.007760118693113327
0.09055856615304947, 0.009116578847169876
0.09024205803871155, 0.007182722445577383
0.09010016918182373, 0.007860167883336544
0.0891987681388855, 0.010522294789552689
0.0906059518456459, 0.008220948278903961
0.0905156061053276, 0.00868331827223301
0.0900605097413063, 0.006008796859532595
0.08931061625480652, 0.008477983996272087
0.09249286353588104, 0.008338128216564655
0.08945680409669876, 0.008871340192854404
0.08968444168567657, 0.00869949534535408
0.08943597972393036, 0.010235683061182499
0.08954764157533646, 0.00877978652715683
0.08843687176704407, 0.006886192597448826
0.08968131989240646, 0.00804217904806137
0.08752109110355377, 0.0065126740373671055
0.08734873682260513, 0.0080823739990592
0.08553072065114975, 0.009353550150990486
0.08650004118680954, 0.00821265485137701
0.08572784066200256, 0.007529790047556162
0.08640376478433609, 0.006748836021870375
0.08536714315414429, 0.004905153531581163
0.08540079742670059, 0.006086455192416906
0.08591991662979126, 0.006820477079600096
0.08592585474252701, 0.0058568911626935005
0.08597684651613235, 0.006135034374892712
0.0853571891784668, 0.007629532366991043
0.0855153426527977, 0.0069076609797775745
0.08538302779197693, 0.0075408099219202995
0.0849747285246849, 0.008093024604022503
0.08468066155910492, 0.005186477210372686
0.08469954878091812, 0.005440565757453442
0.08739155530929565, 0.007010048720985651
0.08565396070480347, 0.007188401650637388
0.0844801738858223, 0.007169204764068127
0.08518021553754807, 0.006949521601200104
0.08543019741773605, 0.00862505566328764
0.08592618256807327, 0.008370587602257729
0.08629605174064636, 0.006649626884609461
0.08788660913705826, 0.007336325477808714
0.08600697666406631, 0.00655086524784565
0.08471796661615372, 0.005537336226552725
0.08474414795637131, 0.007197093218564987
0.0863892063498497, 0.0096767358481884
0.08665452152490616, 0.009088346734642982
0.0850183442234993, 0.008205325342714787
0.08548887073993683, 0.006754351779818535
0.0858626738190651, 0.007903605699539185
0.0846586748957634, 0.006513186730444431
0.08369758725166321, 0.010149144567549229
0.08532007783651352, 0.006813445128500462
0.08481516689062119, 0.006294853985309601
0.08445799350738525, 0.0062952060252428055
0.08451642841100693, 0.0065946029499173164
0.08528346568346024, 0.006129722576588392
0.08458080142736435, 0.008344385772943497
0.08547339588403702, 0.007811632007360458
0.08511942625045776, 0.008233634755015373
0.08667973428964615, 0.009542617946863174
0.08673577010631561, 0.008165705017745495
0.08507604897022247, 0.005600724834948778
0.08464539051055908, 0.006222814321517944
0.0851840153336525, 0.006352139171212912
0.08485354483127594, 0.006854849401861429
0.0838131532073021, 0.007437525317072868
0.08214077353477478, 0.005329877138137817
0.0846116840839386, 0.00626085139811039
0.08555130660533905, 0.005810685455799103
0.08458980917930603, 0.0071609229780733585
0.08513950556516647, 0.009216636419296265
0.08301912248134613, 0.0039061205461621284
0.08368318527936935, 0.00735221104696393
0.08421298861503601, 0.00732634449377656
0.08363465219736099, 0.006214076187461615
0.08375900983810425, 0.007214482873678207
0.08528939634561539, 0.005554945673793554
0.08428797870874405, 0.005647066980600357
0.08384715020656586, 0.0065461378544569016
0.08446371555328369, 0.007141744252294302
0.0839182436466217, 0.006925225257873535
0.08470387011766434, 0.005556582007557154
0.08559737354516983, 0.00850748736411333
0.08694589883089066, 0.00775922043249011
0.08990297466516495, 0.007217643316835165
0.08874041587114334, 0.008805258199572563
0.09024588018655777, 0.008444835431873798
0.08860903233289719, 0.009138242341578007
0.08742199093103409, 0.0071831452660262585
0.08832608908414841, 0.006768482271581888
0.08797289431095123, 0.006757896859198809
0.0891309455037117, 0.008068090304732323
0.08692657947540283, 0.00947529636323452
0.08862759172916412, 0.00949289370328188
0.09222093969583511, 0.008336345665156841
0.09034248441457748, 0.007404943462461233
0.08641427010297775, 0.007192420307546854
0.08348921686410904, 0.007852142676711082
0.08289452642202377, 0.006500033661723137
0.08357800543308258, 0.006848324090242386
0.08223405480384827, 0.007253787014633417
0.08327309042215347, 0.006087340880185366
0.08535847812891006, 0.008114829659461975
0.0834285169839859, 0.00834526214748621
0.08324001729488373, 0.005772682838141918
0.08307758718729019, 0.0062095774337649345
0.08260933309793472, 0.007704134564846754
0.08314649015665054, 0.006959071848541498
0.083035908639431, 0.009144243784248829
0.0847228616476059, 0.007146331015974283
0.08369426429271698, 0.008269107900559902
0.08286934345960617, 0.007653219625353813
0.08275292813777924, 0.007077728398144245
0.0831802487373352, 0.007021420169621706
0.08256843686103821, 0.007634647190570831
0.08207697421312332, 0.005895892158150673
0.0833553820848465, 0.007483633700758219
0.08350275456905365, 0.006402742583304644
0.08254927396774292, 0.009012509137392044
0.08132079988718033, 0.008771215565502644
0.08281252533197403, 0.0070552523247897625
0.08238011598587036, 0.0055159456096589565
0.08192562311887741, 0.0059503898955881596
0.08442119508981705, 0.006871000397950411
0.0853494256734848, 0.005772935692220926
0.08462748676538467, 0.005177742335945368
0.08303924649953842, 0.007309622131288052
0.08482155203819275, 0.006952068768441677
0.08306806534528732, 0.006799687631428242
0.08291935920715332, 0.006921214051544666
0.08234670758247375, 0.006848157849162817
0.08450204879045486, 0.007338930852711201
0.08369378000497818, 0.004241646733134985
0.08218107372522354, 0.007219564635306597
0.0825294628739357, 0.006931748241186142
0.08311591297388077, 0.004029853735119104
0.08235809952020645, 0.007268775254487991
0.0828750729560852, 0.005731182638555765
0.08251608163118362, 0.007092595566064119
0.08242088556289673, 0.008572428487241268
0.08196675032377243, 0.006013722624629736
0.08224448561668396, 0.006290068384259939
0.08379001915454865, 0.0052656009793281555
0.08471328020095825, 0.006356653291732073
0.0828581228852272, 0.007134914863854647
0.08336248993873596, 0.006643633358180523
0.08182813227176666, 0.0075369649566709995
0.0823160782456398, 0.007195628713816404
0.0830305889248848, 0.006331547629088163
0.08287925273180008, 0.006945078726857901
0.08386194705963135, 0.006114541087299585
0.08371559530496597, 0.007956799119710922
0.08401045948266983, 0.0064353919588029385
0.08277106285095215, 0.007979028858244419
0.08327534794807434, 0.007746193092316389
0.08218824863433838, 0.005641297437250614
0.08281438052654266, 0.006696376949548721
0.08440375328063965, 0.006661549210548401
0.08469144254922867, 0.005765608046203852
0.08354182541370392, 0.006816352717578411
0.08174685388803482, 0.006343545857816935
0.08232276886701584, 0.006477195769548416
0.08246403932571411, 0.007250241935253143
0.08247512578964233, 0.008613823913037777
0.08177302777767181, 0.007640109863132238
0.08271774649620056, 0.006616419646888971
0.08193819969892502, 0.005355902947485447
0.08071978390216827, 0.007073534652590752
0.08101622015237808, 0.00755274249240756
0.08275333046913147, 0.007667844183743
0.0820985808968544, 0.004451509565114975
0.08292245119810104, 0.004097893368452787
0.08154799044132233, 0.0063747442327439785
0.08198286592960358, 0.0063094450160861015
0.08049426972866058, 0.007071447558701038
0.08457294851541519, 0.007673102896660566
0.08289159089326859, 0.00431768549606204
0.08563460409641266, 0.007705193944275379
0.08364894241094589, 0.006450977176427841
0.08204728364944458, 0.005345996934920549
0.08064987510442734, 0.008557958528399467
0.08160886913537979, 0.0070596314035356045
0.0821111649274826, 0.0073160938918590546
0.08394600450992584, 0.003995591774582863
0.08474167436361313, 0.005525512620806694
0.08348004519939423, 0.007280105259269476
0.08004183322191238, 0.006689724512398243
0.08032625913619995, 0.007570391520857811
0.08303473144769669, 0.008032143115997314
0.08221061527729034, 0.006481306627392769
0.0817040428519249, 0.006690275855362415
0.08222340047359467, 0.0054200259037315845
0.0828045904636383, 0.005235190037637949
0.08201510459184647, 0.007669063284993172
0.08085954934358597, 0.005978470202535391
0.08058973401784897, 0.007679823320358992
0.08262147009372711, 0.00863766297698021
0.08048597723245621, 0.00748491520062089
0.08012465387582779, 0.006525256671011448
0.08025750517845154, 0.005352916195988655
0.08000603318214417, 0.005925056524574757
0.080940380692482, 0.007373696658760309
0.08256454765796661, 0.004777872934937477
0.08004043251276016, 0.005452895537018776
0.08033821731805801, 0.006001858040690422
0.08137890696525574, 0.007469753734767437
0.08044562488794327, 0.006518181413412094
0.08056118339300156, 0.00801157858222723
0.08197341859340668, 0.0036338784266263247
0.08116517961025238, 0.006197723094373941
0.08061572164297104, 0.005885209888219833
0.08097389340400696, 0.00563935237005353
0.08094757050275803, 0.005399772897362709
0.08128921687602997, 0.0084086824208498
0.08115988969802856, 0.006223089527338743
0.08120392262935638, 0.006157239433377981
0.083567775785923, 0.008690772578120232
0.08316944539546967, 0.007605404127389193
0.08377696573734283, 0.008148844353854656
0.08827818185091019, 0.008990679867565632
0.09609944373369217, 0.009019402787089348
0.1006929874420166, 0.00969899632036686
0.09896303713321686, 0.007613196503371
0.09808453172445297, 0.006487969309091568
0.09844581037759781, 0.006152069196105003
0.09766064584255219, 0.0105751296505332
0.09721820056438446, 0.009262092411518097
0.0950026884675026, 0.007934711873531342
0.09762673079967499, 0.009352817200124264
0.09799187630414963, 0.009053212590515614
0.09800547361373901, 0.009677298367023468
0.09739307314157486, 0.010149965062737465
0.09766429662704468, 0.009740075096487999
0.09775286167860031, 0.009116615168750286
0.09517538547515869, 0.008072515949606895
0.0948721319437027, 0.011887763626873493
0.09515146166086197, 0.007831351831555367
0.09361730515956879, 0.008522579446434975
0.0948166474699974, 0.01037976611405611
0.09463147819042206, 0.007940885610878468
0.0946505144238472, 0.007563975639641285
0.09413659572601318, 0.00933102983981371
0.09566820412874222, 0.008127226494252682
0.09389430284500122, 0.006702786777168512
0.09491966664791107, 0.010167774744331837
0.09409642964601517, 0.010022271424531937
0.09331003576517105, 0.00869821012020111
0.0958537608385086, 0.006003884132951498
0.09443740546703339, 0.007727229967713356
0.09640232473611832, 0.007935777306556702
0.0943753644824028, 0.00939344335347414
0.09224018454551697, 0.00857471115887165
0.09391576796770096, 0.008363899774849415
0.09170655906200409, 0.006923871114850044
0.09386032074689865, 0.006104469299316406
0.0959174633026123, 0.0077764661982655525
0.09541083872318268, 0.008067802526056767
0.0948222354054451, 0.008729184977710247
0.0965547040104866, 0.010697810910642147
0.09355863183736801, 0.010031262412667274
0.09328941255807877, 0.007059515919536352
0.09351535886526108, 0.005872323177754879
0.09356976300477982, 0.009749052114784718
0.0927020013332367, 0.00670614605769515
0.09054265171289444, 0.009237478487193584
0.09142575412988663, 0.009327622130513191
0.09085758775472641, 0.007756883278489113
0.09407240897417068, 0.0075244116596877575
0.09256043285131454, 0.0076056416146457195
0.09409195184707642, 0.01159999892115593
0.09105861186981201, 0.00876160990446806
0.09275630116462708, 0.00612266268581152
0.09414762258529663, 0.008767183870077133
0.09154977649450302, 0.007275231648236513
0.09251691401004791, 0.007788937538862228
0.09186457097530365, 0.008045165799558163
0.09221718460321426, 0.0074713160283863544
0.09240522235631943, 0.009730473160743713
0.09167610108852386, 0.00810722354799509
0.0912153348326683, 0.008196954615414143
0.09339261054992676, 0.008698566816747189
0.09050364792346954, 0.008035402745008469
0.09197881817817688, 0.009917542338371277
0.09363407641649246, 0.007380645256489515
0.09157744795084, 0.008349580690264702
0.09236256778240204, 0.007658048532903194
0.0933997705578804, 0.010006450116634369
0.09105933457612991, 0.008886590600013733
0.09161417931318283, 0.009734508581459522
0.09021390974521637, 0.009417379274964333
0.0927591323852539, 0.007356601767241955
0.09181513637304306, 0.006890268996357918
0.0914878398180008, 0.006611930206418037
0.09116783738136292, 0.005733535625040531
0.09035126119852066, 0.007684302981942892
0.09023790061473846, 0.00831176619976759
0.09096682071685791, 0.007334107533097267
0.09163462370634079, 0.00797343160957098
0.09142852574586868, 0.007552361115813255
0.09022559970617294, 0.010015716776251793
0.09141238033771515, 0.008729844354093075
0.08952848613262177, 0.00866282731294632
0.09227842837572098, 0.008836722932755947
0.09122257679700851, 0.007776017766445875
0.09224961698055267, 0.009519605897367
0.09296911209821701, 0.007817108184099197
0.09104279428720474, 0.008562442846596241
0.09025400876998901, 0.009040718898177147
0.0920213982462883, 0.006701274309307337
0.08960575610399246, 0.009413068182766438
0.09035426378250122, 0.006253679748624563
0.09213541448116302, 0.007412121165543795
0.09262672066688538, 0.009692857973277569
0.09458909928798676, 0.009289350360631943
0.09417001157999039, 0.008148630149662495
0.09187359362840652, 0.00889391079545021
0.09281211346387863, 0.0062147947028279305
0.09242729097604752, 0.007470952812582254
0.09127329289913177, 0.006794074084609747
0.09166023880243301, 0.009625204838812351
0.08979465067386627, 0.005974746774882078
0.09063743054866791, 0.009534706361591816
0.09048421680927277, 0.007119034416973591
0.09062664210796356, 0.011782797984778881
0.08945218473672867, 0.006756034679710865
0.08960650116205215, 0.007897309958934784
0.09040533751249313, 0.006642573047429323
0.08928292244672775, 0.010533095337450504
0.08994212001562119, 0.010542385280132294
0.08897694200277328, 0.00884067453444004
0.09194698929786682, 0.009101929143071175
0.09003657102584839, 0.007148008793592453
0.09113211929798126, 0.008053256198763847
0.08976920694112778, 0.008898947387933731
0.08946115523576736, 0.00831594131886959
0.08921452611684799, 0.006822988856583834
0.08816572278738022, 0.008450686000287533
0.08741441369056702, 0.008901122026145458
0.08802071213722229, 0.008228101767599583
0.08889542520046234, 0.010270860977470875
0.0887041762471199, 0.007826000452041626
0.08939584344625473, 0.0073806727305054665
0.08815184980630875, 0.010979455895721912
0.08999370783567429, 0.0071395267732441425
0.09064369648694992, 0.008194027468562126
0.09095830470323563, 0.008538012392818928
0.09096110612154007, 0.006992340553551912
0.08919961005449295, 0.009443039074540138
0.09337601065635681, 0.006696302443742752
0.09352231025695801, 0.008073931559920311
0.09061077982187271, 0.00813235528767109
0.08931788057088852, 0.007301423233002424
0.0887656956911087, 0.005372112151235342
0.08775629103183746, 0.008096016012132168
0.08869785815477371, 0.006754221394658089
0.08928215503692627, 0.009376087225973606
0.09036175161600113, 0.006859419401735067
0.08810608834028244, 0.007687667850404978
0.08793340623378754, 0.00752708176150918
0.08764316141605377, 0.009828264825046062
0.08744853734970093, 0.007852690294384956
0.08644361048936844, 0.010636967606842518
0.08706071972846985, 0.009043131954967976
0.09008427709341049, 0.006954367272555828
0.08726376295089722, 0.005459444597363472
0.08893762528896332, 0.00844816118478775
0.08779869228601456, 0.005673456937074661
0.08797088265419006, 0.007447196636348963
0.08665574342012405, 0.006629418581724167
0.08877230435609818, 0.008467561565339565
0.08720851689577103, 0.008360741659998894
0.08708485215902328, 0.007477268110960722
0.08847590535879135, 0.008133401162922382
0.08821168541908264, 0.007761885412037373
0.08619549870491028, 0.008725078776478767
0.0861208438873291, 0.008986538276076317
0.0867631584405899, 0.00730719231069088
0.08926846832036972, 0.007882907055318356
0.0870518833398819, 0.00980718620121479
0.08750686794519424, 0.008437016978859901
0.08804124593734741, 0.008450450375676155
0.08676253259181976, 0.006734755821526051
0.08869972825050354, 0.009169756434857845
0.08928732573986053, 0.009119664318859577
0.0875520259141922, 0.006532985717058182
0.08739995956420898, 0.008437375538051128
0.08666205406188965, 0.008770161308348179
0.08530333638191223, 0.007342428434640169
0.08625558763742447, 0.007845987565815449
0.08604452013969421, 0.010841857641935349
0.08658875524997711, 0.008564679883420467
0.08653418719768524, 0.009100099094212055
0.08758418262004852, 0.0058921584859490395
0.08931746333837509, 0.0069954171776771545
0.0892481654882431, 0.008075492456555367
0.0881904810667038, 0.008326161652803421
0.08750438690185547, 0.006114595104008913
0.08977939933538437, 0.0071289571933448315
0.0887208953499794, 0.00814730953425169
0.08677535504102707, 0.00666360929608345
0.08576207607984543, 0.006137424614280462
0.0862782821059227, 0.010484592989087105
0.087195985019207, 0.008075525984168053
0.08696872740983963, 0.009258000180125237
0.08603158593177795, 0.006811581086367369
0.08694186806678772, 0.0051186662167310715
0.08892025798559189, 0.007163562346249819
0.09016617387533188, 0.0063776797614991665
0.0912623181939125, 0.007368200924247503
0.0894012451171875, 0.008667482994496822
0.08940038830041885, 0.0061751678586006165
0.08753561228513718, 0.006716790609061718
0.08440082520246506, 0.008430545218288898
0.08626237511634827, 0.0068551599979400635
0.08618676662445068, 0.007731847930699587
0.08816613256931305, 0.007748251315206289
0.08628331869840622, 0.0071923998184502125
0.08574827760457993, 0.006580985151231289
0.08574143797159195, 0.008700713515281677
0.08637925982475281, 0.005955676082521677
0.08806942403316498, 0.006195413880050182
0.08654876798391342, 0.007257252931594849
0.08515361696481705, 0.009997392073273659
0.08582289516925812, 0.0077623724937438965
0.0848807767033577, 0.005899182055145502
0.08532776683568954, 0.00811027456074953
0.08564462512731552, 0.009255983866751194
0.08516085147857666, 0.006839898880571127
0.0840386226773262, 0.008192825131118298
0.08617750555276871, 0.005289349239319563
0.08670052886009216, 0.0079881576821208
0.08641237020492554, 0.0065423850901424885
0.08717645704746246, 0.009266777895390987
0.08685200661420822, 0.009218945167958736
0.08698362857103348, 0.00732513377442956
0.08531280606985092, 0.006006942130625248
0.08654477447271347, 0.009437378495931625
0.08568337559700012, 0.006976621225476265
0.08404599875211716, 0.009480428881943226
0.08491124957799911, 0.008696054108440876
0.08406610786914825, 0.009481653571128845
0.08456972241401672, 0.007163683883845806
0.08478281646966934, 0.008040384389460087
0.08598778396844864, 0.007687744684517384
0.0886697918176651, 0.007985088042914867
0.08853261172771454, 0.007536386605352163
0.08589714020490646, 0.008178815245628357
0.08397068828344345, 0.007014167029410601
0.08538434654474258, 0.007363181095570326
0.08489740639925003, 0.005667939782142639
0.0846695601940155, 0.00800306722521782
0.08544784784317017, 0.00857774168252945
0.08568033576011658, 0.007561665493994951
0.08417639136314392, 0.008073157630860806
0.0844181552529335, 0.009026574902236462
0.08585278689861298, 0.007620391435921192
0.0862937942147255, 0.006333072669804096
0.08589430153369904, 0.008355424739420414
0.08323623985052109, 0.009757567197084427
0.08436796069145203, 0.008510435000061989
0.08823589980602264, 0.00596827594563365
0.0855899229645729, 0.005036091431975365
0.08718040585517883, 0.0076804207637906075
0.08426333963871002, 0.007743346970528364
0.0869705080986023, 0.009646261110901833
0.08524354547262192, 0.004630262963473797
0.08583672344684601, 0.008612505160272121
0.08500446379184723, 0.005716101732105017
0.08498386293649673, 0.006756267510354519
0.08478371798992157, 0.00731390668079257
0.08338994532823563, 0.008650023490190506
0.0836571529507637, 0.009300499223172665
0.08549598604440689, 0.00853611622005701
0.08527836948633194, 0.008370750583708286
0.08736135065555573, 0.006469401530921459
0.09047417342662811, 0.008994556963443756
0.09083238989114761, 0.007978765293955803
0.08796097338199615, 0.007586929481476545
0.08875111490488052, 0.007997686043381691
0.08538404852151871, 0.008670402690768242
0.08419089764356613, 0.006947018206119537
0.083493672311306, 0.007268809713423252
0.08412116020917892, 0.00568953063338995
0.0854279175400734, 0.009101546369493008
0.08510172367095947, 0.006598686333745718
0.08245322853326797, 0.00921258982270956
0.08450140804052353, 0.010047005489468575
0.08444157987833023, 0.008179999887943268
0.08511519432067871, 0.006477725226432085
