mean, std
0.2270769625902176, 0.12262609601020813
0.20611444115638733, 0.04133431613445282
0.1982397437095642, 0.09081703424453735
0.13551950454711914, 0.08431236445903778
0.0671173632144928, 0.029366372153162956
0.05122330039739609, 0.029036521911621094
0.03427072614431381, 0.016281139105558395
0.03147181496024132, 0.01297677494585514
0.026026900857686996, 0.010072130709886551
0.02840135246515274, 0.010940956883132458
0.0297071635723114, 0.010250111110508442
0.030133098363876343, 0.009118011221289635
0.028504149988293648, 0.010974655859172344
0.030030498281121254, 0.008757549338042736
0.034970369189977646, 0.011223740875720978
0.04015873000025749, 0.009758010506629944
0.04187851771712303, 0.012480794452130795
0.03651018813252449, 0.01287347823381424
0.04725390300154686, 0.015618433244526386
0.04090473800897598, 0.00870954617857933
0.036825891584157944, 0.010538158006966114
0.03513853996992111, 0.008032459765672684
0.04091626778244972, 0.012898541055619717
0.038966480642557144, 0.01408190093934536
0.049059733748435974, 0.01275854092091322
0.030215850099921227, 0.010984024964272976
0.038405340164899826, 0.01807086169719696
0.03877628222107887, 0.01584542915225029
0.034541189670562744, 0.008478131145238876
0.039474427700042725, 0.013971352949738503
0.043780189007520676, 0.015045282430946827
0.0448438823223114, 0.01671781577169895
0.05519794300198555, 0.016739655286073685
0.06443008035421371, 0.026309266686439514
0.0886477380990982, 0.030450185760855675
0.1363515406847, 0.07969318330287933
0.13846714794635773, 0.04890903830528259
0.19110089540481567, 0.09229961782693863
0.2088969498872757, 0.11864300072193146
0.22043903172016144, 0.08818832784891129
0.24209268391132355, 0.16863159835338593
0.34173092246055603, 0.16988632082939148
0.33141353726387024, 0.15286016464233398
0.17671580612659454, 0.0696190670132637
0.16321702301502228, 0.07900472730398178
0.15234896540641785, 0.0723731592297554
0.11496531963348389, 0.02524467371404171
0.13910521566867828, 0.07741039991378784
0.17654775083065033, 0.07533694058656693
0.13914373517036438, 0.07634881883859634
0.18027442693710327, 0.07278954982757568
0.13228650391101837, 0.06942331045866013
0.19854234158992767, 0.08675535768270493
0.18280644714832306, 0.07898658514022827
0.18172477185726166, 0.0678301602602005
0.19135682284832, 0.09196493774652481
0.2112249732017517, 0.10873030126094818
0.2040787935256958, 0.08306184411048889
0.12940184772014618, 0.05914115160703659
0.23085027933120728, 0.13120612502098083
0.16852760314941406, 0.07870399951934814
0.1174633800983429, 0.055468443781137466
0.12088027596473694, 0.06609051674604416
0.12900803983211517, 0.060858890414237976
0.09426520019769669, 0.041437432169914246
0.09421936422586441, 0.036752283573150635
0.1451159566640854, 0.056345872581005096
0.1420867145061493, 0.07891341298818588
0.1016811653971672, 0.04607417434453964
0.09843263775110245, 0.03917964547872543
0.11608186364173889, 0.04510495066642761
0.11625046283006668, 0.06868423521518707
0.1369539201259613, 0.07177788764238358
0.14277149736881256, 0.07314980030059814
0.1219196617603302, 0.0603143610060215
0.11573296040296555, 0.03282933682203293
0.15769238770008087, 0.07653822004795074
0.10476817935705185, 0.045246124267578125
0.11008275300264359, 0.046979669481515884
0.13394954800605774, 0.05511339008808136
0.14589108526706696, 0.05528713017702103
0.13101328909397125, 0.05356207117438316
0.14099881052970886, 0.05339870601892471
0.20473289489746094, 0.051138024777173996
0.2353566437959671, 0.11898092925548553
0.24634337425231934, 0.08773723244667053
0.3203243315219879, 0.11130613088607788
0.22397997975349426, 0.06967583298683167
0.22500178217887878, 0.07418175786733627
0.2939142882823944, 0.11361642181873322
0.34919267892837524, 0.15458430349826813
0.42635202407836914, 0.20338325202465057
0.34953656792640686, 0.11199142783880234
0.26108255982398987, 0.06725038588047028
0.22157849371433258, 0.09215104579925537
0.20027320086956024, 0.10037416219711304
0.2128119021654129, 0.05636842921376228
0.41123539209365845, 0.17774780094623566
0.3284764289855957, 0.15390288829803467
0.23659075796604156, 0.10262417793273926
0.2701500654220581, 0.10364611446857452
0.1672719269990921, 0.06534223258495331
0.20252814888954163, 0.08724295347929001
0.19790087640285492, 0.08411319553852081
0.17369870841503143, 0.06820972263813019
0.17509175837039948, 0.04888516664505005
0.2730392515659332, 0.09624466300010681
0.34760230779647827, 0.1302439570426941
0.270285040140152, 0.1121167317032814
0.24344079196453094, 0.06759226322174072
0.2658624053001404, 0.11257707327604294
0.25267621874809265, 0.13517554104328156
0.2826650142669678, 0.11718790233135223
0.2193831354379654, 0.06373714655637741
0.2990758717060089, 0.13008339703083038
0.19549746811389923, 0.0708526223897934
0.1703772097826004, 0.08294112980365753
0.17767632007598877, 0.08227074146270752
0.2013673186302185, 0.07083115726709366
0.2135426253080368, 0.126337468624115
0.24229870736598969, 0.09151704609394073
0.2935873568058014, 0.12334121763706207
0.2830278277397156, 0.11817670613527298
0.24588675796985626, 0.10540030151605606
0.19028879702091217, 0.11055721342563629
0.24222595989704132, 0.08084259182214737
0.1900385171175003, 0.08370066434144974
0.2163902074098587, 0.12899845838546753
0.27207717299461365, 0.09693189710378647
0.260936975479126, 0.09978131949901581
0.23259396851062775, 0.1141822412610054
0.29583922028541565, 0.13879062235355377
0.25953197479248047, 0.09160542488098145
0.2660793364048004, 0.16617651283740997
0.17942142486572266, 0.067780040204525
0.2036786824464798, 0.09068617224693298
0.14015334844589233, 0.04445962235331535
0.1775590479373932, 0.060823142528533936
0.21686413884162903, 0.09172913432121277
0.2258816361427307, 0.07470088452100754
0.18879826366901398, 0.08948515355587006
0.22676174342632294, 0.10376676172018051
0.2502843737602234, 0.10753820091485977
0.3058958351612091, 0.1392068862915039
0.23317591845989227, 0.09289292246103287
0.3053039610385895, 0.13470694422721863
0.26814886927604675, 0.08079896122217178
0.21632514894008636, 0.08142664283514023
0.2586321532726288, 0.10055991262197495
0.2493724524974823, 0.10757225006818771
0.19592507183551788, 0.07351183891296387
0.2083241492509842, 0.10018937289714813
0.14217998087406158, 0.05288659408688545
0.22244411706924438, 0.07255608588457108
0.2209494411945343, 0.0728306695818901
0.15880323946475983, 0.06785651296377182
0.16182605922222137, 0.05021248757839203
0.17235495150089264, 0.04262162744998932
0.28095123171806335, 0.11895514279603958
0.32354846596717834, 0.15679973363876343
0.20138417184352875, 0.10428061336278915
0.16961248219013214, 0.03883282095193863
0.12234505265951157, 0.04303397238254547
0.18714171648025513, 0.07693692296743393
0.19147460162639618, 0.08504630625247955
0.23405390977859497, 0.11174825578927994
0.277148574590683, 0.10164451599121094
0.25891897082328796, 0.12055253237485886
0.18877439200878143, 0.07519545406103134
0.250984251499176, 0.10593891143798828
0.2440384179353714, 0.1055646538734436
0.27431902289390564, 0.10086603462696075
0.27072086930274963, 0.08784034103155136
0.23125338554382324, 0.08532241731882095
0.19208957254886627, 0.06610424071550369
0.2062167227268219, 0.08361346274614334
0.15580978989601135, 0.04438949376344681
0.22640497982501984, 0.09137149900197983
0.19190330803394318, 0.09571373462677002
0.17485103011131287, 0.06911641359329224
0.2353159636259079, 0.06870929896831512
0.23710155487060547, 0.07825745642185211
0.24075953662395477, 0.09351298958063126
0.19369572401046753, 0.07237321138381958
0.16428972780704498, 0.06280387938022614
0.22657066583633423, 0.10273507982492447
0.1767728328704834, 0.08765904605388641
0.17654092609882355, 0.06867969781160355
0.15642116963863373, 0.05467085912823677
0.24631831049919128, 0.09559483081102371
0.21350978314876556, 0.09139330685138702
0.24312196671962738, 0.09665428847074509
0.23028771579265594, 0.07994233816862106
0.1813846081495285, 0.04881368577480316
0.18879616260528564, 0.08293785154819489
0.21118947863578796, 0.09079452604055405
0.22453893721103668, 0.09684116393327713
0.26172828674316406, 0.10703656822443008
0.35512056946754456, 0.14285151660442352
0.19733715057373047, 0.0737626776099205
0.27279072999954224, 0.11449039727449417
0.18175286054611206, 0.0455423966050148
0.18233706057071686, 0.0729636400938034
0.2323199063539505, 0.10264186561107635
0.19412392377853394, 0.07542242109775543
0.15601402521133423, 0.07143807411193848
0.1977536380290985, 0.064618319272995
0.18595702946186066, 0.05636436119675636
0.17144249379634857, 0.051987383514642715
0.2333516776561737, 0.09298891574144363
0.2041923999786377, 0.09117206931114197
0.22920849919319153, 0.09665030986070633
0.20509757101535797, 0.0691097229719162
0.16675053536891937, 0.05847075954079628
0.21885208785533905, 0.09584353864192963
0.24092380702495575, 0.06307748705148697
0.148342564702034, 0.07710099965333939
0.1830926090478897, 0.0710793286561966
0.16073723137378693, 0.054693978279829025
0.20852531492710114, 0.086728036403656
0.1985771507024765, 0.09072268009185791
0.21481628715991974, 0.06739865988492966
0.1662297546863556, 0.060204822570085526
0.1921766996383667, 0.07071594148874283
0.17716820538043976, 0.08001836389303207
0.14116984605789185, 0.05125632509589195
0.22873301804065704, 0.08641280978918076
0.37275680899620056, 0.16001226007938385
0.40812554955482483, 0.15143480896949768
0.26802152395248413, 0.11465082317590714
0.18668919801712036, 0.08325552195310593
0.15936657786369324, 0.05648262798786163
0.16301092505455017, 0.08742133527994156
0.1536250114440918, 0.06735321879386902
0.17943768203258514, 0.07254234701395035
0.2730123996734619, 0.13774168491363525
0.24017013609409332, 0.08354752510786057
0.18870742619037628, 0.07107594609260559
0.17464905977249146, 0.08510974794626236
0.2051200568675995, 0.08862829953432083
0.1589946299791336, 0.060547638684511185
0.21697427332401276, 0.09496158361434937
0.23220224678516388, 0.11558417230844498
0.1782209426164627, 0.06866860389709473
0.22446434199810028, 0.11809301376342773
0.22351320087909698, 0.09970543533563614
0.24419604241847992, 0.09743428975343704
0.21091297268867493, 0.0882628858089447
0.21226747334003448, 0.07995566725730896
0.26369884610176086, 0.07994261384010315
0.18847151100635529, 0.07778028398752213
0.1915707290172577, 0.075722336769104
0.19643563032150269, 0.0882188230752945
0.1496036946773529, 0.06345219165086746
0.14162766933441162, 0.04326518625020981
0.15932326018810272, 0.05777672305703163
0.16496078670024872, 0.05792711675167084
0.17296765744686127, 0.06470094621181488
0.2300487607717514, 0.07289496064186096
0.28021594882011414, 0.08902990818023682
0.25040334463119507, 0.13285930454730988
0.2052476704120636, 0.07932940870523453
0.2420129030942917, 0.11612556874752045
0.18476925790309906, 0.06070985645055771
0.20740249752998352, 0.09522632509469986
0.16944728791713715, 0.06741959601640701
0.1559874266386032, 0.053432900458574295
0.17060218751430511, 0.06080099567770958
0.22405001521110535, 0.10331840068101883
0.16666345298290253, 0.059623755514621735
0.17883557081222534, 0.06265807896852493
0.2273283302783966, 0.0811176523566246
0.27765247225761414, 0.10922063887119293
0.26986566185951233, 0.14011286199092865
0.2976455092430115, 0.10847722738981247
0.30690088868141174, 0.16098128259181976
0.17057344317436218, 0.06856565922498703
0.2509406805038452, 0.11830897629261017
0.14695051312446594, 0.051048532128334045
0.1695920079946518, 0.06039018929004669
0.15347477793693542, 0.06416396051645279
0.3662940561771393, 0.168429896235466
0.34431344270706177, 0.16032260656356812
0.15743210911750793, 0.07572285830974579
0.15133941173553467, 0.04080921411514282
0.1830735206604004, 0.07107033580541611
0.4332185983657837, 0.3155532777309418
0.463142067193985, 0.2236962914466858
0.44276008009910583, 0.16646786034107208
0.2768658995628357, 0.1309211105108261
0.16949720680713654, 0.061736177653074265
0.21025046706199646, 0.08005783706903458
0.2311994582414627, 0.1030951738357544
0.2205662578344345, 0.11606122553348541
0.2451404482126236, 0.13247939944267273
0.2894686758518219, 0.15935343503952026
0.1833294928073883, 0.06156410649418831
0.208959698677063, 0.07721968740224838
0.185901939868927, 0.05516941845417023
0.15018118917942047, 0.058030858635902405
0.18928329646587372, 0.05675962194800377
0.1787811815738678, 0.09347867965698242
0.21695257723331451, 0.08602092415094376
0.18275094032287598, 0.09930308163166046
0.3643370568752289, 0.13106226921081543
0.3089098632335663, 0.1342364102602005
0.3554137647151947, 0.18754145503044128
0.2939402163028717, 0.132315531373024
0.19164927303791046, 0.08618692308664322
0.22616440057754517, 0.0935426875948906
0.2075769603252411, 0.08060231059789658
0.25401225686073303, 0.1238805502653122
0.21724753081798553, 0.09235787391662598
0.16385243833065033, 0.05635378137230873
0.20260614156723022, 0.07381022721529007
0.1604028195142746, 0.05849719047546387
0.1496855765581131, 0.07572600245475769
0.24194304645061493, 0.11266357451677322
0.1855202317237854, 0.07199261337518692
0.17811690270900726, 0.06857532262802124
0.2522626519203186, 0.17121522128582
0.36856719851493835, 0.18471527099609375
0.3366357386112213, 0.1459122896194458
0.30172932147979736, 0.1284877508878708
0.1869594305753708, 0.0684594064950943
0.20745696127414703, 0.0836472362279892
0.22113092243671417, 0.07647926360368729
0.19418686628341675, 0.08309027552604675
0.2010553777217865, 0.06869513541460037
0.1280590146780014, 0.04930458962917328
0.1903897374868393, 0.06115666404366493
0.14267201721668243, 0.044549115002155304
0.1481303721666336, 0.04699563607573509
0.16537149250507355, 0.08529593795537949
0.16411976516246796, 0.05720200762152672
0.23605258762836456, 0.10321348160505295
0.2623618543148041, 0.1283242553472519
0.2790060043334961, 0.1096700131893158
0.19335699081420898, 0.08561189472675323
0.19039064645767212, 0.07772964239120483
0.17507441341876984, 0.05569753795862198
0.26482436060905457, 0.11798019707202911
0.37603655457496643, 0.1459614783525467
0.28633880615234375, 0.16610732674598694
0.18966616690158844, 0.08126502484083176
0.19543325901031494, 0.08125164359807968
0.12247439473867416, 0.05892760679125786
0.14186367392539978, 0.04221785068511963
0.21236705780029297, 0.09267790615558624
0.31951919198036194, 0.15820707380771637
0.3382513225078583, 0.14483271539211273
0.19441039860248566, 0.08208663761615753
0.200147807598114, 0.07091151177883148
0.1686241328716278, 0.07457513362169266
0.18996289372444153, 0.08053648471832275
0.22560784220695496, 0.08652079850435257
0.2462908923625946, 0.09716378897428513
0.16680516302585602, 0.0855598971247673
0.2573939263820648, 0.13321718573570251
0.2007792592048645, 0.06751899421215057
0.2053474485874176, 0.07906579226255417
0.20045624673366547, 0.0780155137181282
0.3355550169944763, 0.15680937469005585
0.21033130586147308, 0.08034678548574448
0.1901811957359314, 0.0815717801451683
0.18771913647651672, 0.06514144688844681
0.16433975100517273, 0.06544765830039978
0.18516093492507935, 0.09691070020198822
0.13504764437675476, 0.054411597549915314
0.14916902780532837, 0.05308865010738373
0.24045319855213165, 0.07782083004713058
0.27021995186805725, 0.14626014232635498
0.1842697560787201, 0.07824264466762543
0.1461935192346573, 0.043837737292051315
0.2045733481645584, 0.0905555933713913
0.21629668772220612, 0.07628564536571503
0.1726250797510147, 0.07496391236782074
0.2610747516155243, 0.07501273602247238
0.2130952626466751, 0.0923352763056755
0.17070640623569489, 0.06075137108564377
0.1441282033920288, 0.041349370032548904
0.17357462644577026, 0.07059144973754883
0.26854196190834045, 0.10892371088266373
0.24292488396167755, 0.10663243383169174
0.20217129588127136, 0.07587439566850662
0.26272884011268616, 0.08979857712984085
0.18098708987236023, 0.07886892557144165
0.23115280270576477, 0.1172473132610321
0.15427900850772858, 0.07015254348516464
0.1387493908405304, 0.058955419808626175
0.16511809825897217, 0.0748886987566948
0.1910192370414734, 0.05799156427383423
0.19933576881885529, 0.08071696758270264
0.2817859649658203, 0.0950445756316185
0.30051031708717346, 0.139604389667511
0.19407014548778534, 0.07883281260728836
0.20439277589321136, 0.10462992638349533
0.15227854251861572, 0.0699291005730629
0.2224869430065155, 0.06561096757650375
0.1801268607378006, 0.052917804569005966
0.18579863011837006, 0.08605286478996277
0.2627943754196167, 0.08080103248357773
0.15126033127307892, 0.061083272099494934
0.2553636133670807, 0.12686792016029358
0.27142128348350525, 0.13481423258781433
0.2184961587190628, 0.09487883746623993
0.19529108703136444, 0.08519542962312698
0.20079174637794495, 0.06754971295595169
0.17185725271701813, 0.06990838050842285
0.17873746156692505, 0.05202033743262291
0.19532784819602966, 0.10399371385574341
0.3798082768917084, 0.24777379631996155
0.3540603220462799, 0.140127032995224
0.2936801016330719, 0.10081907361745834
0.26347780227661133, 0.10016543418169022
0.16349774599075317, 0.04716268554329872
0.19707655906677246, 0.08986042439937592
0.1980191022157669, 0.09166251122951508
0.19287177920341492, 0.07355424016714096
0.1779150813817978, 0.054147858172655106
0.15398171544075012, 0.05635535717010498
0.1587652564048767, 0.04630103334784508
0.20010723173618317, 0.0918886661529541
0.24222427606582642, 0.10874611139297485
0.15903742611408234, 0.04889363795518875
0.16290836036205292, 0.08262106776237488
0.13099659979343414, 0.05251046270132065
0.12995298206806183, 0.04246477410197258
0.17035622894763947, 0.06705329567193985
0.23064298927783966, 0.09133805334568024
0.2967680096626282, 0.1693185269832611
0.2202938199043274, 0.10977602005004883
0.3107760548591614, 0.13726970553398132
0.3454658091068268, 0.19862139225006104
0.2625279724597931, 0.1251368373632431
0.19074153900146484, 0.05916186422109604
0.23734593391418457, 0.09444934874773026
0.27293193340301514, 0.11044236272573471
0.17018677294254303, 0.06298916786909103
0.11162277311086655, 0.040780339390039444
0.16023190319538116, 0.05746239423751831
0.25496962666511536, 0.148940309882164
0.14099371433258057, 0.05216426029801369
0.17086850106716156, 0.0683259591460228
0.1587340086698532, 0.06185334548354149
0.1909310519695282, 0.06523773074150085
0.2007254660129547, 0.07522884756326675
0.17570720613002777, 0.05829451605677605
0.16771943867206573, 0.07676491886377335
0.15322841703891754, 0.07629097998142242
0.19475986063480377, 0.08529327064752579
0.16591881215572357, 0.05939045920968056
0.16958045959472656, 0.06794516742229462
0.24342669546604156, 0.13173578679561615
0.16057159006595612, 0.07591582089662552
0.2518645226955414, 0.15023070573806763
0.15839628875255585, 0.059738051146268845
0.19929610192775726, 0.0659443661570549
0.2690257728099823, 0.08193238824605942
0.18047018349170685, 0.09012740850448608
0.1779623031616211, 0.07231516391038895
0.25760290026664734, 0.12755915522575378
0.19873495399951935, 0.09962786734104156
0.1957584023475647, 0.0760451927781105
0.1857965886592865, 0.08364630490541458
0.2726188600063324, 0.12485978752374649
0.25438228249549866, 0.10692654550075531
0.1880493015050888, 0.10079595446586609
0.17774789035320282, 0.05566127970814705
0.16745731234550476, 0.05943256989121437
0.1599157601594925, 0.05173597112298012
0.18614768981933594, 0.07998870313167572
0.18089111149311066, 0.06655022501945496
0.16492794454097748, 0.07718676328659058
0.20800946652889252, 0.14936354756355286
0.22441710531711578, 0.10153447091579437
0.21047022938728333, 0.11430010944604874
0.12709839642047882, 0.040879905223846436
0.16148538887500763, 0.05792245268821716
0.16455091536045074, 0.08297165483236313
0.17311230301856995, 0.07303562015295029
0.32751959562301636, 0.14202892780303955
0.185712531208992, 0.09014339745044708
0.19963763654232025, 0.06603659689426422
0.15970666706562042, 0.059805139899253845
0.15746675431728363, 0.06888566166162491
0.26942023634910583, 0.1460266262292862
0.3077327311038971, 0.18422672152519226
0.14283142983913422, 0.04113641008734703
0.1317877322435379, 0.044063009321689606
0.1779979169368744, 0.06397368013858795
0.1827099323272705, 0.058453693985939026
0.25245821475982666, 0.11364039778709412
0.31494396924972534, 0.1384994238615036
0.24609942734241486, 0.07286197692155838
0.2679820954799652, 0.12995466589927673
0.24291981756687164, 0.12535029649734497
0.15231332182884216, 0.07631295919418335
0.1861254721879959, 0.07154875993728638
0.1659906804561615, 0.06388340890407562
0.16886116564273834, 0.0757596343755722
0.13534583151340485, 0.06061162054538727
0.20047146081924438, 0.09028548747301102
0.20729339122772217, 0.08884312212467194
0.27266594767570496, 0.12727874517440796
0.31027325987815857, 0.17560549080371857
0.17387069761753082, 0.06060975417494774
0.17345404624938965, 0.07638281583786011
0.28098174929618835, 0.09674142301082611
0.3059336543083191, 0.16258186101913452
0.2114437371492386, 0.09198826551437378
0.2177083045244217, 0.08675476163625717
0.19454340636730194, 0.09415888041257858
0.18444034457206726, 0.0901215448975563
0.141609787940979, 0.04337086156010628
0.1439003050327301, 0.03973992168903351
0.25946372747421265, 0.09685634821653366
0.1735430657863617, 0.06365124136209488
0.20912694931030273, 0.10867948085069656
0.23939712345600128, 0.07818001508712769
0.19240503013134003, 0.08256692439317703
0.18351753056049347, 0.10807397961616516
0.18728108704090118, 0.08772823959589005
0.23844684660434723, 0.07965535670518875
0.25848618149757385, 0.11835893243551254
0.1763249933719635, 0.06577292084693909
0.16673970222473145, 0.07417729496955872
0.21990276873111725, 0.11433150619268417
0.22340825200080872, 0.09114886075258255
0.21987886726856232, 0.07908723503351212
0.1636309176683426, 0.0699390098452568
0.3265954554080963, 0.11978522688150406
0.27930256724357605, 0.08936757594347
0.2802864611148834, 0.14312416315078735
0.2048012763261795, 0.0947611853480339
0.2485295981168747, 0.13896334171295166
0.22694505751132965, 0.1370791792869568
0.1951403170824051, 0.09309127181768417
0.11928144097328186, 0.043218694627285004
0.13767603039741516, 0.06709448248147964
0.20450370013713837, 0.10463518649339676
0.1441984623670578, 0.046360429376363754
0.14128659665584564, 0.041808370500802994
0.20755881071090698, 0.06450609117746353
0.1575077325105667, 0.07501622289419174
0.17765457928180695, 0.0827358216047287
0.34438493847846985, 0.23335951566696167
0.2987080514431, 0.12752941250801086
0.19316957890987396, 0.0931982472538948
0.15021680295467377, 0.05400368943810463
0.16088399291038513, 0.07068445533514023
0.19949594140052795, 0.0634009912610054
0.16733220219612122, 0.06882380694150925
0.18176805973052979, 0.08485381305217743
0.17447108030319214, 0.0704341009259224
0.18644647300243378, 0.06709487736225128
0.17701353132724762, 0.07721855491399765
0.13999316096305847, 0.058956652879714966
0.17169244587421417, 0.06519689410924911
0.1369408518075943, 0.06805234402418137
0.1547604203224182, 0.051817674189805984
0.28212442994117737, 0.11973947286605835
0.19211380183696747, 0.08500855416059494
0.136973574757576, 0.048714347183704376
0.17891526222229004, 0.09248245507478714
0.2028609663248062, 0.09979134798049927
0.1182088702917099, 0.03657360002398491
0.15743166208267212, 0.05375412479043007
0.1497911959886551, 0.05219321325421333
0.2310943305492401, 0.09744501113891602
0.1860765516757965, 0.06898977607488632
0.18390636146068573, 0.07595378160476685
0.16118858754634857, 0.06249143183231354
0.17557938396930695, 0.07738815993070602
0.19951529800891876, 0.09558403491973877
0.34505096077919006, 0.14663027226924896
0.19156228005886078, 0.0643957182765007
0.14222398400306702, 0.055648792535066605
0.1434335857629776, 0.0515848807990551
0.1475197672843933, 0.10078912228345871
0.25380825996398926, 0.1174689456820488
0.22839553654193878, 0.14195826649665833
0.340429425239563, 0.18692387640476227
0.2050127387046814, 0.09225437045097351
0.1881132423877716, 0.07406515628099442
0.13870637118816376, 0.050068072974681854
0.16733397543430328, 0.0698491781949997
0.1725122332572937, 0.07457946985960007
0.18839354813098907, 0.07439293712377548
0.18577814102172852, 0.07707734405994415
0.17764431238174438, 0.07824626564979553
0.28140321373939514, 0.09647534787654877
0.2770296335220337, 0.10796036571264267
0.26189330220222473, 0.1455448716878891
0.24371133744716644, 0.09465058892965317
0.17496883869171143, 0.07715033739805222
0.1495254784822464, 0.05109688267111778
0.1822826862335205, 0.06679560989141464
0.2509324252605438, 0.10598243027925491
0.1704060286283493, 0.06130034476518631
0.1652134507894516, 0.08007078617811203
0.13280446827411652, 0.04457899183034897
0.2385195642709732, 0.12089637666940689
0.32303258776664734, 0.1726164072751999
0.30527791380882263, 0.14474600553512573
0.18436741828918457, 0.09229010343551636
0.1421346664428711, 0.05780080333352089
0.15823990106582642, 0.06629791855812073
0.13109169900417328, 0.03549017012119293
0.2405875325202942, 0.08229494094848633
0.17560158669948578, 0.07370682805776596
0.22240808606147766, 0.09080515801906586
0.23345528542995453, 0.0821438878774643
0.1625685840845108, 0.06070312112569809
0.17950686812400818, 0.09723185002803802
0.2543674111366272, 0.12745580077171326
0.18495909869670868, 0.06615931540727615
0.20910349488258362, 0.08613530546426773
0.2407427430152893, 0.1150384396314621
0.2900446653366089, 0.12047672271728516
0.24309873580932617, 0.09045013040304184
0.35170048475265503, 0.18771257996559143
0.3392159044742584, 0.1522909253835678
0.2651258111000061, 0.12751907110214233
0.3789273798465729, 0.17382603883743286
0.14388345181941986, 0.059321533888578415
0.13510620594024658, 0.05756029114127159
0.14167137444019318, 0.05055186152458191
0.14567606151103973, 0.08088891208171844
0.1888207197189331, 0.09442789852619171
0.15535622835159302, 0.0794081762433052
0.1527026742696762, 0.055359434336423874
0.1923443078994751, 0.09143240749835968
0.231802836060524, 0.08467748016119003
0.22788786888122559, 0.1080290898680687
0.14901213347911835, 0.04299915209412575
0.17079704999923706, 0.06833957135677338
0.19043536484241486, 0.09093520045280457
0.20905926823616028, 0.11377283930778503
0.19504699110984802, 0.06495921313762665
0.17357394099235535, 0.04680104926228523
0.1389080137014389, 0.061408158391714096
0.19772444665431976, 0.08247575908899307
0.17921894788742065, 0.07006616145372391
0.1916869431734085, 0.07676291465759277
0.2790784537792206, 0.09890741109848022
0.31187084317207336, 0.1432785987854004
0.3159365653991699, 0.16657941043376923
0.22838659584522247, 0.12093684822320938
0.30919405817985535, 0.11310942471027374
0.2863408029079437, 0.09876406937837601
0.273357093334198, 0.0934424102306366
0.24812214076519012, 0.12388897687196732
0.1721312552690506, 0.09195385128259659
0.15695498883724213, 0.05684874206781387
0.17335528135299683, 0.07593271136283875
0.16558986902236938, 0.0664064884185791
0.12743031978607178, 0.046879496425390244
0.13930289447307587, 0.0541139617562294
0.2237873375415802, 0.11922578513622284
0.24612538516521454, 0.1313328742980957
0.20585854351520538, 0.09168235212564468
0.1992388516664505, 0.06442689895629883
0.18104907870292664, 0.08174144476652145
0.17852531373500824, 0.0861089825630188
0.29530400037765503, 0.13248471915721893
0.26780498027801514, 0.10610193014144897
0.18700511753559113, 0.08816903084516525
0.15853728353977203, 0.07147536426782608
0.20193906128406525, 0.09127240628004074
0.14247587323188782, 0.04943033307790756
0.15306799113750458, 0.05111166462302208
0.19412559270858765, 0.058742787688970566
0.20371198654174805, 0.08659666031599045
0.14814096689224243, 0.04586192965507507
0.11583162844181061, 0.03641228750348091
0.13935412466526031, 0.08273319154977798
0.18089313805103302, 0.06478281319141388
0.15860582888126373, 0.05496462062001228
0.21101011335849762, 0.05580780282616615
0.22403192520141602, 0.12664322555065155
0.14366765320301056, 0.04631175100803375
0.20967963337898254, 0.08051912486553192
0.2469855099916458, 0.11406408995389938
0.17985208332538605, 0.0710042268037796
0.208770751953125, 0.11607908457517624
0.19728679955005646, 0.0706457570195198
0.19542758166790009, 0.07435236126184464
0.1788659542798996, 0.04330899938941002
0.21437795460224152, 0.1345093846321106
0.1665707379579544, 0.08095934987068176
0.3227914869785309, 0.17308509349822998
0.282758891582489, 0.11446871608495712
0.18178518116474152, 0.07960827648639679
0.20460505783557892, 0.0786006897687912
0.16243918240070343, 0.06187748536467552
0.14018233120441437, 0.05706414952874184
0.24005450308322906, 0.10611626505851746
0.2718198895454407, 0.12057194858789444
0.29310718178749084, 0.15420715510845184
0.19504021108150482, 0.0923353061079979
0.17160294950008392, 0.06669438630342484
0.1458628922700882, 0.05057428777217865
0.29975858330726624, 0.1729084551334381
0.3386734127998352, 0.1831943392753601
0.17254061996936798, 0.07469958811998367
0.20695333182811737, 0.09206040948629379
0.30274924635887146, 0.16191445291042328
0.3013053238391876, 0.11044995486736298
0.32732585072517395, 0.2011823207139969
0.3049655854701996, 0.13396401703357697
0.28077608346939087, 0.1255270540714264
0.17626447975635529, 0.07772806286811829
0.13083814084529877, 0.0369967482984066
0.17602883279323578, 0.08586089313030243
0.1760834902524948, 0.06312897056341171
0.17216132581233978, 0.06309293955564499
0.22112959623336792, 0.11645598709583282
0.20146144926548004, 0.07002032548189163
0.27999773621559143, 0.09973400086164474
0.2862766981124878, 0.11262395232915878
0.3324947655200958, 0.1560421586036682
0.17138436436653137, 0.04393939673900604
0.21594198048114777, 0.05396900698542595
0.19831028580665588, 0.09459377080202103
0.19086749851703644, 0.09795385599136353
0.13943825662136078, 0.05066107586026192
0.13982945680618286, 0.053735315799713135
0.20909705758094788, 0.10870546102523804
0.23967845737934113, 0.0849437341094017
0.20288564264774323, 0.08234197646379471
0.16753153502941132, 0.06646488606929779
0.13531656563282013, 0.06755809485912323
0.15991781651973724, 0.07670871913433075
0.2068532109260559, 0.12176033109426498
0.29354187846183777, 0.11675141006708145
0.17448189854621887, 0.059877488762140274
0.14405977725982666, 0.058834027498960495
0.17123819887638092, 0.05646718665957451
0.23467156291007996, 0.09292015433311462
0.20406915247440338, 0.07371692359447479
0.1537833958864212, 0.043173667043447495
0.14019855856895447, 0.04603041708469391
0.19822147488594055, 0.060035817325115204
0.20095835626125336, 0.09653168171644211
0.26446080207824707, 0.14578264951705933
0.27906474471092224, 0.12813325226306915
0.23836475610733032, 0.08785022795200348
0.2503708600997925, 0.1300952434539795
0.21175551414489746, 0.09838051348924637
0.34580790996551514, 0.11680831760168076
0.30514705181121826, 0.16571004688739777
0.3111022710800171, 0.10514762252569199
0.2957896292209625, 0.11406514048576355
0.2529101073741913, 0.10386884212493896
0.283208966255188, 0.11627785116434097
0.24278375506401062, 0.08722309023141861
0.20319679379463196, 0.07300303876399994
0.13400329649448395, 0.04569089785218239
0.20690351724624634, 0.08365167677402496
0.13358725607395172, 0.04475756734609604
0.15857866406440735, 0.045660097151994705
0.2188713103532791, 0.11150272935628891
0.17044028639793396, 0.07136686891317368
0.22888179123401642, 0.09281601011753082
0.2634833753108978, 0.08665532618761063
0.3110358715057373, 0.1457871049642563
0.22986727952957153, 0.12350566685199738
0.15108470618724823, 0.0600198358297348
0.23733335733413696, 0.10476603358983994
0.4253799617290497, 0.21925203502178192
0.37263068556785583, 0.1451769769191742
0.3586144745349884, 0.1264386624097824
0.41427239775657654, 0.22512231767177582
0.28822293877601624, 0.11343099176883698
0.2036326825618744, 0.09897175431251526
0.20255981385707855, 0.0457993783056736
0.273648202419281, 0.09985934942960739
0.20739993453025818, 0.09104470908641815
0.23633398115634918, 0.12368462979793549
0.32931312918663025, 0.16138680279254913
0.31640467047691345, 0.14852991700172424
0.2059759646654129, 0.0792798399925232
0.22130145132541656, 0.09712738543748856
0.17021572589874268, 0.06367432326078415
0.2231091409921646, 0.061310164630413055
0.26142221689224243, 0.09726323932409286
0.18803444504737854, 0.08051878958940506
0.1904110163450241, 0.0780615508556366
0.2744242548942566, 0.12166232615709305
0.24232527613639832, 0.10083331912755966
0.14002184569835663, 0.06104545667767525
0.17962715029716492, 0.08283990621566772
0.22832651436328888, 0.11960665136575699
0.20913563668727875, 0.07354353368282318
0.22676324844360352, 0.09083780646324158
0.2641661465167999, 0.08412729948759079
0.304202675819397, 0.21197547018527985
0.1845817118883133, 0.07719680666923523
0.40106210112571716, 0.18027637898921967
0.5422837734222412, 0.26820382475852966
0.35835596919059753, 0.15864531695842743
0.4474431276321411, 0.20972536504268646
0.27203449606895447, 0.10099641978740692
0.2774251401424408, 0.07236647605895996
0.3939732313156128, 0.12542980909347534
0.20636196434497833, 0.0569227896630764
0.2177160680294037, 0.045734576880931854
0.17639805376529694, 0.07417967915534973
0.15294037759304047, 0.05875158682465553
0.23298250138759613, 0.09151925891637802
0.3061676621437073, 0.13960063457489014
0.347093790769577, 0.1556997150182724
0.2016214281320572, 0.06648580729961395
0.19035246968269348, 0.054012179374694824
0.22661985456943512, 0.07818121463060379
0.3632630407810211, 0.1242808997631073
0.2624841034412384, 0.13433204591274261
0.2620382010936737, 0.09067612141370773
0.20405369997024536, 0.07349402457475662
0.20903274416923523, 0.0753936767578125
0.21466770768165588, 0.06924918293952942
0.38264086842536926, 0.10919053107500076
0.42848315834999084, 0.1584257334470749
0.37169259786605835, 0.15478317439556122
0.24937115609645844, 0.1147564947605133
0.23795123398303986, 0.10556197911500931
0.19535981118679047, 0.05055653303861618
0.2290433794260025, 0.07676578313112259
0.45966637134552, 0.18021997809410095
0.29009976983070374, 0.13188910484313965
0.253012090921402, 0.1298275887966156
0.2392788678407669, 0.05935553461313248
0.2435617446899414, 0.07738687843084335
0.3309600055217743, 0.14226357638835907
0.2019786536693573, 0.07560155540704727
0.2271152287721634, 0.07350969314575195
0.21576309204101562, 0.07226277142763138
0.30912819504737854, 0.13925357162952423
0.2376331239938736, 0.08919976651668549
0.1415264755487442, 0.04662981256842613
0.19370897114276886, 0.056756798177957535
0.20028799772262573, 0.06553620100021362
0.24711956083774567, 0.08495669811964035
0.25656166672706604, 0.12011951208114624
0.250264972448349, 0.09625909477472305
0.25520578026771545, 0.08219750970602036
0.27364814281463623, 0.1074981540441513
0.3063269555568695, 0.08641461282968521
0.38450583815574646, 0.10303764045238495
0.3854663372039795, 0.15854258835315704
0.5560770630836487, 0.2988620698451996
0.37504222989082336, 0.1402667760848999
0.244096040725708, 0.07510805875062943
0.20533022284507751, 0.07283952832221985
0.23269417881965637, 0.10880269855260849
0.1952979564666748, 0.04900061711668968
0.18512268364429474, 0.035714779049158096
0.255454957485199, 0.09324811398983002
0.23313641548156738, 0.10999803245067596
0.30459704995155334, 0.1995803713798523
0.41925516724586487, 0.16736172139644623
0.3512207865715027, 0.16024792194366455
0.3006432354450226, 0.11221028864383698
0.2376800924539566, 0.07359933108091354
0.1899266242980957, 0.04784504696726799
0.24353040754795074, 0.13875043392181396
0.2582504153251648, 0.11108274012804031
0.2082391083240509, 0.07261520624160767
0.258222371339798, 0.11428239941596985
0.3009866178035736, 0.08880206197500229
0.39642202854156494, 0.2067585587501526
0.3105650544166565, 0.12715591490268707
0.2943621277809143, 0.15544696152210236
0.3948928713798523, 0.1708666980266571
0.33204418420791626, 0.1055498868227005
0.2413531392812729, 0.09748692810535431
0.25765371322631836, 0.08789964020252228
0.31974175572395325, 0.10213274508714676
0.42409786581993103, 0.1999359130859375
0.2684532403945923, 0.1348356306552887
0.21432285010814667, 0.09097056835889816
0.23342901468276978, 0.08386963605880737
0.2766290307044983, 0.08340967446565628
0.29686713218688965, 0.09750892966985703
0.2602807581424713, 0.1190175861120224
0.21683572232723236, 0.06459203362464905
0.2486651986837387, 0.10786192864179611
0.2635965943336487, 0.13561047613620758
0.24397975206375122, 0.09906835108995438
0.1849895715713501, 0.08270257711410522
0.2884058654308319, 0.076182521879673
0.5345271825790405, 0.22828438878059387
0.34435024857521057, 0.15855975449085236
0.28405481576919556, 0.0940970703959465
0.3271682858467102, 0.11580328643321991
0.2381485253572464, 0.10469061136245728
0.3447285294532776, 0.14682701230049133
0.41760721802711487, 0.14711549878120422
0.3547535240650177, 0.1876806765794754
0.22810178995132446, 0.06497927755117416
0.23651865124702454, 0.09616760164499283
0.214497372508049, 0.06283843517303467
0.22135251760482788, 0.07267536222934723
0.2092723846435547, 0.04374789446592331
0.28889065980911255, 0.08653871715068817
0.3532271087169647, 0.14039085805416107
0.2388971447944641, 0.0940893217921257
0.26434341073036194, 0.08740246295928955
0.254560649394989, 0.0970049723982811
0.17574435472488403, 0.04832857474684715
0.30316826701164246, 0.11987995356321335
0.20128168165683746, 0.07223131507635117
0.2269776612520218, 0.06899577379226685
0.33764296770095825, 0.12479404360055923
0.19494591653347015, 0.05461457371711731
0.1963629424571991, 0.05320150405168533
0.22779928147792816, 0.08379252254962921
0.2257615178823471, 0.07432439178228378
0.4484524726867676, 0.24660955369472504
0.2871493399143219, 0.12365487962961197
0.43667346239089966, 0.17491118609905243
0.33071741461753845, 0.12211529910564423
0.21540559828281403, 0.06997179985046387
0.23588258028030396, 0.08890967816114426
0.24932898581027985, 0.10972043126821518
0.22153520584106445, 0.07304941117763519
0.21962010860443115, 0.07611342519521713
0.26407986879348755, 0.158335343003273
0.2546747624874115, 0.10388851165771484
0.23807422816753387, 0.08865857869386673
0.18566997349262238, 0.04899448901414871
0.23166121542453766, 0.07927175611257553
0.37476301193237305, 0.21752795577049255
0.21873073279857635, 0.06524822860956192
0.24248044192790985, 0.08571520447731018
0.20571546256542206, 0.0778123289346695
0.19703182578086853, 0.0688733160495758
0.3932257294654846, 0.1250688135623932
0.3937293589115143, 0.1266423612833023
0.20026254653930664, 0.04995468258857727
0.3064793348312378, 0.13041096925735474
0.3817957639694214, 0.12795273959636688
0.3101304769515991, 0.1318567842245102
0.23035931587219238, 0.10784335434436798
0.30607685446739197, 0.12780435383319855
0.25181785225868225, 0.08056045323610306
0.28213489055633545, 0.12308108806610107
0.39745426177978516, 0.1720089614391327
0.4843997061252594, 0.19749896228313446
0.5314637422561646, 0.30296769738197327
0.3347415328025818, 0.12649621069431305
0.25950145721435547, 0.12424164265394211
0.2422005832195282, 0.08161146193742752
0.21748043596744537, 0.07245288044214249
0.3226178288459778, 0.1442543864250183
0.2735907733440399, 0.10553938150405884
0.2363402545452118, 0.1410163938999176
0.2248852252960205, 0.08295983076095581
0.25012296438217163, 0.10455603897571564
0.2234223186969757, 0.10337632149457932
0.3522127866744995, 0.12572865188121796
0.3094751238822937, 0.1139497235417366
0.286102831363678, 0.14012669026851654
0.287955105304718, 0.08624228835105896
0.28524601459503174, 0.13276879489421844
0.26392051577568054, 0.07232824712991714
0.15727542340755463, 0.03308568894863129
0.17630378901958466, 0.044799137860536575
0.22522316873073578, 0.09043236076831818
0.24937044084072113, 0.10210274159908295
0.2177482545375824, 0.07210921496152878
0.27534323930740356, 0.09845080226659775
0.2237461656332016, 0.09608156234025955
0.24642536044120789, 0.12340187281370163
0.32203179597854614, 0.16227050125598907
0.29926598072052, 0.11617468297481537
0.29611217975616455, 0.13152837753295898
0.20492516458034515, 0.07314513623714447
0.17903518676757812, 0.06625644862651825
0.1974770575761795, 0.06603248417377472
0.24919329583644867, 0.09219618141651154
0.26240819692611694, 0.09890288859605789
0.3535877764225006, 0.1755797415971756
0.2088087648153305, 0.05735986307263374
0.20839715003967285, 0.1113424077630043
0.21070151031017303, 0.06953336298465729
0.16451583802700043, 0.04080766439437866
0.2576410174369812, 0.1502470225095749
0.3010443150997162, 0.09795909374952316
0.21549876034259796, 0.08722548931837082
0.2619210481643677, 0.14910586178302765
0.23418906331062317, 0.10346533358097076
0.20616070926189423, 0.06374449282884598
0.18662790954113007, 0.06442281603813171
0.22271572053432465, 0.06981195509433746
0.2696450352668762, 0.09215345233678818
0.2913282811641693, 0.08648081868886948
0.27419397234916687, 0.12333332747220993
0.2695425748825073, 0.11878418922424316
0.21866385638713837, 0.06970161944627762
0.19519905745983124, 0.07698199152946472
0.19113478064537048, 0.08653031289577484
0.17307578027248383, 0.07526794821023941
0.1892119199037552, 0.08788446336984634
0.21052134037017822, 0.10159455239772797
0.24801035225391388, 0.12697088718414307
0.19662036001682281, 0.06847168505191803
0.21708376705646515, 0.055569685995578766
0.34081342816352844, 0.22179895639419556
0.5597646832466125, 0.2843111455440521
0.5047777891159058, 0.23517011106014252
0.2986503839492798, 0.09254321455955505
0.2647964656352997, 0.09392355382442474
0.2271963208913803, 0.08080122619867325
0.26301929354667664, 0.1149703785777092
0.2681841552257538, 0.10609780251979828
0.3575628399848938, 0.1695636361837387
0.43875038623809814, 0.24430838227272034
0.2817332446575165, 0.09038086980581284
0.2785530686378479, 0.16994409263134003
0.5707258582115173, 0.30272939801216125
0.44641929864883423, 0.21460531651973724
0.22705432772636414, 0.07442151755094528
0.2691650986671448, 0.1159355640411377
0.2758979797363281, 0.10132808983325958
0.3342287838459015, 0.17630361020565033
0.3457460105419159, 0.12081447243690491
0.20088431239128113, 0.07395079731941223
0.1710093468427658, 0.05133470520377159
0.19789646565914154, 0.08246837556362152
0.2127159684896469, 0.08179094642400742
0.24361978471279144, 0.10265034437179565
0.2421034723520279, 0.09063481539487839
0.4076375663280487, 0.2271147221326828
0.39639517664909363, 0.2039366066455841
0.4113546907901764, 0.17401012778282166
0.2406153678894043, 0.11540364474058151
0.4172338545322418, 0.21208010613918304
0.2585562467575073, 0.12017441540956497
0.36924752593040466, 0.16920532286167145
0.3331066370010376, 0.10775674879550934
0.26912441849708557, 0.10759393870830536
0.3024262487888336, 0.12814296782016754
0.31413131952285767, 0.10582957416772842
0.2977828085422516, 0.184348464012146
0.3892267048358917, 0.16138969361782074
0.29124122858047485, 0.07452278584241867
0.26509660482406616, 0.10537118464708328
0.1861574649810791, 0.06524579972028732
0.24711209535598755, 0.10532262921333313
0.24555614590644836, 0.09622558951377869
0.24365359544754028, 0.06585998088121414
0.2474924474954605, 0.08109863847494125
0.22388416528701782, 0.0817633867263794
0.2523309290409088, 0.12094520032405853
0.3004893660545349, 0.1138385534286499
0.3002716898918152, 0.16101641952991486
0.3260233700275421, 0.16751456260681152
0.18575504422187805, 0.05212554708123207
0.2765304744243622, 0.11843348294496536
0.24144451320171356, 0.0993301272392273
0.18894672393798828, 0.07224827259778976
0.35770896077156067, 0.16594961285591125
0.47714558243751526, 0.19628572463989258
0.33803680539131165, 0.12719911336898804
0.45641449093818665, 0.22954155504703522
0.30549830198287964, 0.11777852475643158
0.17067326605319977, 0.053664810955524445
0.2705738842487335, 0.09344612061977386
0.37610960006713867, 0.15701012313365936
0.24022796750068665, 0.08152492344379425
0.23827044665813446, 0.130515918135643
0.16521860659122467, 0.048890773206949234
0.23229509592056274, 0.08311174809932709
0.3951553404331207, 0.18042200803756714
0.2503531277179718, 0.1021338477730751
0.2024606168270111, 0.06990444660186768
0.16584068536758423, 0.05987139046192169
0.2409253716468811, 0.10135886818170547
0.2047562301158905, 0.0702449157834053
0.2079283595085144, 0.05629924312233925
0.2644118368625641, 0.11296328157186508
0.1880306601524353, 0.06666457653045654
0.2827099859714508, 0.11901571601629257
0.18148310482501984, 0.06962312757968903
0.16200539469718933, 0.05938023328781128
0.19813062250614166, 0.0699208527803421
0.2390700727701187, 0.08869942277669907
0.2175137847661972, 0.08311893790960312
0.22937838733196259, 0.10075798630714417
0.3579031527042389, 0.13254627585411072
0.4403928816318512, 0.1878938525915146
0.2785952389240265, 0.13917674124240875
0.28062811493873596, 0.12409842014312744
0.22702352702617645, 0.10424134880304337
0.1979800909757614, 0.09307808429002762
0.17582592368125916, 0.07086412608623505
0.2131478190422058, 0.08803468942642212
0.32007792592048645, 0.13765111565589905
0.24643990397453308, 0.0781760960817337
0.261705607175827, 0.09792210161685944
0.3314135670661926, 0.11716870218515396
0.4114932417869568, 0.21732302010059357
0.5448682904243469, 0.2892973721027374
0.3275545835494995, 0.19735483825206757
0.32508039474487305, 0.13966704905033112
0.178802028298378, 0.06254767626523972
0.24506071209907532, 0.10855307430028915
0.3513666093349457, 0.13575182855129242
0.33545413613319397, 0.11750786006450653
0.363277405500412, 0.2077997922897339
0.3303452134132385, 0.194237619638443
0.27332791686058044, 0.1251368671655655
0.39574751257896423, 0.17380163073539734
0.1956464797258377, 0.07336966693401337
0.2787858545780182, 0.14165693521499634
0.33740362524986267, 0.1260327696800232
0.3240077793598175, 0.1261710822582245
0.22535006701946259, 0.0760883018374443
0.23108519613742828, 0.07305502146482468
0.32580626010894775, 0.13934709131717682
0.25993612408638, 0.12215755879878998
0.35335996747016907, 0.13993895053863525
0.3984363377094269, 0.20500925183296204
0.3850563168525696, 0.16089434921741486
0.24025776982307434, 0.07621199637651443
0.24987393617630005, 0.08061225712299347
0.1733514368534088, 0.08087863028049469
0.3229583203792572, 0.16375330090522766
0.3489721417427063, 0.1579894721508026
0.3710714280605316, 0.14663659036159515
0.20019619166851044, 0.07862919569015503
0.28714969754219055, 0.11881402134895325
0.28559598326683044, 0.1185535192489624
0.19663603603839874, 0.07832180708646774
0.18492527306079865, 0.06863229721784592
0.2350023090839386, 0.058734677731990814
0.286775678396225, 0.10660296678543091
0.2781235873699188, 0.1086784228682518
0.3916446268558502, 0.18652236461639404
0.47848325967788696, 0.23395593464374542
0.4256172776222229, 0.19847242534160614
0.5510672330856323, 0.24330158531665802
0.3645155429840088, 0.1967601776123047
0.24807599186897278, 0.07236797362565994
0.3181740343570709, 0.1708046793937683
0.2484837919473648, 0.1107560321688652
0.1791069358587265, 0.0776936486363411
0.27389615774154663, 0.07658835500478745
0.220638707280159, 0.06753180176019669
0.24122153222560883, 0.07909766584634781
0.26056137681007385, 0.11098559945821762
0.31696367263793945, 0.13863037526607513
0.23680397868156433, 0.09990058839321136
0.29127779603004456, 0.10175295919179916
0.29543671011924744, 0.11892231553792953
0.23566171526908875, 0.12188871204853058
0.2813648283481598, 0.1398930549621582
0.30608248710632324, 0.19883590936660767
0.2664211392402649, 0.13039948046207428
0.19053132832050323, 0.0708283931016922
0.15874344110488892, 0.046439267694950104
0.20829112827777863, 0.08731070905923843
0.21299798786640167, 0.11715370416641235
0.2903560698032379, 0.15095709264278412
0.26822102069854736, 0.11370374262332916
0.2199612706899643, 0.09600163996219635
0.21763738989830017, 0.08264755457639694
0.16402886807918549, 0.05996086075901985
0.2221626490354538, 0.09685508906841278
0.21029819548130035, 0.07332076877355576
0.2806691527366638, 0.14060421288013458
0.23066039383411407, 0.08487575501203537
0.34482282400131226, 0.17724670469760895
0.5019940733909607, 0.22883589565753937
0.4606928825378418, 0.15694329142570496
0.27917420864105225, 0.13477031886577606
0.25023677945137024, 0.10401326417922974
0.19983255863189697, 0.05931256338953972
0.2626791000366211, 0.12093354016542435
0.20976455509662628, 0.11223060637712479
0.3697250187397003, 0.19288970530033112
0.4339016377925873, 0.148245170712471
0.3035811185836792, 0.15805119276046753
0.3672483563423157, 0.1423373520374298
0.43219801783561707, 0.2456693798303604
0.24836328625679016, 0.1480475664138794
0.42364823818206787, 0.22106896340847015
0.34489184617996216, 0.12577423453330994
0.40385928750038147, 0.22594237327575684
0.5140840411186218, 0.2629472315311432
0.4769643247127533, 0.19129236042499542
0.5471933484077454, 0.2922617793083191
0.17494627833366394, 0.0604139007627964
0.1669435054063797, 0.046535201370716095
0.17571508884429932, 0.05365946516394615
0.2283838540315628, 0.09998628497123718
0.307307630777359, 0.16730479896068573
0.2460305392742157, 0.1110193133354187
0.1680927574634552, 0.05119699239730835
0.2663860023021698, 0.13651004433631897
0.2691541314125061, 0.11347297579050064
0.20667728781700134, 0.07962782680988312
0.31893032789230347, 0.11161498725414276
0.2944059669971466, 0.1353614181280136
0.3882042467594147, 0.17447222769260406
0.3564940392971039, 0.14379961788654327
0.29568538069725037, 0.14387978613376617
0.16688327491283417, 0.06201688200235367
0.27116256952285767, 0.1405690610408783
0.29417696595191956, 0.1363338977098465
0.22016288340091705, 0.08764499425888062
0.20624670386314392, 0.08392344415187836
0.22189858555793762, 0.09280787408351898
0.17403806746006012, 0.036872606724500656
0.24375544488430023, 0.10961328446865082
0.2419748604297638, 0.0898844301700592
0.45777714252471924, 0.17986468970775604
0.3774709403514862, 0.19385692477226257
0.23480041325092316, 0.07844126969575882
0.29026851058006287, 0.10163850337266922
0.2999390661716461, 0.11316809803247452
0.29249510169029236, 0.12211578339338303
0.3330625593662262, 0.12287711352109909
0.2566889822483063, 0.12114425748586655
0.3730345070362091, 0.13043174147605896
0.3578457534313202, 0.1490742266178131
0.30040159821510315, 0.1100710853934288
0.3953510820865631, 0.16717492043972015
0.19307483732700348, 0.05836169794201851
0.36003175377845764, 0.1570475846529007
0.3995026648044586, 0.13055455684661865
0.3269411027431488, 0.10346110910177231
0.35200732946395874, 0.11862063407897949
0.322086364030838, 0.12619483470916748
0.393015593290329, 0.12052438408136368
0.23099711537361145, 0.06361114978790283
0.3143033981323242, 0.17228038609027863
0.5795619487762451, 0.27967751026153564
0.32219305634498596, 0.13307549059391022
0.18526335060596466, 0.07855936884880066
0.2302883416414261, 0.0996076837182045
0.3389502763748169, 0.13912373781204224
0.5211676955223083, 0.20395728945732117
0.4733027517795563, 0.15106984972953796
0.2977640628814697, 0.1328641027212143
0.3067980706691742, 0.1323089599609375
0.5567364692687988, 0.24981221556663513
0.4097728431224823, 0.154211163520813
0.27392491698265076, 0.09565851837396622
0.21171998977661133, 0.07296498864889145
0.2299540638923645, 0.06904236227273941
0.3073968291282654, 0.08242180198431015
0.30064550042152405, 0.1305888444185257
0.1544884741306305, 0.04082663729786873
0.21690504252910614, 0.05137045308947563
0.3618977665901184, 0.17981061339378357
0.40636250376701355, 0.19344565272331238
0.30344223976135254, 0.10729596763849258
0.2035151571035385, 0.055054664611816406
0.19748476147651672, 0.06657027453184128
0.22010593116283417, 0.04648302122950554
0.1820804625749588, 0.04920174926519394
0.29535338282585144, 0.13720421493053436
0.20024700462818146, 0.07208315283060074
0.2437373250722885, 0.07329723238945007
0.2754482328891754, 0.10494949668645859
0.2857321500778198, 0.11001404374837875
0.3445993959903717, 0.15269283950328827
0.2876923978328705, 0.131733238697052
0.36393633484840393, 0.17319364845752716
0.5150056481361389, 0.20751504600048065
0.2672968804836273, 0.11830282211303711
0.18931345641613007, 0.060397885739803314
0.20451363921165466, 0.0770362913608551
0.45021307468414307, 0.21727876365184784
0.28186464309692383, 0.10658805072307587
0.3248782157897949, 0.11951098591089249
0.2776755094528198, 0.1374921053647995
0.22902756929397583, 0.06966196000576019
0.21340233087539673, 0.06882071495056152
0.22964943945407867, 0.07654602080583572
0.24748028814792633, 0.06928045302629471
0.29459670186042786, 0.10188058763742447
0.24525822699069977, 0.06958577036857605
0.2557871639728546, 0.09015383571386337
0.20797106623649597, 0.08236444741487503
0.31713011860847473, 0.10630641877651215
0.29376739263534546, 0.09614567458629608
0.2931937873363495, 0.14309275150299072
0.3781024217605591, 0.22962811589241028
0.4322614371776581, 0.1792765110731125
0.3775920867919922, 0.15420754253864288
0.3139682710170746, 0.12640053033828735
0.32899969816207886, 0.1081468015909195
0.22051537036895752, 0.10065861791372299
0.2456142157316208, 0.10504327714443207
0.2483300119638443, 0.09305761754512787
0.29863035678863525, 0.14130832254886627
0.3268969655036926, 0.13201899826526642
0.3917796313762665, 0.14498786628246307
0.37350738048553467, 0.12029895931482315
0.18695855140686035, 0.05585469305515289
0.27881962060928345, 0.1309385746717453
0.3249451816082001, 0.15559718012809753
0.2938414514064789, 0.09561717510223389
0.3060453534126282, 0.11762610077857971
0.39294376969337463, 0.17738646268844604
0.27870455384254456, 0.15168078243732452
0.3747623562812805, 0.14527127146720886
0.25876036286354065, 0.12932205200195312
0.2810860276222229, 0.1368808001279831
0.4164940416812897, 0.15308010578155518
0.5466093420982361, 0.21490362286567688
0.9055595397949219, 0.4570143222808838
0.7070786356925964, 0.34305280447006226
0.44621017575263977, 0.18967832624912262
0.4379308223724365, 0.15193742513656616
0.218111053109169, 0.08488384634256363
0.2371630221605301, 0.09955226629972458
0.2861548662185669, 0.1146850511431694
0.22495320439338684, 0.0825938880443573
0.2584713101387024, 0.07242312282323837
0.4023153483867645, 0.151276633143425
0.3762854039669037, 0.12547817826271057
0.3061564266681671, 0.12615282833576202
0.3421087861061096, 0.13085587322711945
0.46831363439559937, 0.16402482986450195
0.8430735468864441, 0.24962590634822845
0.6971810460090637, 0.2626867890357971
0.7192099094390869, 0.31584927439689636
0.5476061701774597, 0.20740848779678345
0.2886112332344055, 0.10664766281843185
0.28293025493621826, 0.09314695000648499
0.2308262437582016, 0.08022771030664444
0.3844415843486786, 0.16266779601573944
0.5327865481376648, 0.20281867682933807
0.5624273419380188, 0.22897237539291382
0.3480745255947113, 0.13946034014225006
0.4038218855857849, 0.15291409194469452
0.3222953677177429, 0.0852554515004158
0.4290337562561035, 0.16858018934726715
0.4148574769496918, 0.20209901034832
0.3999527394771576, 0.16582731902599335
0.2507988214492798, 0.05874763801693916
0.1806999295949936, 0.05617748945951462
0.2230481058359146, 0.07748043537139893
0.24078886210918427, 0.10148060321807861
0.23707254230976105, 0.09759515523910522
0.2611246705055237, 0.09034298360347748
0.23184622824192047, 0.10120873898267746
0.2289346605539322, 0.07030884176492691
0.2694099545478821, 0.10424311459064484
0.32682082056999207, 0.14489182829856873
0.4586051404476166, 0.15221956372261047
0.5227230191230774, 0.19294136762619019
0.4449310302734375, 0.18420898914337158
0.404339462518692, 0.1448197066783905
0.3701407313346863, 0.1455768197774887
0.335776150226593, 0.10773707926273346
0.3916383683681488, 0.18325240910053253
0.47390541434288025, 0.22008708119392395
0.5491915941238403, 0.25197380781173706
0.6254810690879822, 0.19568228721618652
0.7237904667854309, 0.41946688294410706
0.9551745653152466, 0.35495060682296753
0.7694589495658875, 0.31741467118263245
0.44959497451782227, 0.23712065815925598
0.4254526197910309, 0.24324285984039307
0.5438550710678101, 0.19988012313842773
0.5517152547836304, 0.24333305656909943
0.40059077739715576, 0.13871198892593384
0.32534825801849365, 0.14841991662979126
0.4280259907245636, 0.1548912674188614
0.4962283670902252, 0.19605980813503265
0.31151413917541504, 0.1060553714632988
0.30615314841270447, 0.08980324864387512
0.3542918264865875, 0.18307219445705414
0.34290021657943726, 0.14240001142024994
0.38784700632095337, 0.11862966418266296
0.4005790650844574, 0.14988861978054047
0.3468456566333771, 0.1480746865272522
0.41334056854248047, 0.18231962621212006
0.39638999104499817, 0.1837710440158844
0.4652043879032135, 0.17093408107757568
0.6204037070274353, 0.3371976912021637
0.337184876203537, 0.123704694211483
0.44448035955429077, 0.1963510513305664
0.6523468494415283, 0.22550137341022491
0.5651253461837769, 0.20659857988357544
0.9220138192176819, 0.4311230778694153
0.5337162017822266, 0.2166488617658615
0.6353362798690796, 0.30444109439849854
0.8188196420669556, 0.2313753217458725
0.7228090167045593, 0.2759242653846741
0.5695112347602844, 0.22097930312156677
0.8689091801643372, 0.40552085638046265
0.8442042469978333, 0.2629994750022888
0.47995784878730774, 0.18511393666267395
0.35680094361305237, 0.09577184915542603
0.3969685435295105, 0.2299533188343048
0.27109572291374207, 0.07080140709877014
0.3708757758140564, 0.11966093629598618
0.2633361518383026, 0.1201009675860405
0.2986854016780853, 0.0863845944404602
0.3547089993953705, 0.15466390550136566
0.3385336995124817, 0.09053178131580353
0.508179783821106, 0.17338068783283234
0.5331767797470093, 0.22468456625938416
0.6914518475532532, 0.21985101699829102
0.5202754139900208, 0.235530287027359
0.4828547537326813, 0.2195485234260559
0.3383559584617615, 0.1457778662443161
0.579051673412323, 0.23326310515403748
0.7139183282852173, 0.19002272188663483
0.7743294835090637, 0.43791550397872925
0.5420376658439636, 0.21344207227230072
0.5327696800231934, 0.28666484355926514
0.7945920825004578, 0.37084272503852844
0.8377731442451477, 0.2735472619533539
0.8131015300750732, 0.33722180128097534
0.5444002747535706, 0.3102945387363434
0.5329893827438354, 0.1847689002752304
0.49157407879829407, 0.2402804046869278
0.8973976969718933, 0.36759087443351746
0.7432597279548645, 0.28363338112831116
0.5879920125007629, 0.26257145404815674
0.5985808372497559, 0.19462932646274567
0.40077850222587585, 0.19305452704429626
0.48067808151245117, 0.23222312331199646
0.48052677512168884, 0.23946841061115265
0.5209543108940125, 0.21632830798625946
0.5353861451148987, 0.21998855471611023
0.6125134825706482, 0.23975804448127747
0.5426146388053894, 0.2407684326171875
0.5267578959465027, 0.2539943754673004
0.3236520290374756, 0.17517037689685822
0.4545052945613861, 0.18327827751636505
0.6765850186347961, 0.23315268754959106
0.6329529881477356, 0.2885324954986572
0.7429616451263428, 0.5357139706611633
0.6130903363227844, 0.2524954676628113
0.4963376820087433, 0.19564178586006165
0.5733217000961304, 0.3120914101600647
0.6768626570701599, 0.2806933522224426
0.736369252204895, 0.280906081199646
0.5295203924179077, 0.3466728627681732
0.3067421317100525, 0.0759313628077507
0.357126384973526, 0.10229437798261642
0.30978336930274963, 0.12428905069828033
0.32583895325660706, 0.10783689469099045
0.7332105040550232, 0.2521219253540039
0.6983098387718201, 0.26944291591644287
0.5476343631744385, 0.23104463517665863
0.5820572972297668, 0.1752311736345291
0.4649825692176819, 0.18371938169002533
0.6556777358055115, 0.2969009280204773
0.8295766115188599, 0.3306609094142914
0.49256405234336853, 0.16569378972053528
0.4121071398258209, 0.18738193809986115
0.508991539478302, 0.25330987572669983
0.7919431328773499, 0.31285086274147034
1.1980787515640259, 0.472618043422699
0.7655606269836426, 0.35762080550193787
0.6006261110305786, 0.300131618976593
0.766109049320221, 0.4355110824108124
0.9041855335235596, 0.35569971799850464
0.8063137531280518, 0.30246105790138245
0.6940239667892456, 0.40699055790901184
0.8589151501655579, 0.33367106318473816
0.40231752395629883, 0.1427253782749176
0.44207462668418884, 0.2088993936777115
0.37746843695640564, 0.1293129175901413
0.4081983268260956, 0.1443486213684082
0.4882875978946686, 0.14445701241493225
0.7723615765571594, 0.3225913643836975
0.6971688270568848, 0.2715924382209778
0.7468965649604797, 0.22208859026432037
0.5313974618911743, 0.22536218166351318
0.5793932676315308, 0.21015051007270813
0.6892688870429993, 0.1814575493335724
0.3925572633743286, 0.11590702086687088
0.46545839309692383, 0.1811273694038391
0.6651293039321899, 0.5204881429672241
1.0699331760406494, 0.46809595823287964
1.0246378183364868, 0.4251827299594879
1.4929695129394531, 0.5742472410202026
0.855882465839386, 0.45010367035865784
0.8479978442192078, 0.38068798184394836
0.6601065397262573, 0.354764461517334
0.40741804242134094, 0.20135711133480072
0.3384411931037903, 0.13350887596607208
0.3841685354709625, 0.17905326187610626
0.4152488708496094, 0.19487878680229187
0.46574509143829346, 0.19507503509521484
0.5913666486740112, 0.2623947560787201
0.3557227849960327, 0.15186911821365356
0.39024272561073303, 0.20205727219581604
0.42739081382751465, 0.23938368260860443
