mean, std
0.1840052604675293, 0.081914022564888
0.21490006148815155, 0.04948034882545471
0.20147791504859924, 0.0731910914182663
0.14803019165992737, 0.08019109815359116
0.08145840466022491, 0.03163803368806839
0.06570298969745636, 0.03823116049170494
0.04209395870566368, 0.02376304380595684
0.03848492354154587, 0.016991980373859406
0.03163672238588333, 0.014216097071766853
0.03436962887644768, 0.01492010336369276
0.037550557404756546, 0.015506857074797153
0.03701893612742424, 0.012753794901072979
0.03150670975446701, 0.014484655112028122
0.036899976432323456, 0.012244177982211113
0.04171319678425789, 0.01705891266465187
0.04598260298371315, 0.012651548720896244
0.04746050015091896, 0.01711226813495159
0.04734077304601669, 0.018101898953318596
0.05753272771835327, 0.022288665175437927
0.05211499705910683, 0.015095713548362255
0.041437286883592606, 0.01220245473086834
0.03815077617764473, 0.010797327384352684
0.046570856124162674, 0.021874571219086647
0.04425061121582985, 0.014726342633366585
0.05630507692694664, 0.025652987882494926
0.03763239458203316, 0.013190214522182941
0.048897650092840195, 0.023101840168237686
0.04003804549574852, 0.013304071500897408
0.03671002388000488, 0.01266130805015564
0.04506583884358406, 0.01930179074406624
0.04481124505400658, 0.01549922302365303
0.04741264879703522, 0.01836080476641655
0.060717880725860596, 0.02108658291399479
0.059103209525346756, 0.017831219360232353
0.07285761088132858, 0.019309021532535553
0.09005440771579742, 0.01953134685754776
0.08199118077754974, 0.02841688133776188
0.12656711041927338, 0.0324014276266098
0.09516005963087082, 0.0254606194794178
0.12504537403583527, 0.04633934050798416
0.12897945940494537, 0.09764349460601807
0.2398739904165268, 0.08314686268568039
0.12234725058078766, 0.03354448452591896
0.09886075556278229, 0.03937719017267227
0.11748160421848297, 0.035914912819862366
0.11883078515529633, 0.03952230140566826
0.08155791461467743, 0.02120927721261978
0.08039482682943344, 0.028315264731645584
0.1261514276266098, 0.06653375178575516
0.11923549324274063, 0.03949783369898796
0.07970110327005386, 0.026486240327358246
0.06759348511695862, 0.027608081698417664
0.12397176772356033, 0.05076168105006218
0.11077355593442917, 0.04975946247577667
0.14706163108348846, 0.05278429016470909
0.12746937572956085, 0.03299538046121597
0.0998191386461258, 0.037034545093774796
0.07565727829933167, 0.02389155700802803
0.09409822523593903, 0.04545639455318451
0.08904306590557098, 0.026850828900933266
0.07753720879554749, 0.02865605801343918
0.08891014009714127, 0.027783792465925217
0.060492388904094696, 0.020779358223080635
0.06304172426462173, 0.01868327520787716
0.06248323991894722, 0.01655392348766327
0.052918318659067154, 0.02065688744187355
0.06875954568386078, 0.02683599665760994
0.06814130395650864, 0.023034624755382538
0.06468618661165237, 0.017040617763996124
0.055159229785203934, 0.011268837377429008
0.07916739583015442, 0.03403998166322708
0.07924304157495499, 0.0404496006667614
0.10489286482334137, 0.040939249098300934
0.1024247258901596, 0.03996090590953827
0.07596317678689957, 0.04088597744703293
0.07308116555213928, 0.029204800724983215
0.08993507921695709, 0.035485077649354935
0.06909114122390747, 0.02253558114171028
0.06912510097026825, 0.02684653364121914
0.09277085214853287, 0.03405022621154785
0.08455784618854523, 0.03124106489121914
0.09049718827009201, 0.033374637365341187
0.08455546945333481, 0.02885589934885502
0.11250575631856918, 0.035935111343860626
0.12249130755662918, 0.02872113324701786
0.1479615867137909, 0.07484991103410721
0.14986571669578552, 0.06611940264701843
0.10892579704523087, 0.05760940909385681
0.14222921431064606, 0.08054496347904205
0.13354294002056122, 0.0380498468875885
0.17360125482082367, 0.07982026040554047
0.23415465652942657, 0.09889354556798935
0.2736964821815491, 0.10782913118600845
0.1519116908311844, 0.07449633628129959
0.11766813695430756, 0.047784242779016495
0.09825815260410309, 0.02781352773308754
0.10838846862316132, 0.04694122448563576
0.21576958894729614, 0.07719020545482635
0.15544913709163666, 0.059306446462869644
0.11105622351169586, 0.04790210351347923
0.11224254220724106, 0.01701742224395275
0.09490565210580826, 0.02982824668288231
0.0920814573764801, 0.021396327763795853
0.10514651238918304, 0.03950073942542076
0.08559081703424454, 0.027019886299967766
0.08480987697839737, 0.02528991550207138
0.11622662097215652, 0.029808450490236282
0.12432568520307541, 0.05187174677848816
0.13422265648841858, 0.0467517152428627
0.10239735245704651, 0.041958145797252655
0.11264795809984207, 0.040380168706178665
0.12387401610612869, 0.04441351071000099
0.12196799367666245, 0.04917497932910919
0.12033405900001526, 0.0356733612716198
0.14903630316257477, 0.06829950213432312
0.12266788631677628, 0.05132307857275009
0.0931495800614357, 0.03141630440950394
0.09951953589916229, 0.03609263896942139
0.09449636191129684, 0.04242900013923645
0.09588636457920074, 0.02359355241060257
0.13288459181785583, 0.058328576385974884
0.1325487643480301, 0.06343301385641098
0.11852060258388519, 0.053987566381692886
0.10470655560493469, 0.04444262757897377
0.09433306753635406, 0.035679031163454056
0.1133502721786499, 0.03774009644985199
0.12074285000562668, 0.05361359566450119
0.09481338411569595, 0.04152039811015129
0.15562020242214203, 0.05339270457625389
0.12074723839759827, 0.06779767572879791
0.13441158831119537, 0.05725795403122902
0.15335935354232788, 0.07226786762475967
0.10495517402887344, 0.02208818681538105
0.08653787523508072, 0.021244550123810768
0.08667003363370895, 0.030746158212423325
0.10341998189687729, 0.02396637573838234
0.08691052347421646, 0.029440421611070633
0.12138867378234863, 0.042625050991773605
0.10817058384418488, 0.05424218624830246
0.10742930322885513, 0.032029103487730026
0.09606607258319855, 0.031831931322813034
0.1346788853406906, 0.0546506829559803
0.0990079939365387, 0.03230017423629761
0.14305825531482697, 0.0440775603055954
0.09848190099000931, 0.029611021280288696
0.17452459037303925, 0.08329010009765625
0.16380596160888672, 0.08519168198108673
0.13379190862178802, 0.06538651883602142
0.14608941972255707, 0.06429389864206314
0.12228932976722717, 0.038198359310626984
0.14583054184913635, 0.061569370329380035
0.0944082960486412, 0.03346361592411995
0.08242815732955933, 0.02774661034345627
0.10494344681501389, 0.0395813025534153
0.1189645379781723, 0.047162532806396484
0.09985114634037018, 0.025546111166477203
0.08599001914262772, 0.030379926785826683
0.10994118452072144, 0.04907005652785301
0.10781941562891006, 0.029234629124403
0.13750867545604706, 0.044685348868370056
0.09992025047540665, 0.021009355783462524
0.09815771132707596, 0.02988278679549694
0.08533047139644623, 0.03638054057955742
0.08179648220539093, 0.025115380063652992
0.1003771647810936, 0.026977213099598885
0.12874196469783783, 0.05308006703853607
0.1228342056274414, 0.03137984499335289
0.10859643667936325, 0.03241404518485069
0.08932363986968994, 0.03096082992851734
0.11536754667758942, 0.05360909178853035
0.10867271572351456, 0.031403589993715286
0.13911688327789307, 0.06292544305324554
0.1320411115884781, 0.050939179956912994
0.13780160248279572, 0.048084937036037445
0.1388646513223648, 0.07259131968021393
0.09527086466550827, 0.029225001111626625
0.09378167986869812, 0.026805337518453598
0.11656444519758224, 0.04694116488099098
0.1122545376420021, 0.027336619794368744
0.09326886385679245, 0.02576788328588009
0.1535094529390335, 0.0664258748292923
0.11067119985818863, 0.033096086233854294
0.10966355353593826, 0.049297936260700226
0.09915510565042496, 0.037697192281484604
0.06966818869113922, 0.0238352008163929
0.08629043400287628, 0.03337512165307999
0.07393857091665268, 0.01833440735936165
0.09562691301107407, 0.022585270926356316
0.10751934349536896, 0.04442683607339859
0.10101586580276489, 0.03083699196577072
0.07397260516881943, 0.01891210488975048
0.12826253473758698, 0.052538059651851654
0.12546096742153168, 0.04430276155471802
0.11686570197343826, 0.03361576050519943
0.07975766062736511, 0.021226132288575172
0.09746668487787247, 0.03872509300708771
0.11276291310787201, 0.06398151069879532
0.17386050522327423, 0.08191737532615662
0.12467263638973236, 0.055195555090904236
0.10409563034772873, 0.035377636551856995
0.10689353942871094, 0.033355675637722015
0.13341350853443146, 0.04476688802242279
0.12454210221767426, 0.06136831268668175
0.10665414482355118, 0.03315574303269386
0.10213314741849899, 0.029053686186671257
0.08798543363809586, 0.03219456225633621
0.12395535409450531, 0.06189365312457085
0.14272232353687286, 0.0580366849899292
0.10450606048107147, 0.04102642089128494
0.10740014910697937, 0.03399018570780754
0.09235870838165283, 0.03183070570230484
0.1066736951470375, 0.028164973482489586
0.09318886697292328, 0.03644678369164467
0.08763483911752701, 0.02982419729232788
0.1133304163813591, 0.05434130132198334
0.17442961037158966, 0.06613942980766296
0.07287738472223282, 0.022699445486068726
0.13173674046993256, 0.04782737419009209
0.08794809132814407, 0.03608439117670059
0.08171079307794571, 0.032642412930727005
0.08604029566049576, 0.035532061010599136
0.10671026259660721, 0.034722477197647095
0.10107175260782242, 0.025485657155513763
0.08197996765375137, 0.026234157383441925
0.08244331181049347, 0.03029586933553219
0.0804377943277359, 0.029635950922966003
0.08009287714958191, 0.023301387205719948
0.13158297538757324, 0.039122775197029114
0.13326166570186615, 0.04521501436829567
0.1704164445400238, 0.07367374747991562
0.11669237166643143, 0.068975530564785
0.11814132332801819, 0.047645192593336105
0.10703881829977036, 0.04626994952559471
0.07911130785942078, 0.028970910236239433
0.10117877274751663, 0.03926191106438637
0.12045390158891678, 0.05076148733496666
0.11380447447299957, 0.035396475344896317
0.09014499187469482, 0.024520190432667732
0.0871986448764801, 0.025595303624868393
0.07907068729400635, 0.02743164636194706
0.07404565066099167, 0.021994078531861305
0.09229563921689987, 0.03365642949938774
0.10342725366353989, 0.03235586732625961
0.1081925630569458, 0.03491866588592529
0.093264140188694, 0.022600533440709114
0.08834729343652725, 0.02829371951520443
0.10939453542232513, 0.05463623255491257
0.14695687592029572, 0.05363701656460762
0.18121875822544098, 0.07252421230077744
0.14332257211208344, 0.05975037440657616
0.08925441652536392, 0.029136741533875465
0.08466324955224991, 0.02557329647243023
0.07313481718301773, 0.027917254716157913
0.0740041509270668, 0.02156589739024639
0.06859102100133896, 0.018343476578593254
0.0778484120965004, 0.02394631691277027
0.10947603732347488, 0.03142232447862625
0.09503919631242752, 0.034545063972473145
0.13469675183296204, 0.05344955250620842
0.16602680087089539, 0.06669536978006363
0.11539358645677567, 0.04548225551843643
0.07719185203313828, 0.02469410002231598
0.11390785127878189, 0.044410232454538345
0.1219010204076767, 0.04773824289441109
0.09867652505636215, 0.05402760207653046
0.07630640268325806, 0.018429836258292198
0.099619559943676, 0.03476729989051819
0.10705365985631943, 0.04205697029829025
0.09780069440603256, 0.031656451523303986
0.0770987719297409, 0.02207852341234684
0.10247474163770676, 0.047151416540145874
0.10165899246931076, 0.03750503435730934
0.11124353855848312, 0.036872413009405136
0.10380736738443375, 0.04596789553761482
0.11973093450069427, 0.05938531830906868
0.14400021731853485, 0.07184430956840515
0.11245141923427582, 0.038201987743377686
0.11451094597578049, 0.03287249803543091
0.07728025317192078, 0.02762432210147381
0.07581020146608353, 0.017630495131015778
0.0871080756187439, 0.020730990916490555
0.14494389295578003, 0.050308775156736374
0.12763148546218872, 0.05820285901427269
0.08817111700773239, 0.03684729337692261
0.08678272366523743, 0.025432134047150612
0.10326430946588516, 0.0386073961853981
0.12864753603935242, 0.03951876610517502
0.14284802973270416, 0.0647040382027626
0.17186278104782104, 0.07533027976751328
0.15988154709339142, 0.06012411043047905
0.09201651066541672, 0.036524079740047455
0.08013392239809036, 0.021132802590727806
0.08359800279140472, 0.02654138021171093
0.0688396468758583, 0.023813748732209206
0.07723871618509293, 0.02195286564528942
0.08206027746200562, 0.02317184954881668
0.08305825293064117, 0.03443647548556328
0.09123330563306808, 0.024223769083619118
0.08466871827840805, 0.023611461743712425
0.0682908445596695, 0.020919861271977425
0.10225070267915726, 0.041023094207048416
0.09103178232908249, 0.03713956102728844
0.0927419513463974, 0.03800954297184944
0.08432713150978088, 0.026197487488389015
0.14855502545833588, 0.08743789047002792
0.14132268726825714, 0.04382206127047539
0.10762070119380951, 0.04443101957440376
0.08475619554519653, 0.021374259144067764
0.07969069480895996, 0.019522562623023987
0.0929301306605339, 0.0353982150554657
0.12760591506958008, 0.04775140807032585
0.10521930456161499, 0.04595157504081726
0.12449625134468079, 0.06144428998231888
0.0961315929889679, 0.02736777253448963
0.09939192235469818, 0.02958040125668049
0.0726221576333046, 0.023531172424554825
0.07988449186086655, 0.02723432146012783
0.0783759355545044, 0.02211911976337433
0.09843651205301285, 0.028096534311771393
0.08497515320777893, 0.024281620979309082
0.08356296271085739, 0.036085668951272964
0.10299220681190491, 0.03398212045431137
0.08930999785661697, 0.026353126391768456
0.12085224688053131, 0.052681710571050644
0.07414304465055466, 0.015477734617888927
0.08425692468881607, 0.02329670824110508
0.10250003635883331, 0.041334640234708786
0.11771733313798904, 0.05357877537608147
0.09745140373706818, 0.04061100631952286
0.0713387131690979, 0.025332219898700714
0.08529815822839737, 0.021619943901896477
0.09284720569849014, 0.027375411242246628
0.07907236367464066, 0.02200012281537056
0.0758737251162529, 0.024746987968683243
0.06501097977161407, 0.022304730489850044
0.09792174398899078, 0.056587859988212585
0.07720566540956497, 0.02683822624385357
0.11742261797189713, 0.04233890399336815
0.09109637141227722, 0.02699424885213375
0.10427791625261307, 0.032301679253578186
0.10485037416219711, 0.03348378837108612
0.13782863318920135, 0.06120600923895836
0.1318807452917099, 0.04874530807137489
0.10985635221004486, 0.04503965750336647
0.09201637655496597, 0.037664011120796204
0.0944729819893837, 0.033110830932855606
0.07192239910364151, 0.0207157414406538
0.07185980677604675, 0.018133051693439484
0.071354441344738, 0.01889362372457981
0.12403205037117004, 0.044410597532987595
0.17177364230155945, 0.08208145201206207
0.12979760766029358, 0.061534333974123
0.10362906754016876, 0.048460595309734344
0.06413107365369797, 0.012391537427902222
0.0728519931435585, 0.027185754850506783
0.07989496737718582, 0.02406047098338604
0.08724585175514221, 0.022613756358623505
0.08860668540000916, 0.030095582827925682
0.07908328622579575, 0.018027210608124733
0.08338917046785355, 0.02763986587524414
0.11104897409677505, 0.029670268297195435
0.1016240194439888, 0.030233336612582207
0.09077110886573792, 0.024848219007253647
0.089917853474617, 0.026509178802371025
0.07660724967718124, 0.01765771396458149
0.10139507055282593, 0.026639441028237343
0.06541973352432251, 0.014560124836862087
0.07171807438135147, 0.019294634461402893
0.08251260966062546, 0.023552071303129196
0.07421455532312393, 0.02087509073317051
0.09461505711078644, 0.03151613101363182
0.08956606686115265, 0.03541272133588791
0.0892149955034256, 0.03208538144826889
0.0803084746003151, 0.029303165152668953
0.07023372501134872, 0.01696537435054779
0.07862643152475357, 0.023220038041472435
0.07890009880065918, 0.023859616369009018
0.07671993970870972, 0.01870758831501007
0.09912370890378952, 0.04334991052746773
0.1280124932527542, 0.04265589639544487
0.0810249075293541, 0.025202369317412376
0.08187081664800644, 0.023627381771802902
0.09168302267789841, 0.024495990946888924
0.09054206311702728, 0.02370963618159294
0.09162614494562149, 0.033463288098573685
0.10371818393468857, 0.036626141518354416
0.08367238193750381, 0.020801689475774765
0.07103748619556427, 0.016324222087860107
0.07489464432001114, 0.024246955290436745
0.0734001100063324, 0.01794329099357128
0.0718901976943016, 0.02019006386399269
0.10668550431728363, 0.03512580320239067
0.09518928825855255, 0.03215807303786278
0.10169780999422073, 0.03698759898543358
0.09549742192029953, 0.03568818420171738
0.09461730718612671, 0.02586127631366253
0.072455033659935, 0.020782550796866417
0.08251024782657623, 0.0247939582914114
0.0841633528470993, 0.029396669939160347
0.10477469861507416, 0.03936891257762909
0.10319696366786957, 0.034485410898923874
0.09177544713020325, 0.01876860298216343
0.0952494814991951, 0.03914038464426994
0.09044153988361359, 0.03141579404473305
0.09890472888946533, 0.040551379323005676
0.09901250898838043, 0.0409838892519474
0.07110370695590973, 0.013313012197613716
0.0808543860912323, 0.023248454555869102
0.07063518464565277, 0.024127114564180374
0.07838887721300125, 0.0180808212608099
0.0719151645898819, 0.023374924436211586
0.09483397006988525, 0.02999601885676384
0.09662169218063354, 0.032948218286037445
0.10921095311641693, 0.03474190831184387
0.1181790679693222, 0.043902408331632614
0.09094628691673279, 0.04137686640024185
0.11068928241729736, 0.03529558330774307
0.07664760202169418, 0.02053212560713291
0.107208751142025, 0.03907615318894386
0.12734095752239227, 0.048301812261343
0.09219089895486832, 0.024070069193840027
0.08298417180776596, 0.023649003356695175
0.10479963570833206, 0.04082231596112251
0.0885813906788826, 0.025373129174113274
0.09174909442663193, 0.032157231122255325
0.07199817150831223, 0.018691683188080788
0.06318865716457367, 0.017390750348567963
0.08383604139089584, 0.02315065637230873
0.10283472388982773, 0.03225446492433548
0.09221295267343521, 0.024183040484786034
0.0951460599899292, 0.042236462235450745
0.07928961515426636, 0.023137856274843216
0.12581688165664673, 0.03437642753124237
0.13437922298908234, 0.0644913762807846
0.15191811323165894, 0.06095722317695618
0.13150842487812042, 0.04958728328347206
0.07034745812416077, 0.02005833014845848
0.10069072246551514, 0.038607414811849594
0.09618102014064789, 0.024724021553993225
0.0646808072924614, 0.021236786618828773
0.06500611454248428, 0.017367662861943245
0.07931336015462875, 0.025529395788908005
0.07625923305749893, 0.015889983624219894
0.07516465336084366, 0.01894684135913849
0.07085998356342316, 0.01718979887664318
0.07284540683031082, 0.03199992701411247
0.10185825079679489, 0.04955185204744339
0.0763137936592102, 0.021922782063484192
0.06759817153215408, 0.021145999431610107
0.06902693957090378, 0.0248703695833683
0.07672801613807678, 0.025874435901641846
0.08167346566915512, 0.03298204019665718
0.06488994508981705, 0.02272658422589302
0.08068574219942093, 0.029307778924703598
0.08903536200523376, 0.030238041654229164
0.07173355668783188, 0.02250690944492817
0.0807584598660469, 0.019702643156051636
0.07875830680131912, 0.021659698337316513
0.08298981189727783, 0.01754635013639927
0.07478992640972137, 0.02160027250647545
0.06904541701078415, 0.016534611582756042
0.07817190885543823, 0.02892262674868107
0.10672269016504288, 0.0415368378162384
0.0720720961689949, 0.024473294615745544
0.06897399574518204, 0.014229679480195045
0.07646940648555756, 0.023576494306325912
0.08867085725069046, 0.03207933157682419
0.0733814686536789, 0.02272726409137249
0.07163486629724503, 0.019643321633338928
0.08352891355752945, 0.03359590843319893
0.06957488507032394, 0.020137807354331017
0.07477099448442459, 0.03133314847946167
0.06366746872663498, 0.017691902816295624
0.06952887773513794, 0.021152568981051445
0.07287397235631943, 0.022568609565496445
0.06982309371232986, 0.01915103942155838
0.12461581826210022, 0.05293042212724686
0.07014411687850952, 0.029356546700000763
0.10736656934022903, 0.035295139998197556
0.09411470592021942, 0.027309870347380638
0.0920778438448906, 0.03143614903092384
0.09646978974342346, 0.028048131614923477
0.10615126043558121, 0.042329732328653336
0.06928441673517227, 0.023524852469563484
0.07837185263633728, 0.030440479516983032
0.07146698236465454, 0.021323828026652336
0.08271361887454987, 0.0367855504155159
0.12043237686157227, 0.0512855090200901
0.07981846481561661, 0.02595972828567028
0.05861511453986168, 0.017165759578347206
0.06761765480041504, 0.014527096413075924
0.07781736552715302, 0.02645278349518776
0.089499831199646, 0.02631375566124916
0.12486827373504639, 0.053190458565950394
0.09100428968667984, 0.0323980338871479
0.07784277945756912, 0.019116338342428207
0.09000153094530106, 0.027051812037825584
0.07658260315656662, 0.02065344713628292
0.08095600455999374, 0.025639984756708145
0.06931178271770477, 0.021565623581409454
0.06836526840925217, 0.02073793299496174
0.07861622422933578, 0.02524593099951744
0.10044661164283752, 0.04262742027640343
0.10079959779977798, 0.030044734477996826
0.08601441979408264, 0.02652479149401188
0.092484250664711, 0.021431829780340195
0.08272631466388702, 0.01988992653787136
0.07124622166156769, 0.024004332721233368
0.07030865550041199, 0.015224045142531395
0.08100324869155884, 0.025897985324263573
0.07220166176557541, 0.016674209386110306
0.07408605515956879, 0.014466088265180588
0.07405814528465271, 0.021946262568235397
0.07369343191385269, 0.025230219587683678
0.0597757026553154, 0.016137149184942245
0.07544667273759842, 0.025447623804211617
0.10946764796972275, 0.040966667234897614
0.10272520035505295, 0.046102385967969894
0.10502646863460541, 0.04815661162137985
0.08050797879695892, 0.030008642002940178
0.06109236553311348, 0.018455902114510536
0.07599145174026489, 0.02339055947959423
0.07053067535161972, 0.018610043451189995
0.0884222686290741, 0.03373591974377632
0.0886562243103981, 0.032380931079387665
0.07966146618127823, 0.02272692695260048
0.07838520407676697, 0.020196210592985153
0.0859062448143959, 0.025464465841650963
0.06650964170694351, 0.016118180006742477
0.07358527928590775, 0.025924913585186005
0.08759072422981262, 0.027906423434615135
0.09979043155908585, 0.03282612934708595
0.12963074445724487, 0.0570075586438179
0.13798145949840546, 0.060971129685640335
0.13513675332069397, 0.048837948590517044
0.10602553933858871, 0.03447192534804344
0.0940757617354393, 0.03612979128956795
0.08982300758361816, 0.028918461874127388
0.07029908150434494, 0.01697203516960144
0.06840848177671432, 0.02061099000275135
0.06438551098108292, 0.014229969121515751
0.07378540188074112, 0.0266775730997324
0.06681999564170837, 0.02048199437558651
0.06850846856832504, 0.02028660662472248
0.0599949024617672, 0.014444961212575436
0.07019765675067902, 0.022830979898571968
0.08454088866710663, 0.021174950525164604
0.07695615291595459, 0.01876796782016754
0.06769755482673645, 0.02565080113708973
0.054842300713062286, 0.014544009231030941
0.06115737184882164, 0.019112741574645042
0.11906547099351883, 0.04204555228352547
0.08667921274900436, 0.04091349616646767
0.06770680099725723, 0.014905762858688831
0.0703875944018364, 0.022756008431315422
0.0721387267112732, 0.02336563728749752
0.08652733266353607, 0.026575898751616478
0.07459130883216858, 0.023230161517858505
0.06065737456083298, 0.01695161871612072
0.06685952842235565, 0.024279611185193062
0.06877322494983673, 0.028000473976135254
0.1153658926486969, 0.04495885595679283
0.06539186090230942, 0.01471269503235817
0.07336308062076569, 0.02431800588965416
0.0641048401594162, 0.014275697991251945
0.07601730525493622, 0.02613845467567444
0.08160466700792313, 0.027959143742918968
0.08961621671915054, 0.023902377113699913
0.07637319713830948, 0.018450580537319183
0.09904785454273224, 0.03459297493100166
0.08737736195325851, 0.022677335888147354
0.08822153508663177, 0.015034396201372147
0.07663624733686447, 0.026461338624358177
0.074711374938488, 0.017379149794578552
0.07839794456958771, 0.01997697353363037
0.10481300950050354, 0.029628025367856026
0.07979214191436768, 0.025265004485845566
0.06267441064119339, 0.013903806917369366
0.06352274119853973, 0.019129740074276924
0.07146381586790085, 0.02530243992805481
0.07655297964811325, 0.02641788311302662
0.08830227702856064, 0.033165547996759415
0.09773773699998856, 0.04648122191429138
0.085471011698246, 0.016689961776137352
0.09227193146944046, 0.032156359404325485
0.06868082284927368, 0.021415142342448235
0.06024830788373947, 0.01567925326526165
0.057711411267519, 0.0166973527520895
0.07658177614212036, 0.026119474321603775
0.08289071172475815, 0.028342003002762794
0.09319019317626953, 0.02814466506242752
0.1253959983587265, 0.040584295988082886
0.12199904024600983, 0.04455919191241264
0.08847508579492569, 0.030500028282403946
0.08603009581565857, 0.03774622827768326
0.08875681459903717, 0.032775793224573135
0.06840634346008301, 0.021448802202939987
0.06548299640417099, 0.012352987192571163
0.08122485131025314, 0.026729397475719452
0.07090520113706589, 0.02275034599006176
0.08470924943685532, 0.030275043100118637
0.06365910917520523, 0.020176321268081665
0.09156949818134308, 0.02880273573100567
0.07898371666669846, 0.024246877059340477
0.0841018334031105, 0.025606058537960052
0.06641834229230881, 0.01783369481563568
0.06514884531497955, 0.023206651210784912
0.06595507264137268, 0.016523737460374832
0.06894291937351227, 0.02778175100684166
0.11321105062961578, 0.041778143495321274
0.08682390302419662, 0.030248990282416344
0.08558958768844604, 0.017572203651070595
0.08295591175556183, 0.019748425111174583
0.07627881318330765, 0.02369541861116886
0.08334825187921524, 0.026914196088910103
0.08868377655744553, 0.02901611104607582
0.07260704785585403, 0.022122465074062347
0.08802852779626846, 0.025106392800807953
0.08556284010410309, 0.027892298996448517
0.07116256654262543, 0.016129516065120697
0.06682609021663666, 0.02077849581837654
0.0954783707857132, 0.026371104642748833
0.090729720890522, 0.023674016818404198
0.0814288929104805, 0.021133067086338997
0.11260497570037842, 0.029944010078907013
0.08522351831197739, 0.026754818856716156
0.07479525357484818, 0.020711835473775864
0.06734440475702286, 0.016497639939188957
0.06131022050976753, 0.015692612156271935
0.0745634064078331, 0.027761442586779594
0.07112633436918259, 0.022550350055098534
0.06150352209806442, 0.016364598646759987
0.07152174413204193, 0.025537798181176186
0.07969392836093903, 0.021378176286816597
0.08117854595184326, 0.02517283894121647
0.06353083997964859, 0.019110748544335365
0.08872754126787186, 0.03820561245083809
0.09469415247440338, 0.04010932520031929
0.08358124643564224, 0.026063965633511543
0.07663533836603165, 0.03067559190094471
0.08622690290212631, 0.030733278021216393
0.06949417293071747, 0.016930919140577316
0.07111294567584991, 0.018379125744104385
0.07791921496391296, 0.03142102435231209
0.08604869246482849, 0.03379484638571739
0.11031652987003326, 0.030798414722085
0.08185093849897385, 0.02302277274429798
0.08605895936489105, 0.02144751325249672
0.08344719558954239, 0.0265344250947237
0.08574775606393814, 0.022114263847470284
0.08986634761095047, 0.027408350259065628
0.08194183558225632, 0.02339334413409233
0.06701255589723587, 0.015665877610445023
0.061611440032720566, 0.019653238356113434
0.06696061044931412, 0.012241826392710209
0.06113716587424278, 0.01097907591611147
0.05666395649313927, 0.014334971085190773
0.05243757739663124, 0.01566830277442932
0.05433809384703636, 0.014610346406698227
0.0738106220960617, 0.026012396439909935
0.08635656535625458, 0.028774529695510864
0.08026953041553497, 0.020204024389386177
0.10013638436794281, 0.027943462133407593
0.06730065494775772, 0.022330254316329956
0.07282872498035431, 0.020349230617284775
0.09374276548624039, 0.02789459377527237
0.0882260650396347, 0.030789481475949287
0.08567717671394348, 0.030107324942946434
0.07342662662267685, 0.0240168459713459
0.0651492327451706, 0.021482067182660103
0.08105216175317764, 0.020108109340071678
0.09812315553426743, 0.023235058411955833
0.0929754450917244, 0.023242777213454247
0.07066351920366287, 0.019996417686343193
0.06186310574412346, 0.01531987264752388
0.06260000169277191, 0.02078445442020893
0.05749312415719032, 0.014890199527144432
0.07276753336191177, 0.01990727335214615
0.06695625185966492, 0.025375956669449806
0.09000246226787567, 0.022466208785772324
0.07848501205444336, 0.02143663913011551
0.06465349346399307, 0.01468308549374342
0.06962352246046066, 0.019293006509542465
0.06241234019398689, 0.012800218537449837
0.07836773991584778, 0.01608654297888279
0.06728408485651016, 0.018603753298521042
0.0659533441066742, 0.013552716001868248
0.061811499297618866, 0.01691279746592045
0.07239875197410583, 0.02363779954612255
0.06375125795602798, 0.02016749605536461
0.0742410197854042, 0.01677568629384041
0.0817914605140686, 0.02891416847705841
0.06712892651557922, 0.017330996692180634
0.08744531869888306, 0.02025608904659748
0.08146790415048599, 0.026370564475655556
0.08892039209604263, 0.02932603284716606
0.08741912990808487, 0.026542171835899353
0.06506403535604477, 0.01833244040608406
0.06625589728355408, 0.01906067319214344
0.08595584332942963, 0.04401076212525368
0.07410852611064911, 0.019633671268820763
0.08791223168373108, 0.02779480069875717
0.07934996485710144, 0.022143976762890816
0.07693666219711304, 0.026538722217082977
0.08846015483140945, 0.029582904651761055
0.0777973085641861, 0.020811738446354866
0.0828750804066658, 0.027450071647763252
0.09554606676101685, 0.04089341312646866
0.125738263130188, 0.04568006098270416
0.0933230072259903, 0.027688205242156982
0.09312952309846878, 0.03553996607661247
0.06991565227508545, 0.018475467339158058
0.07892833650112152, 0.023261675611138344
0.07380738854408264, 0.022868311032652855
0.07458724081516266, 0.02407434955239296
0.07297317683696747, 0.02064976654946804
0.07623040676116943, 0.01862555928528309
0.0933246836066246, 0.044777367264032364
0.11042673885822296, 0.04242905601859093
0.11706919223070145, 0.03840494155883789
0.10245965421199799, 0.028739027678966522
0.09698636084794998, 0.045612916350364685
0.07390978187322617, 0.019491666927933693
0.0720868930220604, 0.02082856185734272
0.07369775325059891, 0.02431103214621544
0.06563223898410797, 0.018853086978197098
0.06398335099220276, 0.015976637601852417
0.07937441021203995, 0.022581255063414574
0.08267723023891449, 0.018775783479213715
0.08609144389629364, 0.026164885610342026
0.08459927141666412, 0.019538840278983116
0.09435606002807617, 0.033408332616090775
0.08278310298919678, 0.027589168399572372
0.07699798792600632, 0.020886799320578575
0.08204589039087296, 0.021028295159339905
0.07673131674528122, 0.019720040261745453
0.07143697142601013, 0.019768398255109787
0.056065626442432404, 0.015299432910978794
0.058742497116327286, 0.010162049904465675
0.07851776480674744, 0.027458475902676582
0.06769794225692749, 0.016659874469041824
0.08471420407295227, 0.02416784130036831
0.06907039135694504, 0.016828959807753563
0.09491078555583954, 0.028420066460967064
0.08637106418609619, 0.03339436277747154
0.07902926206588745, 0.036461785435676575
0.09013836830854416, 0.02544565498828888
0.08239801973104477, 0.033243339508771896
0.09132877737283707, 0.04514874517917633
0.1023806631565094, 0.030203046277165413
0.14196725189685822, 0.0610012523829937
0.11793641000986099, 0.0643504187464714
0.07645440846681595, 0.017327329143881798
0.0865456610918045, 0.02815959043800831
0.08114645630121231, 0.022016488015651703
0.08192857354879379, 0.02175157330930233
0.07884878665208817, 0.03145112842321396
0.09426909685134888, 0.030016204342246056
0.09864205867052078, 0.03256485238671303
0.0805969387292862, 0.01850157603621483
0.07563693821430206, 0.016543621197342873
0.06498268991708755, 0.023871928453445435
0.08290474861860275, 0.033810805529356
0.0964130386710167, 0.03297220915555954
0.0937487855553627, 0.034061070531606674
0.0853559821844101, 0.030629675835371017
0.08490415662527084, 0.01598796807229519
0.08110568672418594, 0.018374398350715637
0.07299821078777313, 0.02270778827369213
0.10099808126688004, 0.034185830503702164
0.08745963126420975, 0.02345561422407627
0.11823720484972, 0.03121480718255043
0.10121232271194458, 0.03311774134635925
0.09379337728023529, 0.03441455587744713
0.1213732585310936, 0.04209587723016739
0.09485853463411331, 0.04039549455046654
0.0698462650179863, 0.018795300275087357
0.08807046711444855, 0.02284611016511917
0.07130783796310425, 0.018691396340727806
0.06693752855062485, 0.017395062372088432
0.08420967310667038, 0.025370409712195396
0.08446679264307022, 0.038173526525497437
0.06881985068321228, 0.01831890270113945
0.07002207636833191, 0.02749677188694477
0.07038036733865738, 0.020091407001018524
0.07895196974277496, 0.02292083017528057
0.06754133105278015, 0.017499838024377823
0.07450716942548752, 0.017223147675395012
0.0781344398856163, 0.02197618968784809
0.08649203181266785, 0.027420826256275177
0.08205237239599228, 0.032603513449430466
0.07416728883981705, 0.020783187821507454
0.07826315611600876, 0.026904452592134476
0.07003072649240494, 0.016712112352252007
0.07704660296440125, 0.019658688455820084
0.08716858178377151, 0.029958557337522507
0.09123194962739944, 0.039893895387649536
0.14442509412765503, 0.05400474742054939
0.10439088940620422, 0.03324718773365021
0.09270617365837097, 0.018560880795121193
0.18225006759166718, 0.07366421073675156
0.11422792822122574, 0.0355260968208313
0.11908304691314697, 0.03562982752919197
0.13140788674354553, 0.047046251595020294
0.09609078615903854, 0.026623215526342392
0.09413647651672363, 0.027472516521811485
0.07839366793632507, 0.024008018895983696
0.08589581400156021, 0.025567570701241493
0.06857755035161972, 0.0131346695125103
0.06336162239313126, 0.023099806159734726
0.07530323415994644, 0.020548628643155098
0.08770746737718582, 0.02448849007487297
0.08321057260036469, 0.02289186418056488
0.09359198063611984, 0.03090202808380127
0.07470498234033585, 0.013662840239703655
0.08141689747571945, 0.028437109664082527
0.09827573597431183, 0.025734873488545418
0.07443050295114517, 0.02287164516746998
0.07798267155885696, 0.02649664133787155
0.0788947120308876, 0.026218023151159286
0.11727142333984375, 0.049192409962415695
0.09387212991714478, 0.03252388909459114
0.1319604367017746, 0.03772587701678276
0.1750265508890152, 0.08186082541942596
0.16039077937602997, 0.053933873772621155
0.09342394769191742, 0.02922363020479679
0.09887314587831497, 0.028503749519586563
0.13063085079193115, 0.05392448976635933
0.10010353475809097, 0.030776841565966606
0.12080221623182297, 0.035801876336336136
0.09072767198085785, 0.03320969268679619
0.08409448713064194, 0.022553112357854843
0.08831382542848587, 0.027066722512245178
0.08539852499961853, 0.025827445089817047
0.07744603604078293, 0.01730801723897457
0.07963816076517105, 0.014793697744607925
0.07865779101848602, 0.022388361394405365
0.08028677850961685, 0.02333456464111805
0.10831815749406815, 0.042206984013319016
0.11912593990564346, 0.049094058573246
0.09071654081344604, 0.025132901966571808
0.07625027000904083, 0.021517356857657433
0.08391851931810379, 0.02118399366736412
0.08123486489057541, 0.019126394763588905
0.08206184953451157, 0.02729877084493637
0.08890663832426071, 0.022938795387744904
0.09143804758787155, 0.024562980979681015
0.08917751163244247, 0.022106042131781578
0.11902625113725662, 0.036362502723932266
0.1096050813794136, 0.03202076256275177
0.11629388481378555, 0.03636684641242027
0.12520641088485718, 0.0499461330473423
0.11167922616004944, 0.04012026637792587
0.08584481477737427, 0.024685954675078392
0.0723736584186554, 0.018948892131447792
0.07988850027322769, 0.0265311561524868
0.07802347093820572, 0.02144332230091095
0.0860922560095787, 0.01945493370294571
0.0895087718963623, 0.029568780213594437
0.10649116337299347, 0.02884582430124283
0.10149095207452774, 0.03488687425851822
0.12567730247974396, 0.038733452558517456
0.15877562761306763, 0.05992432311177254
0.1056465283036232, 0.03562742471694946
0.08819989860057831, 0.02304079383611679
0.07904712110757828, 0.026035290211439133
0.1139790341258049, 0.02297774888575077
0.10860604047775269, 0.01854550465941429
0.08320056647062302, 0.020299626514315605
0.09708493947982788, 0.026781145483255386
0.08780843764543533, 0.022331273183226585
0.11681047081947327, 0.03678625822067261
0.09935099631547928, 0.02907702513039112
0.10760378837585449, 0.033110495656728745
0.11938680708408356, 0.030633285641670227
0.13150282204151154, 0.03949017822742462
0.10018382966518402, 0.03555674105882645
0.08935654163360596, 0.034658972173929214
0.09470060467720032, 0.02416462078690529
0.10236482322216034, 0.019264083355665207
0.0889795795083046, 0.029030730947852135
0.08802100270986557, 0.027317460626363754
0.07720401883125305, 0.018504543229937553
0.08396802842617035, 0.02040075697004795
0.09087395668029785, 0.026570314541459084
0.09882620722055435, 0.023073697462677956
0.10699664801359177, 0.03099519945681095
0.09846655279397964, 0.028513427823781967
0.09733938425779343, 0.03488176688551903
0.09304311871528625, 0.02763202041387558
0.07770179957151413, 0.017062634229660034
0.08708176016807556, 0.031167136505246162
0.11548120528459549, 0.028868695721030235
0.10688082128763199, 0.029393676668405533
0.0984843298792839, 0.02396327815949917
0.11153838783502579, 0.04054001346230507
0.1226627305150032, 0.053390007466077805
0.11200080811977386, 0.03934087976813316
0.10168091207742691, 0.02014164999127388
0.09734971821308136, 0.027518486604094505
0.08369997888803482, 0.021006684750318527
0.10793449729681015, 0.028549540787935257
0.08245957642793655, 0.02257867157459259
0.10007032752037048, 0.022589052096009254
0.09494416415691376, 0.022803938016295433
0.11454856395721436, 0.0323944129049778
0.11875922232866287, 0.04402923211455345
0.08811421692371368, 0.022013286128640175
0.10711338371038437, 0.02598794922232628
0.08522511273622513, 0.020432772114872932
0.07907619327306747, 0.025744328275322914
0.09984885156154633, 0.026782453060150146
0.08877380937337875, 0.02638108842074871
0.09716159850358963, 0.03068784810602665
0.08738164603710175, 0.022674603387713432
0.10053446143865585, 0.02568705938756466
0.08792512118816376, 0.027998700737953186
0.09854231774806976, 0.022642461583018303
0.08341626077890396, 0.019684240221977234
0.11992917954921722, 0.039048127830028534
0.10868655145168304, 0.038665927946567535
0.15486174821853638, 0.06505977362394333
0.1611696481704712, 0.056694600731134415
0.10847218334674835, 0.04132603481411934
0.09005393087863922, 0.025375815108418465
0.08240976929664612, 0.02351515367627144
0.09379231184720993, 0.033587731420993805
0.07626792788505554, 0.019543539732694626
0.09668830782175064, 0.026680845767259598
0.09324806928634644, 0.027841027826070786
0.12210343778133392, 0.03676968440413475
0.08415447175502777, 0.03071223758161068
0.08337380737066269, 0.026919817551970482
0.11067024618387222, 0.023648595437407494
0.11004247516393661, 0.03286226838827133
0.09602320194244385, 0.03029591031372547
0.10456755757331848, 0.03288240358233452
0.09714141488075256, 0.026841165497899055
0.12030354887247086, 0.029195433482527733
0.10886237770318985, 0.02011234313249588
0.07544728368520737, 0.019485050812363625
0.08755727857351303, 0.0217985138297081
0.10193232446908951, 0.032574791461229324
0.14582668244838715, 0.03964713215827942
0.14285904169082642, 0.04563000425696373
0.14800888299942017, 0.05786549299955368
0.08594351261854172, 0.020436391234397888
0.09505444765090942, 0.023436294868588448
0.14318740367889404, 0.05373723804950714
0.1488296538591385, 0.05318218469619751
0.11772114783525467, 0.030016539618372917
0.0972236767411232, 0.031604934483766556
0.09190455824136734, 0.02533011883497238
0.09072531014680862, 0.02163405530154705
0.09918693453073502, 0.04025048390030861
0.10115381330251694, 0.019039982929825783
0.0912877693772316, 0.024623513221740723
0.0852028876543045, 0.020569607615470886
0.10063695162534714, 0.02161690779030323
0.09091833978891373, 0.020559106022119522
0.09345270693302155, 0.025809334591031075
0.11662944406270981, 0.03535696864128113
0.10269323736429214, 0.03228463605046272
0.09748326241970062, 0.017684131860733032
0.0997449979186058, 0.0244414322078228
0.11383863538503647, 0.03599335625767708
0.09248454123735428, 0.023462673649191856
0.08392230421304703, 0.014963172376155853
0.08410757035017014, 0.02847295068204403
0.09930083900690079, 0.03189010173082352
0.07509350031614304, 0.02234501950442791
0.08703508228063583, 0.018545333296060562
0.08180968463420868, 0.021968899294734
0.1306304633617401, 0.04247443750500679
0.09625651687383652, 0.0384967140853405
0.10568717867136002, 0.031910307705402374
0.11353916674852371, 0.04207565262913704
0.11682437360286713, 0.028794068843126297
0.08223576843738556, 0.01932479441165924
0.08759500086307526, 0.030620906502008438
0.09273454546928406, 0.02458464540541172
0.08314277231693268, 0.022384876385331154
0.08588437736034393, 0.01978432387113571
0.10403130948543549, 0.027521144598722458
0.09354046732187271, 0.024296769872307777
0.08916124701499939, 0.01980767585337162
0.09606317430734634, 0.028224585577845573
0.08521322906017303, 0.02705679088830948
0.09979985654354095, 0.026970554143190384
0.08927053958177567, 0.023078804835677147
0.08671817928552628, 0.024851972237229347
0.09194006025791168, 0.02291678823530674
0.1099008098244667, 0.024290140718221664
0.08509702980518341, 0.01913357898592949
0.07984679937362671, 0.022254660725593567
0.09030718356370926, 0.019862068817019463
0.09556001424789429, 0.04305768013000488
0.12126664072275162, 0.04210631176829338
0.10052626579999924, 0.03737331181764603
0.09074055403470993, 0.024726418778300285
0.09273198246955872, 0.026839785277843475
0.08236584812402725, 0.027275022119283676
0.074614018201828, 0.02103438414633274
0.08023298531770706, 0.019857443869113922
0.08058762550354004, 0.026994893327355385
0.0728493183851242, 0.027046136558055878
0.08379147201776505, 0.020233213901519775
0.07803111523389816, 0.023182224482297897
0.07366893440485, 0.015262925997376442
0.09545613825321198, 0.03456636518239975
0.12430921941995621, 0.05699114128947258
0.1258573979139328, 0.04933156073093414
0.12556400895118713, 0.038651950657367706
0.10902676731348038, 0.034409742802381516
0.10826466977596283, 0.04193444922566414
0.10096708685159683, 0.0268985815346241
0.12046706676483154, 0.036231111735105515
0.11298545449972153, 0.030609922483563423
0.1434943526983261, 0.06024476885795593
0.11570224910974503, 0.03900304064154625
0.09938743710517883, 0.01823250576853752
0.15569595992565155, 0.04866126924753189
0.1335185319185257, 0.029033273458480835
0.11596344411373138, 0.035028524696826935
0.09666959941387177, 0.03286983072757721
0.09024170786142349, 0.03431520238518715
0.09266408532857895, 0.030103739351034164
0.14596706628799438, 0.05413477122783661
0.08820883184671402, 0.024690816178917885
0.08460655063390732, 0.020627053454518318
0.07636690884828568, 0.016854634508490562
0.07602564245462418, 0.023778634145855904
0.08920146524906158, 0.013214671052992344
0.1005910262465477, 0.025237031280994415
0.13948626816272736, 0.042946022003889084
0.0960979014635086, 0.02464226447045803
0.10565950721502304, 0.026450373232364655
0.10768772661685944, 0.02801314741373062
0.1634381115436554, 0.058173876255750656
0.10266097635030746, 0.0328812301158905
0.0984286442399025, 0.026711661368608475
0.10065463185310364, 0.025978010147809982
0.07803812623023987, 0.02076335810124874
0.09071652591228485, 0.01694699376821518
0.1264142543077469, 0.04706965386867523
0.10889308899641037, 0.035904865711927414
0.10309402644634247, 0.027182307094335556
0.11503185331821442, 0.03016602247953415
0.12544699013233185, 0.04027170315384865
0.07768360525369644, 0.021594537422060966
0.08455023914575577, 0.0239393413066864
0.09026318043470383, 0.02016809582710266
0.09330926090478897, 0.024419330060482025
0.10029015690088272, 0.016710486263036728
0.08459662646055222, 0.026061242446303368
0.09566996991634369, 0.025768011808395386
0.11550936847925186, 0.049281954765319824
0.09387028217315674, 0.03035096265375614
0.09777578711509705, 0.03945735841989517
0.07793239504098892, 0.01393634732812643
0.08388878405094147, 0.021561069414019585
0.07719314843416214, 0.019094102084636688
0.08717354387044907, 0.04022849723696709
0.1560509204864502, 0.06662745028734207
0.18108347058296204, 0.07025233656167984
0.12957321107387543, 0.03234317898750305
0.12323454767465591, 0.028482945635914803
0.11514679342508316, 0.03340838477015495
0.09505032747983932, 0.023828743025660515
0.09534237533807755, 0.025999445468187332
0.0970955416560173, 0.021049734205007553
0.093827985227108, 0.020758047699928284
0.08284152299165726, 0.022104110568761826
0.0843580886721611, 0.03241187706589699
0.0918857678771019, 0.026245921850204468
0.08936876058578491, 0.0292834285646677
0.07781625539064407, 0.016997670754790306
0.11010196805000305, 0.03436378017067909
0.09413617104291916, 0.025325806811451912
0.09005177021026611, 0.01732650212943554
0.09002754092216492, 0.021655112504959106
0.08480605483055115, 0.0219085942953825
0.07802268117666245, 0.02172241546213627
0.06989054381847382, 0.01845812238752842
0.07957253605127335, 0.021950164809823036
0.09512897580862045, 0.02786647342145443
0.08505097031593323, 0.020165974274277687
0.08066286146640778, 0.019787238910794258
0.09341501444578171, 0.027936186641454697
0.09717685729265213, 0.02598908729851246
0.10098191350698471, 0.02739301323890686
0.08368686586618423, 0.0194421224296093
0.12782582640647888, 0.046253807842731476
0.10894711315631866, 0.027017472311854362
0.11880670487880707, 0.04952944815158844
0.10075581073760986, 0.03980216756463051
0.07980303466320038, 0.01467294991016388
0.07933218032121658, 0.022933604195713997
0.08289309591054916, 0.02276195026934147
0.11277663707733154, 0.03905303776264191
0.10105911642313004, 0.034256462007761
0.08513287454843521, 0.018964434042572975
0.08573693037033081, 0.02490849234163761
0.10119912773370743, 0.029757007956504822
0.1178884282708168, 0.03533313050866127
0.09976363182067871, 0.026159705594182014
0.12048676609992981, 0.030507830902934074
0.09355078637599945, 0.03195835277438164
0.08041290193796158, 0.027889611199498177
0.08746545016765594, 0.027140576392412186
0.10869430005550385, 0.029346229508519173
0.14199189841747284, 0.054676949977874756
0.09864704310894012, 0.029153000563383102
0.09808698296546936, 0.029378166422247887
0.09711573272943497, 0.02027902379631996
0.10951743274927139, 0.02645696885883808
0.09561202675104141, 0.02506675198674202
0.0836598351597786, 0.022096984088420868
0.09543758630752563, 0.02445003017783165
0.09007991850376129, 0.025998206809163094
0.09672020375728607, 0.03593321889638901
0.1044008731842041, 0.03019062429666519
0.08941319584846497, 0.021732430905103683
0.08335960656404495, 0.013197421096265316
0.14159445464611053, 0.054391857236623764
0.1176638975739479, 0.037459880113601685
0.09430454671382904, 0.03461733087897301
0.0824141874909401, 0.02325284108519554
0.07043854147195816, 0.018048016354441643
0.11420688778162003, 0.04150339961051941
0.11431160569190979, 0.031363245099782944
0.10755633562803268, 0.030750975012779236
0.09809640049934387, 0.02889161743223667
0.09237685799598694, 0.02694031223654747
0.0884527787566185, 0.03156714886426926
0.11889833956956863, 0.04245949909090996
0.1266321986913681, 0.035587210208177567
0.10366218537092209, 0.03936794772744179
0.08491963148117065, 0.024526560679078102
0.09022174030542374, 0.026121800765395164
0.09902659058570862, 0.02152632363140583
0.10818813741207123, 0.0319807268679142
0.10123224556446075, 0.021090082824230194
0.12290505319833755, 0.029884614050388336
0.09574458748102188, 0.029647143557667732
0.08836555480957031, 0.025636430829763412
0.10540098696947098, 0.029084008187055588
0.07592780888080597, 0.01458666566759348
0.07905713468790054, 0.01722940057516098
0.07033828645944595, 0.01619589701294899
0.07673829793930054, 0.018470151349902153
0.09982146322727203, 0.033160705119371414
0.09953509271144867, 0.027181239798665047
0.0961313247680664, 0.026077238842844963
0.12038604170084, 0.030520983040332794
0.09541036188602448, 0.03250902518630028
0.08137717843055725, 0.016231467947363853
0.0788632482290268, 0.03249466046690941
0.08724943548440933, 0.02403121627867222
0.10064030438661575, 0.03739733621478081
0.0878613144159317, 0.023396730422973633
0.07538050413131714, 0.015784313902258873
0.06763585656881332, 0.01530639361590147
0.07096786051988602, 0.015653209760785103
0.07907644659280777, 0.029086388647556305
0.08688338100910187, 0.02693423442542553
0.08521538227796555, 0.018824275583028793
0.08749610930681229, 0.022337425500154495
0.08758018165826797, 0.025825046002864838
0.07611552625894547, 0.014352093450725079
0.097386933863163, 0.028788642957806587
0.1087290421128273, 0.04123188555240631
0.11573351919651031, 0.040625981986522675
0.1330633908510208, 0.05270307511091232
0.12108244001865387, 0.04278905689716339
0.14341513812541962, 0.04282160848379135
0.15201479196548462, 0.04273657128214836
0.10744956135749817, 0.027112886309623718
0.07939182221889496, 0.022964637726545334
0.08776672184467316, 0.018731385469436646
0.08802828937768936, 0.023084836080670357
0.0731518417596817, 0.019389037042856216
0.09769448637962341, 0.022751327604055405
0.11786239594221115, 0.03992071375250816
0.09250650554895401, 0.029505999758839607
0.0995168536901474, 0.03229841962456703
0.14202560484409332, 0.048837173730134964
0.10657557100057602, 0.03507430851459503
0.14023184776306152, 0.04747697710990906
0.1421276181936264, 0.05946115031838417
0.1141815036535263, 0.03229312598705292
0.16053974628448486, 0.07042098790407181
0.12973248958587646, 0.045916181057691574
0.11442729085683823, 0.030984267592430115
0.08081735670566559, 0.02534225769340992
0.0752495527267456, 0.022776303812861443
0.08315674215555191, 0.023468350991606712
0.09397957473993301, 0.024623246863484383
0.09072046726942062, 0.027220282703638077
0.08001746237277985, 0.015877828001976013
0.08828157186508179, 0.019285166636109352
0.08395441621541977, 0.026227837428450584
0.08296247571706772, 0.018488766625523567
0.0993901789188385, 0.02200796641409397
0.10921147465705872, 0.02687009796500206
0.11657646298408508, 0.03460141643881798
0.1116112619638443, 0.034647226333618164
0.09853596240282059, 0.028906432911753654
0.08472714573144913, 0.02906162478029728
0.08635102212429047, 0.03529854491353035
0.07656247168779373, 0.019382158294320107
0.09166168421506882, 0.023096639662981033
0.1012989804148674, 0.030230920761823654
0.09114852547645569, 0.02941734530031681
0.10118423402309418, 0.03652415797114372
0.0983794555068016, 0.02733481675386429
0.07092662900686264, 0.009053520858287811
0.07599029690027237, 0.023190941661596298
0.09501919895410538, 0.025750696659088135
0.11095001548528671, 0.032650332897901535
0.07936529070138931, 0.019844232127070427
0.08203160762786865, 0.018467100337147713
0.08858894556760788, 0.02373194321990013
0.0846661925315857, 0.022832002490758896
0.09490787237882614, 0.028608398512005806
0.10242954641580582, 0.026705997064709663
0.10616282373666763, 0.027312837541103363
0.08470167964696884, 0.0164636317640543
0.08731138706207275, 0.024716099724173546
0.11229528486728668, 0.0268254391849041
0.09377526491880417, 0.027520054951310158
0.10570289194583893, 0.026791395619511604
0.12192461639642715, 0.033002499490976334
0.11429863423109055, 0.02507188357412815
0.10587693005800247, 0.033968616276979446
0.09179530292749405, 0.02309444732964039
0.11307639628648758, 0.0378495417535305
0.11810377985239029, 0.03205101937055588
0.10239724069833755, 0.030041512101888657
0.123698391020298, 0.031138503924012184
0.09563171118497849, 0.02930888906121254
0.07230309396982193, 0.017722921445965767
0.0804099515080452, 0.02184763178229332
0.1208428144454956, 0.03846469521522522
0.13549984991550446, 0.03537721186876297
0.13523486256599426, 0.04159047454595566
0.11524830758571625, 0.04209768399596214
0.09419317543506622, 0.026509735733270645
0.12657462060451508, 0.03006000630557537
0.10202255100011826, 0.029485972598195076
0.08607553690671921, 0.021152058616280556
0.08115968108177185, 0.01890811137855053
0.08241928368806839, 0.024786759167909622
0.08034639805555344, 0.017751673236489296
0.09008407592773438, 0.02615208365023136
0.07589051127433777, 0.021991057321429253
0.07471358776092529, 0.019974786788225174
0.11126109212636948, 0.03886982798576355
0.08708994835615158, 0.02443106845021248
0.09267891943454742, 0.026036981493234634
0.0819106474518776, 0.020485546439886093
0.07458416372537613, 0.018751129508018494
0.07904727756977081, 0.028040694072842598
0.08563167601823807, 0.020597711205482483
0.0861147940158844, 0.024077080190181732
0.0866907611489296, 0.028518322855234146
0.09801291674375534, 0.02771897055208683
0.10131996124982834, 0.029698971658945084
0.08533713966608047, 0.024753380566835403
0.08107023686170578, 0.019038178026676178
0.11902280896902084, 0.03388012945652008
0.09634289890527725, 0.024442533031105995
0.10843043029308319, 0.027091030031442642
0.07591544091701508, 0.01620507426559925
0.07362718135118484, 0.017237503081560135
0.08698233962059021, 0.028232267126441002
0.0950981006026268, 0.028744874522089958
0.08818719536066055, 0.0281454399228096
0.0888068825006485, 0.02478955127298832
0.08568130433559418, 0.023054003715515137
0.09637530893087387, 0.01900208741426468
0.07728637754917145, 0.01998167112469673
0.0903933197259903, 0.02542487345635891
0.08169839531183243, 0.02274198643863201
0.08400168269872665, 0.02502104640007019
0.1024639755487442, 0.03442687541246414
0.09481872618198395, 0.0288381390273571
0.08296145498752594, 0.020126745104789734
0.08649687469005585, 0.031608354300260544
0.08573582023382187, 0.021608572453260422
0.10885719209909439, 0.030218204483389854
0.10187004506587982, 0.0318441241979599
0.11237547546625137, 0.025824345648288727
0.12181583046913147, 0.032178040593862534
0.0955376997590065, 0.027627088129520416
0.10949839651584625, 0.03642840310931206
0.0865430235862732, 0.024516107514500618
0.09606150537729263, 0.020841486752033234
0.09004685282707214, 0.023037970066070557
0.09620257467031479, 0.02021743357181549
0.10154791176319122, 0.030694540590047836
0.08498720079660416, 0.021346118301153183
0.09994784742593765, 0.02529190480709076
0.08133865147829056, 0.017654597759246826
0.08166190981864929, 0.02204969897866249
0.09764613956212997, 0.02188100479543209
0.08257123827934265, 0.02388155832886696
0.07405079901218414, 0.01384907029569149
0.09525040537118912, 0.028971649706363678
0.10669676214456558, 0.025544244796037674
0.08943597972393036, 0.0342264398932457
0.10610834509134293, 0.038336463272571564
0.08749408274888992, 0.02326645329594612
0.10877479612827301, 0.038125526160001755
0.16202081739902496, 0.06294430047273636
0.23022262752056122, 0.12025005370378494
0.2705681025981903, 0.11662643402814865
0.17693856358528137, 0.06358946114778519
0.13071979582309723, 0.04596210643649101
0.07707817852497101, 0.01955156773328781
0.07676917314529419, 0.016219256445765495
0.08311033248901367, 0.012101429514586926
0.0887254849076271, 0.02538035251200199
0.08757338672876358, 0.02481546811759472
0.12646164000034332, 0.05575878918170929
0.1373363882303238, 0.04329341650009155
0.1058979257941246, 0.028361428529024124
0.12750418484210968, 0.04901965335011482
0.10070484131574631, 0.022206101566553116
0.11995146423578262, 0.027026653289794922
0.15724530816078186, 0.05665061995387077
0.15292508900165558, 0.0653950423002243
0.15558835864067078, 0.07137086242437363
0.0792936459183693, 0.022067267447710037
0.07429233938455582, 0.01572500914335251
0.08877801150083542, 0.01975681073963642
0.10540644079446793, 0.03169109299778938
0.13847576081752777, 0.056888800114393234
0.16014748811721802, 0.061115812510252
0.14180612564086914, 0.04654461517930031
0.09484974294900894, 0.025376973673701286
0.09028060734272003, 0.01715420000255108
0.11061553657054901, 0.03300454095005989
0.13393482565879822, 0.02975134178996086
0.10955261439085007, 0.03892601653933525
0.08415836095809937, 0.021366558969020844
0.09134837239980698, 0.025781212374567986
0.07346823811531067, 0.01170170959085226
0.0805860087275505, 0.018147854134440422
0.08342413604259491, 0.023784106597304344
0.08866647630929947, 0.023947952315211296
0.0748605877161026, 0.02122311294078827
0.07751456648111343, 0.011663118377327919
0.1028539314866066, 0.031272176653146744
0.10198312997817993, 0.024131154641509056
0.13762569427490234, 0.044232312589883804
0.10353343188762665, 0.030069813132286072
0.11759582906961441, 0.0375811867415905
0.11015728116035461, 0.030022133141756058
0.10477928072214127, 0.020535413175821304
0.09135094285011292, 0.030641211196780205
0.09456638991832733, 0.03112960234284401
0.08492022752761841, 0.015658242627978325
0.11088935285806656, 0.042541589587926865
0.11902652680873871, 0.03508303314447403
0.13554413616657257, 0.04971849545836449
0.2561332881450653, 0.12611237168312073
0.2479330450296402, 0.09827347844839096
0.2089139074087143, 0.09268414229154587
0.16514213383197784, 0.0646815225481987
0.13888920843601227, 0.04605722799897194
0.11549489945173264, 0.024799032136797905
0.10027021914720535, 0.03200136125087738
0.08523249626159668, 0.02053843066096306
0.09899672120809555, 0.02389497682452202
0.11091803759336472, 0.02624776028096676
0.09197311103343964, 0.01918020099401474
0.08035118132829666, 0.019180988892912865
0.09081389009952545, 0.03200589492917061
0.08676023781299591, 0.020150048658251762
0.11083179712295532, 0.02847202867269516
0.10877113789319992, 0.03113507479429245
0.10312298685312271, 0.0215847659856081
0.09433140605688095, 0.019898267462849617
0.11280540376901627, 0.03944581747055054
0.0926951915025711, 0.03054082579910755
0.15047085285186768, 0.04363161697983742
0.11960569769144058, 0.048718854784965515
0.11497851461172104, 0.04820452630519867
0.17358818650245667, 0.06990201771259308
0.14316092431545258, 0.04326985403895378
0.14311809837818146, 0.051698796451091766
0.11374587565660477, 0.033363908529281616
0.12559624016284943, 0.03930431976914406
0.16874530911445618, 0.062018945813179016
0.15642233192920685, 0.03255398944020271
0.15603089332580566, 0.04830541834235191
0.17447400093078613, 0.05535035580396652
0.13866956532001495, 0.04880300164222717
0.10925672203302383, 0.028874380514025688
0.11587672680616379, 0.032494619488716125
0.0903632640838623, 0.020669296383857727
0.105312779545784, 0.023321691900491714
0.10969120264053345, 0.022685397416353226
0.1025780513882637, 0.026317374780774117
0.0845768079161644, 0.017133863642811775
0.08988594263792038, 0.02231828309595585
0.09057878702878952, 0.026427729055285454
0.09150878340005875, 0.02483784407377243
0.09958590567111969, 0.026506630703806877
0.09736044704914093, 0.023467708379030228
0.1102960854768753, 0.03239277005195618
0.10312440991401672, 0.034022435545921326
0.10633180290460587, 0.02531946450471878
0.11309774965047836, 0.02820565365254879
0.15441477298736572, 0.05248754471540451
0.14142023026943207, 0.05858759582042694
0.10404842346906662, 0.03153707832098007
0.14336664974689484, 0.05047327280044556
0.13494181632995605, 0.03154962137341499
0.15335829555988312, 0.04078724980354309
0.13649214804172516, 0.038633495569229126
0.15897388756275177, 0.047073014080524445
0.11619780212640762, 0.029127445071935654
0.11326327919960022, 0.03564019128680229
0.13719841837882996, 0.03615032881498337
0.13553877174854279, 0.049379799515008926
0.10786513984203339, 0.02419527806341648
0.13516588509082794, 0.0474446676671505
0.11505487561225891, 0.032436687499284744
0.11471317708492279, 0.033570777624845505
0.128584086894989, 0.024952178820967674
0.11436661332845688, 0.033868446946144104
0.11167562007904053, 0.04554033279418945
0.12138842046260834, 0.03136128559708595
0.11845122277736664, 0.030828392133116722
0.11831124871969223, 0.024749962612986565
0.13269151747226715, 0.03616919368505478
0.11991439759731293, 0.03532668203115463
0.11365572363138199, 0.032137833535671234
0.14097216725349426, 0.0523403137922287
0.13627760112285614, 0.03845752030611038
0.14974473416805267, 0.05528213828802109
0.16283908486366272, 0.05298573151230812
0.1571333110332489, 0.054955363273620605
0.1254597008228302, 0.03697604686021805
0.11409372836351395, 0.031515829265117645
0.1050894632935524, 0.03138747066259384
0.09593324363231659, 0.025367408990859985
0.09759058058261871, 0.02561362460255623
0.09293925017118454, 0.023109694942831993
0.09353070706129074, 0.02173413336277008
0.13721902668476105, 0.048105526715517044
0.13271915912628174, 0.046024225652217865
0.10814682394266129, 0.023031992837786674
0.10917773842811584, 0.030652234330773354
0.10871875286102295, 0.036918602883815765
0.11479319632053375, 0.024996940046548843
0.1251029670238495, 0.036816444247961044
0.11979201436042786, 0.038224924355745316
0.11636066436767578, 0.03377474844455719
0.09173128753900528, 0.025354305282235146
0.2019055038690567, 0.06792101263999939
0.1699635535478592, 0.06246934086084366
0.1485191434621811, 0.052380047738552094
0.13596050441265106, 0.03604971617460251
0.176465705037117, 0.056000422686338425
0.13039438426494598, 0.037484340369701385
0.15538839995861053, 0.05982176959514618
0.14779287576675415, 0.04349760338664055
0.15731485188007355, 0.05600931867957115
0.11341150850057602, 0.02958737313747406
0.10441068559885025, 0.029355626553297043
0.11685608327388763, 0.031906452029943466
0.117105633020401, 0.03158145770430565
0.11841467022895813, 0.0423673652112484
0.1662624478340149, 0.05572088807821274
0.14597585797309875, 0.06605690717697144
0.15371650457382202, 0.05325312912464142
0.1299317628145218, 0.03602617606520653
0.13234157860279083, 0.041677676141262054
0.10763636976480484, 0.022983120754361153
0.11228445172309875, 0.03209749609231949
0.11427228897809982, 0.03581820800900459
0.1061316654086113, 0.029578175395727158
0.16674266755580902, 0.046718284487724304
0.21993063390254974, 0.05538572743535042
0.20762072503566742, 0.0571405291557312
0.14828501641750336, 0.06486161798238754
0.1264200359582901, 0.042538486421108246
0.11571124196052551, 0.03952202573418617
0.11155407875776291, 0.034878209233284
0.10395339131355286, 0.03227730840444565
0.0998007282614708, 0.020351210609078407
0.09361809492111206, 0.029196694493293762
0.11351210623979568, 0.033220041543245316
0.12917666137218475, 0.02788880094885826
0.11101824045181274, 0.02687552198767662
0.10428104549646378, 0.02280527539551258
0.11069390922784805, 0.03400706872344017
