mean, std
0.21130867302417755, 0.15471720695495605
0.09255749732255936, 0.05783549323678017
0.11065860092639923, 0.0747896283864975
0.08275171369314194, 0.059965830296278
0.042184554040431976, 0.033777374774217606
0.04075528308749199, 0.033151932060718536
0.025372745469212532, 0.019353820011019707
0.02160896547138691, 0.016209401190280914
0.01895955763757229, 0.012576738372445107
0.017026815563440323, 0.013010557740926743
0.021677369251847267, 0.012325265444815159
0.02156228758394718, 0.011976768262684345
0.013765719719231129, 0.012852828949689865
0.017586352303624153, 0.012005290947854519
0.019216157495975494, 0.013356699608266354
0.01868760585784912, 0.01290204469114542
0.01860586181282997, 0.01524450071156025
0.02005440555512905, 0.01579730585217476
0.025534728541970253, 0.020308151841163635
0.026789052411913872, 0.013013395480811596
0.018310287967324257, 0.00965629518032074
0.0166446715593338, 0.008793692104518414
0.022900495678186417, 0.0158160962164402
0.023480219766497612, 0.012191317044198513
0.02866358496248722, 0.016337178647518158
0.01578277349472046, 0.012471374124288559
0.024504641070961952, 0.016214746981859207
0.01822584494948387, 0.011853903532028198
0.014911217615008354, 0.010790163651108742
0.023526770994067192, 0.015729065984487534
0.018731309100985527, 0.01301148347556591
0.020873762667179108, 0.012912746518850327
0.026368679478764534, 0.018266748636960983
0.01659938506782055, 0.013923482969403267
0.02182796411216259, 0.010934298858046532
0.028338823467493057, 0.01908407174050808
0.022006405517458916, 0.019548572599887848
0.050816137343645096, 0.032486774027347565
0.015634769573807716, 0.012947233393788338
0.04390157386660576, 0.028461800888180733
0.050462424755096436, 0.05650367960333824
0.11644458770751953, 0.048802658915519714
0.03251160681247711, 0.02844073250889778
0.0319325216114521, 0.02121179923415184
0.048939451575279236, 0.022473925724625587
0.04564143717288971, 0.02892748825252056
0.023659706115722656, 0.020829495042562485
0.024758266285061836, 0.016661113128066063
0.0549471490085125, 0.039904046803712845
0.0549997016787529, 0.023288650438189507
0.032688189297914505, 0.02090197429060936
0.02287050522863865, 0.021320533007383347
0.05333738774061203, 0.03297950327396393
0.04464368149638176, 0.0338081456720829
0.07104594260454178, 0.03693228214979172
0.0633925050497055, 0.02574203908443451
0.04305623844265938, 0.030083447694778442
0.024608062580227852, 0.021138306707143784
0.04118746519088745, 0.030944999307394028
0.029214220121502876, 0.018281925469636917
0.028916742652654648, 0.020790226757526398
0.03662332519888878, 0.021235892549157143
0.01774531602859497, 0.012187089771032333
0.017869651317596436, 0.010926732793450356
0.02016405761241913, 0.010716522112488747
0.014605466276407242, 0.013629899360239506
0.015241576358675957, 0.016883671283721924
0.022748500108718872, 0.014583857730031013
0.024364033713936806, 0.012672756798565388
0.016077889129519463, 0.0069038416258990765
0.03592738136649132, 0.024701140820980072
0.03424328193068504, 0.022303935140371323
0.04720519483089447, 0.027710946276783943
0.04669749736785889, 0.02484207972884178
0.03153152018785477, 0.0244703721255064
0.027685875073075294, 0.02253577671945095
0.039028994739055634, 0.027011696249246597
0.025300268083810806, 0.014236042276024818
0.025082381442189217, 0.015361186116933823
0.036937810480594635, 0.024000784382224083
0.035812847316265106, 0.023480858653783798
0.03430040180683136, 0.023112932220101357
0.029262788593769073, 0.020129883661866188
0.04439907893538475, 0.032413870096206665
0.04117880389094353, 0.024880435317754745
0.05565720796585083, 0.04714217782020569
0.060927022248506546, 0.04287949204444885
0.04215583577752113, 0.041085463017225266
0.06129049137234688, 0.043458789587020874
0.05967910960316658, 0.027360673993825912
0.06779366731643677, 0.0417182631790638
0.10281579196453094, 0.05544564872980118
0.1329912692308426, 0.06066767871379852
0.06725095957517624, 0.04907159134745598
0.03968001902103424, 0.03154381737112999
0.02873915806412697, 0.024115122854709625
0.03669281676411629, 0.026718102395534515
0.09487417340278625, 0.04668332636356354
0.06508932262659073, 0.038421984761953354
0.036520324647426605, 0.027253126725554466
0.030154742300510406, 0.015430830419063568
0.02948439121246338, 0.020871048793196678
0.024735763669013977, 0.014488390646874905
0.035118695348501205, 0.030032334849238396
0.02620084211230278, 0.018129857257008553
0.02723841927945614, 0.016284452751278877
0.035146646201610565, 0.02138662338256836
0.046816498041152954, 0.029430629685521126
0.046010155230760574, 0.03661235421895981
0.03598560765385628, 0.027521511539816856
0.04068200662732124, 0.026920434087514877
0.045832280069589615, 0.028623323887586594
0.043558407574892044, 0.026968354359269142
0.04134393855929375, 0.023568199947476387
0.06328441202640533, 0.0438058041036129
0.052290331572294235, 0.03006475418806076
0.023288369178771973, 0.01915181428194046
0.031003184616565704, 0.018207844346761703
0.03036171942949295, 0.023234963417053223
0.030123025178909302, 0.014290094375610352
0.05560445040464401, 0.03336431831121445
0.04500305652618408, 0.04045713320374489
0.039769433438777924, 0.0331977903842926
0.03730420395731926, 0.026661299169063568
0.024960855022072792, 0.019000111147761345
0.033531107008457184, 0.02308783493936062
0.04515247419476509, 0.03254633769392967
0.026681089773774147, 0.02628011628985405
0.061756689101457596, 0.03121182508766651
0.04052209481596947, 0.038106441497802734
0.05697076767683029, 0.026683198288083076
0.05865763500332832, 0.040431082248687744
0.02837984450161457, 0.017414843663573265
0.021985655650496483, 0.014449229463934898
0.028850886970758438, 0.01668602041900158
0.03250866010785103, 0.021509893238544464
0.02552715502679348, 0.014749249443411827
0.044806886464357376, 0.02633846551179886
0.03754805028438568, 0.028205353766679764
0.038377732038497925, 0.020426252856850624
0.028569424524903297, 0.018010739237070084
0.053693633526563644, 0.03360491991043091
0.03172381594777107, 0.022473979741334915
0.04715501889586449, 0.03302422910928726
0.031090140342712402, 0.01738521084189415
0.07085787504911423, 0.04991484060883522
0.06642643362283707, 0.05524088442325592
0.0529572069644928, 0.037857383489608765
0.05832192674279213, 0.03862283006310463
0.0416715107858181, 0.02758629620075226
0.06061958149075508, 0.03228002041578293
0.03025873936712742, 0.023210419341921806
0.0252215713262558, 0.015251816250383854
0.030271559953689575, 0.021876206621527672
0.038853295147418976, 0.02653808332979679
0.03617730736732483, 0.019705846905708313
0.02996823564171791, 0.019748499616980553
0.037272803485393524, 0.027909642085433006
0.0349360853433609, 0.02427397295832634
0.04713258147239685, 0.029229193925857544
0.028850773349404335, 0.017829731106758118
0.02374451793730259, 0.010623082518577576
0.021153030917048454, 0.021168678998947144
0.021234864369034767, 0.013583047315478325
0.029413601383566856, 0.01758016087114811
0.04577931761741638, 0.034966710954904556
0.04364923760294914, 0.02092512883245945
0.034423232078552246, 0.018282108008861542
0.027229901403188705, 0.01855764538049698
0.043641168624162674, 0.034315772354602814
0.03441079333424568, 0.023874405771493912
0.050113432109355927, 0.03229712322354317
0.052157700061798096, 0.028512543067336082
0.05186496302485466, 0.028066644445061684
0.06277628988027573, 0.04053071513772011
0.029209855943918228, 0.020863009616732597
0.02621486224234104, 0.018271515145897865
0.04325095936655998, 0.02886134758591652
0.04238300025463104, 0.019839687272906303
0.023396844044327736, 0.020221959799528122
0.06433792412281036, 0.040232013911008835
0.041967399418354034, 0.024208705872297287
0.04190928116440773, 0.0340711772441864
0.03300182521343231, 0.026068462058901787
0.022520272061228752, 0.015992969274520874
0.02468286268413067, 0.02281036041676998
0.015268219634890556, 0.011339937336742878
0.032962460070848465, 0.017483066767454147
0.039953816682100296, 0.025991883128881454
0.03582708165049553, 0.02181006781756878
0.012939083389937878, 0.009100631810724735
0.04642364755272865, 0.03174547478556633
0.05237726867198944, 0.031631387770175934
0.0436461865901947, 0.023151181638240814
0.017156677320599556, 0.01568828709423542
0.030507661402225494, 0.02053956873714924
0.04246043041348457, 0.03548172116279602
0.07322556525468826, 0.04404092952609062
0.042592234909534454, 0.02802811935544014
0.03701648861169815, 0.021862579509615898
0.0289780106395483, 0.022639745846390724
0.05078507587313652, 0.02245529182255268
0.04835820943117142, 0.030201969668269157
0.04292204976081848, 0.020304253324866295
0.028670426458120346, 0.020311806350946426
0.030504439026117325, 0.019468411803245544
0.05100177600979805, 0.038623180240392685
0.06489001214504242, 0.029953524470329285
0.04272754117846489, 0.02506989799439907
0.0404590480029583, 0.02354799211025238
0.026447759941220284, 0.01982109807431698
0.04217573255300522, 0.02086460590362549
0.03431568294763565, 0.02346617728471756
0.027979612350463867, 0.013396714814007282
0.040386565029621124, 0.03496238589286804
0.07719339430332184, 0.04176778346300125
0.021889718249440193, 0.011634204536676407
0.056137364357709885, 0.02896672673523426
0.0284735094755888, 0.024980198591947556
0.023659413680434227, 0.021025877445936203
0.02533157914876938, 0.020182350650429726
0.045005589723587036, 0.025865772739052773
0.03716631233692169, 0.020508844405412674
0.018899021670222282, 0.018145373091101646
0.02038009837269783, 0.016390476375818253
0.023604970425367355, 0.016351694241166115
0.01696700043976307, 0.012844327837228775
0.04475943371653557, 0.02718549594283104
0.0482531413435936, 0.032426223158836365
0.07321695983409882, 0.04733356460928917
0.04959389567375183, 0.04138033464550972
0.046767398715019226, 0.03164387121796608
0.043535683304071426, 0.027098096907138824
0.020320003852248192, 0.01318166870623827
0.03778138384222984, 0.023062633350491524
0.042822737246751785, 0.03126472607254982
0.03490696847438812, 0.02956765703856945
0.026176905259490013, 0.019709773361682892
0.02442058175802231, 0.013787784613668919
0.0211704820394516, 0.0170864537358284
0.02135005034506321, 0.01785825379192829
0.026022430509328842, 0.017796417698264122
0.029053444042801857, 0.022733943536877632
0.039304353296756744, 0.02795765921473503
0.0272663664072752, 0.01383472140878439
0.020958909764885902, 0.0203999076038599
0.04313502088189125, 0.030620494857430458
0.06364504247903824, 0.03177661821246147
0.08011513948440552, 0.04966364800930023
0.059440433979034424, 0.03746465966105461
0.033291045576334, 0.021596228703856468
0.020674632862210274, 0.01673460565507412
0.02294973097741604, 0.018875064328312874
0.02057892642915249, 0.014012827537953854
0.019245902076363564, 0.009850336238741875
0.022825613617897034, 0.0160071961581707
0.04257731884717941, 0.024784645065665245
0.03586681932210922, 0.025626424700021744
0.06126977875828743, 0.03421924263238907
0.0772656723856926, 0.04443766549229622
0.0455862395465374, 0.03112637996673584
0.024079732596874237, 0.01791747845709324
0.04725780710577965, 0.03131821006536484
0.05295633524656296, 0.02829076163470745
0.03659157082438469, 0.031153354793787003
0.022427430376410484, 0.01471176277846098
0.03559451177716255, 0.02441287226974964
0.041922785341739655, 0.02663234807550907
0.02976161241531372, 0.02502436377108097
0.019397703930735588, 0.012895826250314713
0.03940858319401741, 0.0287152212113142
0.03956389054656029, 0.02216130681335926
0.043334294110536575, 0.0226594191044569
0.03794486075639725, 0.026955360546708107
0.04551289603114128, 0.03188489377498627
0.06170818582177162, 0.047155603766441345
0.047584835439920425, 0.027623241767287254
0.05022765323519707, 0.025387348607182503
0.030015191063284874, 0.01787719689309597
0.0220155231654644, 0.013006817549467087
0.0251171737909317, 0.017397277057170868
0.06061268597841263, 0.04325152188539505
0.05200432986021042, 0.03760800138115883
0.035146575421094894, 0.020476119592785835
0.03235980123281479, 0.020798111334443092
0.04133105278015137, 0.028125109151005745
0.05081522837281227, 0.027558982372283936
0.05876713991165161, 0.03867899253964424
0.07857481390237808, 0.04882654920220375
0.07642648369073868, 0.04306469485163689
0.031296927481889725, 0.02336353063583374
0.02148214913904667, 0.019978780299425125
0.028932267799973488, 0.017645977437496185
0.023961862549185753, 0.012245133519172668
0.020349202677607536, 0.015042598359286785
0.022452160716056824, 0.017304284498095512
0.028756238520145416, 0.0219135619699955
0.03139844909310341, 0.020812535658478737
0.02737196907401085, 0.01732858084142208
0.01600409299135208, 0.015404990874230862
0.035280853509902954, 0.023738786578178406
0.040344350039958954, 0.026436075568199158
0.03417368233203888, 0.02074778825044632
0.030431078746914864, 0.01817178539931774
0.059178054332733154, 0.04954424500465393
0.05809812992811203, 0.038401052355766296
0.04195496067404747, 0.027889184653759003
0.02066856622695923, 0.016546137630939484
0.023722762241959572, 0.01637278124690056
0.02993408776819706, 0.02545987069606781
0.060753870755434036, 0.031791407614946365
0.03654403239488602, 0.03385608643293381
0.0578620620071888, 0.04155063256621361
0.03446438908576965, 0.022481366991996765
0.034176599234342575, 0.02413737215101719
0.020721562206745148, 0.01681647263467312
0.03148806095123291, 0.017721954733133316
0.02199345827102661, 0.017349636182188988
0.02749617025256157, 0.018833938986063004
0.027274640277028084, 0.019976019859313965
0.034021247178316116, 0.02313314378261566
0.0412864089012146, 0.02417643740773201
0.025495320558547974, 0.016287222504615784
0.052715010941028595, 0.03587760031223297
0.020330512896180153, 0.014345635659992695
0.02275358885526657, 0.018197892233729362
0.04425112158060074, 0.024054665118455887
0.04990514740347862, 0.02974487468600273
0.036496881395578384, 0.030124705284833908
0.021791815757751465, 0.01679626666009426
0.02681819535791874, 0.016894647851586342
0.035555750131607056, 0.01691335067152977
0.023253560066223145, 0.016052931547164917
0.019637221470475197, 0.014786225743591785
0.017335284501314163, 0.015297585166990757
0.03577947989106178, 0.0332307294011116
0.023642977699637413, 0.01933358795940876
0.052163973450660706, 0.02899591252207756
0.03124062530696392, 0.023593027144670486
0.033739108592271805, 0.02578294835984707
0.038820404559373856, 0.023391084745526314
0.06371026486158371, 0.04391118884086609
0.04542361572384834, 0.03855940327048302
0.0385148786008358, 0.035840220749378204
0.035537999123334885, 0.022350532934069633
0.03806436061859131, 0.02269921824336052
0.022555137053132057, 0.014567583799362183
0.019522614777088165, 0.015919141471385956
0.01858460158109665, 0.012341652996838093
0.048640087246894836, 0.02446240372955799
0.08419578522443771, 0.051742516458034515
0.0609532855451107, 0.0387742854654789
0.04389165714383125, 0.033690400421619415
0.020803943276405334, 0.012431645765900612
0.01709296740591526, 0.01083519496023655
0.019763262942433357, 0.011965559795498848
0.024216976016759872, 0.018333058804273605
0.028696948662400246, 0.020822543650865555
0.02134772576391697, 0.01678004115819931
0.02778829075396061, 0.018671590834856033
0.043772436678409576, 0.027656063437461853
0.03970806673169136, 0.02599787525832653
0.029101571068167686, 0.019820475950837135
0.03126570209860802, 0.017624566331505775
0.023107940331101418, 0.015120473690330982
0.04375604912638664, 0.019873645156621933
0.018295954912900925, 0.011355601251125336
0.019163647666573524, 0.014920896850526333
0.021525653079152107, 0.016156407073140144
0.02140236832201481, 0.01310376264154911
0.026074467226862907, 0.018380189314484596
0.03345116972923279, 0.028823330998420715
0.03540431335568428, 0.023991478607058525
0.02633310854434967, 0.01645674556493759
0.013987206853926182, 0.010422343388199806
0.021709397435188293, 0.018987810239195824
0.023609796538949013, 0.013484735041856766
0.018881816416978836, 0.015399154275655746
0.03714901581406593, 0.026896895840764046
0.06292273849248886, 0.029025031253695488
0.02716229110956192, 0.021549873054027557
0.019643442705273628, 0.012740404345095158
0.028067247942090034, 0.021695701405405998
0.026071276515722275, 0.021028200164437294
0.03772954270243645, 0.025315843522548676
0.04226886108517647, 0.02793155238032341
0.02329794503748417, 0.01919838972389698
0.01630033366382122, 0.01245945505797863
0.02595871314406395, 0.014597931876778603
0.023741547018289566, 0.016558028757572174
0.017891744151711464, 0.011979191564023495
0.04259040951728821, 0.028800280764698982
0.03640483692288399, 0.024275917559862137
0.04337698966264725, 0.028810562565922737
0.03620056062936783, 0.023513294756412506
0.038086868822574615, 0.023081565275788307
0.020810693502426147, 0.018394429236650467
0.02531876228749752, 0.014404591172933578
0.030889399349689484, 0.02410406805574894
0.04675357788801193, 0.02406199462711811
0.03770742192864418, 0.0265408493578434
0.026723941788077354, 0.014272134751081467
0.03679649904370308, 0.024339796975255013
0.0299510695040226, 0.02434989996254444
0.03580851852893829, 0.02617061324417591
0.04058695212006569, 0.029859518632292747
0.02212897688150406, 0.01302711945027113
0.027174731716513634, 0.017242178320884705
0.02193427085876465, 0.016076935455203056
0.028351740911602974, 0.016257239505648613
0.01917312480509281, 0.016934620216488838
0.034127507358789444, 0.020708194002509117
0.030697954818606377, 0.01893608644604683
0.02979164943099022, 0.020101452246308327
0.05181495472788811, 0.03485657647252083
0.031144699081778526, 0.02169676311314106
0.04079926386475563, 0.029111729934811592
0.019997352734208107, 0.01568930596113205
0.04877452924847603, 0.02683994174003601
0.05419488251209259, 0.03515942394733429
0.033492013812065125, 0.021923603489995003
0.03210600093007088, 0.01787070371210575
0.046838898211717606, 0.028112920001149178
0.026457222178578377, 0.021883394569158554
0.0354384146630764, 0.02433086559176445
0.02301890403032303, 0.014549189247190952
0.01940511167049408, 0.012100846506655216
0.0266945268958807, 0.015904545783996582
0.04169734567403793, 0.020488381385803223
0.032363589853048325, 0.024410434067249298
0.035010285675525665, 0.025663059204816818
0.026521451771259308, 0.016606388613581657
0.058013252913951874, 0.027413813397288322
0.058297887444496155, 0.046379454433918
0.06729719042778015, 0.039604052901268005
0.06556367129087448, 0.0363357849419117
0.017893854528665543, 0.01585918664932251
0.04160010814666748, 0.02814582549035549
0.04670564830303192, 0.023028604686260223
0.018171850591897964, 0.016343750059604645
0.01656251586973667, 0.016982588917016983
0.026105409488081932, 0.01613597571849823
0.021891701966524124, 0.016265185549855232
0.02247551456093788, 0.013690769672393799
0.017922621220350266, 0.010411882773041725
0.02677428163588047, 0.02106698788702488
0.05110487714409828, 0.03465516120195389
0.02409260906279087, 0.012402883730828762
0.020059734582901, 0.011113503947854042
0.014241554774343967, 0.012845809571444988
0.02145353890955448, 0.015882428735494614
0.03299577906727791, 0.02578951045870781
0.016030946746468544, 0.014874055050313473
0.022424442693591118, 0.016124291345477104
0.03222700208425522, 0.01715122163295746
0.019369665533304214, 0.016571655869483948
0.034121282398700714, 0.018089335411787033
0.03267994523048401, 0.01713285967707634
0.025558287277817726, 0.01386156864464283
0.027034975588321686, 0.01802038960158825
0.018494725227355957, 0.01104798261076212
0.02573622204363346, 0.020493952557444572
0.046089235693216324, 0.025271447375416756
0.022185390815138817, 0.014631989412009716
0.02160324528813362, 0.012574463151395321
0.017796197906136513, 0.01468371320515871
0.031279709190130234, 0.01582256518304348
0.028548819944262505, 0.018960123881697655
0.020525235682725906, 0.014527956955134869
0.03461434319615364, 0.022360457107424736
0.021459946408867836, 0.013937177136540413
0.016346415504813194, 0.015844376757740974
0.014556358568370342, 0.010148739442229271
0.018002638593316078, 0.015349075198173523
0.02218141034245491, 0.016609961166977882
0.02177075482904911, 0.014480507001280785
0.05718814581632614, 0.04139065369963646
0.026877766475081444, 0.0207142923027277
0.04921575263142586, 0.029194606468081474
0.040075529366731644, 0.02057465724647045
0.03835277259349823, 0.02401585504412651
0.036469895392656326, 0.02361803688108921
0.05487342178821564, 0.03095686249434948
0.023835942149162292, 0.013388979248702526
0.030001120641827583, 0.02508660964667797
0.020822355523705482, 0.012508295476436615
0.023366276174783707, 0.022229375317692757
0.04445142298936844, 0.033692896366119385
0.03027390129864216, 0.018543649464845657
0.016679035499691963, 0.010806608945131302
0.018387043848633766, 0.0133018484339118
0.030567387118935585, 0.021648244932293892
0.03544474020600319, 0.018405070528388023
0.058016855269670486, 0.03851969540119171
0.032080430537462234, 0.02355833351612091
0.0200993362814188, 0.010138677433133125
0.025532539933919907, 0.012031467631459236
0.022759737446904182, 0.016666684299707413
0.023439588025212288, 0.020044146105647087
0.019805021584033966, 0.015172175131738186
0.01882855035364628, 0.016598094254732132
0.026994312182068825, 0.020344117656350136
0.03921406343579292, 0.033195555210113525
0.03940474987030029, 0.023798059672117233
0.032126571983098984, 0.0214975718408823
0.03213835507631302, 0.013943003490567207
0.01749015785753727, 0.012821000069379807
0.023569967597723007, 0.018331684172153473
0.018549377098679543, 0.01202742662280798
0.025527602061629295, 0.017739051952958107
0.018807673826813698, 0.01268649473786354
0.013804003596305847, 0.009978624060750008
0.020414602011442184, 0.012878889217972755
0.02263491228222847, 0.018097447231411934
0.019052159041166306, 0.012511245906352997
0.015538306906819344, 0.013367160223424435
0.044289685785770416, 0.029984401538968086
0.04208577424287796, 0.02688484825193882
0.04804012179374695, 0.03199447691440582
0.029898086562752724, 0.019042225554585457
0.01043409388512373, 0.0065791187807917595
0.023605739697813988, 0.016296347603201866
0.023008866235613823, 0.013215562328696251
0.028668608516454697, 0.024439960718154907
0.029499199241399765, 0.02086237072944641
0.022877216339111328, 0.01694231666624546
0.028851214796304703, 0.015348140150308609
0.02932562492787838, 0.0191959161311388
0.01975434087216854, 0.013528982177376747
0.027961526066064835, 0.021411072462797165
0.03145532310009003, 0.019627442583441734
0.03444908931851387, 0.02721024490892887
0.06272516399621964, 0.03597709909081459
0.06835484504699707, 0.04062008857727051
0.06580088287591934, 0.0345962829887867
0.049879077821969986, 0.025122592225670815
0.040718939155340195, 0.025962354615330696
0.041251927614212036, 0.02338053286075592
0.021238693967461586, 0.011931877583265305
0.020535366609692574, 0.013911152258515358
0.01977575197815895, 0.012606887146830559
0.022232281044125557, 0.018433135002851486
0.02472224272787571, 0.014515785500407219
0.01645134575664997, 0.01154669001698494
0.016316713765263557, 0.010778200812637806
0.021067943423986435, 0.013556181453168392
0.029631879180669785, 0.020442288368940353
0.02546895295381546, 0.01877715438604355
0.021071041002869606, 0.018401915207505226
0.010822152718901634, 0.007765590213239193
0.016740605235099792, 0.011710957624018192
0.05068262293934822, 0.029124824330210686
0.03837110102176666, 0.030275382101535797
0.01835452951490879, 0.015886517241597176
0.02091623842716217, 0.013471578247845173
0.023918403312563896, 0.015449516475200653
0.03450517728924751, 0.018506895750761032
0.023641178384423256, 0.015879519283771515
0.020295197144150734, 0.013741254806518555
0.026552053168416023, 0.018103761598467827
0.02269377000629902, 0.020082244649529457
0.05296527221798897, 0.03156222030520439
0.01756649650633335, 0.013689598999917507
0.027934474870562553, 0.01797625608742237
0.010617624968290329, 0.006199399009346962
0.015858838334679604, 0.014587881043553352
0.01971719041466713, 0.013081101700663567
0.0331866592168808, 0.015214188024401665
0.02433222159743309, 0.01750168949365616
0.036524225026369095, 0.023102151229977608
0.029328975826501846, 0.01605161465704441
0.034042906016111374, 0.01764487475156784
0.0306493379175663, 0.01885620877146721
0.016101302579045296, 0.012318925932049751
0.02661348320543766, 0.014289957471191883
0.04201551526784897, 0.020979639142751694
0.026521878316998482, 0.016867022961378098
0.015459022484719753, 0.009719380177557468
0.019816270098090172, 0.013649164699018002
0.016178200021386147, 0.014505027793347836
0.025936564430594444, 0.017200658097863197
0.031055884435772896, 0.02334318496286869
0.03455587476491928, 0.02415226399898529
0.02700810693204403, 0.017032980918884277
0.03614778071641922, 0.02324630878865719
0.025774402543902397, 0.013759166933596134
0.01382481586188078, 0.00735229579731822
0.012165178544819355, 0.010182829573750496
0.028270605951547623, 0.02303064428269863
0.027572669088840485, 0.020230425521731377
0.027991944923996925, 0.022693343460559845
0.06360737979412079, 0.025058293715119362
0.0587579682469368, 0.030337726697325706
0.03602610528469086, 0.023728877305984497
0.03696516528725624, 0.02762124128639698
0.03908896818757057, 0.02557702176272869
0.024186452850699425, 0.014635324478149414
0.014219913631677628, 0.010648568160831928
0.03121749311685562, 0.01557658426463604
0.018680041655898094, 0.018236421048641205
0.030421601608395576, 0.020376166328787804
0.01700485683977604, 0.010969056747853756
0.032428398728370667, 0.019971920177340508
0.028721902519464493, 0.020241031423211098
0.02821340598165989, 0.019707417115569115
0.01800386793911457, 0.01473120879381895
0.022636914625763893, 0.015750713646411896
0.015985768288373947, 0.01071686577051878
0.02266124077141285, 0.019673466682434082
0.05190281197428703, 0.03299988806247711
0.031126582995057106, 0.021043190732598305
0.02599014900624752, 0.015515745617449284
0.026709234341979027, 0.019383274018764496
0.019713837653398514, 0.0147172212600708
0.0247220229357481, 0.019746113568544388
0.028325535356998444, 0.02149762399494648
0.0221406277269125, 0.022429654374718666
0.030293123796582222, 0.019248727709054947
0.026175227016210556, 0.016911664977669716
0.02297341823577881, 0.012306611984968185
0.024077916517853737, 0.01631183736026287
0.03063003160059452, 0.0186507236212492
0.031944721937179565, 0.019423242658376694
0.0212385356426239, 0.022703029215335846
0.03214264288544655, 0.023888904601335526
0.027944352477788925, 0.020960472524166107
0.025206396356225014, 0.014331643469631672
0.019096452742815018, 0.010827445425093174
0.013900773599743843, 0.01100251916795969
0.02605673111975193, 0.016244350001215935
0.02666398324072361, 0.017772221937775612
0.0166494008153677, 0.014001456089317799
0.017935702577233315, 0.015631040558218956
0.02142215706408024, 0.01154678501188755
0.03731660917401314, 0.018363693729043007
0.019970932975411415, 0.011325529776513577
0.03344012796878815, 0.027572298422455788
0.04169989377260208, 0.028391128405928612
0.03340238705277443, 0.020993471145629883
0.03561337664723396, 0.019795889034867287
0.03545820340514183, 0.018755799159407616
0.021886717528104782, 0.017022429034113884
0.024511748924851418, 0.016110146418213844
0.027972795069217682, 0.024506211280822754
0.036592960357666016, 0.027977244928479195
0.056242335587739944, 0.025851434096693993
0.02932254783809185, 0.01857083849608898
0.03179064020514488, 0.021584797650575638
0.02484583854675293, 0.020394442602992058
0.0310427974909544, 0.019391804933547974
0.02634470723569393, 0.016728008165955544
0.03374636545777321, 0.02158278226852417
0.02172032929956913, 0.014246386475861073
0.021893847733736038, 0.012132653966546059
0.020609131082892418, 0.012223044410347939
0.010683182626962662, 0.008025112561881542
0.01261522900313139, 0.008337385021150112
0.01476382091641426, 0.009807211346924305
0.01181874144822359, 0.009773463942110538
0.018306339159607887, 0.014519603922963142
0.034032948315143585, 0.02100321277976036
0.028941119089722633, 0.01872371882200241
0.03866896405816078, 0.02663731388747692
0.0207537729293108, 0.013272873125970364
0.024245405569672585, 0.01624172367155552
0.035805024206638336, 0.02123207226395607
0.036661382764577866, 0.022574568167328835
0.037835802882909775, 0.027914797887206078
0.026022136211395264, 0.016208481043577194
0.018910910934209824, 0.015005210414528847
0.02650759555399418, 0.01223559956997633
0.033724345266819, 0.01823255978524685
0.030522022396326065, 0.015973489731550217
0.023280948400497437, 0.021131085231900215
0.01684408076107502, 0.011781682260334492
0.015886837616562843, 0.012512702494859695
0.009935642592608929, 0.008140875957906246
0.018601950258016586, 0.01792355813086033
0.017170431092381477, 0.014448211528360844
0.02979455143213272, 0.015865148976445198
0.027407729998230934, 0.01702946610748768
0.021562177687883377, 0.011270719580352306
0.029606521129608154, 0.016406742855906487
0.01820576936006546, 0.011820867657661438
0.030318239703774452, 0.015361844561994076
0.02501804567873478, 0.016472073271870613
0.022655967622995377, 0.01341050211340189
0.01685173623263836, 0.01269027590751648
0.020632119849324226, 0.016071297228336334
0.019609905779361725, 0.01497842837125063
0.02362884022295475, 0.01539234071969986
0.029176494106650352, 0.01824510656297207
0.018190957605838776, 0.013453863561153412
0.02946019545197487, 0.019617030397057533
0.023854268714785576, 0.020462164655327797
0.03466729819774628, 0.023323431611061096
0.026871906593441963, 0.0238790400326252
0.02255251072347164, 0.014701368287205696
0.02534262277185917, 0.015444530174136162
0.02855757251381874, 0.026696061715483665
0.023554423823952675, 0.013375804759562016
0.031599488109350204, 0.025477252900600433
0.029465986415743828, 0.019668888300657272
0.0262729674577713, 0.02143196016550064
0.03147157281637192, 0.02306843176484108
0.02278350107371807, 0.016598671674728394
0.030112531036138535, 0.022807439789175987
0.04520626738667488, 0.030599990859627724
0.06564926356077194, 0.038720257580280304
0.03646853566169739, 0.021643072366714478
0.0389130637049675, 0.028309054672718048
0.01583728939294815, 0.010915779508650303
0.03332480415701866, 0.019885597750544548
0.03352658078074455, 0.018686726689338684
0.028992345556616783, 0.0211847722530365
0.02734564244747162, 0.012658525258302689
0.021306104958057404, 0.012625844217836857
0.03930215910077095, 0.03218336030840874
0.0571151040494442, 0.03463198244571686
0.056755661964416504, 0.031964559108018875
0.04143707826733589, 0.022057313472032547
0.04034968093037605, 0.03284017741680145
0.022528234869241714, 0.01724802702665329
0.026485292240977287, 0.016298750415444374
0.027956664562225342, 0.018624091520905495
0.022067908197641373, 0.015738964080810547
0.01705499179661274, 0.008603964932262897
0.027444489300251007, 0.01587437465786934
0.029776960611343384, 0.014687607996165752
0.032827943563461304, 0.02278819866478443
0.03288489207625389, 0.017606185749173164
0.03742110729217529, 0.026456637308001518
0.03255319967865944, 0.021845029667019844
0.02505505457520485, 0.01375429518520832
0.029060879722237587, 0.018636219203472137
0.021447254344820976, 0.014603069983422756
0.028023676946759224, 0.015574236400425434
0.017033498734235764, 0.013573499396443367
0.019284216687083244, 0.009075972251594067
0.03471018373966217, 0.02255653403699398
0.015603474341332912, 0.014492669142782688
0.03770596906542778, 0.020893586799502373
0.0247335322201252, 0.013352635316550732
0.040267664939165115, 0.02382083237171173
0.0344083309173584, 0.02576131373643875
0.030632980167865753, 0.029952801764011383
0.03741725534200668, 0.025069156661629677
0.0363074392080307, 0.02790646068751812
0.04033089801669121, 0.02900250069797039
0.04698847606778145, 0.025169679895043373
0.07397553324699402, 0.043546415865421295
0.05745275691151619, 0.04932515695691109
0.026572372764348984, 0.016829125583171844
0.03391759470105171, 0.022584356367588043
0.031060928478837013, 0.021253395825624466
0.023663371801376343, 0.017314603552222252
0.0288923978805542, 0.02497999370098114
0.042929720133543015, 0.023559268563985825
0.044176384806632996, 0.02469085156917572
0.03239801153540611, 0.019562335684895515
0.027863631024956703, 0.015200053341686726
0.018548633903265, 0.01672833412885666
0.03780073672533035, 0.024842796847224236
0.044431380927562714, 0.027457280084490776
0.0437249131500721, 0.028231985867023468
0.028317978605628014, 0.018447106704115868
0.03410834074020386, 0.01725650765001774
0.03480296581983566, 0.019213199615478516
0.02712143026292324, 0.015699665993452072
0.04624173417687416, 0.028367700055241585
0.027227498590946198, 0.024534929543733597
0.05254124477505684, 0.025301624089479446
0.038765836507081985, 0.03087853081524372
0.03952439874410629, 0.023789986968040466
0.0524626225233078, 0.035542700439691544
0.039339520037174225, 0.0334954559803009
0.02528177946805954, 0.016016915440559387
0.03748676925897598, 0.020517565310001373
0.022225135937333107, 0.01232964638620615
0.010546824894845486, 0.009265519678592682
0.028705084696412086, 0.02307293191552162
0.03388870880007744, 0.028544439002871513
0.02193610556423664, 0.015890654176473618
0.019705044105648994, 0.017382076010107994
0.019891783595085144, 0.01623925007879734
0.022117214277386665, 0.015382000245153904
0.017647521570324898, 0.013198092579841614
0.024306369945406914, 0.01389476377516985
0.027536535635590553, 0.01673129014670849
0.03449701890349388, 0.020731447264552116
0.031175220385193825, 0.024633189663290977
0.022226862609386444, 0.015156570822000504
0.026861337944865227, 0.02002224326133728
0.018608152866363525, 0.012184633873403072
0.03079494833946228, 0.016912102699279785
0.044282980263233185, 0.021900197491049767
0.03718513995409012, 0.03128582239151001
0.07482600957155228, 0.040681228041648865
0.042805831879377365, 0.024737374857068062
0.0290430448949337, 0.020287930965423584
0.1007840484380722, 0.052907321602106094
0.046837177127599716, 0.03498823940753937
0.0427943654358387, 0.02873406745493412
0.06765899062156677, 0.03802655264735222
0.039359200745821, 0.02265673317015171
0.02929672598838806, 0.02270839363336563
0.028500093147158623, 0.020042341202497482
0.03389153257012367, 0.020617859438061714
0.014574282802641392, 0.011600760743021965
0.02077605202794075, 0.015629995614290237
0.027373813092708588, 0.019347064197063446
0.0352577269077301, 0.016171051189303398
0.019558135420084, 0.015747161582112312
0.03635959327220917, 0.02482706308364868
0.0202256478369236, 0.012411685660481453
0.030531074851751328, 0.023902811110019684
0.03645508363842964, 0.02328064665198326
0.018717892467975616, 0.014340122230350971
0.02875012531876564, 0.020359262824058533
0.02910221554338932, 0.020932402461767197
0.05577278137207031, 0.03764411807060242
0.035856086760759354, 0.024436086416244507
0.06027865409851074, 0.03101273626089096
0.08508720248937607, 0.05316232517361641
0.0838811844587326, 0.0360930971801281
0.03515561297535896, 0.023967906832695007
0.04424778372049332, 0.023234006017446518
0.07087312638759613, 0.03998694568872452
0.03587597608566284, 0.024466264992952347
0.0425308533012867, 0.032656893134117126
0.030695689842104912, 0.02427210658788681
0.02725272998213768, 0.01822136528789997
0.027827223762869835, 0.015421590767800808
0.03397360071539879, 0.021790213882923126
0.01896083913743496, 0.016216352581977844
0.014606671407818794, 0.009988464415073395
0.025865862146019936, 0.017747778445482254
0.025139298290014267, 0.02073836885392666
0.04879314824938774, 0.036048997193574905
0.06239224970340729, 0.03616144508123398
0.03690387308597565, 0.016628960147500038
0.028835037723183632, 0.018987396731972694
0.02738052047789097, 0.01824997365474701
0.02489199861884117, 0.01713947020471096
0.026336420327425003, 0.01643826626241207
0.02235146425664425, 0.01412309892475605
0.03525502607226372, 0.021396581083536148
0.032240401953458786, 0.01643512211740017
0.04641088470816612, 0.025578031316399574
0.04443342238664627, 0.02661704644560814
0.04711505398154259, 0.03001144342124462
0.04913840815424919, 0.03634808212518692
0.03606428951025009, 0.025097113102674484
0.029200073331594467, 0.015772812068462372
0.019652660936117172, 0.01447185967117548
0.02945142425596714, 0.01976938731968403
0.022189747542142868, 0.017851397395133972
0.029174353927373886, 0.01837673969566822
0.03129752725362778, 0.019230853766202927
0.04648799076676369, 0.025829223915934563
0.040598656982183456, 0.029677582904696465
0.04780091717839241, 0.0328441821038723
0.0789041817188263, 0.050123412162065506
0.04534797742962837, 0.02956751547753811
0.02850300818681717, 0.01568152755498886
0.01534305326640606, 0.014604316093027592
0.043475616723299026, 0.02728414721786976
0.04837195947766304, 0.017267245799303055
0.02621135488152504, 0.014742470346391201
0.022909220308065414, 0.01777944341301918
0.021469244733452797, 0.014908507466316223
0.04392417147755623, 0.03202027454972267
0.02975333109498024, 0.023625990375876427
0.039581093937158585, 0.025167884305119514
0.0486309677362442, 0.024786636233329773
0.058861665427684784, 0.03168768808245659
0.04305516183376312, 0.02593057043850422
0.035722631961107254, 0.028218695893883705
0.034216079860925674, 0.01993435248732567
0.029431844130158424, 0.014425822533667088
0.02134697698056698, 0.017757009714841843
0.027314305305480957, 0.0135451415553689
0.017546558752655983, 0.012306196615099907
0.01886623725295067, 0.015272154472768307
0.02423054538667202, 0.02821214497089386
0.030297117307782173, 0.01657697930932045
0.038656510412693024, 0.020929807797074318
0.029033614322543144, 0.017083818092942238
0.03237735480070114, 0.022760407999157906
0.028675684705376625, 0.018742099404335022
0.01682245172560215, 0.012540792115032673
0.02467828430235386, 0.019981594756245613
0.034243449568748474, 0.023247748613357544
0.03664225712418556, 0.02523036114871502
0.0310344435274601, 0.021448420360684395
0.04033884406089783, 0.03362555801868439
0.05276278778910637, 0.040159743279218674
0.04155515506863594, 0.02826126664876938
0.028896309435367584, 0.018432918936014175
0.026148729026317596, 0.020816659554839134
0.01027232501655817, 0.009623561054468155
0.027856597676873207, 0.015127225778996944
0.02790394052863121, 0.017535870894789696
0.034174952656030655, 0.021968768909573555
0.03138447180390358, 0.020879030227661133
0.05244636535644531, 0.025092819705605507
0.05013298615813255, 0.033829063177108765
0.030341817066073418, 0.014214660972356796
0.03677516058087349, 0.020601147785782814
0.019274864345788956, 0.015040114521980286
0.021082615479826927, 0.019904576241970062
0.028939945623278618, 0.017153585329651833
0.0310985054820776, 0.023504188284277916
0.025295734405517578, 0.02028920315206051
0.019293542951345444, 0.011957967653870583
0.02455718070268631, 0.016286876052618027
0.03372712805867195, 0.01916593499481678
0.030641427263617516, 0.018268855288624763
0.014997858554124832, 0.012218133546411991
0.04314118251204491, 0.03158577159047127
0.04274924471974373, 0.027828512713313103
0.07695964723825455, 0.04801860824227333
0.07877715677022934, 0.04417065531015396
0.04460308328270912, 0.033323805779218674
0.031613852828741074, 0.019573785364627838
0.02287406101822853, 0.020119808614253998
0.03613715618848801, 0.02422400936484337
0.01836703158915043, 0.011790343560278416
0.03771953284740448, 0.023345813155174255
0.02585621364414692, 0.014312014915049076
0.05173702538013458, 0.02949976734817028
0.02104496955871582, 0.010410848073661327
0.0263040903955698, 0.018312450498342514
0.028898978605866432, 0.014398088678717613
0.03924352303147316, 0.026613248512148857
0.04227064549922943, 0.025486715137958527
0.037139154970645905, 0.022457195445895195
0.03155410289764404, 0.013161654584109783
0.03830922022461891, 0.022707676514983177
0.03821759298443794, 0.015280371531844139
0.021715637296438217, 0.017059363424777985
0.02101827971637249, 0.012603895738720894
0.03379878029227257, 0.026505324989557266
0.05898786336183548, 0.040823813527822495
0.06648727506399155, 0.034987419843673706
0.06922141462564468, 0.04323919489979744
0.01747148111462593, 0.014323626644909382
0.027045028284192085, 0.014207305386662483
0.07066642493009567, 0.036986444145441055
0.07226726412773132, 0.04153430089354515
0.03695596009492874, 0.025127386674284935
0.031097866594791412, 0.024276668205857277
0.024776939302682877, 0.014997732825577259
0.027985569089651108, 0.015292318537831306
0.03939106687903404, 0.031153876334428787
0.029966363683342934, 0.017059221863746643
0.023972876369953156, 0.014955839142203331
0.01894346997141838, 0.012528106570243835
0.029090123251080513, 0.017152851447463036
0.031743064522743225, 0.016803037375211716
0.02628151886165142, 0.019078947603702545
0.042392630130052567, 0.026646392419934273
0.03104262240231037, 0.020299477502703667
0.030394408851861954, 0.015238743275403976
0.03927437588572502, 0.024274423718452454
0.04532419890165329, 0.027818622067570686
0.022383995354175568, 0.012840081006288528
0.026223227381706238, 0.013419491238892078
0.03119642473757267, 0.019256552681326866
0.038777127861976624, 0.025257887318730354
0.01658058911561966, 0.012554063461720943
0.03633259981870651, 0.013137557543814182
0.028313253074884415, 0.01640225015580654
0.06348846852779388, 0.03476445749402046
0.03576885536313057, 0.02687564678490162
0.028930893167853355, 0.029663819819688797
0.05167652666568756, 0.03214177116751671
0.04848066717386246, 0.021225370466709137
0.020186541602015495, 0.01346634328365326
0.030620703473687172, 0.022815348580479622
0.030619382858276367, 0.016549579799175262
0.01757432147860527, 0.0142693305388093
0.025585390627384186, 0.01558147743344307
0.03504084423184395, 0.023836620151996613
0.023519687354564667, 0.0214973296970129
0.023820826783776283, 0.015376430936157703
0.028883274644613266, 0.016337843611836433
0.020319176837801933, 0.01116077322512865
0.029803842306137085, 0.022005505859851837
0.027494266629219055, 0.016189467161893845
0.01533412653952837, 0.008089019916951656
0.02523760311305523, 0.016865665093064308
0.02971627376973629, 0.02238870970904827
0.01918140985071659, 0.012949374504387379
0.020083123818039894, 0.011799490079283714
0.025658436119556427, 0.01626965031027794
0.03259731084108353, 0.029367823153734207
0.05235357582569122, 0.03245604783296585
0.044719845056533813, 0.030232997611165047
0.02628733217716217, 0.018566923215985298
0.028492504730820656, 0.018867969512939453
0.016027074307203293, 0.00888928771018982
0.022778350859880447, 0.015432173386216164
0.018632108345627785, 0.014705107547342777
0.01738491654396057, 0.01486530713737011
0.017409488558769226, 0.012548087164759636
0.021307140588760376, 0.018868640065193176
0.02062431164085865, 0.014597021974623203
0.01666577160358429, 0.01238313876092434
0.026124222204089165, 0.018219545483589172
0.040737319737672806, 0.044982921332120895
0.040383342653512955, 0.03381868824362755
0.066104955971241, 0.023263979703187943
0.044013429433107376, 0.026552336290478706
0.05160274729132652, 0.03304296359419823
0.03924233093857765, 0.020917410030961037
0.06007544323801994, 0.02844080701470375
0.040125925093889236, 0.024813003838062286
0.06897910684347153, 0.04045984521508217
0.04118318110704422, 0.029830656945705414
0.030084358528256416, 0.01571192592382431
0.07440268993377686, 0.03883305564522743
0.05301011726260185, 0.02758139744400978
0.021480634808540344, 0.015029367059469223
0.02654825523495674, 0.018252801150083542
0.029482314363121986, 0.024869760498404503
0.0277690552175045, 0.02504272386431694
0.07505816966295242, 0.03629195690155029
0.019519321620464325, 0.014691188931465149
0.029256172478199005, 0.015009444206953049
0.020293673500418663, 0.01215009018778801
0.01227592397481203, 0.011244934983551502
0.014882607385516167, 0.010005384683609009
0.0287389624863863, 0.017371080815792084
0.05188331753015518, 0.03856644779443741
0.026865920051932335, 0.015204297378659248
0.03184397518634796, 0.02446969412267208
0.04120438173413277, 0.01729341596364975
0.06822279840707779, 0.044513579457998276
0.0276472344994545, 0.025835810229182243
0.03331117704510689, 0.021733686327934265
0.03980236127972603, 0.020924938842654228
0.024850143119692802, 0.016185401007533073
0.02210419811308384, 0.012394225224852562
0.061561036854982376, 0.03802041709423065
0.04698562249541283, 0.028502395376563072
0.038673922419548035, 0.027024995535612106
0.047546036541461945, 0.030149215832352638
0.048094987869262695, 0.03210050240159035
0.01660449057817459, 0.015422780998051167
0.02958630584180355, 0.022590572014451027
0.029896114021539688, 0.015147450380027294
0.02217421680688858, 0.01628698781132698
0.04028845205903053, 0.01987397111952305
0.02635297365486622, 0.01651955395936966
0.03511574864387512, 0.02123282290995121
0.05012285336852074, 0.03425684571266174
0.030730370432138443, 0.023494696244597435
0.03759600967168808, 0.029586276039481163
0.02589910663664341, 0.014452897012233734
0.027801552787423134, 0.015815461054444313
0.021921854466199875, 0.012996366247534752
0.03399283066391945, 0.02476721629500389
0.0802081748843193, 0.04343755170702934
0.09462616592645645, 0.0433669351041317
0.055772967636585236, 0.029246466234326363
0.044767968356609344, 0.024621913209557533
0.049393098801374435, 0.030280152335762978
0.0333789587020874, 0.019307110458612442
0.03885754570364952, 0.02040870301425457
0.04079907387495041, 0.021533526480197906
0.026458146050572395, 0.016230301931500435
0.02202487736940384, 0.01566052995622158
0.028354370966553688, 0.02161932736635208
0.03021235577762127, 0.02240980789065361
0.025570474565029144, 0.02061515487730503
0.018602484837174416, 0.014925476163625717
0.036917805671691895, 0.0188624057918787
0.033072687685489655, 0.022068794816732407
0.025395240634679794, 0.02124849706888199
0.027962399646639824, 0.012714656069874763
0.021692506968975067, 0.013315686024725437
0.013569379225373268, 0.009451991878449917
0.012780414894223213, 0.007985895499587059
0.019957944750785828, 0.018793728202581406
0.03940846398472786, 0.023875512182712555
0.030527515336871147, 0.01554652489721775
0.02865716442465782, 0.019210834056138992
0.03207329288125038, 0.022851815447211266
0.02221648581326008, 0.016589488834142685
0.030971268191933632, 0.02094717137515545
0.025754574686288834, 0.01770041324198246
0.057375866919755936, 0.03798441216349602
0.04881487786769867, 0.02648119628429413
0.06226960942149162, 0.03433447331190109
0.04092862084507942, 0.034159932285547256
0.020407987758517265, 0.01744629256427288
0.01986381784081459, 0.01987306773662567
0.020317532122135162, 0.01638082228600979
0.05059944838285446, 0.029268424957990646
0.03644369915127754, 0.027785969898104668
0.02899375557899475, 0.01740003377199173
0.019102906808257103, 0.013714616186916828
0.03310883045196533, 0.020742474123835564
0.03931358456611633, 0.029713723808526993
0.03343915566802025, 0.019560428336262703
0.05288870260119438, 0.02738550864160061
0.03516177460551262, 0.02747976779937744
0.018657667562365532, 0.022649990394711494
0.032292891293764114, 0.021313216537237167
0.03986421227455139, 0.028054645285010338
0.06343720108270645, 0.04584558308124542
0.03345911577343941, 0.024954847991466522
0.022175973281264305, 0.019469846040010452
0.029663410037755966, 0.02422831766307354
0.036226168274879456, 0.02649412304162979
0.029727203771471977, 0.021575668826699257
0.022845657542347908, 0.015319992788136005
0.027557888999581337, 0.017912380397319794
0.02589167095720768, 0.016768814995884895
0.02596980892121792, 0.025866074487566948
0.033589042723178864, 0.030640000477433205
0.021148154512047768, 0.011498602107167244
0.01783515140414238, 0.014560146257281303
0.07444673031568527, 0.04157516732811928
0.050223637372255325, 0.028613973408937454
0.03813266381621361, 0.02461198717355728
0.02713775634765625, 0.018149280920624733
0.015470602549612522, 0.011680563911795616
0.0468524694442749, 0.03010897897183895
0.04378822073340416, 0.028566330671310425
0.03889935463666916, 0.028697751462459564
0.036010317504405975, 0.025689182803034782
0.037633102387189865, 0.019852973520755768
0.026944492012262344, 0.021349802613258362
0.054014623165130615, 0.03306989744305611
0.06796028465032578, 0.03131695091724396
0.04215758293867111, 0.03212898224592209
0.01858624257147312, 0.012709518894553185
0.028446760028600693, 0.016719374805688858
0.033389024436473846, 0.018709324300289154
0.03347669169306755, 0.022919461131095886
0.03454681113362312, 0.023568417876958847
0.0497419498860836, 0.029071751981973648
0.03831114247441292, 0.023204520344734192
0.030355066061019897, 0.024093061685562134
0.030872762203216553, 0.03380049392580986
0.01517468225210905, 0.012066771276295185
0.01799202896654606, 0.013382865116000175
0.01894363947212696, 0.014731942676007748
0.01987050659954548, 0.01575111784040928
0.03944744914770126, 0.025294693186879158
0.04097038507461548, 0.02355988696217537
0.0337100625038147, 0.019131185486912727
0.052238669246435165, 0.03132295981049538
0.03464174270629883, 0.024367641657590866
0.02520749904215336, 0.014882709830999374
0.02857424132525921, 0.02348319999873638
0.024967599660158157, 0.01711631380021572
0.033518124371767044, 0.02576184831559658
0.023006930947303772, 0.019396495074033737
0.02208559773862362, 0.014754096046090126
0.014515097253024578, 0.010779396630823612
0.016222724691033363, 0.009976583532989025
0.025683801621198654, 0.018662896007299423
0.030327685177326202, 0.023509016260504723
0.02349361777305603, 0.013649964705109596
0.020167682319879532, 0.017501521855592728
0.015397993847727776, 0.011360909789800644
0.016401022672653198, 0.012490076012909412
0.038142621517181396, 0.028378373011946678
0.04915488138794899, 0.03269725292921066
0.04435444623231888, 0.03203068673610687
0.06646613776683807, 0.03932446613907814
0.04539133980870247, 0.025562133640050888
0.0638117864727974, 0.03567102178931236
0.05272369086742401, 0.03930440917611122
0.03960239142179489, 0.025962606072425842
0.02379848062992096, 0.01637643575668335
0.026062412187457085, 0.014545990154147148
0.019110705703496933, 0.017713190987706184
0.015344623476266861, 0.014026426710188389
0.03325088322162628, 0.02400633692741394
0.055292971432209015, 0.030021799728274345
0.029635058715939522, 0.021438557654619217
0.030915042385458946, 0.027557455003261566
0.06425026804208755, 0.035595644265413284
0.03427176922559738, 0.028860826045274734
0.07042138278484344, 0.033835671842098236
0.06967765837907791, 0.04702718183398247
0.041444361209869385, 0.025231843814253807
0.08205628395080566, 0.054143864661455154
0.06540525704622269, 0.04335121065378189
0.04495644569396973, 0.025947831571102142
0.02822614647448063, 0.023316122591495514
0.01720711961388588, 0.007128463592380285
0.022561583667993546, 0.018717283383011818
0.0319269523024559, 0.019091516733169556
0.02260153368115425, 0.021614426746964455
0.02117309905588627, 0.014255218207836151
0.022417036816477776, 0.013762364163994789
0.03237009420990944, 0.018368083983659744
0.025916416198015213, 0.01864706538617611
0.03506416827440262, 0.01609264500439167
0.03604993224143982, 0.027017956599593163
0.04741530492901802, 0.029428847134113312
0.03898126631975174, 0.030668433755636215
0.033457595854997635, 0.021307766437530518
0.023294061422348022, 0.02343074046075344
0.02140219323337078, 0.0235514584928751
0.010566090233623981, 0.011476101353764534
0.029829764738678932, 0.021640004590153694
0.0518525205552578, 0.025098659098148346
0.04117610305547714, 0.023230578750371933
0.03756427392363548, 0.026955705136060715
0.03583241254091263, 0.022676998749375343
0.01674274168908596, 0.010613813996315002
0.014774967916309834, 0.012839477509260178
0.0321270115673542, 0.019004380330443382
0.046141836792230606, 0.02526105009019375
0.027507150545716286, 0.014136355370283127
0.01967700943350792, 0.016439257189631462
0.028917888179421425, 0.01683656871318817
0.019782911986112595, 0.015033284202218056
0.032740991562604904, 0.021021638065576553
0.024149855598807335, 0.016677269712090492
0.02444634400308132, 0.01947028376162052
0.028134260326623917, 0.017128784209489822
0.03142436221241951, 0.020997177809476852
0.041238803416490555, 0.026495911180973053
0.03548230603337288, 0.02258056215941906
0.024703560397028923, 0.01981656439602375
0.04290977492928505, 0.02808687463402748
0.04909824579954147, 0.024170689284801483
0.044389963150024414, 0.026994170621037483
0.03534456342458725, 0.02168700471520424
0.0509994737803936, 0.03195637837052345
0.057958781719207764, 0.029630368575453758
0.04004250466823578, 0.02895568311214447
0.04815855249762535, 0.0351545587182045
0.031829603016376495, 0.02065804973244667
0.018720543012022972, 0.011280902661383152
0.025763748213648796, 0.015910165384411812
0.056933410465717316, 0.03369421139359474
0.06439279019832611, 0.03571563586592674
0.06921402364969254, 0.038166604936122894
0.046843595802783966, 0.038604579865932465
0.028484871610999107, 0.019917797297239304
0.05428122356534004, 0.02783484011888504
0.038500022143125534, 0.02700163796544075
0.03610416129231453, 0.01927519030869007
0.021713469177484512, 0.017963197082281113
0.027089126408100128, 0.020141055807471275
0.024131080135703087, 0.015052741393446922
0.035820551216602325, 0.025346875190734863
0.017549771815538406, 0.013736299239099026
0.018857458606362343, 0.012379899621009827
0.043086934834718704, 0.03151765465736389
0.03067801147699356, 0.022430922836065292
0.040190715342760086, 0.02931174635887146
0.02560824155807495, 0.01766091398894787
0.012822904624044895, 0.010686482302844524
0.01816422864794731, 0.013510530814528465
0.02848423831164837, 0.017588840797543526
0.025527484714984894, 0.017026593908667564
0.03240498527884483, 0.022130342200398445
0.03565206006169319, 0.02888280712068081
0.04006402939558029, 0.0282729584723711
0.02803547866642475, 0.021117299795150757
0.018904952332377434, 0.01506858877837658
0.03132685646414757, 0.02085532434284687
0.03566013276576996, 0.024999329820275307
0.03829893469810486, 0.026620250195264816
0.019466901198029518, 0.011215636506676674
0.012572398409247398, 0.00936203170567751
0.03020372986793518, 0.0286402590572834
0.03249732032418251, 0.02393377386033535
0.03240199759602547, 0.02134610526263714
0.032312341034412384, 0.024137692525982857
0.014204985462129116, 0.009832172654569149
0.021095329895615578, 0.018316829577088356
0.015241558663547039, 0.012236627750098705
0.02620716020464897, 0.014906295575201511
0.02561626210808754, 0.0190920177847147
0.025864653289318085, 0.01689457707107067
0.03739972412586212, 0.03213513642549515
0.0316661112010479, 0.020563529804348946
0.01611338183283806, 0.014025059528648853
0.03434344753623009, 0.028522929176688194
0.029063250869512558, 0.02241699956357479
0.04433117061853409, 0.026500409469008446
0.03747711330652237, 0.023286599665880203
0.03264428675174713, 0.022588782012462616
0.0485406368970871, 0.02829453907907009
0.023704374209046364, 0.023519359529018402
0.04415013641119003, 0.02953614853322506
0.025421548634767532, 0.024106329306960106
0.032019082456827164, 0.01722060702741146
0.023723995313048363, 0.02104845643043518
0.022056743502616882, 0.015936922281980515
0.0327313132584095, 0.024431198835372925
0.023586487397551537, 0.021479438990354538
0.040512342005968094, 0.02503095008432865
0.024827608838677406, 0.016154931858181953
0.021396223455667496, 0.013975732959806919
0.03292476013302803, 0.021150991320610046
0.021753709763288498, 0.019453275948762894
0.01751573570072651, 0.012006131932139397
0.030465930700302124, 0.018418828025460243
0.04699641466140747, 0.01748819649219513
0.026379428803920746, 0.022284729406237602
0.04648476839065552, 0.034932028502225876
0.027156097814440727, 0.01681947149336338
0.04128788784146309, 0.03575805574655533
0.07585141807794571, 0.053775183856487274
0.11945222318172455, 0.09548106789588928
0.1595488339662552, 0.09526807069778442
0.09659460932016373, 0.0491940900683403
0.051026906818151474, 0.029302928596735
0.017322031781077385, 0.0132302762940526
0.015539522282779217, 0.012562587857246399
0.017150333151221275, 0.010597244836390018
0.025865953415632248, 0.015104211866855621
0.02269612066447735, 0.01832677610218525
0.06127053499221802, 0.041796423494815826
0.0702921524643898, 0.03633933886885643
0.04978704825043678, 0.026297196745872498
0.05284898355603218, 0.03705848753452301
0.029130185022950172, 0.016708815470337868
0.03774498030543327, 0.022085750475525856
0.0716225802898407, 0.04501385614275932
0.07130185514688492, 0.05277448520064354
0.08214910328388214, 0.053027912974357605
0.016008464619517326, 0.009981464594602585
0.016414109617471695, 0.01170236337929964
0.025515910238027573, 0.0158492773771286
0.045471031218767166, 0.024323418736457825
0.06746228784322739, 0.04554877057671547
0.07950127124786377, 0.048446930944919586
0.06139310821890831, 0.03361166641116142
0.02818589098751545, 0.02142387256026268
0.030608048662543297, 0.015884123742580414
0.04057145118713379, 0.02527744509279728
0.06907809525728226, 0.027156218886375427
0.051107898354530334, 0.03023291751742363
0.0195308867841959, 0.01333592738956213
0.03643830120563507, 0.01925056055188179
0.02024720050394535, 0.01107731182128191
0.024915019050240517, 0.01601600833237171
0.018678396940231323, 0.014550077728927135
0.030881494283676147, 0.021712396293878555
0.015384316444396973, 0.009151395410299301
0.023260364308953285, 0.014083955436944962
0.04313633590936661, 0.029189545661211014
0.03727041557431221, 0.020636972039937973
0.05677874758839607, 0.03883275389671326
0.04209423065185547, 0.028761805966496468
0.057078905403614044, 0.03011525608599186
0.04287399724125862, 0.024563338607549667
0.02767721749842167, 0.015752386301755905
0.023184392601251602, 0.019315147772431374
0.042428746819496155, 0.02528565004467964
0.022521164268255234, 0.016016090288758278
0.036796823143959045, 0.033747348934412
0.04595906287431717, 0.027048220857977867
0.0494394525885582, 0.04067906737327576
0.13971449434757233, 0.08702683448791504
0.14048416912555695, 0.0712525025010109
0.12156472355127335, 0.06877723336219788
0.0874878317117691, 0.050214994698762894
0.0677802786231041, 0.0451643168926239
0.04062787443399429, 0.028392737731337547
0.038420308381319046, 0.028266796842217445
0.023305634036660194, 0.015035031363368034
0.03181837871670723, 0.016120700165629387
0.04275231808423996, 0.02338903397321701
0.028255466371774673, 0.020370325073599815
0.020172491669654846, 0.013828461058437824
0.033575840294361115, 0.02705354429781437
0.03396250307559967, 0.019604753702878952
0.050984591245651245, 0.027889452874660492
0.0421907976269722, 0.023253170773386955
0.029771903529763222, 0.018698688596487045
0.028769943863153458, 0.01814785599708557
0.037858638912439346, 0.03399424999952316
0.03161633387207985, 0.023351194337010384
0.06081705540418625, 0.03667694702744484
0.05690441653132439, 0.03747326880693436
0.0469902902841568, 0.03988408297300339
0.08802354335784912, 0.06129424273967743
0.06446794420480728, 0.027887096628546715
0.059147827327251434, 0.03887249156832695
0.03867844492197037, 0.02612990513443947
0.04383586719632149, 0.034402914345264435
0.08221042156219482, 0.05347483977675438
0.05282286927103996, 0.026393942534923553
0.07102740556001663, 0.04049418121576309
0.0737694799900055, 0.04801644757390022
0.04996465891599655, 0.034588612616062164
0.037388771772384644, 0.026851613074541092
0.05277952179312706, 0.03222910687327385
0.028384847566485405, 0.017205096781253815
0.029123391956090927, 0.020310482010245323
0.03865358605980873, 0.020223120227456093
0.029750671237707138, 0.01921335980296135
0.023870185017585754, 0.014253120869398117
0.026433387771248817, 0.019225280731916428
0.020357472822070122, 0.017939241603016853
0.017856886610388756, 0.01722550019621849
0.03292818367481232, 0.02808232605457306
0.02312661148607731, 0.0207119919359684
0.0345032624900341, 0.027484260499477386
0.03546341881155968, 0.02330545149743557
0.03395428508520126, 0.022572265937924385
0.041389454156160355, 0.02151908352971077
0.07187283039093018, 0.04081408306956291
0.05983642861247063, 0.04646209999918938
0.028926551342010498, 0.02527392841875553
0.06569553166627884, 0.03425729274749756
0.04616198316216469, 0.02896810695528984
0.057342130690813065, 0.03599072992801666
0.049338966608047485, 0.03175113722681999
0.07511310279369354, 0.04493975639343262
0.03928381949663162, 0.02916494756937027
0.049220047891139984, 0.02770480327308178
0.05535979941487312, 0.034809328615665436
0.05978337302803993, 0.04392530396580696
0.032653048634529114, 0.024417685344815254
0.05176991969347, 0.029749296605587006
0.031867824494838715, 0.02665823884308338
0.036719441413879395, 0.0267341211438179
0.05162670463323593, 0.02365761622786522
0.043255019932985306, 0.030270002782344818
0.03572063893079758, 0.03191952779889107
0.04197917506098747, 0.0325348787009716
0.040240366011857986, 0.02636234275996685
0.041651610285043716, 0.024504564702510834
0.05052116513252258, 0.03645544871687889
0.03590238839387894, 0.029831314459443092
0.039555542171001434, 0.0235456470400095
0.05606086924672127, 0.041394323110580444
0.04916961118578911, 0.036290865391492844
0.0673891231417656, 0.045602165162563324
0.08350380510091782, 0.043108388781547546
0.07260909676551819, 0.041800372302532196
0.04665876179933548, 0.036677129566669464
0.030232148244976997, 0.02225978672504425
0.02711624838411808, 0.023080678656697273
0.025746863335371017, 0.01897559128701687
0.030511805787682533, 0.01570887677371502
0.027429739013314247, 0.0197898019105196
0.03624989464879036, 0.015326816588640213
0.05490439012646675, 0.037251826375722885
0.0480896532535553, 0.03173043951392174
0.02984132431447506, 0.019499175250530243
0.028467679396271706, 0.02411109022796154
0.0355084203183651, 0.027281315997242928
0.0315132811665535, 0.016889238730072975
0.039630237966775894, 0.028455032035708427
0.03774507716298103, 0.02553640678524971
0.0415184311568737, 0.025838345289230347
0.02448573149740696, 0.021351514384150505
0.11059854179620743, 0.05263088271021843
0.07608795166015625, 0.04772308096289635
0.06573422998189926, 0.0464404858648777
0.048014093190431595, 0.025894204154610634
0.06984693557024002, 0.04598701372742653
0.036046549677848816, 0.030478814616799355
0.07017181068658829, 0.04857517406344414
0.05940308794379234, 0.03461650758981705
0.06467203795909882, 0.04536806046962738
0.03666706010699272, 0.025697879493236542
0.03299756720662117, 0.02390066534280777
0.03448183462023735, 0.023437434807419777
0.03345857933163643, 0.018987221643328667
0.04590379819273949, 0.03045472875237465
0.07524412125349045, 0.04744243994355202
0.0584191158413887, 0.048579439520835876
0.06911434233188629, 0.0482797771692276
0.05377872288227081, 0.031156951561570168
0.05744171142578125, 0.03827342018485069
0.028285043314099312, 0.021134302020072937
0.04995108023285866, 0.022342953830957413
0.046614423394203186, 0.03201892226934433
0.028070470318198204, 0.024370679631829262
0.08163804560899734, 0.0391341969370842
0.09534765779972076, 0.04969942569732666
0.08233525604009628, 0.05294998735189438
0.06470445543527603, 0.046470917761325836
0.05305680260062218, 0.03583228588104248
0.040843404829502106, 0.031832508742809296
0.03672419488430023, 0.02930683270096779
0.038438666611909866, 0.018095776438713074
0.017820529639720917, 0.01362098939716816
0.026557931676506996, 0.014479048550128937
0.04167246073484421, 0.027006587013602257
0.047352079302072525, 0.025086233392357826
0.032654691487550735, 0.022706544026732445
0.0346263088285923, 0.018161436542868614
0.0389898456633091, 0.03388712555170059
