mean, std
0.3228176534175873, 0.02047087252140045
0.27436742186546326, 0.027686886489391327
0.1946582794189453, 0.022436439990997314
0.17684897780418396, 0.00924243126064539
0.16902804374694824, 0.010453784838318825
0.16850201785564423, 0.008123048581182957
0.16809125244617462, 0.012271741405129433
0.1673566699028015, 0.01552029699087143
0.16554848849773407, 0.009836530312895775
0.16566963493824005, 0.01220922451466322
0.16605708003044128, 0.015072294510900974
0.1651957929134369, 0.01048003975301981
0.16385120153427124, 0.010032274760305882
0.16214816272258759, 0.014019276015460491
0.16026073694229126, 0.012617622502148151
0.15600228309631348, 0.00948161818087101
0.15260733664035797, 0.012031801044940948
0.14902585744857788, 0.00985785573720932
0.14768818020820618, 0.01672976091504097
0.1468043476343155, 0.010607714764773846
0.14604473114013672, 0.012159728445112705
0.1456936150789261, 0.010219543240964413
0.14471250772476196, 0.011109821498394012
0.14498959481716156, 0.012113339267671108
0.14548079669475555, 0.010389836505055428
0.1451326608657837, 0.010282516479492188
0.14496304094791412, 0.011204104870557785
0.14381550252437592, 0.010027052834630013
0.14389653503894806, 0.01117498055100441
0.14261487126350403, 0.01321924477815628
0.14179261028766632, 0.008954300545156002
0.13976691663265228, 0.009105969220399857
0.1355815827846527, 0.011046242900192738
0.13004179298877716, 0.01213160715997219
0.12080473452806473, 0.010943242348730564
0.11434917896986008, 0.011793223209679127
0.10930632054805756, 0.010428695008158684
0.10541421920061111, 0.00911354273557663
0.10167202353477478, 0.009809309616684914
0.09895244985818863, 0.006996093783527613
0.09699518978595734, 0.007876060903072357
0.09735400229692459, 0.00724464375525713
0.09572135657072067, 0.011944415047764778
0.09372484683990479, 0.009892184287309647
0.09374719113111496, 0.010182865895330906
0.0925431177020073, 0.010276108048856258
0.09305233508348465, 0.008410625159740448
0.09328094124794006, 0.009698464535176754
0.09288451075553894, 0.008244190365076065
0.09289699047803879, 0.007832641713321209
0.09254037588834763, 0.008406967855989933
0.09164503961801529, 0.010993254370987415
0.0923885628581047, 0.008753789588809013
0.09228242188692093, 0.007246800232678652
0.09169206768274307, 0.009628931991755962
0.09216074645519257, 0.008823303505778313
0.09141634404659271, 0.005916747264564037
0.09151504188776016, 0.008770904503762722
0.09133315086364746, 0.007576959207653999
0.09155002981424332, 0.008037989027798176
0.09093988686800003, 0.008389218710362911
0.09125901758670807, 0.007711484096944332
0.09088229387998581, 0.007629164960235357
0.09073905646800995, 0.0061973584815859795
0.09074138104915619, 0.007937675341963768
0.08989138156175613, 0.008734420873224735
0.08939284086227417, 0.008222038857638836
0.0895555391907692, 0.010148103348910809
0.08939322084188461, 0.007368057034909725
0.08883664011955261, 0.008434648625552654
0.0883653461933136, 0.00798732042312622
0.08863673359155655, 0.008356000296771526
0.08877066522836685, 0.008078300394117832
0.08767614513635635, 0.005470789968967438
0.08779878914356232, 0.00789531972259283
0.08697500079870224, 0.00700720027089119
0.0866554006934166, 0.005816278047859669
0.08495188504457474, 0.006978827062994242
0.08420135080814362, 0.008822256699204445
0.08410505950450897, 0.0068341027945280075
0.08221230655908585, 0.005425157491117716
0.08038994669914246, 0.007697015069425106
0.07826542109251022, 0.00666875671595335
0.07678686082363129, 0.007101431488990784
0.07544896751642227, 0.007886390201747417
0.07402487844228745, 0.007553705479949713
0.07317589968442917, 0.008493111468851566
0.07167869061231613, 0.007433141581714153
0.07192987948656082, 0.007278895005583763
0.07178211957216263, 0.007103111129254103
0.0709368884563446, 0.00620483560487628
0.07108864933252335, 0.007238004356622696
0.07085017114877701, 0.006499934941530228
0.06931442767381668, 0.006006734911352396
0.06852161139249802, 0.008029483258724213
0.0693032294511795, 0.005332567263394594
0.06870769709348679, 0.00584901450201869
0.06969095766544342, 0.004934308119118214
0.06842337548732758, 0.006824277341365814
0.06814385950565338, 0.006169245578348637
0.06758276373147964, 0.004963240586221218
0.06723401695489883, 0.005030099302530289
0.06750234216451645, 0.007684376090764999
0.06720124185085297, 0.004157536197453737
0.06673043966293335, 0.004105411469936371
0.06648469716310501, 0.008469747379422188
0.06679053604602814, 0.006101612932980061
0.06651532649993896, 0.00396087858825922
0.06592332571744919, 0.00507552083581686
0.06615503877401352, 0.006233413238078356
0.06563782691955566, 0.004983519669622183
0.06571976095438004, 0.007081125862896442
0.0654660314321518, 0.006102536339312792
0.06542717665433884, 0.006280549336224794
0.06584902852773666, 0.007011376321315765
0.06545868515968323, 0.008439283818006516
0.06523756682872772, 0.006833275314420462
0.06493537873029709, 0.007931034080684185
0.0656900554895401, 0.006910047493875027
0.06535867601633072, 0.008203128352761269
0.06492651998996735, 0.005474030040204525
0.06537291407585144, 0.006663817446678877
0.06503310799598694, 0.00835777074098587
0.06463419646024704, 0.007701816037297249
0.0646243691444397, 0.00553711224347353
0.06463424116373062, 0.0059116557240486145
0.06472880393266678, 0.006102940533310175
0.06407949328422546, 0.005048658698797226
0.06463984400033951, 0.006892757955938578
0.06425926834344864, 0.006495882757008076
0.06456182897090912, 0.005676581058651209
0.06476759910583496, 0.00752773554995656
0.06464504450559616, 0.006246480159461498
0.06438328325748444, 0.005118661560118198
0.06436787545681, 0.004586584400385618
0.06428924202919006, 0.005913179833441973
0.06393225491046906, 0.007614806294441223
0.06379906833171844, 0.007107241544872522
0.06340362131595612, 0.00590615626424551
0.06461070477962494, 0.004766196012496948
0.06381086260080338, 0.007020012009888887
0.06364861875772476, 0.00803168211132288
0.06352997571229935, 0.005709213670343161
0.06414733082056046, 0.0055291540920734406
0.06359760463237762, 0.007112578954547644
0.06430181115865707, 0.005211524665355682
0.06378421932458878, 0.005343041382730007
0.06367414444684982, 0.006582471076399088
0.0636759102344513, 0.005952015984803438
0.06367707252502441, 0.0076829358004033566
0.06308949738740921, 0.008125088177621365
0.06325899064540863, 0.006574253551661968
0.0635029524564743, 0.005563260987401009
0.06385331600904465, 0.005072060506790876
0.06300852447748184, 0.006443556863814592
0.06350801140069962, 0.00674795638769865
0.0630803033709526, 0.006863685790449381
0.06373147666454315, 0.007126482203602791
0.0628991350531578, 0.006930806208401918
0.06399555504322052, 0.004533194005489349
0.06299758702516556, 0.00637087831273675
0.06291411072015762, 0.00529845803976059
0.06340223550796509, 0.005804463755339384
0.06276537477970123, 0.006657272577285767
0.0633401870727539, 0.0063038840889930725
0.06313604861497879, 0.008280755020678043
0.06326106190681458, 0.005700900685042143
0.06248548999428749, 0.006157417315989733
0.06254730373620987, 0.007132889237254858
0.06280048191547394, 0.006413797382265329
0.06332219392061234, 0.007612380664795637
0.06293414533138275, 0.007716402877122164
0.06299490481615067, 0.0052411905489861965
0.06281373649835587, 0.006049293093383312
0.06304815411567688, 0.0064278533682227135
0.06294835358858109, 0.006629998330026865
0.06293199211359024, 0.00753067759796977
0.062442149966955185, 0.005749903153628111
0.06281612813472748, 0.0058270785957574844
0.062219660729169846, 0.004270572680979967
0.06266741454601288, 0.005356042180210352
0.062229085713624954, 0.006226102821528912
0.062330085784196854, 0.007437143009155989
0.061994221061468124, 0.006906805094331503
0.06326685100793839, 0.004003753419965506
0.06211398169398308, 0.00554187735542655
0.06176425516605377, 0.0058623445220291615
0.06257596611976624, 0.0063600195571780205
0.06281866878271103, 0.005199288949370384
0.06295672804117203, 0.003629866987466812
0.062131695449352264, 0.006417564582079649
0.0630282536149025, 0.0067191049456596375
0.06272155046463013, 0.005047917831689119
0.062010038644075394, 0.005849516484886408
0.06299290060997009, 0.006227467674762011
0.06266656517982483, 0.005523342173546553
0.06243917718529701, 0.00540118245407939
0.06253651529550552, 0.0051882765255868435
0.06305936723947525, 0.0068724979646503925
0.0624491386115551, 0.006211188156157732
0.06255435943603516, 0.006776323076337576
0.06201809644699097, 0.0047023301012814045
0.06241830065846443, 0.005059313494712114
0.062060363590717316, 0.005573719274252653
0.06263664364814758, 0.004720157012343407
0.06237535923719406, 0.004907578695565462
0.062150973826646805, 0.005485917907208204
0.062490660697221756, 0.006688030902296305
0.062262680381536484, 0.00621194951236248
0.06211680918931961, 0.006867800839245319
0.062248196452856064, 0.005057940725237131
0.062332287430763245, 0.005350579507648945
0.06169937923550606, 0.007581751793622971
0.06210149824619293, 0.005489653442054987
0.06167656183242798, 0.006469307467341423
0.06137954071164131, 0.00543890381231904
0.062063105404376984, 0.007107695564627647
0.06162529066205025, 0.007270701229572296
0.061618320643901825, 0.005389510653913021
0.0620296336710453, 0.004816426895558834
0.06161271408200264, 0.006677612662315369
0.06158563867211342, 0.007247406058013439
0.06189019978046417, 0.0035443061497062445
0.06201888620853424, 0.005014548543840647
0.06156459078192711, 0.0034919327590614557
0.061994731426239014, 0.006028893869370222
0.0625174418091774, 0.006480786018073559
0.06212427839636803, 0.006992138922214508
0.06214065104722977, 0.0051179612055420876
0.06167779490351677, 0.006383800413459539
0.06207409128546715, 0.003614110639318824
0.06125704571604729, 0.008032770827412605
0.061873096972703934, 0.006414294242858887
0.0613899827003479, 0.0054947747848927975
0.061935801059007645, 0.005352758802473545
0.061578765511512756, 0.006979032885283232
0.06174684315919876, 0.005847105756402016
0.06173393502831459, 0.004319486673921347
0.061520446091890335, 0.005841558333486319
0.061670541763305664, 0.0050040907226502895
0.061944399029016495, 0.005083133466541767
0.06135396286845207, 0.005023778881877661
0.06187453493475914, 0.005872731562703848
0.06132494658231735, 0.005463135428726673
0.06244712322950363, 0.004863359034061432
0.06200742721557617, 0.005430303979665041
0.061667297035455704, 0.005884353071451187
0.06178750470280647, 0.0055216713808476925
0.06170029193162918, 0.006473332177847624
0.06177036091685295, 0.0047102621756494045
0.06167130917310715, 0.00572532182559371
0.0615755058825016, 0.005689626093953848
0.061281681060791016, 0.005061481148004532
0.0616462416946888, 0.007314249873161316
0.061846569180488586, 0.0062012020498514175
0.06152025982737541, 0.005983158014714718
0.06170259788632393, 0.004095021169632673
0.06119556725025177, 0.00792867224663496
0.06177867203950882, 0.005730115808546543
0.06143888458609581, 0.006512751802802086
0.06133130565285683, 0.0047254436649382114
0.06170778349041939, 0.0061135985888540745
0.06153610721230507, 0.005751173477619886
0.061137855052948, 0.004920151550322771
0.06108436360955238, 0.006367270834743977
0.06122495234012604, 0.005953241605311632
0.061248812824487686, 0.0057975915260612965
0.06169852986931801, 0.006020610220730305
0.06178509443998337, 0.0049903178587555885
0.061456099152565, 0.006317098159343004
0.061390288174152374, 0.0071279145777225494
0.06100097671151161, 0.005160177126526833
0.060614731162786484, 0.00732271047309041
0.06103527545928955, 0.005607796832919121
0.06110023707151413, 0.006080263294279575
0.06092539057135582, 0.005689214915037155
0.060735974460840225, 0.004206422716379166
0.060388971120119095, 0.005574879702180624
0.060349006205797195, 0.005310263484716415
0.060817234218120575, 0.005785643123090267
0.060585517436265945, 0.007296462543308735
0.06083207577466965, 0.006809276062995195
0.060964956879615784, 0.004295628983527422
0.06020551174879074, 0.006614760495722294
0.06024527549743652, 0.005382986273616552
0.06052921339869499, 0.005611937493085861
0.06071469560265541, 0.004863227251917124
0.06066892668604851, 0.006492164917290211
0.06079573929309845, 0.005778205115348101
0.06035317853093147, 0.006841091439127922
0.06059985235333443, 0.005109922960400581
0.06003936752676964, 0.0068325623869895935
0.060464441776275635, 0.004243402276188135
0.060046058148145676, 0.007267703302204609
0.0600891187787056, 0.004945955704897642
0.06044900417327881, 0.005619322415441275
0.06057114899158478, 0.00592747051268816
0.060045745223760605, 0.0045066713355481625
0.0601859949529171, 0.005700497888028622
0.05955623835325241, 0.005882359575480223
0.06049713119864464, 0.0031852235551923513
0.06033629924058914, 0.006087888032197952
0.05945662781596184, 0.004995683208107948
0.06036028638482094, 0.005893616937100887
0.06046818941831589, 0.0058989142999053
0.06058798357844353, 0.005272112786769867
0.06047152355313301, 0.006388429086655378
0.06074041128158569, 0.003635518020018935
0.06046420335769653, 0.007033502217382193
0.06054075434803963, 0.004983813501894474
0.06028977409005165, 0.004420476034283638
0.0598827488720417, 0.00416675815358758
0.059861112385988235, 0.007512526120990515
0.05993511900305748, 0.00516504468396306
0.059903595596551895, 0.007243701256811619
0.06035322695970535, 0.002971221460029483
0.05968272686004639, 0.006832223851233721
0.06014544516801834, 0.006024323869496584
0.06012170389294624, 0.0051843635737895966
0.05995247885584831, 0.005693900398910046
0.060114551335573196, 0.0053071132861077785
0.060354165732860565, 0.004985131323337555
0.06024407595396042, 0.00763654662296176
0.06014392152428627, 0.006425570696592331
0.060074932873249054, 0.0065009938552975655
0.060472164303064346, 0.005408243741840124
0.05999314785003662, 0.006935424171388149
0.05970235541462898, 0.00606828136369586
0.05978737398982048, 0.005597539711743593
0.059928927570581436, 0.004502138122916222
0.0600246861577034, 0.0067476192489266396
0.05985333397984505, 0.005123576615005732
0.06035873666405678, 0.004975831136107445
0.059862732887268066, 0.00421364838257432
0.05944545939564705, 0.006570927798748016
0.06052820757031441, 0.005055061541497707
0.059962086379528046, 0.005610584747046232
0.06014334037899971, 0.0047543845139443874
0.059944406151771545, 0.006885680835694075
0.05963362008333206, 0.00568827660754323
0.05930988863110542, 0.007258746773004532
0.06047913804650307, 0.005779517348855734
0.06020861864089966, 0.005001379176974297
0.05934950336813927, 0.00569997588172555
0.059922873973846436, 0.0051191155798733234
0.05980471149086952, 0.005175664089620113
0.059425778687000275, 0.005761651787906885
0.0599624328315258, 0.004657489713281393
0.05976097658276558, 0.00615773256868124
0.05993031710386276, 0.005106473807245493
0.060478679835796356, 0.0032287039794027805
0.05948025733232498, 0.006191754713654518
0.06007342413067818, 0.005126810632646084
0.059516265988349915, 0.006848946679383516
0.059979889541864395, 0.006539217662066221
0.05965728312730789, 0.005729224067181349
0.05989930406212807, 0.006440522614866495
0.06011727824807167, 0.005944360978901386
0.05987905338406563, 0.005651392042636871
0.059613388031721115, 0.006100767757743597
0.05958961322903633, 0.0038560389075428247
0.05910710617899895, 0.006882190704345703
0.05978782847523689, 0.006690988317131996
0.05969464033842087, 0.004770508501678705
0.059985268861055374, 0.005000484175980091
0.05960279703140259, 0.005714446306228638
0.05981285125017166, 0.0057695889845490456
0.05962095037102699, 0.0040156906470656395
0.059435904026031494, 0.00549826305359602
0.05944942310452461, 0.0043679941445589066
0.06015794724225998, 0.006471475586295128
0.05981241911649704, 0.006519210524857044
0.060184791684150696, 0.005318111274391413
0.059760935604572296, 0.005933488253504038
0.05985007807612419, 0.0047912755981087685
0.05995612218976021, 0.006106762681156397
0.05929362773895264, 0.004964653868228197
0.05962216854095459, 0.006191921886056662
0.05971558764576912, 0.006470240652561188
0.05973236635327339, 0.006957847625017166
0.059580061584711075, 0.005663745105266571
0.05941286310553551, 0.0066309827379882336
0.06014518812298775, 0.005854216404259205
0.059410519897937775, 0.006165207829326391
0.05937422811985016, 0.006990963593125343
0.060049235820770264, 0.005717020481824875
0.05938832834362984, 0.00341988867148757
0.059751756489276886, 0.005946541205048561
0.059525080025196075, 0.005956264678388834
0.05953678861260414, 0.0043765646405518055
0.059524841606616974, 0.006299099884927273
0.05970589444041252, 0.0055639129132032394
0.05969420447945595, 0.005841011181473732
0.059403810650110245, 0.007247318979352713
0.059510137885808945, 0.004430417902767658
0.05923771113157272, 0.005205022171139717
0.05937005579471588, 0.005653224885463715
0.059576187282800674, 0.0069435895420610905
0.059891827404499054, 0.00544687220826745
0.059482209384441376, 0.0061720008961856365
0.059696223586797714, 0.007403774652630091
0.05963418260216713, 0.004476113244891167
0.05931676924228668, 0.006493783555924892
0.05941315367817879, 0.006491252686828375
0.059676602482795715, 0.0047974251210689545
0.058849435299634933, 0.009535187855362892
0.059543345123529434, 0.005485061090439558
0.05927027016878128, 0.003987507428973913
0.05958538129925728, 0.004689287859946489
0.05946193262934685, 0.007454075384885073
0.05835206061601639, 0.0058938199654221535
0.059842322021722794, 0.004755986388772726
0.06004618853330612, 0.0060118124820292
0.05986373871564865, 0.0062322188168764114
0.0598117858171463, 0.00443484541028738
0.058830633759498596, 0.0056358748115599155
0.059675659984350204, 0.00770366657525301
0.05923684313893318, 0.006551888305693865
0.05934316664934158, 0.0047078910283744335
0.059486329555511475, 0.00549054192379117
0.059136562049388885, 0.008044860325753689
0.05919753387570381, 0.005398598033934832
0.05947673320770264, 0.00698555912822485
0.05916132405400276, 0.004220079630613327
0.05966607853770256, 0.004004837945103645
0.05888509750366211, 0.005334817338734865
0.05906497687101364, 0.004968105349689722
0.05882762745022774, 0.004594224970787764
0.0591222383081913, 0.006288949865847826
0.05944620817899704, 0.005776299629360437
0.05941883102059364, 0.005082383751869202
0.05914204567670822, 0.005903591401875019
0.059362009167671204, 0.006770023610442877
0.06001545488834381, 0.005626792088150978
0.059515126049518585, 0.004655108321458101
0.05925404280424118, 0.005469236057251692
0.059241123497486115, 0.004676095210015774
0.05969853699207306, 0.006349013652652502
0.05965610221028328, 0.004289095290005207
0.0590871125459671, 0.005705839954316616
0.05891923978924751, 0.005718975327908993
0.05908166244626045, 0.0056983595713973045
0.059360820800065994, 0.0047882539220154285
0.058775074779987335, 0.006342635490000248
0.05892468988895416, 0.00563449552282691
0.059397850185632706, 0.006607350893318653
0.05986171215772629, 0.004972995258867741
0.05977436527609825, 0.003769240342080593
0.058952610939741135, 0.006053586024791002
0.05866117775440216, 0.005771181546151638
0.059542085975408554, 0.004772232845425606
0.059604745358228683, 0.006348246708512306
0.05866478756070137, 0.005977520253509283
0.05925697088241577, 0.005221479572355747
0.05915297567844391, 0.006693411152809858
0.058822017163038254, 0.006004799623042345
0.059082821011543274, 0.005453716963529587
0.059631336480379105, 0.005760290194302797
0.05860229954123497, 0.005429464392364025
0.058904487639665604, 0.004938567988574505
0.05857303366065025, 0.004933992866426706
0.05894792824983597, 0.004406485706567764
0.059520423412323, 0.004877439700067043
0.05917828157544136, 0.005599827039986849
0.05880344659090042, 0.00584156159311533
0.05917634069919586, 0.005477826576679945
0.059223659336566925, 0.004613516386598349
0.05899371579289436, 0.005288693122565746
0.05843188986182213, 0.006867452058941126
0.059098709374666214, 0.0069283973425626755
0.05902303010225296, 0.004979942925274372
0.05884140729904175, 0.0045530591160058975
0.0586872361600399, 0.0036260883789509535
0.058334190398454666, 0.007293590810149908
0.05875636637210846, 0.0043070814572274685
0.05854747071862221, 0.0058465395122766495
0.059245482087135315, 0.007393371779471636
0.05900992825627327, 0.004960924386978149
0.058817703276872635, 0.005307250656187534
0.05856776237487793, 0.004584972746670246
0.05870523676276207, 0.005104864947497845
0.05911748856306076, 0.006177375093102455
0.05914347618818283, 0.005289501044899225
0.059145133942365646, 0.0057562352158129215
0.0589265376329422, 0.004624856170266867
0.058669500052928925, 0.006765095051378012
0.0590568371117115, 0.007085979916155338
0.05888329818844795, 0.007482945919036865
0.05877857282757759, 0.003979159519076347
0.05825246870517731, 0.0051091983914375305
0.05865805223584175, 0.007331512868404388
0.0586271807551384, 0.0061826142482459545
0.05877166986465454, 0.00584392761811614
0.059462714940309525, 0.006694488693028688
0.05907487869262695, 0.0037136459723114967
0.05913621932268143, 0.0070678857155144215
0.058670271188020706, 0.004995941650122404
0.059287477284669876, 0.0054624793119728565
0.059220220893621445, 0.004916374105960131
0.059257157146930695, 0.00460831681266427
0.0589667372405529, 0.004275891929864883
0.05904309079051018, 0.005838057026267052
0.05901609733700752, 0.005067932419478893
0.05916563794016838, 0.005918692331761122
0.0592045858502388, 0.0048773507587611675
0.058736033737659454, 0.006277303211390972
0.05893649533390999, 0.005386358126997948
0.05886908248066902, 0.005038983654230833
0.05910106003284454, 0.0038161850534379482
0.0591932088136673, 0.0050723012536764145
0.058619849383831024, 0.0068686287850141525
0.058480728417634964, 0.00547623448073864
0.05881618708372116, 0.005460732616484165
0.058928847312927246, 0.006759889889508486
0.058592844754457474, 0.005789392627775669
0.058087170124053955, 0.005910811945796013
0.058783307671546936, 0.00765237957239151
0.05932316556572914, 0.005617532413452864
0.058456506580114365, 0.005877768620848656
0.05853605270385742, 0.007424008101224899
0.058891475200653076, 0.007114606909453869
0.058587927371263504, 0.006418571807444096
0.05905945599079132, 0.0048118820413947105
0.058635685592889786, 0.007101800292730331
0.05884690582752228, 0.006448733154684305
0.05863109603524208, 0.006564878858625889
0.05874844267964363, 0.005210258532315493
0.05806791037321091, 0.005851109512150288
0.05850369483232498, 0.005519100930541754
0.05884718894958496, 0.0037486630026251078
0.05896960571408272, 0.005531220696866512
0.058907583355903625, 0.005014129914343357
0.058502376079559326, 0.005000449251383543
0.05936049297451973, 0.00593043677508831
0.059378061443567276, 0.005049033556133509
0.05897877737879753, 0.00577466981485486
0.058778274804353714, 0.0067682997323572636
0.0590202696621418, 0.004786970559507608
0.05849999934434891, 0.007292319089174271
0.05871996656060219, 0.0051073650829494
0.05871758237481117, 0.006691562477499247
0.058805372565984726, 0.004952557850629091
0.0584995299577713, 0.006273726932704449
0.058160047978162766, 0.007957139983773232
0.059100933372974396, 0.005772403907030821
0.05894995480775833, 0.00398667948320508
0.059162240475416183, 0.005622475408017635
0.05921010300517082, 0.005201572086662054
0.05870846286416054, 0.005861176643520594
0.05875125154852867, 0.004143998492509127
0.05871754139661789, 0.004564336501061916
0.05839056521654129, 0.006447505205869675
0.058298707008361816, 0.005448806565254927
0.05837089568376541, 0.004505363292992115
0.058809928596019745, 0.005473258439451456
0.058110687881708145, 0.0064010717906057835
0.05851603299379349, 0.007535829674452543
0.058634452521800995, 0.006546162534505129
0.05821968987584114, 0.006820677779614925
0.058320701122283936, 0.005600589327514172
0.05867226421833038, 0.004971071612089872
0.05838261917233467, 0.004830018617212772
0.058283932507038116, 0.005808076821267605
0.05882319435477257, 0.004620202351361513
0.0587109811604023, 0.004399883095175028
0.0586458258330822, 0.006435459945350885
0.05830543115735054, 0.005660024005919695
0.058682993054389954, 0.005958838388323784
0.05820232629776001, 0.004771096631884575
0.05869179964065552, 0.006030822638422251
0.058157239109277725, 0.006823867093771696
0.058592233806848526, 0.005519751459360123
0.05901153385639191, 0.00491713359951973
0.05882173031568527, 0.005459219217300415
0.05829246714711189, 0.005748617462813854
0.05910622328519821, 0.005786575376987457
0.05837950482964516, 0.0054006814025342464
0.05857454985380173, 0.005863648373633623
0.05840625241398811, 0.004995978437364101
0.05807691067457199, 0.0057593416422605515
0.0586642287671566, 0.0046122269704937935
0.05827648937702179, 0.004127217456698418
0.059023432433605194, 0.004654142074286938
0.05836218595504761, 0.005473885219544172
0.0584300234913826, 0.004175020847469568
0.058158908039331436, 0.004317764658480883
0.05838071182370186, 0.005746263545006514
0.057943396270275116, 0.005064237397164106
0.05872243642807007, 0.006408861372619867
0.05807088688015938, 0.006866615265607834
0.0582243986427784, 0.00453906087204814
0.05845915526151657, 0.005101673770695925
0.05858846381306648, 0.004448277875781059
0.0583258792757988, 0.005427406169474125
0.05872625112533569, 0.005017218180000782
0.05845334753394127, 0.005908927880227566
0.05750013887882233, 0.007017557509243488
0.05784979090094566, 0.007714807987213135
0.05841865763068199, 0.005756052676588297
0.0587373711168766, 0.00517721101641655
0.05850004404783249, 0.0058969431556761265
0.05779749155044556, 0.007257835008203983
0.058679476380348206, 0.0058649699203670025
0.05824483186006546, 0.005656215827912092
0.05839894339442253, 0.0035351745318621397
0.05864103138446808, 0.005214815493673086
0.0583309680223465, 0.004997628275305033
0.058159783482551575, 0.006362417712807655
0.058498773723840714, 0.004338470753282309
0.05846463888883591, 0.005718938075006008
0.05858498811721802, 0.005548914894461632
0.05824736878275871, 0.006419090088456869
0.058262068778276443, 0.006527447607368231
0.057481084018945694, 0.005966522265225649
0.05824581906199455, 0.004210944287478924
0.05840935930609703, 0.006260181311517954
0.0582580491900444, 0.004474664572626352
0.05779753997921944, 0.00646714773029089
0.05858933925628662, 0.005232443101704121
0.058056820183992386, 0.005295984912663698
0.057937461882829666, 0.004091988783329725
0.05856592208147049, 0.007018884643912315
0.05829105153679848, 0.00551114184781909
0.057551153004169464, 0.007985545322299004
0.058080025017261505, 0.006394887808710337
0.05802981182932854, 0.005161746870726347
0.05854971706867218, 0.005745129659771919
0.05838535353541374, 0.0053592040203511715
0.05846512317657471, 0.003349615726619959
0.057739246636629105, 0.005968943703919649
0.057928986847400665, 0.006201246287673712
0.057835452258586884, 0.0063818953931331635
0.05851868912577629, 0.006224226672202349
0.058355141431093216, 0.005856865551322699
0.05819741263985634, 0.004184061195701361
0.058227553963661194, 0.00457958597689867
0.05726160109043121, 0.007306425832211971
0.05789793282747269, 0.006426618434488773
0.0585889033973217, 0.004988856613636017
0.05820693448185921, 0.004668590147048235
0.05735909938812256, 0.006765172351151705
0.05825118348002434, 0.005330880172550678
0.05826061964035034, 0.006113155744969845
0.05802800878882408, 0.006569990888237953
0.058516521006822586, 0.004394074901938438
0.058156635612249374, 0.004658610559999943
0.05785133317112923, 0.006162907928228378
0.05818866565823555, 0.005732911638915539
0.05793483927845955, 0.006932220887392759
0.058301329612731934, 0.006483979057520628
0.05801015347242355, 0.00455357925966382
0.057295117527246475, 0.0072945100255310535
0.05833684280514717, 0.004799257032573223
0.05806870013475418, 0.004480717238038778
0.05766850709915161, 0.006382442079484463
0.057886913418769836, 0.005804894026368856
0.05789768695831299, 0.00507931737229228
0.057994358241558075, 0.0038982972037047148
0.057640474289655685, 0.00531017454341054
0.05780193582177162, 0.004319407977163792
0.057833392173051834, 0.006013278849422932
0.05771332234144211, 0.005630176514387131
0.05812880024313927, 0.005499722436070442
0.05777250975370407, 0.0047802673652768135
0.057910025119781494, 0.005420793779194355
0.05737684294581413, 0.006355171091854572
0.057418543845415115, 0.006450242828577757
0.05776556208729744, 0.004164549056440592
0.05774497240781784, 0.005666176322847605
0.05796080082654953, 0.003799211233854294
0.057640984654426575, 0.004017343744635582
0.05711450055241585, 0.005374630447477102
0.05749853327870369, 0.005672405939549208
0.05765088275074959, 0.007001716177910566
0.05716599524021149, 0.005673273932188749
0.056918490678071976, 0.005238400772213936
0.057659607380628586, 0.004617033060640097
0.05780477076768875, 0.004240826237946749
0.057135991752147675, 0.007425181567668915
0.05705618858337402, 0.006491551175713539
0.05754141882061958, 0.00552352936938405
0.056878168135881424, 0.005445430520921946
0.057714395225048065, 0.005173273850232363
0.057417333126068115, 0.00548151507973671
0.057714641094207764, 0.0036963308230042458
0.056374866515398026, 0.0065918187610805035
0.057060446590185165, 0.005044632125645876
0.05727406218647957, 0.004971726331859827
0.05712372064590454, 0.006208772771060467
0.057248711585998535, 0.005685359705239534
0.057312171906232834, 0.005447637755423784
0.05736429989337921, 0.006960894446820021
0.05719950422644615, 0.006946987472474575
0.05701597407460213, 0.006257979664951563
0.057660315185785294, 0.004415467847138643
0.05774474889039993, 0.005381034221500158
0.05736881494522095, 0.004478651098906994
0.05741643160581589, 0.003975568804889917
0.057471394538879395, 0.004922841675579548
0.057243216782808304, 0.005644926801323891
0.05741580203175545, 0.004332152660936117
0.05755303427577019, 0.005504293832927942
0.05699740722775459, 0.0047295065596699715
0.05712610483169556, 0.005706190597265959
0.05710050091147423, 0.006293593905866146
0.05642302334308624, 0.0063847992569208145
0.057477109134197235, 0.006913938093930483
0.05623434856534004, 0.008980713784694672
0.057132821530103683, 0.005094544496387243
0.05708242207765579, 0.0043223644606769085
0.056807346642017365, 0.005720187444239855
0.057092130184173584, 0.006920480169355869
0.05713355541229248, 0.005460663698613644
0.056407928466796875, 0.004553467966616154
0.057227056473493576, 0.00386392162181437
0.05724464729428291, 0.004735865164548159
0.056832995265722275, 0.006437239237129688
0.05637574940919876, 0.0077911862172186375
0.05661921575665474, 0.004477957263588905
0.05753355100750923, 0.0036999168805778027
0.05707540735602379, 0.006356517318636179
0.05699625983834267, 0.005629675462841988
0.05665626749396324, 0.005944433622062206
0.056408993899822235, 0.007799631915986538
0.056479573249816895, 0.006146306172013283
0.05632515251636505, 0.0045106662437319756
0.05685669183731079, 0.004655926488339901
0.0565914511680603, 0.004123249556869268
0.05664738640189171, 0.0047483015805482864
0.056540973484516144, 0.005543682258576155
0.0570073202252388, 0.00569491321220994
0.05710966885089874, 0.005698467139154673
0.05672641471028328, 0.004417370073497295
0.056517165154218674, 0.005545353516936302
0.056715209037065506, 0.005940197501331568
0.05605528876185417, 0.0074560511857271194
0.055919747799634933, 0.007306789513677359
0.056314919143915176, 0.0055205668322741985
0.05646422877907753, 0.004567885771393776
0.05654417723417282, 0.005093005485832691
0.05647757276892662, 0.005763137713074684
0.056457605212926865, 0.0041620307601988316
0.05649915710091591, 0.0049668108113110065
0.05623147264122963, 0.004783010575920343
0.056028492748737335, 0.005204011220484972
0.05634349584579468, 0.004484740551561117
0.056054845452308655, 0.005178575403988361
0.056112535297870636, 0.00612072367221117
0.05645051226019859, 0.006110045593231916
0.05652637779712677, 0.004666622262448072
0.05664150044322014, 0.004988210275769234
0.05637304112315178, 0.005140650551766157
0.05560204014182091, 0.008474523201584816
0.05590531602501869, 0.006949447561055422
0.056575432419776917, 0.00465864734724164
0.0565154030919075, 0.0053407675586640835
0.05627680569887161, 0.0054898676462471485
0.05616236478090286, 0.0048168799839913845
0.05670469254255295, 0.004549847450107336
0.05598600581288338, 0.005527961999177933
0.05605937913060188, 0.004954037722200155
0.05526126176118851, 0.006479291245341301
0.05561055243015289, 0.005073226056993008
0.0560796856880188, 0.004032304976135492
0.05608575791120529, 0.0052751763723790646
0.05578329786658287, 0.006191387306898832
0.05541976913809776, 0.004938715137541294
0.0556974820792675, 0.006965287495404482
0.055596400052309036, 0.006556747946888208
0.05563049390912056, 0.00455793971195817
0.055797748267650604, 0.006255211308598518
0.05569254234433174, 0.0069124093279242516
0.05627342686057091, 0.004896112717688084
0.05605494976043701, 0.005421826150268316
0.05518195405602455, 0.006211015395820141
0.055714283138513565, 0.004992117173969746
0.05528510734438896, 0.00518316263332963
0.05538355931639671, 0.00848853588104248
0.05543055757880211, 0.0042258501052856445
0.055155254900455475, 0.005988934077322483
0.055144984275102615, 0.005148849915713072
0.05507514998316765, 0.004138110671192408
0.055158358067274094, 0.0032916534692049026
0.05544294789433479, 0.005700800567865372
0.05545327812433243, 0.005934378132224083
0.0547323003411293, 0.00619235634803772
0.05546552315354347, 0.004267291631549597
0.055383481085300446, 0.005191790871322155
0.05476535111665726, 0.005394272971898317
0.05475490167737007, 0.005640280898660421
0.0550447516143322, 0.006539659574627876
0.05438726022839546, 0.005043928511440754
0.05482284352183342, 0.004737738985568285
0.054673682898283005, 0.006233714055269957
0.05488280579447746, 0.006474372465163469
0.054461684077978134, 0.0075664217583835125
0.054330527782440186, 0.006656068377196789
0.05493523180484772, 0.006937858182936907
0.054597847163677216, 0.005849109496921301
0.05507650226354599, 0.0034187324345111847
0.054520681500434875, 0.006693728733807802
0.05449937656521797, 0.004869399592280388
0.05510520190000534, 0.0038085835985839367
0.05461033433675766, 0.004790241830050945
0.05401410534977913, 0.0071242377161979675
0.05442885681986809, 0.005594691727310419
0.05359320342540741, 0.005256413947790861
0.05402299389243126, 0.006593761499971151
0.05374077335000038, 0.0064696758054196835
0.05329542234539986, 0.004840110894292593
0.05406319350004196, 0.005962895695120096
0.05390997231006622, 0.007005295716226101
0.05351996049284935, 0.006094315089285374
0.053299348801374435, 0.00686861714348197
0.053742486983537674, 0.005335379857569933
0.053852472454309464, 0.005741669796407223
0.05348103120923042, 0.007507676724344492
0.053903572261333466, 0.004581711255013943
0.05362900719046593, 0.0046508051455020905
0.053841009736061096, 0.004466590937227011
0.05327226221561432, 0.006174494046717882
0.053663354367017746, 0.0035744740162044764
0.05390157178044319, 0.0066300188191235065
0.05396464467048645, 0.0066495672799646854
0.05399033799767494, 0.0028838617727160454
0.052915725857019424, 0.005116934422403574
0.05327547341585159, 0.004770427476614714
0.053282637149095535, 0.00497074518352747
0.053723905235528946, 0.00449567474424839
0.053284402936697006, 0.006874212063848972
0.053142447024583817, 0.00599617138504982
0.052982769906520844, 0.005249950103461742
0.05268802493810654, 0.005477167200297117
0.05347122251987457, 0.0033931408543139696
0.053275760263204575, 0.0057411096058785915
0.05310458689928055, 0.006269451230764389
0.052760981023311615, 0.004832354374229908
0.05308447778224945, 0.0032949631568044424
0.05211950093507767, 0.005916517227888107
0.05221686139702797, 0.004553620237857103
0.052773453295230865, 0.004913767799735069
0.05232536792755127, 0.00437234016135335
0.05255779251456261, 0.0056733195669949055
0.0523003488779068, 0.006448742933571339
0.05261334404349327, 0.004679574631154537
0.052371054887771606, 0.004546759650111198
0.05242286995053291, 0.004358590580523014
0.052411630749702454, 0.0031083249486982822
0.0530158206820488, 0.004910845309495926
0.05241239070892334, 0.00589081272482872
0.05218001827597618, 0.0063904328271746635
0.05263102799654007, 0.00402082409709692
0.052036356180906296, 0.006012463476508856
0.05219877511262894, 0.004112702794373035
0.05198120325803757, 0.006013444624841213
0.05191527679562569, 0.0049576410092413425
0.051927655935287476, 0.00748076569288969
0.05233726650476456, 0.004184702876955271
0.05156131833791733, 0.006592199672013521
0.05208868533372879, 0.005409540142863989
0.052179109305143356, 0.005949025973677635
0.05223429948091507, 0.0041959043592214584
0.05269148200750351, 0.005782363936305046
0.05204761028289795, 0.004627876449376345
0.052071452140808105, 0.005937979556620121
0.05154573544859886, 0.004609642084687948
0.05104084685444832, 0.006586391944438219
0.05175144225358963, 0.003739876439794898
0.05153607949614525, 0.00540210772305727
0.05113482475280762, 0.005801975727081299
0.05134527012705803, 0.006009229458868504
0.05167973041534424, 0.005425125360488892
0.05164753645658493, 0.005239343736320734
0.051271770149469376, 0.005102620460093021
0.05156632140278816, 0.006303100846707821
0.050776392221450806, 0.005878979805856943
0.05123094841837883, 0.005053190980106592
0.050961870700120926, 0.006249937228858471
0.051256079226732254, 0.006090427748858929
0.05126125365495682, 0.0058837770484387875
0.051253896206617355, 0.004362968727946281
0.05132073536515236, 0.005036256276071072
0.0509333498775959, 0.006056604906916618
0.05090307071805, 0.0050239101983606815
0.05046200007200241, 0.007273686584085226
0.05119483917951584, 0.0052352175116539
0.05055489018559456, 0.005981160793453455
0.05086764320731163, 0.004150040447711945
0.05091293901205063, 0.005451208911836147
0.05069372057914734, 0.0038713703397661448
0.050655264407396317, 0.006191425025463104
0.05049675330519676, 0.005361936520785093
0.051152490079402924, 0.004933063872158527
0.0508556067943573, 0.00567605160176754
0.0500827357172966, 0.005329824984073639
0.05096431449055672, 0.0031250903848558664
0.05015294626355171, 0.005486821755766869
0.05086647346615791, 0.0051801735535264015
0.051018740981817245, 0.004858212545514107
0.05098200961947441, 0.00447821244597435
0.050416041165590286, 0.005832345690578222
0.05016310140490532, 0.005716105457395315
0.049913544207811356, 0.006525333039462566
0.05004780367016792, 0.005538461729884148
0.05028136074542999, 0.0052904775366187096
0.050010841339826584, 0.005562410224229097
0.04994475841522217, 0.00530130323022604
0.05061981827020645, 0.005493872333317995
0.049906615167856216, 0.00604797201231122
0.05014415085315704, 0.003962949384003878
0.04985161870718002, 0.0059976596385240555
0.05029543116688728, 0.006030810531228781
0.04966338723897934, 0.006447195541113615
0.05008140578866005, 0.005303618963807821
0.05018584802746773, 0.00503878528252244
0.05012136325240135, 0.005161625798791647
0.04936743900179863, 0.004618761129677296
0.04968465864658356, 0.004911985248327255
0.05012371763586998, 0.00460017891600728
0.050305627286434174, 0.005394069477915764
0.050352588295936584, 0.00556471012532711
0.04996481165289879, 0.00547792948782444
0.05018501728773117, 0.005539150442928076
0.04977915436029434, 0.005342066287994385
0.049725327640771866, 0.003932704217731953
0.049422815442085266, 0.005166742485016584
0.04965765029191971, 0.003412968711927533
0.04972149059176445, 0.006643934641033411
0.049924131482839584, 0.006110606249421835
0.049803346395492554, 0.007195519283413887
0.04994973540306091, 0.004473267588764429
0.049590036273002625, 0.004724699072539806
0.04914294555783272, 0.005288963206112385
0.050022561103105545, 0.005612079054117203
0.049447011202573776, 0.0063929930329322815
0.049537915736436844, 0.005714402999728918
0.0496593676507473, 0.005918371491134167
0.0499151386320591, 0.004603885114192963
0.04969533905386925, 0.0037847154308110476
0.0500040277838707, 0.005396644119173288
0.049400705844163895, 0.005643376149237156
0.049675751477479935, 0.004489727318286896
0.04926776513457298, 0.0065638963133096695
0.05034531280398369, 0.004233714193105698
0.04951475188136101, 0.005124621093273163
0.04982839897274971, 0.0064240507781505585
0.04875672608613968, 0.004623822867870331
0.04915376752614975, 0.004641921259462833
0.04955523833632469, 0.004612140357494354
0.05006427690386772, 0.005090615246444941
0.04956330731511116, 0.005701970309019089
0.04979453608393669, 0.004945937544107437
0.04915671423077583, 0.00537524651736021
0.049487676471471786, 0.005315039772540331
0.0491282120347023, 0.005615253001451492
0.049181871116161346, 0.0058079734444618225
0.04968324676156044, 0.004637965001165867
0.04862600192427635, 0.003833337686955929
0.04947182908654213, 0.0041490946896374226
0.04930586367845535, 0.005270127207040787
0.049154650419950485, 0.005108187906444073
0.04940621927380562, 0.005284603219479322
0.04892725124955177, 0.00586133636534214
0.04960212484002113, 0.005022000055760145
0.04896705597639084, 0.0064610084518790245
0.048799995332956314, 0.00464945612475276
0.048979125916957855, 0.005961814429610968
0.04957282543182373, 0.0035264354664832354
0.04866230860352516, 0.005905069876462221
0.048998232930898666, 0.0059190052561461926
0.0487901009619236, 0.0041529331356287
0.048895858228206635, 0.004079870413988829
0.04931662604212761, 0.00603627972304821
0.04894214868545532, 0.005552496761083603
0.04919300600886345, 0.004954976961016655
0.048895806074142456, 0.008369515649974346
0.04902014136314392, 0.005334923043847084
0.0489346906542778, 0.006011153571307659
0.04891996458172798, 0.004317427519708872
0.04870635271072388, 0.005235365591943264
0.04905383661389351, 0.0051459758542478085
0.048938799649477005, 0.004309486132115126
0.0482000932097435, 0.006107803899794817
0.04881942644715309, 0.004746261052787304
0.0486283004283905, 0.005201938562095165
0.04840324819087982, 0.004247795790433884
0.04864507168531418, 0.005090090446174145
0.048782188445329666, 0.005227801855653524
0.04892679676413536, 0.004300155211240053
0.04864683002233505, 0.004586332011967897
0.04809700325131416, 0.005196374841034412
0.04918237030506134, 0.0038082266692072153
0.04880526289343834, 0.0044387043453752995
0.04827091097831726, 0.004552085418254137
0.04860224202275276, 0.005098543595522642
0.04900837689638138, 0.005162050947546959
0.04823518544435501, 0.0065095024183392525
0.048423513770103455, 0.005469312891364098
0.04863179847598076, 0.0038000813219696283
0.048794426023960114, 0.0033275021705776453
0.048870403319597244, 0.005782687105238438
0.04885876551270485, 0.004927660338580608
0.04790147766470909, 0.005418840795755386
0.04815191030502319, 0.006861628964543343
0.048436593264341354, 0.005668658297508955
0.04832309111952782, 0.004620080813765526
0.04829614236950874, 0.0043692984618246555
0.04821254685521126, 0.004851249046623707
0.048322200775146484, 0.00437906151637435
0.04885505512356758, 0.0034497231245040894
0.048689741641283035, 0.006643768399953842
0.04895690828561783, 0.005649156868457794
0.0485994778573513, 0.005430016666650772
0.048928651958703995, 0.003678241278976202
0.048611801117658615, 0.0053998203948140144
0.048597998917102814, 0.004365881904959679
0.04877803474664688, 0.005258405115455389
0.04889858141541481, 0.005360298790037632
0.04886917397379875, 0.0048261904157698154
0.04829424247145653, 0.0043320609256625175
0.04830598086118698, 0.00528679508715868
0.04873654618859291, 0.006037331186234951
0.04842393472790718, 0.004866877105087042
0.04829311743378639, 0.005152062512934208
0.0483417734503746, 0.00662734592333436
0.04786135256290436, 0.0038835706654936075
0.04821768403053284, 0.006337637547403574
0.04816533252596855, 0.004938721656799316
0.04824548959732056, 0.005187873728573322
0.04794369265437126, 0.005078082904219627
0.047963257879018784, 0.004187801852822304
0.04788367822766304, 0.00490142498165369
0.048450905829668045, 0.005693243350833654
0.04867667332291603, 0.003908358048647642
0.04874925687909126, 0.005344223231077194
0.048265490680933, 0.005828183609992266
0.04815186932682991, 0.00559343583881855
0.04846302047371864, 0.004599968437105417
0.0485052615404129, 0.006353313103318214
0.04816111549735069, 0.005362508352845907
0.048531316220760345, 0.005772413685917854
0.04788884520530701, 0.006823597941547632
0.04807066172361374, 0.006021731533110142
0.04825378581881523, 0.004734370857477188
0.04828346520662308, 0.006054332014173269
0.048526961356401443, 0.00437725568190217
0.04783441871404648, 0.0064002880826592445
0.04785911366343498, 0.004683973267674446
0.0484299436211586, 0.004781448747962713
0.04847687855362892, 0.002658355515450239
0.048111770302057266, 0.005453362129628658
0.048049796372652054, 0.004313805140554905
0.04837667569518089, 0.003993402700871229
0.04804813489317894, 0.006323149427771568
0.047658756375312805, 0.005532370880246162
0.0475873127579689, 0.005472492892295122
0.04751111939549446, 0.004620468709617853
0.0478050597012043, 0.006051357369869947
0.04755380377173424, 0.005503491498529911
0.04787348583340645, 0.005936227738857269
0.04756695777177811, 0.006019159685820341
0.047850821167230606, 0.004851620644330978
0.047788310796022415, 0.005251906346529722
0.04831278324127197, 0.003806497436016798
0.04830031469464302, 0.006180879659950733
0.04837927222251892, 0.004042285028845072
0.048208970576524734, 0.004921804182231426
0.04798752814531326, 0.006042067892849445
0.04795554280281067, 0.005751528311520815
0.047686487436294556, 0.004898664075881243
0.0477743037045002, 0.005734830629080534
0.04802953079342842, 0.004003922455012798
0.047267939895391464, 0.005401911213994026
0.04744626581668854, 0.005816339515149593
0.048026129603385925, 0.005575383082032204
0.04831988736987114, 0.005166385322809219
0.047471512109041214, 0.006161909084767103
0.04766223952174187, 0.004890186246484518
0.04797053709626198, 0.0048590307123959064
0.047508418560028076, 0.005628054495900869
0.04767890274524689, 0.005694232415407896
0.04801322892308235, 0.0065106796100735664
0.04732571169734001, 0.005677325651049614
0.04746507480740547, 0.004452814813703299
0.0478581003844738, 0.005414079874753952
0.04777625948190689, 0.005520127713680267
0.04759809747338295, 0.004026530310511589
0.04724496230483055, 0.004768910352140665
0.047776494175195694, 0.005354604218155146
0.04728921502828598, 0.005630520172417164
0.04796532541513443, 0.003926310688257217
0.04788311943411827, 0.002636451506987214
0.04831178858876228, 0.005263790022581816
0.04758793115615845, 0.005296018905937672
0.04761035740375519, 0.005343194585293531
0.04744057357311249, 0.00456732464954257
0.04793498292565346, 0.004897400736808777
0.04753260314464569, 0.005590879824012518
0.047452326864004135, 0.004606536589562893
0.04777327552437782, 0.005773436743766069
0.04769640043377876, 0.005021856632083654
0.04780023172497749, 0.006596196908503771
0.048054274171590805, 0.003933867439627647
0.047433800995349884, 0.0040593259036540985
0.04813981428742409, 0.005250059999525547
0.04778711497783661, 0.005207024980336428
0.04774067923426628, 0.006333548575639725
0.047284241765737534, 0.005512914154678583
0.047188885509967804, 0.00516662560403347
0.04746780917048454, 0.006266897544264793
0.04759599268436432, 0.0044379145838320255
0.04682706668972969, 0.006966402288526297
0.0478360578417778, 0.005367230623960495
0.04719867557287216, 0.005991415120661259
0.04718644171953201, 0.006392459385097027
0.04716051369905472, 0.005391985177993774
0.04742123559117317, 0.004000387154519558
0.04689985513687134, 0.004838448017835617
0.04733073711395264, 0.005104062147438526
0.04700471833348274, 0.006134750321507454
0.04740891233086586, 0.005686106625944376
0.047639500349760056, 0.004839735105633736
0.047594863921403885, 0.004827484488487244
0.04736101254820824, 0.00579141266644001
0.047728169709444046, 0.0053450013510882854
0.047336433082818985, 0.00608847988769412
0.0472770519554615, 0.0034608091227710247
0.0472324974834919, 0.0042860303074121475
0.04679187759757042, 0.005738626699894667
0.04725726321339607, 0.004493348766118288
0.047655194997787476, 0.004764058627188206
0.04759109765291214, 0.005355429369956255
0.04708585888147354, 0.00504046306014061
0.046699706465005875, 0.00472593680024147
0.04738074913620949, 0.004229504615068436
0.04735517501831055, 0.004615734331309795
0.04689875617623329, 0.0067483801394701
0.04721113666892052, 0.0070099555887281895
0.0470067597925663, 0.004815167281776667
0.046921566128730774, 0.0046312445774674416
0.04690425470471382, 0.00508116465061903
0.04758136346936226, 0.005071165505796671
0.047801002860069275, 0.004249088000506163
0.04746003448963165, 0.005387418437749147
0.047562286257743835, 0.004644172731786966
0.0474737174808979, 0.005417724139988422
0.047343552112579346, 0.005055387504398823
0.04691461846232414, 0.0053821527399122715
0.04688132181763649, 0.003913328051567078
0.04725818708539009, 0.004695937503129244
0.04664033278822899, 0.004052426666021347
0.04709729924798012, 0.003486600937321782
0.04694537818431854, 0.00572863407433033
0.04719308018684387, 0.005754039157181978
0.04747725650668144, 0.005171455908566713
0.04715887829661369, 0.004922201856970787
0.04690081626176834, 0.004174422938376665
0.04705553501844406, 0.0031061875633895397
0.0469561442732811, 0.005050034262239933
0.04657222703099251, 0.0058826603926718235
0.046696893870830536, 0.0052903457544744015
0.046891938894987106, 0.004241353366523981
0.04670034721493721, 0.004859474021941423
0.04644085094332695, 0.003811950795352459
0.047082118690013885, 0.005249408073723316
0.04644255340099335, 0.004427409265190363
0.046733565628528595, 0.005785155575722456
0.04690985381603241, 0.003585987025871873
0.046629276126623154, 0.005233909003436565
0.046993762254714966, 0.004514187574386597
0.04653414338827133, 0.004565807990729809
0.04680759087204933, 0.007087647449225187
0.04711267724633217, 0.0034326468594372272
0.04711088538169861, 0.005501788109540939
0.04766051843762398, 0.003412222722545266
0.046925388276576996, 0.005443392787128687
0.04751821234822273, 0.005857262294739485
0.04677964001893997, 0.00581576582044363
0.04645073413848877, 0.006236038636416197
0.04669903591275215, 0.004544673953205347
0.047162141650915146, 0.00426105223596096
0.04674453288316727, 0.003878254210576415
0.04699418321251869, 0.006084291264414787
0.04693620279431343, 0.004214081913232803
0.0466664619743824, 0.005082998424768448
0.04607609659433365, 0.0058202617801725864
0.04665524140000343, 0.004490009043365717
0.04707513004541397, 0.004118235781788826
0.046801745891571045, 0.00558442622423172
0.04663010686635971, 0.006490890868008137
0.046671438962221146, 0.005052139051258564
0.047201041132211685, 0.006496344227343798
0.04672824218869209, 0.004583590663969517
0.046901457011699677, 0.006259288173168898
0.046914827078580856, 0.004400512203574181
0.046708572655916214, 0.004596283193677664
0.046466995030641556, 0.005661927163600922
0.04630767181515694, 0.004753194283694029
0.04600059241056442, 0.00588921457529068
0.04665530100464821, 0.003559867152944207
0.04659653827548027, 0.0054530249908566475
0.04654715210199356, 0.00458755437284708
0.046675123274326324, 0.004239683039486408
0.04647722840309143, 0.005277402698993683
0.04647481068968773, 0.005150396376848221
0.046477604657411575, 0.007074613124132156
0.0462024062871933, 0.00538580073043704
0.046730928122997284, 0.004245909862220287
0.046026621013879776, 0.005377335473895073
0.04607313126325607, 0.00594533234834671
0.046444445848464966, 0.005550378002226353
0.046382836997509, 0.004341293592005968
0.04663128778338432, 0.004273257218301296
0.04611067473888397, 0.005977537017315626
0.04622612148523331, 0.0034145840909332037
0.0464869923889637, 0.004613495897501707
0.046294160187244415, 0.003941805567592382
0.04629962518811226, 0.00536006223410368
0.04657626152038574, 0.005784016568213701
0.04685802385210991, 0.004781028721481562
0.046306442469358444, 0.004471781197935343
0.046211156994104385, 0.004052530974149704
0.045612551271915436, 0.004427935462445021
0.046251825988292694, 0.0041558751836419106
0.04625064879655838, 0.00626295106485486
0.04613471031188965, 0.0049430797807872295
0.04649430513381958, 0.004643877502530813
0.04608055204153061, 0.005126966163516045
0.04586290195584297, 0.005727187264710665
0.04631072282791138, 0.0051802960224449635
0.04549000784754753, 0.004863439127802849
0.04602353647351265, 0.004828014876693487
0.04624485969543457, 0.0048100706189870834
0.04627085477113724, 0.0034240339882671833
0.045788299292325974, 0.004632567521184683
0.04617660120129585, 0.004642343148589134
0.04659415781497955, 0.004901001695543528
0.04607604444026947, 0.0047940826043486595
0.045974574983119965, 0.004933307413011789
0.04586244001984596, 0.005850972607731819
0.04652122035622597, 0.004284318070858717
0.04592789709568024, 0.0038224002346396446
0.045919790863990784, 0.0038744655903428793
0.04575309529900551, 0.005017215386033058
0.046128954738378525, 0.006028557196259499
0.04648024961352348, 0.002997559728100896
0.04553936794400215, 0.005195389501750469
0.04556664079427719, 0.0038246666081249714
0.04592008516192436, 0.005001535639166832
0.04581012204289436, 0.0036526594776660204
0.04546396806836128, 0.0043799723498523235
0.04584674537181854, 0.0045880540274083614
0.04567969962954521, 0.003997629042714834
0.04581182077527046, 0.005870984401553869
0.045827362686395645, 0.00458161486312747
0.04511559009552002, 0.00519295409321785
0.04526689276099205, 0.0042372820898890495
0.045473795384168625, 0.004501565359532833
0.04577603191137314, 0.004484820179641247
0.04569489508867264, 0.004748960491269827
0.045618992298841476, 0.004185661673545837
0.045498598366975784, 0.004932633135467768
0.04520263150334358, 0.005533995572477579
0.04542979225516319, 0.006253363564610481
0.04496486485004425, 0.004632833879441023
0.04534408822655678, 0.0038138574454933405
0.0454927422106266, 0.006113528739660978
0.04562952741980553, 0.004720030352473259
0.04517388716340065, 0.006055118981748819
0.045259591192007065, 0.004266202915459871
0.04580431059002876, 0.006234010681509972
0.045217424631118774, 0.00540036940947175
0.04593241214752197, 0.004845260642468929
0.04572848603129387, 0.004525585565716028
0.045648153871297836, 0.004238652065396309
0.04540929198265076, 0.005108997225761414
0.04546476900577545, 0.0040674698539078236
0.045187097042798996, 0.004346946254372597
0.045621711760759354, 0.0030735773034393787
0.04551902413368225, 0.0035961836110800505
0.045429568737745285, 0.005083322525024414
0.04498986527323723, 0.0029798131436109543
0.045499157160520554, 0.003745846450328827
0.04493151977658272, 0.004774595610797405
0.04517402872443199, 0.005894083995372057
0.044807035475969315, 0.0054070171900093555
0.04526514932513237, 0.00410852674394846
0.044889021664857864, 0.004405294079333544
0.04493997246026993, 0.0042951381765306
0.04531504586338997, 0.004116402007639408
0.044908151030540466, 0.00321937189437449
0.04546767473220825, 0.003620309755206108
0.04510103911161423, 0.004732884932309389
0.045631784945726395, 0.0036347948480397463
0.04526764899492264, 0.004147705622017384
0.04500193893909454, 0.0042730169370770454
0.04487781599164009, 0.005077122710645199
0.04466317966580391, 0.005301039200276136
0.044827405363321304, 0.00389322591945529
0.045062385499477386, 0.003580022370442748
0.044808924198150635, 0.00543251121416688
0.04502043128013611, 0.004194657318294048
0.0448760986328125, 0.004843009635806084
0.04505548253655434, 0.0034563965164124966
0.04434456303715706, 0.004579611122608185
0.04490845277905464, 0.00482076546177268
0.044009968638420105, 0.006125306244939566
0.04462362825870514, 0.004581817891448736
0.04493853077292442, 0.003358919871971011
0.04468771070241928, 0.00570337288081646
0.044860366731882095, 0.0037024326156824827
0.04480015113949776, 0.00447193905711174
0.044640686362981796, 0.003923829644918442
0.04502379521727562, 0.005063274875283241
0.04514452815055847, 0.00464601069688797
0.04616749659180641, 0.005415245890617371
0.045726705342531204, 0.004256363958120346
0.0449388287961483, 0.004445402417331934
0.04459261894226074, 0.0049862340092659
0.04417073726654053, 0.005423078313469887
0.04451236128807068, 0.004988257307559252
0.04431731626391411, 0.003303918754681945
0.04467121884226799, 0.003274694085121155
0.044172316789627075, 0.004557184875011444
0.04455934464931488, 0.0051969606429338455
0.044582635164260864, 0.0031809560023248196
0.044552531093358994, 0.002574929967522621
0.04380059614777565, 0.0069381906650960445
0.04392310604453087, 0.003284700447693467
0.04511108621954918, 0.0056847576051950455
0.044943828135728836, 0.004716272931545973
0.045001715421676636, 0.0033856993541121483
0.04478706791996956, 0.004265641327947378
0.04413387179374695, 0.003965424373745918
0.04401944577693939, 0.0036858241073787212
0.044199150055646896, 0.00442692544311285
0.04349934682250023, 0.006251881364732981
0.04419150575995445, 0.004334735684096813
0.04409864917397499, 0.005430769640952349
0.04438706114888191, 0.00306064379401505
0.044032175093889236, 0.004956375807523727
0.04418786242604256, 0.0037497493904083967
0.04358111694455147, 0.0045778099447488785
0.04396666958928108, 0.004344861023128033
0.04394494369626045, 0.0033393700141459703
0.04377778619527817, 0.004617100581526756
0.04336320608854294, 0.004075202159583569
0.04332420602440834, 0.004805532284080982
0.04349053278565407, 0.0031162656378000975
0.043419234454631805, 0.0046890005469322205
0.04334479942917824, 0.0033144624903798103
0.04347457364201546, 0.004214991349726915
0.04359736293554306, 0.0035542945843189955
0.04313506931066513, 0.005021462682634592
0.04353908449411392, 0.004655147437006235
0.043625153601169586, 0.003990008495748043
0.04370774328708649, 0.004039776511490345
0.04327709972858429, 0.003961459267884493
0.04317445680499077, 0.004848320968449116
0.04343545436859131, 0.0036560369189828634
0.04292169213294983, 0.0048367842100560665
0.043317291885614395, 0.005780989769846201
0.042800042778253555, 0.004012629389762878
0.04370329901576042, 0.0037069490645080805
0.0430498942732811, 0.004060936160385609
0.04384884983301163, 0.0029956570360809565
0.044404175132513046, 0.004122446291148663
0.044482335448265076, 0.003713145386427641
0.04298144578933716, 0.00486307917162776
0.04299956560134888, 0.0035009952262043953
0.042901504784822464, 0.004957476165145636
0.043061334639787674, 0.004475933033972979
0.042570341378450394, 0.0041467309929430485
0.04251464083790779, 0.003953513689339161
0.04263966158032417, 0.004114643670618534
0.04282059893012047, 0.0034704171121120453
0.042539626359939575, 0.0025450463872402906
0.04205673933029175, 0.00440240278840065
0.042124584317207336, 0.004167662933468819
0.042109414935112, 0.003203616477549076
0.04224081709980965, 0.004409850109368563
0.04204222932457924, 0.0041189659386873245
0.04171037673950195, 0.005061253905296326
0.042207229882478714, 0.002624567598104477
0.04197609797120094, 0.004121251404285431
0.04154770076274872, 0.0044083078391849995
0.042176254093647, 0.004099476151168346
0.0416349396109581, 0.004744756501168013
0.041974056512117386, 0.003507636021822691
0.04235212132334709, 0.004477599635720253
0.042067404836416245, 0.003882392542436719
0.04251991584897041, 0.0031609083525836468
0.041521284729242325, 0.004025131464004517
0.042269960045814514, 0.005335712805390358
0.04209112748503685, 0.0037177514750510454
0.0422656424343586, 0.0048903729766607285
0.04209532216191292, 0.004848597105592489
0.04253518581390381, 0.004614345263689756
0.04223440960049629, 0.004493990913033485
0.04105139523744583, 0.0044492026790976524
0.041366804391145706, 0.002795059233903885
0.04111827164888382, 0.004047316033393145
0.04141400754451752, 0.003284107195213437
0.0407203771173954, 0.002922422019764781
0.04093394801020622, 0.004529088269919157
0.041037168353796005, 0.0044905454851686954
0.040963850915431976, 0.004082106985151768
0.041086938232183456, 0.00352281192317605
0.04109925404191017, 0.004554831888526678
0.04117916524410248, 0.0035007100086659193
0.04118025675415993, 0.004572287667542696
0.04105864092707634, 0.004159084986895323
0.04055710881948471, 0.006197395268827677
0.04083254188299179, 0.004348760936409235
0.04112957790493965, 0.004373058211058378
0.04151473566889763, 0.004535978194326162
0.04124666377902031, 0.003595504444092512
0.04061258211731911, 0.005209645256400108
0.04130709543824196, 0.0037976366002112627
0.04156111925840378, 0.0033089767675846815
0.04152873158454895, 0.0043398793786764145
0.04122154414653778, 0.003697786945849657
0.04121367633342743, 0.005205436609685421
0.04086817055940628, 0.0037823619786649942
0.04107709601521492, 0.0028269996400922537
0.041258376091718674, 0.004075714852660894
0.04102751612663269, 0.005890614353120327
0.04065818712115288, 0.00513962097465992
0.04081183299422264, 0.00442152377218008
0.04066016152501106, 0.0053915297612547874
0.04058917611837387, 0.003758004168048501
0.04085739329457283, 0.004116566851735115
0.04044483229517937, 0.004298932384699583
0.04084070771932602, 0.003177730133756995
0.040375396609306335, 0.0051550487987697124
0.04079929739236832, 0.003691009245812893
0.04028954356908798, 0.004995796829462051
0.04047562554478645, 0.004825603682547808
0.0403849333524704, 0.0034176218323409557
0.04048856720328331, 0.004346111323684454
0.040769655257463455, 0.0036101536825299263
0.04051639139652252, 0.005130094010382891
0.04043540358543396, 0.005380511283874512
0.04047008231282234, 0.004273402038961649
0.040494371205568314, 0.004548677243292332
0.040480151772499084, 0.004296547267585993
0.04056376963853836, 0.0045431675389409065
0.04057658836245537, 0.004801078233867884
0.0402611680328846, 0.00497199734672904
0.0406423881649971, 0.0038446197286248207
0.03989346697926521, 0.004187245853245258
0.03979659825563431, 0.005002475343644619
0.04060409590601921, 0.003983696456998587
0.040476925671100616, 0.003041076473891735
0.03997160866856575, 0.00551298912614584
0.040193069726228714, 0.004864944610744715
0.04058568924665451, 0.0035552727058529854
0.040425412356853485, 0.003734217258170247
0.040199220180511475, 0.004363656044006348
0.04020991921424866, 0.0031983917579054832
0.04016951844096184, 0.004474411718547344
0.03993961215019226, 0.003572784597054124
0.04064459726214409, 0.003874046728014946
0.041103530675172806, 0.003893335582688451
0.04047904536128044, 0.003467387752607465
0.04025169089436531, 0.0053925300016999245
0.040569957345724106, 0.0053390031680464745
0.04091760143637657, 0.0037373893428593874
0.040670957416296005, 0.0037879960145801306
0.04021824151277542, 0.004997688345611095
0.04073883593082428, 0.004728233441710472
0.040215253829956055, 0.003241820028051734
0.0401894636452198, 0.0036686589010059834
0.039708297699689865, 0.003427279880270362
0.04003032669425011, 0.004067309200763702
0.03964250162243843, 0.004652548581361771
0.04039578512310982, 0.0037350677885115147
0.04030587896704674, 0.004726446233689785
0.04006196931004524, 0.004470341373234987
0.040285248309373856, 0.005286685191094875
0.04033932462334633, 0.00492781912907958
0.039915651082992554, 0.0029373327270150185
0.039605025202035904, 0.004583538044244051
0.04010925814509392, 0.0033453316427767277
0.04012398421764374, 0.0039023817516863346
0.04060720279812813, 0.003734198398888111
0.04124540463089943, 0.003926502075046301
0.042487502098083496, 0.005504788365215063
0.040367916226387024, 0.004085238091647625
0.04036356508731842, 0.004581493325531483
0.03987204283475876, 0.004758868832141161
0.0393340140581131, 0.004568024538457394
0.039774518460035324, 0.003616794478148222
0.039761338382959366, 0.003606005571782589
0.04004284366965294, 0.00404440239071846
0.03961043059825897, 0.004860357381403446
0.03982098028063774, 0.004264171700924635
0.03987502679228783, 0.0030810462776571512
0.03966034576296806, 0.005116627085953951
0.039678409695625305, 0.00543315801769495
