mean, std
0.21350084245204926, 0.05105472356081009
0.16890692710876465, 0.012403300032019615
0.15863700211048126, 0.01394212432205677
0.14335893094539642, 0.009288867004215717
0.11852326989173889, 0.012691003270447254
0.10328977555036545, 0.007756399922072887
0.09002527594566345, 0.007245951797813177
0.08015082031488419, 0.008011135272681713
0.07026761770248413, 0.005587240681052208
0.0654485747218132, 0.007113188970834017
0.06594160199165344, 0.008738265372812748
0.06404450535774231, 0.005080877337604761
0.06031472235918045, 0.005307473242282867
0.06183603033423424, 0.006273903418332338
0.06184828281402588, 0.007852676324546337
0.05992661789059639, 0.004975711461156607
0.05892937257885933, 0.0049290284514427185
0.057467732578516006, 0.006017634645104408
0.057367198169231415, 0.007945151999592781
0.057703521102666855, 0.005045711528509855
0.05728181079030037, 0.005955245345830917
0.05673534423112869, 0.005093695595860481
0.056221771985292435, 0.006017240695655346
0.05594305321574211, 0.005805571097880602
0.05588598549365997, 0.0049008652567863464
0.055641282349824905, 0.005284537095576525
0.05580349639058113, 0.0054875323548913
0.05548309162259102, 0.004447478335350752
0.05631821230053902, 0.005781241226941347
0.05535636097192764, 0.007109606172889471
0.05592283234000206, 0.005643526092171669
0.05558585375547409, 0.006163381971418858
0.05564569681882858, 0.0051226201467216015
0.05570116266608238, 0.005882819648832083
0.055140793323516846, 0.005642625968903303
0.054813433438539505, 0.006302991416305304
0.05396862328052521, 0.0070861754938960075
0.0531880185008049, 0.006383924279361963
0.053736310452222824, 0.005460425745695829
0.05311809852719307, 0.00420590303838253
0.05263213813304901, 0.005187910050153732
0.05268193781375885, 0.004168246872723103
0.052227627485990524, 0.006225663237273693
0.05146763101220131, 0.006206037942320108
0.05294400081038475, 0.005753759760409594
0.050132330507040024, 0.007095975801348686
0.050115447491407394, 0.004769159946590662
0.049167439341545105, 0.0044171810150146484
0.04832687973976135, 0.00491173705086112
0.046895112842321396, 0.00388913881033659
0.050092026591300964, 0.005413507577031851
0.04662194103002548, 0.00519397109746933
0.04448438435792923, 0.005032800603657961
0.04376700147986412, 0.005481864791363478
0.04268692061305046, 0.005637918598949909
0.0422440804541111, 0.005071843974292278
0.041420482099056244, 0.005035629030317068
0.040783412754535675, 0.0057792034931480885
0.04167996719479561, 0.0045007276348769665
0.04047961160540581, 0.003819985082373023
0.04143746569752693, 0.0042817252688109875
0.03986024484038353, 0.004016038030385971
0.040010660886764526, 0.004618368111550808
0.03821311146020889, 0.003943746443837881
0.03795390576124191, 0.0041027856059372425
0.038048453629016876, 0.0041023120284080505
0.03688231483101845, 0.004229625221341848
0.036905039101839066, 0.004532275255769491
0.03634526580572128, 0.0036221968475729227
0.03815685585141182, 0.0025758142583072186
0.03713703155517578, 0.004626390058547258
0.03281528130173683, 0.003567652776837349
0.03179619461297989, 0.004472175147384405
0.03144534304738045, 0.0032542638946324587
0.032818056643009186, 0.00430404394865036
0.03487546369433403, 0.0034398450516164303
0.0319615937769413, 0.0030519538559019566
0.03127752244472504, 0.002738420618698001
0.030409881845116615, 0.003028101520612836
0.032524898648262024, 0.003605374600738287
0.03423988074064255, 0.0033458995167165995
0.03442385792732239, 0.00417168065905571
0.03181564435362816, 0.005087511148303747
0.030608339235186577, 0.004570565652102232
0.030199656262993813, 0.004124006722122431
0.029907627031207085, 0.004035342950373888
0.028863510116934776, 0.005279129836708307
0.028795847669243813, 0.00401133531704545
0.029033193364739418, 0.00359201617538929
0.02979835867881775, 0.002854258054867387
0.0290914848446846, 0.0036592772230505943
0.029024925082921982, 0.0035681803710758686
0.028896600008010864, 0.003726363182067871
0.02876589633524418, 0.0037176867481321096
0.029128488153219223, 0.004319377243518829
0.029800964519381523, 0.0030872481875121593
0.029235979542136192, 0.0033654982689768076
0.029845058917999268, 0.0033903385046869516
0.02997763641178608, 0.003085318487137556
0.031236089766025543, 0.002598158083856106
0.02957751788198948, 0.002820885507389903
0.029388176277279854, 0.003243997460231185
0.029370401054620743, 0.0035346446093171835
0.028440654277801514, 0.0032028304412961006
0.02850262075662613, 0.003029253100976348
0.0282724741846323, 0.0037397476844489574
0.027901554480195045, 0.0033397036604583263
0.028516948223114014, 0.0026918763760477304
0.030120529234409332, 0.003320894669741392
0.031195620074868202, 0.0028101385105401278
0.03250424563884735, 0.0031669544987380505
0.03008010983467102, 0.004238284192979336
0.030616316944360733, 0.003588627325370908
0.031621601432561874, 0.004141537006944418
0.029389435425400734, 0.004233261104673147
0.029607094824314117, 0.004556647036224604
0.03159826993942261, 0.004194164182990789
0.03082350268959999, 0.0031429629307240248
0.030283348634839058, 0.003475904231891036
0.03030059114098549, 0.004496532958000898
0.03007720597088337, 0.0035513825714588165
0.029192371293902397, 0.005366711877286434
0.02895551547408104, 0.004298051353543997
0.02937799133360386, 0.0043629431165754795
0.028374994173645973, 0.003524205181747675
0.028313620015978813, 0.003938520327210426
0.0283388402312994, 0.0027702830266207457
0.02746765688061714, 0.0038693812675774097
0.027471307665109634, 0.003276405856013298
0.02743927203118801, 0.002950705587863922
0.028187884017825127, 0.004037897102534771
0.028204912319779396, 0.004031116608530283
0.0283843744546175, 0.003901233896613121
0.02823389507830143, 0.0024146540090441704
0.02849263697862625, 0.0024101953022181988
0.028114650398492813, 0.0039331684820353985
0.027842380106449127, 0.004649514798074961
0.028190284967422485, 0.004050361458212137
0.028778940439224243, 0.00353443855419755
0.028758542612195015, 0.0028186191339045763
0.02820608764886856, 0.0028461941983550787
0.028423164039850235, 0.004272109363228083
0.029302937909960747, 0.0032054001931101084
0.029619896784424782, 0.003398885717615485
0.028744999319314957, 0.0031336781103163958
0.028526535257697105, 0.003225536784157157
0.02843061462044716, 0.00302601489238441
0.02994176186621189, 0.003802818013355136
0.029583027586340904, 0.003630593419075012
0.028695451095700264, 0.003312407759949565
0.0275565218180418, 0.003771002171561122
0.02754254639148712, 0.0033938318956643343
0.027515746653079987, 0.0036484149750322104
0.02804327756166458, 0.0028000008314847946
0.027474133297801018, 0.003798900870606303
0.02761136181652546, 0.0033963986206799746
0.02780035138130188, 0.0041227154433727264
0.02863728627562523, 0.004246430937200785
0.029647307470440865, 0.004388691391795874
0.02985949069261551, 0.002589804120361805
0.02839980460703373, 0.003739601233974099
0.02813788689672947, 0.0032720426097512245
0.029040612280368805, 0.003358726156875491
0.02755524031817913, 0.0038181531708687544
0.027751684188842773, 0.0030508229974657297
0.027575304731726646, 0.003911579959094524
0.02683235891163349, 0.0033845873549580574
0.026754284277558327, 0.0034574593883007765
0.026783064007759094, 0.004398874472826719
0.026897624135017395, 0.00375796458683908
0.027214812114834785, 0.004265812691301107
0.026900840923190117, 0.004477782640606165
0.02708481252193451, 0.0032077692449092865
0.026712695136666298, 0.004079537466168404
0.026537584140896797, 0.00302560324780643
0.027428749948740005, 0.003637926420196891
0.027568841353058815, 0.00403547054156661
0.027198653668165207, 0.0035720046143978834
0.026627862825989723, 0.0037079667672514915
0.025956615805625916, 0.0022312842775136232
0.025868583470582962, 0.003028314094990492
0.02560744248330593, 0.003924286458641291
0.025823557749390602, 0.0037338940892368555
0.025640064850449562, 0.0034914687275886536
0.02645079419016838, 0.0032347282394766808
0.02589244581758976, 0.0035124337300658226
0.02675473503768444, 0.004827689845114946
0.02873607538640499, 0.0034026054199784994
0.026208702474832535, 0.0031707906164228916
0.027048775926232338, 0.003059233771637082
0.026696637272834778, 0.0033924789167940617
0.02519366331398487, 0.003405872965231538
0.02500794269144535, 0.0037260744720697403
0.024831008166074753, 0.0029210206121206284
0.024349117651581764, 0.004530697595328093
0.02429279312491417, 0.0037302400451153517
0.024052245542407036, 0.003420323831960559
0.02387765608727932, 0.0027569413650780916
0.025260984897613525, 0.004193941596895456
0.027950091287493706, 0.0031939721666276455
0.029909584671258926, 0.0045522903092205524
0.026798823848366737, 0.003309601219370961
0.0262554120272398, 0.003944587893784046
0.025988107547163963, 0.003207550384104252
0.027261564508080482, 0.004171279724687338
0.026992056518793106, 0.003502664854750037
0.024655336514115334, 0.0031445457134395838
0.024776963517069817, 0.0031688602175563574
0.024059612303972244, 0.002593967830762267
0.023599041625857353, 0.0033734270837157965
0.024054281413555145, 0.0035631218925118446
0.02289796993136406, 0.0033012472558766603
0.02282586134970188, 0.003433681558817625
0.022434625774621964, 0.002704476471990347
0.022543588653206825, 0.0029757150914520025
0.02151988260447979, 0.003927581012248993
0.02222510613501072, 0.0029539226088672876
0.021923108026385307, 0.0028752260841429234
0.021915016695857048, 0.003413336118683219
0.022073961794376373, 0.002911393763497472
0.021685194224119186, 0.004100379999727011
0.021324466913938522, 0.002878916449844837
0.02310914546251297, 0.003034675493836403
0.022257786244153976, 0.0026312079280614853
0.021486366167664528, 0.0023947760928422213
0.02132967673242092, 0.002806958043947816
0.02090798318386078, 0.004867859650403261
0.021670006215572357, 0.003428237745538354
0.023492321372032166, 0.0026590165216475725
0.02176518738269806, 0.0031066855881363153
0.02108881250023842, 0.003222730476409197
0.02256571315228939, 0.0032375601585954428
0.021710475906729698, 0.0033660209737718105
0.020457737147808075, 0.0036801157984882593
0.021555384621024132, 0.0029436396434903145
0.020840773358941078, 0.002552763558924198
0.02222406305372715, 0.0033151779789477587
0.022407744079828262, 0.0022312146611511707
0.02013973705470562, 0.003203518455848098
0.02038923278450966, 0.0026105847209692
0.022418567910790443, 0.003229728667065501
0.022623185068368912, 0.0035663109738379717
0.022347085177898407, 0.004374922253191471
0.020631765946745872, 0.0027774283662438393
0.02201606146991253, 0.003027218161150813
0.021032461896538734, 0.0024095717817544937
0.019246071577072144, 0.002165971789509058
0.018264612182974815, 0.0028610005974769592
0.019419614225625992, 0.00246627745218575
0.018355246633291245, 0.002819949295371771
0.019520897418260574, 0.0025245691649615765
0.02037225104868412, 0.002545901108533144
0.01826072670519352, 0.002602124121040106
0.017918165773153305, 0.002723429352045059
0.01703263260424137, 0.002072865841910243
0.016614312306046486, 0.0031606105621904135
0.01640058495104313, 0.0013640262186527252
0.016084617003798485, 0.0030142173636704683
0.01609162427484989, 0.0029348034877330065
0.01683521643280983, 0.0030667956452816725
0.0159966591745615, 0.0023295783903449774
0.017420323565602303, 0.0028309423942118883
0.01796475052833557, 0.002888468327000737
0.01690126396715641, 0.002377732889726758
0.016420885920524597, 0.0031017600558698177
0.015882255509495735, 0.0027257988695055246
0.017203789204359055, 0.0021201572380959988
0.017276227474212646, 0.002103581791743636
0.017185509204864502, 0.002595060970634222
0.01779434084892273, 0.002616430167108774
0.018261564895510674, 0.0031244177371263504
0.016327684745192528, 0.0025542783550918102
0.01760588213801384, 0.0028296036180108786
0.01829471066594124, 0.0019129988504573703
0.01711755432188511, 0.0017990214983001351
0.017481686547398567, 0.002574309939518571
0.018080079928040504, 0.003441460430622101
0.015664182603359222, 0.0022622274700552225
0.014853072352707386, 0.0024657330941408873
0.014511012472212315, 0.0028888576198369265
0.01609359309077263, 0.002754228189587593
0.016526298597455025, 0.002264130860567093
0.01727120950818062, 0.0025332015939056873
0.01664726436138153, 0.003180089872330427
0.015787417069077492, 0.0023074911441653967
0.015648433938622475, 0.002319719409570098
0.01584317907691002, 0.002111776266247034
0.014946919865906239, 0.0025310958735644817
0.01539419125765562, 0.0020421675872057676
0.014918769709765911, 0.0023783002980053425
0.014518249779939651, 0.002191535197198391
0.014440217055380344, 0.0024600543547421694
0.01418524980545044, 0.002106692874804139
0.014055428095161915, 0.0021356716752052307
0.014639726839959621, 0.0019472733838483691
0.013945293612778187, 0.0024287679698318243
0.01479288935661316, 0.003277304582297802
0.014423908665776253, 0.0019430542597547174
0.014152475632727146, 0.002154031302779913
0.014208014123141766, 0.00242658331990242
0.015845883637666702, 0.0021770263556391
0.01509872917085886, 0.002166329650208354
0.014407351613044739, 0.0020007563289254904
0.01448159758001566, 0.0024695696774870157
0.014549685642123222, 0.002401959151029587
0.01447450090199709, 0.00219851010479033
0.014217587187886238, 0.002262792084366083
0.015105796977877617, 0.0018153839046135545
0.016202881932258606, 0.0028818694408982992
0.015642715618014336, 0.0015545542119070888
0.014950070530176163, 0.0019199542002752423
0.013082096353173256, 0.0016089418204501271
0.013354257680475712, 0.0022498772013932467
0.01335650309920311, 0.0019922980573028326
0.014526317827403545, 0.002383535262197256
0.013533073477447033, 0.0017427819548174739
0.012890411540865898, 0.0023232935927808285
0.013078194111585617, 0.0017660284647718072
0.012915168888866901, 0.0017525693401694298
0.013570417650043964, 0.0016216904623433948
0.01333695463836193, 0.001760681509040296
0.013789751566946507, 0.0017191044753417373
0.012443112209439278, 0.00205885898321867
0.012968966737389565, 0.0016846241196617484
0.012991754338145256, 0.001750653493218124
0.01352770533412695, 0.0020971447229385376
0.012495896779000759, 0.0019839638844132423
0.012098122388124466, 0.0015569840325042605
0.013478456996381283, 0.002012254437431693
0.014689309522509575, 0.0018745940178632736
0.01583031937479973, 0.002656033029779792
0.01420864462852478, 0.0013318147975951433
0.013083621859550476, 0.0018834932707250118
0.01313040405511856, 0.001719249994494021
0.01394347008317709, 0.0021773832850158215
0.013002564199268818, 0.0014131608186289668
0.01240039523690939, 0.0016127577982842922
0.011755378916859627, 0.0015395000809803605
0.012747093103826046, 0.0013188066659495234
0.01235806755721569, 0.0022901217453181744
0.014107086695730686, 0.0016804797342047095
0.012720790691673756, 0.0016301760915666819
0.012347035109996796, 0.0014460892416536808
0.011085784062743187, 0.0012929619988426566
0.011827445589005947, 0.0017055472126230597
0.01164548471570015, 0.0013472104910761118
0.011040843091905117, 0.0016853180713951588
0.012037095613777637, 0.001122079323977232
0.012008312158286572, 0.0014521809061989188
0.010763632133603096, 0.0011516790837049484
0.011157487519085407, 0.0016716738464310765
0.011498224921524525, 0.0012837478425353765
0.010256102308630943, 0.00143676926381886
0.011638863943517208, 0.001843677251599729
0.011052384972572327, 0.0015140845207497478
0.011271932162344456, 0.0011720436159521341
0.011640761978924274, 0.0013439642498269677
0.010344131849706173, 0.0011281705228611827
0.011420700699090958, 0.0018289899453520775
0.01270530465990305, 0.0017187302000820637
0.013340500183403492, 0.002265745075419545
0.009671377949416637, 0.0013159846421331167
0.010877109132707119, 0.001288128551095724
0.010835971683263779, 0.0014578568516299129
0.009503212757408619, 0.0010834422428160906
0.009717369452118874, 0.0012282105162739754
0.009544957429170609, 0.001136280596256256
0.010962803848087788, 0.0015024415915831923
0.010880478657782078, 0.0011529289186000824
0.011149239726364613, 0.001441524364054203
0.01251224149018526, 0.0013677628012374043
0.01127725187689066, 0.0018328855512663722
0.012237359769642353, 0.0019122462254017591
0.011648906394839287, 0.0013649637112393975
0.01106246281415224, 0.0015522626927122474
0.009854926727712154, 0.001024629920721054
0.010618357919156551, 0.0012328829616308212
0.010246744379401207, 0.0010661615524441004
0.010118396021425724, 0.0009872452355921268
0.009623168967664242, 0.0011833560420200229
0.00844851415604353, 0.0007727722404524684
0.009693768806755543, 0.0011675313580781221
0.010488017462193966, 0.0013699071714654565
0.010083023458719254, 0.0014463982079178095
0.010117708705365658, 0.0010333225363865495
0.00950088631361723, 0.0007067144615575671
0.009771046228706837, 0.0010241661220788956
0.01045786589384079, 0.0012812878703698516
0.010836758650839329, 0.0017261368921026587
0.010712724179029465, 0.00209149532020092
0.009499256499111652, 0.0009419479756616056
0.01004989817738533, 0.0013215866638347507
0.008784955367445946, 0.0008720285259187222
0.00920310989022255, 0.001071214210242033
0.009817407466471195, 0.001016436843201518
0.009721919894218445, 0.0011774139711633325
0.009249880909919739, 0.0009964085184037685
0.010040860623121262, 0.0010719996644183993
0.008198891766369343, 0.001077406806871295
0.008318645879626274, 0.0007254759548231959
0.007968548685312271, 0.0007142795948311687
0.009039655327796936, 0.0009348143357783556
0.008451578207314014, 0.0012292952742427588
0.008428272791206837, 0.001373772625811398
0.010028764605522156, 0.001050017075613141
0.009267723187804222, 0.0014461386017501354
0.008795523084700108, 0.0010136968921869993
0.009011957794427872, 0.000802798371296376
0.00908755138516426, 0.0011992895742878318
0.009226133115589619, 0.0009185331291519105
0.010321862064301968, 0.0013525894610211253
0.009434774518013, 0.000865069858264178
0.00792346429079771, 0.0006165183731354773
0.0082891546189785, 0.0007316597038879991
0.008004829287528992, 0.001312814885750413
0.011043651029467583, 0.0019190108869224787
0.010964682325720787, 0.0012356425868347287
0.009668953716754913, 0.0016183174448087811
0.009293836541473866, 0.001145801623351872
0.008750703185796738, 0.0007213552016764879
0.00818671751767397, 0.0009309867746196687
0.009394442662596703, 0.001090498873963952
0.01077242661267519, 0.002206901554018259
0.009007305838167667, 0.001121416687965393
0.00925462320446968, 0.001016240450553596
0.009605162777006626, 0.002064773114398122
0.008705305866897106, 0.0007535293116234243
0.008056318387389183, 0.0007876348681747913
0.009058390744030476, 0.0010008662939071655
0.009652787819504738, 0.001841924269683659
0.007602873723953962, 0.0006241092924028635
0.008368570357561111, 0.001262854435481131
0.008622092194855213, 0.0009543403866700828
0.008287910372018814, 0.0008898807573132217
0.007973946630954742, 0.0012254478642717004
0.01056596264243126, 0.0016185040585696697
0.010812721215188503, 0.0009541683248244226
0.009973411448299885, 0.001658297493122518
0.010476247407495975, 0.001373572857119143
0.010497523471713066, 0.0012589552206918597
0.00910166371613741, 0.0010324184549972415
0.00931280292570591, 0.0013558808714151382
0.007915054447948933, 0.0012827861355617642
0.008226456120610237, 0.0008926469017751515
0.008983118459582329, 0.0012370472541078925
0.008108043111860752, 0.0009316325304098427
0.008010554127395153, 0.0007566150743514299
0.007485674694180489, 0.000626266235485673
0.007794888690114021, 0.0006627182010561228
0.007221057079732418, 0.000594927289057523
0.00790497101843357, 0.0012550392420962453
0.00952078029513359, 0.0011762023204937577
0.00838267058134079, 0.0012257941998541355
0.007662951946258545, 0.0011029021115973592
0.007586040534079075, 0.0005322161596268415
0.007528326008468866, 0.0007638460374437273
0.008602324873209, 0.0009832637151703238
0.007657942827790976, 0.000984374899417162
0.007886124774813652, 0.0009623224032111466
0.00781489908695221, 0.0006077307043597102
0.00708014378324151, 0.0008662588079459965
0.007585968356579542, 0.0006904769106768072
0.007243047002702951, 0.0007967693381942809
0.008457922376692295, 0.0007798448204994202
0.007766530849039555, 0.001036665984429419
0.007743788417428732, 0.0008402146049775183
0.007926356978714466, 0.0007912254659458995
0.007576445117592812, 0.001045681769028306
0.007221583742648363, 0.0007527760462835431
0.007180318236351013, 0.0010655024088919163
0.007711670361459255, 0.0012849676422774792
0.01159990020096302, 0.001784489257261157
0.01010779570788145, 0.0013884281506761909
0.011221040971577168, 0.0019430923275649548
0.010649782605469227, 0.0015544315101578832
0.0096324123442173, 0.0011898293159902096
0.009187951683998108, 0.0010350062511861324
0.008168861269950867, 0.0007996355416253209
0.006961311679333448, 0.000704083766322583
0.0070772659964859486, 0.0006703601102344692
0.007195788901299238, 0.0007585553103126585
0.007351750507950783, 0.0005999306449666619
0.007523846346884966, 0.0006959022139199078
0.007851853035390377, 0.0009190445416606963
0.008092616684734821, 0.0010145456762984395
0.00847072433680296, 0.001063778530806303
0.008750434964895248, 0.001296485890634358
0.007758524734526873, 0.0010317190317437053
0.0065437788143754005, 0.0008038037922233343
0.006781375501304865, 0.0008032511686906219
0.006500668358057737, 0.000809480610769242
0.007956698536872864, 0.000875443744007498
0.0076703280210494995, 0.0007231006165966392
0.008428702130913734, 0.0010080330539494753
0.007794383447617292, 0.0009720837115310133
0.008977679535746574, 0.001205730834044516
0.007786653935909271, 0.0008959309780038893
0.006746683269739151, 0.0008872928447090089
0.007024126593023539, 0.0005109780468046665
0.0073264483362436295, 0.0009911610977724195
0.007987053133547306, 0.0009680793737061322
0.008800536394119263, 0.0012365900911390781
0.00805699359625578, 0.0013706674799323082
0.008002505637705326, 0.0012108281953260303
0.008085553534328938, 0.00124369899276644
0.00747777009382844, 0.001023912918753922
0.0068300459533929825, 0.0007858272292651236
0.006763655226677656, 0.0007748470525257289
0.007158382795751095, 0.0006644346867688
0.00683579733595252, 0.0006216370966285467
0.006868191063404083, 0.0008012718171812594
0.007603576872497797, 0.0010554457549005747
0.007977132685482502, 0.0010016061132773757
0.008784905076026917, 0.0013939309865236282
0.007604357320815325, 0.0010566860437393188
0.007171033415943384, 0.001323067001067102
0.008848357945680618, 0.0013977248454466462
0.008539318107068539, 0.0012132171541452408
0.00728210061788559, 0.001193127129226923
0.006785109173506498, 0.0010475642047822475
0.006842329166829586, 0.0011731653939932585
0.006518068257719278, 0.0007863239152356982
0.0063801356591284275, 0.0004629800678230822
0.006839525420218706, 0.000659922428894788
0.007593296468257904, 0.0009575577569194138
0.00793397892266512, 0.0014470842434093356
0.007967274636030197, 0.0010460307821631432
0.007359648589044809, 0.0009652832522988319
0.0072862994857132435, 0.0008498717215843499
0.007106917444616556, 0.0006921072490513325
0.006997309625148773, 0.0007933307206258178
0.00603503780439496, 0.0006350713083520532
0.0061058648861944675, 0.0005255110445432365
0.006630967371165752, 0.0008521525305695832
0.008179375901818275, 0.0012071833480149508
0.007580310106277466, 0.0010103897657245398
0.006433127913624048, 0.0010028904071077704
0.005813386291265488, 0.00042209328967146575
0.006617711391299963, 0.0006966468063183129
0.007057711482048035, 0.0006703594699501991
0.006577701773494482, 0.0005639293813146651
0.006560383830219507, 0.0008150625508278608
0.0061048767529428005, 0.0007548520807176828
0.005606332328170538, 0.0005456715589389205
0.006657741963863373, 0.001144353416748345
0.007443574722856283, 0.0008814236498437822
0.008033092133700848, 0.001613269792869687
0.008745995350182056, 0.0011988120386376977
0.007340186275541782, 0.0007027515093795955
0.007357070688158274, 0.0011318688048049808
0.00856021884828806, 0.001506113912910223
0.008234969340264797, 0.0012569312239065766
0.008350235410034657, 0.0008658384904265404
0.007254879456013441, 0.0009776377119123936
0.007536052260547876, 0.0007244260050356388
0.007659267168492079, 0.0010199698153883219
0.007155428174883127, 0.0008304556831717491
0.007996938191354275, 0.0015556494472548366
0.008672949858009815, 0.0017312242416664958
0.006524684373289347, 0.0009267688146792352
0.007566201966255903, 0.00104202376678586
0.008044438436627388, 0.001424474990926683
0.006990081164985895, 0.000887034519109875
0.006235399749130011, 0.0007831244729459286
0.007948305457830429, 0.0015653211157768965
0.0066193328239023685, 0.0004941843217238784
0.007617363706231117, 0.0009978644084185362
0.007327045779675245, 0.0008817042107693851
0.006687141954898834, 0.0008919162792153656
0.006850085221230984, 0.0009664853569120169
0.006883750669658184, 0.0008967173635028303
0.008021621964871883, 0.0011212639510631561
0.007051424123346806, 0.0008062776760198176
0.008042730391025543, 0.0012967047514393926
0.007151166442781687, 0.0006985189393162727
0.007263408973813057, 0.0010972860036417842
0.007302107289433479, 0.001058445661328733
0.00726291723549366, 0.0008049411699175835
0.0077618882060050964, 0.000904630811419338
0.007923740893602371, 0.0009144464274868369
0.008113384246826172, 0.0012619509361684322
0.007562624290585518, 0.001044294098392129
0.00754200667142868, 0.0009683963726274669
0.006764142774045467, 0.0013460756745189428
0.006499123759567738, 0.0006076732533983886
0.0064433603547513485, 0.0008275561267510056
0.00695186760276556, 0.0008863983093760908
0.007039736490696669, 0.0010538672795519233
0.0069219390861690044, 0.0007541424129158258
0.007051641121506691, 0.0008980402490124106
0.006457146257162094, 0.0007275023963302374
0.007376665715128183, 0.0007806243957020342
0.007642513606697321, 0.0014777573524042964
0.007426904980093241, 0.0015428182668983936
0.006538715213537216, 0.000672201334964484
0.007334928493946791, 0.0008785100071690977
0.007545085623860359, 0.0014379037311300635
0.007334774825721979, 0.000969459826592356
0.007959041744470596, 0.0015639684861525893
0.008574498817324638, 0.0014473909977823496
0.007961171679198742, 0.0011089362669736147
0.006033269688487053, 0.0009629727574065328
0.00724854227155447, 0.0009890081128105521
0.00602950993925333, 0.000732246320694685
0.007218785583972931, 0.0009944159537553787
0.007715890184044838, 0.0008640982559882104
0.00784230325371027, 0.0007928313571028411
0.00735238054767251, 0.0010803485056385398
0.007850817404687405, 0.0008703271741978824
0.008243684656918049, 0.0011640562443062663
0.00891545694321394, 0.0009096706053242087
0.00752321956679225, 0.0010410886025056243
0.006414808798581362, 0.0010335323167964816
0.00719800079241395, 0.001162396976724267
0.007039609830826521, 0.0007890482665970922
0.007494369987398386, 0.0007117592613212764
0.008199484087526798, 0.0007128426223061979
0.007522569037973881, 0.0011357178445905447
0.0067563652992248535, 0.0004873170983046293
0.006730157881975174, 0.0008053696947172284
0.0072772749699652195, 0.0009182195062749088
0.0072558787651360035, 0.0009791917400434613
0.007413169834762812, 0.0007110664737410843
0.006653028540313244, 0.0006601596251130104
0.006215559784322977, 0.0006595050217583776
0.006238462869077921, 0.0005399265210144222
0.006169088650494814, 0.0005968410987406969
0.006674002856016159, 0.0007753740064799786
0.0059868693351745605, 0.0007129324949346483
0.006507012993097305, 0.0008286265074275434
0.007155409548431635, 0.0010008381213992834
0.00644815294072032, 0.000706669467035681
0.0063187736086547375, 0.0006799718830734491
0.006400388199836016, 0.0008507532766088843
0.0070455181412398815, 0.0010437668533995748
0.00799252837896347, 0.00110389303881675
0.007096974644809961, 0.0009697608184069395
0.00756375165656209, 0.0007726058829575777
0.00701228529214859, 0.0007632753113284707
0.0067795454524457455, 0.0007464960217475891
0.006797112058848143, 0.0010469952831044793
0.00690459692850709, 0.0010343523463234305
0.0071872323751449585, 0.0008487137383781374
0.0069180866703391075, 0.0006873365491628647
0.007448809687048197, 0.0013186736032366753
0.006397994700819254, 0.0005751859280280769
0.006541676353663206, 0.0006781215197406709
0.0068137929774820805, 0.0010933976154774427
0.006522375624626875, 0.0010099136270582676
0.0076681324280798435, 0.0009955991990864277
0.007960749790072441, 0.0011474249185994267
0.0072503406554460526, 0.0010540361981838942
0.006109347566962242, 0.0009228760609403253
0.0066343629732728004, 0.000539995264261961
0.007368569727987051, 0.001100393827073276
0.007465771399438381, 0.0009608276304788888
0.007824424654245377, 0.001215331139974296
0.0072152563370764256, 0.0005277206073515117
0.007623570505529642, 0.0013423266354948282
0.006798555608838797, 0.0007924148812890053
0.006642631255090237, 0.000609738053753972
0.0061889770440757275, 0.0009298839722760022
0.005936915520578623, 0.0006233333260752261
0.006356941070407629, 0.0010632295161485672
0.0057114651426672935, 0.0005550863570533693
0.0060360790230333805, 0.0006528593366965652
0.006014297250658274, 0.0008456981740891933
0.006431796588003635, 0.0007878041360527277
0.006383864674717188, 0.0008240708848461509
0.006461875978857279, 0.0007648062892258167
0.00715292152017355, 0.0008724656654521823
0.0071308184415102005, 0.0007403068011626601
0.006591046694666147, 0.000970391440205276
0.006885888986289501, 0.0007968280115164816
0.007523073349148035, 0.001076343934983015
0.006698033772408962, 0.0007705404423177242
0.006294905208051205, 0.0009138684836216271
0.005743558518588543, 0.000608338916208595
0.0060485308058559895, 0.0007222108542919159
0.005950595252215862, 0.0008178720599971712
0.005584163125604391, 0.0004621685657184571
0.006621760316193104, 0.0009356645750813186
0.006339340005069971, 0.001065631047822535
0.007275231182575226, 0.0011075178626924753
0.0073366654105484486, 0.0008705079089850187
0.007464326918125153, 0.0010125096887350082
0.006179286632686853, 0.0008601446752436459
0.006354960147291422, 0.0008358367485925555
0.006968882400542498, 0.0010266057215631008
0.006257830653339624, 0.0007220280822366476
0.006149741355329752, 0.0006615936872549355
0.006479598581790924, 0.0009521082392893732
0.006032062694430351, 0.0008042825502343476
0.0057850731536746025, 0.000740134040825069
0.005741583649069071, 0.0005485985893756151
0.005422638263553381, 0.00040167945553548634
0.006214415188878775, 0.0008117150864563882
0.006012722849845886, 0.0008474635542370379
0.006702073849737644, 0.0007613683119416237
0.007621524389833212, 0.0013200469547882676
0.00748093007132411, 0.0009635673486627638
0.007743106223642826, 0.0007929163984954357
0.007412120699882507, 0.0008013276965357363
0.007098020054399967, 0.0010687258327379823
0.006494529545307159, 0.000788214907515794
0.006722920574247837, 0.0007909825071692467
0.006347058806568384, 0.0009735537460073829
0.006902909372001886, 0.0010045759845525026
0.005761973559856415, 0.0005664777127094567
0.0051171742379665375, 0.0004110681766178459
0.005771310534328222, 0.0006198988412506878
0.005214835051447153, 0.0004885463858954608
0.00579025037586689, 0.0007416873122565448
0.006134967785328627, 0.0006289671291597188
0.006394433323293924, 0.0009105246281251311
0.0057987030595541, 0.0008236428839154541
0.006408753804862499, 0.000942717248108238
0.006245210766792297, 0.0008402777020819485
0.006128160282969475, 0.0009668398415669799
0.007091165520250797, 0.0009365631849505007
0.008633054792881012, 0.0011200353037565947
0.006545713637024164, 0.0008420071681030095
0.005425589624792337, 0.0006188004626892507
0.005517343524843454, 0.0005476355436258018
0.00563792372122407, 0.0007589196902699769
0.00615772744640708, 0.0010511858854442835
0.005787125322967768, 0.0004877641040366143
0.005942491814494133, 0.0007392599945887923
0.005747197661548853, 0.000490381324198097
0.006460178643465042, 0.0008121469873003662
0.006312394980341196, 0.0007151859463192523
0.007107134442776442, 0.0009210119605995715
0.006675478536635637, 0.0008547637844458222
0.006101818289607763, 0.0007704934687353671
0.006930007133632898, 0.0010175140341743827
0.0064035276882350445, 0.0007290119538083673
0.006810696329921484, 0.0010327642085030675
0.006570233963429928, 0.0007604590500704944
0.007026256062090397, 0.0013099159114062786
0.006447276566177607, 0.0010062730871140957
0.005800544749945402, 0.0005286997766233981
0.00650571146979928, 0.0009081938769668341
0.006642211228609085, 0.0009066984639503062
0.005939851049333811, 0.0006363217253237963
0.007243110332638025, 0.0011503006098791957
0.007590235210955143, 0.001117780338972807
0.007163546048104763, 0.0009553544223308563
0.006863367278128862, 0.0007632728083990514
0.007235752884298563, 0.0009974961867555976
0.00650255661457777, 0.0008822078816592693
0.0065614753402769566, 0.000938603887334466
0.005795681849122047, 0.0007731687510386109
0.005749324336647987, 0.0007257448742166162
0.0069246795028448105, 0.0011040092213079333
0.0071036419831216335, 0.0011151257203891873
0.00627082260325551, 0.0005408503930084407
0.006516555789858103, 0.0007319708820432425
0.0062268925830721855, 0.0007513006567023695
0.0065916068851947784, 0.0007248381734825671
0.0064477622509002686, 0.0005091391503810883
0.006106663029640913, 0.0008014209452085197
0.006561966612935066, 0.0006565036019310355
0.007082213182002306, 0.0009549915557727218
0.006099387537688017, 0.0007363660261034966
0.006252584513276815, 0.0007425778894685209
0.006311812438070774, 0.0006109278765507042
0.007048704661428928, 0.0007528586429543793
0.006585260387510061, 0.000847650459036231
0.006780367810279131, 0.0009691415471024811
0.006658898666501045, 0.0009870303329080343
0.00552291888743639, 0.0007332020322792232
0.005702388938516378, 0.00035162956919521093
0.006133528891950846, 0.0006988794193603098
0.008466125465929508, 0.0009229956194758415
0.006432598456740379, 0.0010481050703674555
0.006391341332346201, 0.0009307816508226097
0.0072331600822508335, 0.0009341139812022448
0.006430152803659439, 0.0009331089095212519
0.006103320978581905, 0.0008939570398069918
0.006466943770647049, 0.0007974948384799063
0.006518309935927391, 0.0008160921861417592
0.00673791253939271, 0.000738360860850662
0.005659149494022131, 0.0006756485672667623
0.00537758506834507, 0.0005580559372901917
0.005630729254335165, 0.0007220951956696808
0.006013272795826197, 0.0007255523814819753
0.005871979985386133, 0.0008351423894055188
0.005439076106995344, 0.0006701837992295623
0.00642988970503211, 0.0010812731925398111
0.005641548428684473, 0.00059061887441203
0.0051567875780165195, 0.00039513487718068063
0.005635617766529322, 0.000642048311419785
0.007295212242752314, 0.0011170034995302558
0.007363653741776943, 0.0011322860373184085
0.00509287603199482, 0.0004865430237259716
0.0059401122853159904, 0.0008546747267246246
0.006074230652302504, 0.0005991482175886631
0.006009052041918039, 0.0005868783337064087
0.00546827120706439, 0.0008839695947244763
0.005582024808973074, 0.0007857097079977393
0.005706057883799076, 0.0008274925639852881
0.006400516256690025, 0.000876952544786036
0.0064550102688372135, 0.0008048738818615675
0.0072841281071305275, 0.001193998847156763
0.007799769286066294, 0.0018354067578911781
0.006439664401113987, 0.0008870693854987621
0.006131826899945736, 0.0005951205384917557
0.00595230795443058, 0.0004985351697541773
0.006319682579487562, 0.0007279778365045786
0.007057785987854004, 0.000807175412774086
0.006001835688948631, 0.0007237984682433307
0.006127378437668085, 0.0009617881150916219
0.006851839367300272, 0.0008922877605073154
0.006464121863245964, 0.001087383134290576
0.0061759366653859615, 0.0007262181024998426
0.00701548345386982, 0.0009949011728167534
0.006652036681771278, 0.0007817961159162223
0.007931982167065144, 0.0009321324760094285
0.005847708322107792, 0.0008288082899525762
0.006272593513131142, 0.001397021347656846
0.006563685368746519, 0.0009425611351616681
0.0055603766813874245, 0.0007662535645067692
0.006062795873731375, 0.0007719575078226626
0.005265220999717712, 0.0005274918512441218
0.005443680565804243, 0.0008013301412574947
0.0061789886094629765, 0.0008762849029153585
0.004919321741908789, 0.0003879261203110218
0.005376006010919809, 0.0006337548838928342
0.005187682807445526, 0.0006441117729991674
0.0054118018597364426, 0.0007175694336183369
0.005269906017929316, 0.0006787205929867923
0.00509533891454339, 0.00034602617961354554
0.005551585927605629, 0.000935861433390528
0.005528634879738092, 0.000629716960247606
0.005622307304292917, 0.0006677436176687479
0.005869247950613499, 0.0007755690603516996
0.005966757424175739, 0.0006820937269367278
0.0057165431790053844, 0.0005069932667538524
0.005338029004633427, 0.0006068550865165889
0.005401168949902058, 0.0006036009872332215
0.0059050507843494415, 0.0007926598773337901
0.005125738214701414, 0.0004359208687674254
0.005730925127863884, 0.0007990701706148684
0.005865176673978567, 0.0007751689408905804
0.0053253197111189365, 0.0007797339931130409
0.005171351134777069, 0.000684809812810272
0.005398913286626339, 0.00039485510205850005
0.005382670555263758, 0.0005845344858244061
0.00510890269652009, 0.0009340562392026186
0.005051119718700647, 0.0007356099085882306
0.005380460061132908, 0.0007250626804307103
0.0063787903636693954, 0.0009040109580382705
0.006424944847822189, 0.0010166920255869627
0.005580181255936623, 0.0007312981761060655
0.005017740651965141, 0.0007697397377341986
0.004849923308938742, 0.0005063898279331625
0.005665662698447704, 0.0009017576230689883
0.00684627378359437, 0.000991216627880931
0.007646426558494568, 0.001185267698019743
0.007075565401464701, 0.001447188900783658
0.006517619825899601, 0.0008332205470651388
0.005748356226831675, 0.0007270772475749254
0.006332289893180132, 0.0009011203073896468
0.005687092896550894, 0.0005731800338253379
0.00487925112247467, 0.00048122991574928164
0.005888442508876324, 0.0010919064516201615
0.006327941082417965, 0.0008111353381536901
0.006121295504271984, 0.0010899767512455583
0.004876157268881798, 0.000780944712460041
0.005446953698992729, 0.0006095370627008379
0.005111353937536478, 0.0004435413284227252
0.005384601652622223, 0.000657477299682796
0.004985593259334564, 0.0004668764886446297
0.00517320865765214, 0.0005529366317205131
0.00498454412445426, 0.000720488780643791
0.005576783325523138, 0.0005364009994082153
0.004943582694977522, 0.0005847385618835688
0.005154703743755817, 0.0005306427483446896
0.004979185294359922, 0.0005796370678581297
0.005754414945840836, 0.0006608052062802017
0.005265312734991312, 0.0006527070654556155
0.004953273572027683, 0.0007202012347988784
0.005256446078419685, 0.000537498330231756
0.006422001402825117, 0.0008481965633109212
0.0055576651357114315, 0.0006562586640939116
0.00480068102478981, 0.0005576529074460268
0.0060670883394777775, 0.0010467424290254712
0.005515110678970814, 0.0006993009010329843
0.005840245168656111, 0.0009719937806949019
0.006131160072982311, 0.0008290847181342542
0.005434481427073479, 0.0006677741766907275
0.005038776900619268, 0.0006750905304215848
0.006899896077811718, 0.0008870488964021206
0.006923789624124765, 0.0009553065174259245
0.0059218318201601505, 0.000623903819359839
0.00632271496579051, 0.0010030748089775443
0.007451208308339119, 0.0014044413110241294
0.005945565644651651, 0.0005030131433159113
0.006611046846956015, 0.001260938006453216
0.006482695695012808, 0.0005970096099190414
0.006519355345517397, 0.000949571025557816
0.006030569784343243, 0.0008317590109072626
0.006638065911829472, 0.001148005248978734
0.006731770467013121, 0.001034363522194326
0.0049204700626432896, 0.0006072706310078502
0.004692483227699995, 0.0005242234328761697
0.005147953983396292, 0.0005487460875883698
0.005846752319484949, 0.0006767361774109304
0.007438213564455509, 0.0012890200596302748
0.006947288755327463, 0.0010081975487992167
0.006700198166072369, 0.001089885481633246
0.005938377697020769, 0.0007157453219406307
0.00560771906748414, 0.0007741063018329442
0.005705010611563921, 0.0005385588738135993
0.0062980856746435165, 0.0008125077001750469
0.005553046241402626, 0.0006056014099158347
0.0058321827091276646, 0.001079231034964323
0.006184147205203772, 0.0008146108593791723
0.006919133942574263, 0.0008450417080894113
0.006185751873999834, 0.0006997518357820809
0.005805674009025097, 0.0005781808868050575
0.005375655833631754, 0.0008519793045707047
0.004798048175871372, 0.0004907424445264041
0.004766038618981838, 0.0005636236746795475
0.005092981271445751, 0.000578031234908849
0.006887857336550951, 0.0008772838045842946
0.006458555348217487, 0.0008233906119130552
0.005441921763122082, 0.0007182237459346652
0.005240370519459248, 0.0007505452376790345
0.005661042872816324, 0.0006877548294141889
0.005763757508248091, 0.0005823197425343096
0.005615790840238333, 0.0007227091700769961
0.005177716258913279, 0.0004727833438664675
0.004825500771403313, 0.0005098172696307302
0.004850889556109905, 0.0006602786015719175
0.005216267425566912, 0.0006817887770012021
0.00556419650092721, 0.0007212440250441432
0.005117758177220821, 0.0007368637598119676
0.005836335476487875, 0.0005906700389459729
0.00675396341830492, 0.0010777078568935394
0.006651382893323898, 0.000777578039560467
0.005897083785384893, 0.0007006659870967269
0.00610536802560091, 0.0010755211114883423
0.005805152468383312, 0.0009884360479190946
0.005707041826099157, 0.0006399777485057712
0.004951872397214174, 0.0006826089229434729
0.004615127108991146, 0.00043106000521220267
0.005088005214929581, 0.0008965947199612856
0.007033741567283869, 0.0011198183055967093
0.0068713040091097355, 0.000959116849116981
0.006414132658392191, 0.0009046911145560443
0.007168579380959272, 0.0007795793353579938
0.005727600306272507, 0.0006077669095247984
0.0059904130175709724, 0.0005679343012161553
0.005617625080049038, 0.0008080630213953555
0.006479474250227213, 0.0010396806756034493
0.00546673871576786, 0.0007190049509517848
0.005180206149816513, 0.0006340244435705245
0.005701135378330946, 0.0010422313353046775
0.006239753682166338, 0.0010411333059892058
0.005319491028785706, 0.00040138463373295963
0.005791173316538334, 0.0007298032287508249
0.005633375141769648, 0.0004898126935586333
0.004942560568451881, 0.000713079352863133
0.005633209366351366, 0.0010593327460810542
0.006788046099245548, 0.0007496199104934931
0.0061426651664078236, 0.0006332978373393416
0.0054982625879347324, 0.0008071138290688396
0.006063103675842285, 0.0005327110993675888
0.006962448358535767, 0.0010501884389668703
0.005891105625778437, 0.0006712325266562402
0.005496471654623747, 0.0006644835812039673
0.005527393892407417, 0.0007105768308974802
0.005417014937847853, 0.0004567528376355767
0.005134566221386194, 0.00043241173261776567
0.005333601497113705, 0.0008990920032374561
0.00530238589271903, 0.0006728506996296346
0.005757766775786877, 0.0006925734924152493
0.0052157375030219555, 0.000710565596818924
0.0054677617736160755, 0.0007410043617710471
0.0053173853084445, 0.0005770036368630826
0.004855368286371231, 0.0005318311741575599
0.005313450936228037, 0.0006784680299460888
0.005308304447680712, 0.0007079390343278646
0.005191019270569086, 0.0007650713087059557
0.005169705953449011, 0.0005239039892330766
0.005313744302839041, 0.000650019443128258
0.004978054668754339, 0.0007595159695483744
0.0048235137946903706, 0.0005533035146072507
0.005742789711803198, 0.0010578836081549525
0.00618731789290905, 0.00094261096091941
0.005010373890399933, 0.0006168484105728567
0.004495313856750727, 0.000453082931926474
0.00583461532369256, 0.0009832932846620679
0.005759050603955984, 0.0006344347493723035
0.0058530475944280624, 0.0007450981647707522
0.005456972401589155, 0.0004963284591212869
0.005686294753104448, 0.0006123841158114374
0.005155694205313921, 0.0007193240453489125
0.005733806174248457, 0.0007526832050643861
0.004444214049726725, 0.000547714764252305
0.005090718623250723, 0.0005424412665888667
0.00539787532761693, 0.0005348031991161406
0.0053303539752960205, 0.0006631091819144785
0.005027577746659517, 0.0003947859222535044
0.0050857593305408955, 0.0006940073217265308
0.006002343259751797, 0.0006931583629921079
0.006078984588384628, 0.000704487320035696
0.005066795274615288, 0.0005853197071701288
0.004744636360555887, 0.0005391022423282266
0.0067374212667346, 0.001695558545179665
0.005938447080552578, 0.000654394447337836
0.006830313242971897, 0.0009306051069870591
0.00661313533782959, 0.0011573577066883445
0.0062787290662527084, 0.0010261955903843045
0.005056309513747692, 0.000794104824308306
0.006210392341017723, 0.0009438056731596589
0.0056119500659406185, 0.0006706313579343259
0.00510563375428319, 0.0009179605403915048
0.00468629552051425, 0.00046099882456474006
0.005294756963849068, 0.000697324750944972
0.00516548752784729, 0.0005362631054595113
0.005755188874900341, 0.0009971624240279198
0.005562739912420511, 0.0007833332056179643
0.005276724696159363, 0.0005279974429868162
0.005317084491252899, 0.0007357923896051943
0.005897592753171921, 0.0009286595159210265
0.005995857063680887, 0.0009583234204910696
0.005065114237368107, 0.0007086556288413703
0.004991675261408091, 0.0005992327351123095
0.005361570976674557, 0.0006045654881745577
0.005393623374402523, 0.0005455559003166854
0.006000971887260675, 0.0007212440832518041
0.006382551044225693, 0.0008528077742084861
0.00614956533536315, 0.0009868957567960024
0.0059783002361655235, 0.000981697579845786
0.00510829221457243, 0.0007176315411925316
0.0056229508481919765, 0.0007466938113793731
0.0054470994509756565, 0.0007234309450723231
0.004721377044916153, 0.0005449602613225579
0.00581714091822505, 0.0008324473164975643
0.005511688534170389, 0.0007074624300003052
0.004458213225007057, 0.00032092881156131625
0.004971506539732218, 0.0006408700137399137
0.0052827466279268265, 0.0005292303394526243
0.004955963231623173, 0.000795164960436523
0.005227169953286648, 0.0007301217410713434
0.006246779579669237, 0.0008668734808452427
0.0057565001770854, 0.0006436932017095387
0.005505284760147333, 0.0006020318833179772
0.005236668977886438, 0.0006517225410789251
0.005997469648718834, 0.0007087624398991466
0.006279530934989452, 0.0006801773561164737
0.00548530975356698, 0.0005494494107551873
0.005511472467333078, 0.0006996668525971472
0.005301808472722769, 0.0009109874372370541
0.005296677350997925, 0.0005507554160431027
0.004725804552435875, 0.0005354590248316526
0.004131538327783346, 0.00033153328695334494
0.005811942741274834, 0.0016050271224230528
0.006125439889729023, 0.0008959424449130893
0.005746307782828808, 0.0006145003135316074
0.005014562048017979, 0.0005805615801364183
0.005875360686331987, 0.0007418275345116854
0.0061325994320213795, 0.001199326361529529
0.006656494922935963, 0.0010503398953005672
0.0062619224190711975, 0.000880060950294137
0.005377923604100943, 0.0006776992231607437
0.005197505000978708, 0.0007914123125374317
0.0060111298225820065, 0.000977758434601128
0.005850298795849085, 0.0006390299531631172
0.005122944712638855, 0.0006792139611206949
0.005114388186484575, 0.0006821829010732472
0.005562967155128717, 0.0006524727214127779
0.005512555129826069, 0.0007769180811010301
0.005387903191149235, 0.0007479063351638615
0.005708996206521988, 0.0007987061981111765
0.0053114318288862705, 0.000549913092982024
0.005969326477497816, 0.0011158769484609365
0.006722261663526297, 0.0010368820512667298
0.006468860898166895, 0.001292490167543292
0.0056174807250499725, 0.0009962054900825024
0.005014326423406601, 0.0005011939210817218
0.005688274744898081, 0.000771579856518656
0.0055569615215063095, 0.0007176253711804748
0.005792125128209591, 0.0007445006049238145
0.004792759660631418, 0.0005627620848827064
0.005441354122012854, 0.0007709815399721265
0.00523148151114583, 0.000757206988055259
0.00471710367128253, 0.0005768814007751644
0.005602072458714247, 0.0006920109153725207
0.005647642072290182, 0.0009439388522878289
0.007051148451864719, 0.001389745157212019
0.005721931345760822, 0.0007551847374998033
0.004923820961266756, 0.0009467125637456775
0.004791436716914177, 0.0004704658640548587
0.004830608610063791, 0.0003998782194685191
0.004829783923923969, 0.0006418943521566689
0.005545223597437143, 0.0005397595232352614
0.0055042775347828865, 0.0005615256377495825
0.0056863753125071526, 0.0006409113993868232
0.005478725768625736, 0.0008102503488771617
0.00525517575442791, 0.000578179256990552
0.004797044210135937, 0.00035343761555850506
0.004608913324773312, 0.00044526223791763186
0.004858894273638725, 0.00037693549529649317
0.0051397220231592655, 0.0006691633607260883
0.004793928470462561, 0.00045571825467050076
0.005188649520277977, 0.000670050154440105
0.0052298628725111485, 0.0008246275829151273
0.005043835379183292, 0.000606099609285593
0.005433009937405586, 0.0006440689321607351
0.004741869401186705, 0.0006103807245381176
0.004558459855616093, 0.0005642725736834109
0.005758256651461124, 0.001388760400004685
0.0063650719821453094, 0.001112957252189517
0.005665389820933342, 0.0006045058253221214
0.006499617826193571, 0.0011719455942511559
0.006378857418894768, 0.0014572655782103539
0.006578719709068537, 0.0012715141056105494
0.005331807304173708, 0.0007401585462503135
0.005523045547306538, 0.0006834195228293538
0.006308523938059807, 0.0005763806984759867
0.0058974213898181915, 0.0006844942690804601
0.0047017172910273075, 0.0004795596469193697
0.0046754260547459126, 0.0006542089395225048
0.005024133250117302, 0.0003979908360633999
0.004625716712325811, 0.0004994632909074426
0.004261992871761322, 0.00036003650166094303
0.004671880509704351, 0.0006512723048217595
0.004538372624665499, 0.00043104132055304945
0.004860217217355967, 0.0006354835932143033
0.006270545534789562, 0.0009219971834681928
0.005905446130782366, 0.0008492955239489675
0.005262861959636211, 0.0009586121886968613
0.004871436860412359, 0.0011545397574082017
0.004377572797238827, 0.0004330941883381456
0.005704118870198727, 0.0010539806680753827
0.006087918300181627, 0.0011801421642303467
0.004928155802190304, 0.0004653018550015986
0.004921668209135532, 0.0004224743170198053
0.005060343537479639, 0.0004931979929096997
0.005118886940181255, 0.0005417705979198217
0.004553475882858038, 0.0006092589464969933
0.004425349645316601, 0.0003531595575623214
0.004140360280871391, 0.00035146530717611313
0.004327280446887016, 0.0004659797123167664
0.004967684391885996, 0.0006370561313815415
0.004735884256660938, 0.0005069957696832716
0.004803738556802273, 0.0006075320416130126
0.005054118577390909, 0.0005873210611753166
0.005073264706879854, 0.0005768116097897291
0.004819776862859726, 0.00047723070019856095
0.004528868943452835, 0.000384961866075173
0.004606456961482763, 0.0004901302163489163
0.004485544748604298, 0.0006825218442827463
0.004707397427409887, 0.0006969840615056455
0.006671144161373377, 0.0010116337798535824
0.007151462137699127, 0.0012718980433419347
0.006163678597658873, 0.0007291929214261472
0.005060942377895117, 0.0006878903950564563
0.004764941520988941, 0.0006267168209888041
0.0048777568154037, 0.0007062670774757862
0.004703630227595568, 0.0005234013660810888
0.0048253401182591915, 0.000787333759944886
0.004688877612352371, 0.0004934244207106531
0.005097534973174334, 0.0007302318117581308
0.005084110889583826, 0.0009024199680425227
0.005133913829922676, 0.000864422123413533
0.005028582643717527, 0.0007235530647449195
0.004709384869784117, 0.00073645991506055
0.005271328147500753, 0.0006766324513591826
0.005191036965698004, 0.0005670512327924371
0.005532721523195505, 0.0006209416314959526
0.004746642429381609, 0.0006811417988501489
0.005172193516045809, 0.0010660955449566245
0.004880186636000872, 0.0004904572269879282
0.005545042455196381, 0.0007061866926960647
0.005773548502475023, 0.0006241415394470096
0.005397641099989414, 0.0008202423923648894
0.005898857954889536, 0.000862610642798245
0.004548192489892244, 0.0006730860914103687
0.005167083814740181, 0.0005366914556361735
0.0050286496989429, 0.0006832405924797058
0.00496817659586668, 0.0007977875648066401
0.005588503088802099, 0.0007831504917703569
0.0063130976632237434, 0.0010644624708220363
0.005431876052170992, 0.0008219257579185069
0.005733047612011433, 0.001346720615401864
0.006284160539507866, 0.0012471897061914206
0.00658620148897171, 0.001334624132141471
0.0049703121185302734, 0.0005308477557264268
0.0055029187351465225, 0.000726488302461803
0.005896615795791149, 0.0005893717752769589
0.005957779008895159, 0.0009782162960618734
0.004740479402244091, 0.0005527070607058704
0.005204056389629841, 0.00045889310422353446
0.0044128685258328915, 0.0006242871750146151
0.004976444877684116, 0.0006021286826580763
0.00554029131308198, 0.00037046970101073384
0.005475847516208887, 0.0006924548069946468
0.005218914709985256, 0.0006633549346588552
0.005343874916434288, 0.0006597305764444172
0.005253590643405914, 0.0006782751879654825
0.005152356810867786, 0.0004814778221771121
0.005092784762382507, 0.0008946316665969789
0.004607045091688633, 0.0005747825489379466
0.004890325479209423, 0.0005700740730389953
0.0041670300997793674, 0.0004718513519037515
0.0043903435580432415, 0.0007033012225292623
0.004971903283149004, 0.0006512251566164196
0.005048208869993687, 0.0006077397847548127
0.004695014096796513, 0.0005914622452110052
0.004757242742925882, 0.0005271586705930531
0.005037725903093815, 0.0006919035222381353
0.005525865592062473, 0.0007039408665150404
0.005298448260873556, 0.0007310397340916097
0.005740143358707428, 0.0006576142623089254
0.004392513073980808, 0.0004356420540716499
0.005150414537638426, 0.0007288935012184083
0.004902136046439409, 0.00041607487946748734
0.005080400500446558, 0.0005035239737480879
0.005495063494890928, 0.0004963122773915529
0.004765496123582125, 0.0007150330347940326
0.006157841999083757, 0.001027391292154789
0.0065835039131343365, 0.0008552255458198488
0.005472713615745306, 0.0008683566702529788
0.00556734437122941, 0.0008023961563594639
0.007073432207107544, 0.0011685305507853627
0.005517271347343922, 0.0009036543779075146
0.004561424255371094, 0.000542874971870333
0.0047162375412881374, 0.0006053843535482883
0.0048173838295042515, 0.0009425241150893271
0.005943259224295616, 0.0007977596833370626
0.0055037373676896095, 0.0007442708010785282
0.00531869987025857, 0.0005631879321299493
0.004246863070875406, 0.00036399505916051567
0.004721091594547033, 0.0005406711716204882
0.00517130084335804, 0.0005583864403888583
0.004809232894331217, 0.0005026049911975861
0.004997823853045702, 0.0007967572310008109
0.004718396347016096, 0.000659609620925039
0.004535267595201731, 0.0003886913473252207
0.005292397923767567, 0.0007764218607917428
0.005866086110472679, 0.0011715507134795189
0.005638421513140202, 0.0009466608753427863
0.005624920595437288, 0.0009167862590402365
0.00574841583147645, 0.000659121957141906
0.007028250489383936, 0.0016446512890979648
0.006457342766225338, 0.0009765309514477849
0.005509016569703817, 0.0008534276275895536
0.005342564545571804, 0.0005503805004991591
0.005110079888254404, 0.0006779326358810067
0.0054711452685296535, 0.0008908830932341516
0.005158035550266504, 0.0007432279526256025
0.0056290216743946075, 0.0007042605429887772
0.0049178521148860455, 0.0005340371280908585
0.0053389109671115875, 0.0007384170894511044
0.005164411384612322, 0.0006294777849689126
0.005812858697026968, 0.001085371826775372
0.005569147411733866, 0.000659064098726958
0.004903870634734631, 0.0005332768778316677
0.005627591162919998, 0.0008867079741321504
0.005435379687696695, 0.0008051577024161816
0.004231796599924564, 0.0004217006789986044
0.004557119216769934, 0.000544679700396955
0.004934063646942377, 0.0007658968097530305
0.004843568429350853, 0.0004106641572434455
0.005283808801323175, 0.000728831859305501
0.005262649152427912, 0.0006603881483897567
0.005118655506521463, 0.000576227845158428
0.004690955858677626, 0.0007302958983927965
0.004689162131398916, 0.00036419613752514124
0.004554060287773609, 0.0005553764058277011
0.0047373659908771515, 0.0005753350560553372
0.005148352589458227, 0.0008236461435444653
0.005499946419149637, 0.0007843751227483153
0.005338533315807581, 0.0008274069987237453
0.0050158207304775715, 0.0008275149157270789
0.0052714780904352665, 0.0003542994672898203
0.0053898789919912815, 0.0005498860264196992
0.0059975371696054935, 0.0009079311275854707
0.005128112621605396, 0.00048385720583610237
0.004601821769028902, 0.0005142868612892926
0.0042938352562487125, 0.0006495935958810151
0.005066450219601393, 0.0010093747405335307
0.0045398869551718235, 0.00044807567610405385
0.004384580068290234, 0.0005059250979684293
0.004858388099819422, 0.0006061653257347643
0.004701730329543352, 0.000942495244089514
0.004232639912515879, 0.00047888580593280494
0.004641795996576548, 0.0007493644370697439
0.005143285263329744, 0.0007561101811006665
0.004975100979208946, 0.00041433025035075843
0.004899607505649328, 0.0004958867793902755
0.006583238951861858, 0.001345583237707615
0.007409911137074232, 0.001121078385040164
0.005455877631902695, 0.0008632237440906465
0.004124991595745087, 0.0003778029349632561
0.004782571457326412, 0.0005594933172687888
0.005030024331063032, 0.0005929567851126194
0.005464727059006691, 0.000701000215485692
0.0045724730007350445, 0.0005268062232062221
0.004851745441555977, 0.0006534415297210217
0.005996215157210827, 0.0008123806328512728
0.005525743123143911, 0.0006860875873826444
0.005467284470796585, 0.0007024939404800534
0.005118934437632561, 0.0008174807881005108
0.004849462769925594, 0.00039984920294955373
0.005690683610737324, 0.0006510825478471816
0.006116081029176712, 0.000975102826487273
0.005771516356617212, 0.0006374945514835417
0.005783257074654102, 0.0007379635935649276
0.005140265449881554, 0.0005387704004533589
0.004814381245523691, 0.0005013625486753881
0.0043655261397361755, 0.0005886511062271893
0.004461809527128935, 0.0005565253086388111
0.005103420000523329, 0.0003894481051247567
0.004763238597661257, 0.0005124849267303944
0.006126924883574247, 0.0007672932115383446
0.005158355925232172, 0.0005774292512796819
0.005288971122354269, 0.0006380316335707903
0.005386206321418285, 0.0007305713952519
0.005398854147642851, 0.0005939380498602986
0.0048466091975569725, 0.000676253461278975
0.005807332694530487, 0.000979929813183844
0.006320240907371044, 0.0008845578413456678
0.005553971976041794, 0.0009439479326829314
0.005931778345257044, 0.0009588783141225576
0.0050891004502773285, 0.0006701754173263907
0.00406963424757123, 0.0004238117253407836
0.0040968009270727634, 0.0006256478372961283
0.004787025973200798, 0.0006397326360456645
0.004526818171143532, 0.00043128442484885454
0.004466639831662178, 0.00045646392391063273
0.004727328661829233, 0.0007338526775129139
0.005505162291228771, 0.0008266029763035476
0.004569941200315952, 0.0005564744351431727
0.004868414718657732, 0.0008416633354499936
0.005717965308576822, 0.0006140428595244884
0.005056688096374273, 0.0007215245277620852
0.004787128418684006, 0.0006649558199569583
0.004545361734926701, 0.0006385270389728248
0.004233470652252436, 0.0003458849969319999
0.004460780415683985, 0.0006129189860075712
0.005787510424852371, 0.0005619212170131505
0.005650669801980257, 0.0007922821678221226
0.004841555841267109, 0.0005958411493338645
0.004682042635977268, 0.0005669031525030732
0.004667816683650017, 0.0007061001379042864
0.004807253368198872, 0.000715490139555186
0.004798704758286476, 0.0005932447384111583
0.005017823074012995, 0.0005935830413363874
0.005011817440390587, 0.0007335841073654592
0.00487124640494585, 0.0007209947798401117
0.005057821050286293, 0.0003137913008686155
0.004508757498115301, 0.0003972283157054335
0.004802968353033066, 0.0007113847532309592
0.0057805487886071205, 0.0006570729892700911
0.005357555113732815, 0.00048210954992100596
0.005161937326192856, 0.0006460712756961584
0.004774123430252075, 0.0005450568860396743
0.0045229787938296795, 0.0005688165547326207
0.0038526994176208973, 0.000389447232009843
0.004711997229605913, 0.0006537865847349167
0.004093258175998926, 0.00032040951191447675
0.004710461478680372, 0.0006890427903272212
0.00419480400159955, 0.0005147301126271486
0.004039281979203224, 0.000538775057066232
0.004205331671983004, 0.00044830256956629455
0.004814549814909697, 0.0007062121876515448
0.004429887980222702, 0.00047225927119143307
0.004500037524849176, 0.00047969582374207675
0.004375458229333162, 0.0006187011022120714
0.005328324623405933, 0.0006325884023681283
0.0052076708525419235, 0.0012853465741500258
0.006195771973580122, 0.0009577740565873682
0.0053695677779614925, 0.0009847111068665981
0.004790761508047581, 0.0004839313914999366
0.005409626290202141, 0.0007133326143957675
0.004988419823348522, 0.0007093624444678426
0.004586577881127596, 0.0005177324637770653
0.0041653309017419815, 0.0006582549540325999
0.004578914027661085, 0.0005659538437612355
0.004890486132353544, 0.0007520940853282809
0.004353784956037998, 0.0003693450125865638
0.004695362877100706, 0.0007235104567371309
0.005272980779409409, 0.0007281156722456217
0.004101408179849386, 0.0005391340237110853
0.004509883001446724, 0.0006412004586309195
0.0049863774329423904, 0.0005800580256618559
0.005320264492183924, 0.000714535650331527
0.005249567795544863, 0.0005300647462718189
0.004847255069762468, 0.0005382294184528291
0.004579024389386177, 0.0005483093555085361
0.005159591790288687, 0.0008901194087229669
0.004177972208708525, 0.0005253227427601814
0.0044919950887560844, 0.0005814700271002948
0.0048098452389240265, 0.0007033019792288542
0.0049014887772500515, 0.0006124594947323203
0.004309955984354019, 0.0003333249769639224
0.004665933549404144, 0.0006071071256883442
0.005223042331635952, 0.000859139661770314
0.005708323325961828, 0.0009975614957511425
0.005132252350449562, 0.000816548999864608
0.004208843223750591, 0.0003793547220993787
0.004518311936408281, 0.0006476060370914638
0.004928006790578365, 0.0005525267915800214
0.0053096977062523365, 0.000632152718026191
0.004475506953895092, 0.0006043813773430884
0.004648400936275721, 0.00043978902976959944
0.004895058460533619, 0.0005965313757769763
0.0043231528252363205, 0.00043488660594448447
0.004435558803379536, 0.0006446242332458496
0.004699240904301405, 0.0006740156677551568
0.004785114899277687, 0.0008300946210511029
0.004937891848385334, 0.0005713931168429554
0.0049506803043186665, 0.000525502662640065
0.0049414439126849174, 0.0006177304894663393
0.0050056264735758305, 0.0005162644083611667
0.004822167102247477, 0.0006558916647918522
0.0042085363529622555, 0.00036235625157132745
0.004391958005726337, 0.0004761389282066375
0.004727794323116541, 0.0006983259809203446
0.005025843624025583, 0.00045927701285108924
0.005299621261656284, 0.0008429219597019255
0.0052774869836866856, 0.0007628196617588401
0.004625814501196146, 0.000537351006641984
0.004663113504648209, 0.0007983788382261992
0.005000523291528225, 0.0006777712260372937
0.005176550708711147, 0.0006648717680945992
0.0052357143722474575, 0.0005921269184909761
0.004864593502134085, 0.0007524869288317859
0.004008512012660503, 0.0005236180149950087
0.004712334834039211, 0.0005201781168580055
0.00498076481744647, 0.0004356171120889485
0.004280426539480686, 0.00045079400297254324
0.003986035939306021, 0.00047143400297500193
0.004720419645309448, 0.0005114704254083335
0.005558127537369728, 0.000767819001339376
0.005424570757895708, 0.0008241278701461852
0.005140138790011406, 0.0008508466416969895
0.004296331200748682, 0.0005289539694786072
0.005022894591093063, 0.0004409288812894374
0.0048319315537810326, 0.0003925143391825259
0.004897636361420155, 0.00040577122126705945
0.004885066766291857, 0.0007090512663125992
0.004207514692097902, 0.0004551739548332989
0.004519776441156864, 0.0005414195475168526
0.00424363324418664, 0.0004020428459625691
0.004871534649282694, 0.000802947673946619
0.004553656559437513, 0.00046551221748813987
0.003950578160583973, 0.0004217179957777262
0.0038569627795368433, 0.0004708742198999971
0.004060118459165096, 0.0006340135005302727
0.004736100323498249, 0.000840265944134444
0.006977321580052376, 0.0007370946113951504
0.005158604588359594, 0.0006592158460989594
0.004871708806604147, 0.00039638791349716485
0.005799478385597467, 0.0012021547881886363
0.005236481782048941, 0.0007180578541010618
0.004947795998305082, 0.0005826420965604484
0.004442679695785046, 0.0004220789414830506
0.004482707008719444, 0.0005610754014924169
0.003983840346336365, 0.0003819432167802006
0.004380255937576294, 0.00047299882862716913
0.004428295884281397, 0.0005316237802617252
0.004964516498148441, 0.000647554756142199
0.004605354741215706, 0.0006241856026463211
0.004439456854015589, 0.0004999867524020374
0.005182528868317604, 0.0007047202088870108
0.005624113604426384, 0.0005247668595984578
0.0053739906288683414, 0.0005764155648648739
0.004800780676305294, 0.0007953850436024368
0.005338713992387056, 0.0007184192654676735
0.00454716058447957, 0.0004061594663653523
0.004758878611028194, 0.0005798197817057371
0.004173655528575182, 0.00046962598571553826
0.004441088531166315, 0.0006972764967940748
0.004552135709673166, 0.0006668021669611335
0.004350334871560335, 0.0003953725681640208
0.004025417845696211, 0.0005329374107532203
0.004970709327608347, 0.0007352330721914768
0.00439166696742177, 0.0005303403595462441
0.004538284614682198, 0.00041633035289123654
0.004636588506400585, 0.0007714908570051193
0.004589029122143984, 0.0006861285655759275
0.004337342921644449, 0.0005454261554405093
0.004041722510010004, 0.00046562793431803584
0.004058620426803827, 0.0005206406349316239
0.004242153838276863, 0.00043820947757922113
0.0049039931036531925, 0.0005156985716894269
0.004404646810144186, 0.00039981058216653764
0.004751107189804316, 0.0006532883853651583
0.004446240607649088, 0.0007042675861157477
0.004213316831737757, 0.0005841876845806837
0.004346533212810755, 0.0005192552343942225
0.004533208440989256, 0.00046605002717114985
0.004654722288250923, 0.0005883760750293732
0.004751408938318491, 0.0006729051820002496
