mean, std
0.13587306439876556, 0.09243068844079971
0.09908262640237808, 0.03494657203555107
0.15217645466327667, 0.029483076184988022
0.12864479422569275, 0.04904234781861305
0.07920999825000763, 0.049157507717609406
0.03267775475978851, 0.018129447475075722
0.02446889504790306, 0.00860786996781826
0.020872937515378, 0.009161516092717648
0.024071170017123222, 0.0074424538761377335
0.022211020812392235, 0.009942767210304737
0.021303586661815643, 0.009882197715342045
0.017460688948631287, 0.006511254236102104
0.01903590001165867, 0.005701013375073671
0.017421141266822815, 0.005394155625253916
0.02236541546881199, 0.008367002010345459
0.02368362620472908, 0.006757909897714853
0.030906911939382553, 0.006516856141388416
0.044983286410570145, 0.019037261605262756
0.06282667070627213, 0.025251245126128197
0.054461948573589325, 0.02308177575469017
0.06791964918375015, 0.028345337137579918
0.0863254964351654, 0.03866361454129219
0.09514497965574265, 0.04194282367825508
0.09050905704498291, 0.023490915074944496
0.10271819680929184, 0.03876938298344612
0.10716531425714493, 0.03577069565653801
0.11950443685054779, 0.041908543556928635
0.08281797915697098, 0.033373650163412094
0.09578581154346466, 0.04610126093029976
0.10568290203809738, 0.028637630864977837
0.0844326764345169, 0.030284862965345383
0.10184963047504425, 0.03057563677430153
0.0914614275097847, 0.031747445464134216
0.08725403994321823, 0.03895833343267441
0.08820939809083939, 0.02288411743938923
0.07791808992624283, 0.022213976830244064
0.06163245439529419, 0.014823810197412968
0.07845550030469894, 0.025966240093111992
0.07688634842634201, 0.030321327969431877
0.07507053017616272, 0.022423656657338142
0.07511649280786514, 0.026528874412178993
0.12265060096979141, 0.0495932437479496
0.1281905472278595, 0.052107248455286026
0.10064585506916046, 0.025140469893813133
0.07580950111150742, 0.028734548017382622
0.0790385901927948, 0.0250211451202631
0.07719267159700394, 0.022329559549689293
0.09202197194099426, 0.035330407321453094
0.1063225120306015, 0.04963799566030502
0.0941614881157875, 0.032176531851291656
0.08612959831953049, 0.028303178027272224
0.0908995270729065, 0.030301112681627274
0.09452419728040695, 0.027032699435949326
0.0947166308760643, 0.028691526502370834
0.11591748148202896, 0.03536587581038475
0.11228752136230469, 0.0364239439368248
0.11862598359584808, 0.03782792016863823
0.13617157936096191, 0.044461604207754135
0.13834114372730255, 0.04325336962938309
0.1020752340555191, 0.034893956035375595
0.09148578345775604, 0.033725805580616
0.10093214362859726, 0.0320151150226593
0.11522902548313141, 0.034222397953271866
0.12561184167861938, 0.03203874081373215
0.14759165048599243, 0.0470491498708725
0.11951253563165665, 0.046338170766830444
0.11168030649423599, 0.042763106524944305
0.10656855255365372, 0.03969564661383629
0.1251569539308548, 0.04994027689099312
0.10926515609025955, 0.03600606694817543
0.10184434801340103, 0.0329839251935482
0.09024828672409058, 0.023661158978939056
0.10002529621124268, 0.036297112703323364
0.11114501953125, 0.04035519063472748
0.11079242080450058, 0.025753986090421677
0.1044674888253212, 0.027743371203541756
0.14260300993919373, 0.04981209710240364
0.13034465909004211, 0.03760990872979164
0.13085059821605682, 0.040610264986753464
0.10403995960950851, 0.030193394050002098
0.11438079923391342, 0.02867749333381653
0.12278057634830475, 0.04870118573307991
0.10293644666671753, 0.03417312353849411
0.1014995351433754, 0.032418590039014816
0.12098497897386551, 0.032802630215883255
0.11238569766283035, 0.0430012047290802
0.13468007743358612, 0.03806857764720917
0.1197124719619751, 0.03199177235364914
0.10833783447742462, 0.04370708391070366
0.11579304188489914, 0.03497403487563133
0.13958804309368134, 0.041916608810424805
0.18532367050647736, 0.09266380965709686
0.0960492491722107, 0.035241253674030304
0.09544383734464645, 0.040448255836963654
0.12397501617670059, 0.046608973294496536
0.13907688856124878, 0.046288151293992996
0.14281976222991943, 0.059591226279735565
0.12696833908557892, 0.036813803017139435
0.1377093642950058, 0.039944957941770554
0.13612739741802216, 0.04862167313694954
0.13270671665668488, 0.044682085514068604
0.1365010142326355, 0.056165337562561035
0.12149413675069809, 0.04547951743006706
0.1142042875289917, 0.032452844083309174
0.14084520936012268, 0.05019690468907356
0.14315219223499298, 0.061947982758283615
0.11940649151802063, 0.043601661920547485
0.1394837647676468, 0.037944402545690536
0.13695581257343292, 0.04294517636299133
0.1385803073644638, 0.040643010288476944
0.11814212799072266, 0.03459034487605095
0.1422874480485916, 0.055912453681230545
0.17141760885715485, 0.06243081018328667
0.12387621402740479, 0.04416739195585251
0.13208632171154022, 0.04172445088624954
0.11647263169288635, 0.04196406528353691
0.12070883810520172, 0.033567823469638824
0.12722595036029816, 0.03996354341506958
0.14756903052330017, 0.05171632766723633
0.12073899805545807, 0.03817136958241463
0.13808614015579224, 0.05853483825922012
0.10010229051113129, 0.02424575574696064
0.11800102144479752, 0.04619445651769638
0.14690233767032623, 0.03959725424647331
0.11750491708517075, 0.0366935171186924
0.1306995004415512, 0.03591490536928177
0.15731485188007355, 0.04320649057626724
0.158128023147583, 0.048778411000967026
0.12832973897457123, 0.041724566370248795
0.12180501967668533, 0.05688302218914032
0.11562429368495941, 0.033800315111875534
0.10073509812355042, 0.04175242781639099
0.11765187233686447, 0.03256775811314583
0.12214656919240952, 0.04766194149851799
0.1026204377412796, 0.028467809781432152
0.10579812526702881, 0.029354102909564972
0.12668070197105408, 0.041951242834329605
0.12372612953186035, 0.045988693833351135
0.124342180788517, 0.03459407761693001
0.11293533444404602, 0.02877195179462433
0.10670624673366547, 0.030354280024766922
0.10883577913045883, 0.03409343212842941
0.13512669503688812, 0.03907972574234009
0.16092775762081146, 0.07027866691350937
0.14122243225574493, 0.05482816323637962
0.12751351296901703, 0.03477538004517555
0.12562033534049988, 0.05267113447189331
0.12488655000925064, 0.04441126435995102
0.11193238198757172, 0.04097113013267517
0.13531577587127686, 0.05002761259675026
0.12933503091335297, 0.052171867340803146
0.11389753967523575, 0.03262218460440636
0.1435643583536148, 0.05851757898926735
0.12234345078468323, 0.036045875400304794
0.14004069566726685, 0.04827912524342537
0.13642817735671997, 0.05024290084838867
0.13074353337287903, 0.041643016040325165
0.11436128616333008, 0.041618216782808304
0.1185898408293724, 0.03590595722198486
0.12723901867866516, 0.04671744257211685
0.1061314046382904, 0.029764628037810326
0.12261418253183365, 0.033711325377225876
0.1271999627351761, 0.030980395153164864
0.14167211949825287, 0.04113981872797012
0.13634231686592102, 0.04752471670508385
0.12826627492904663, 0.03947940841317177
0.10855571925640106, 0.03555349260568619
0.1162709966301918, 0.03448851406574249
0.10483017563819885, 0.02398797683417797
0.09770241379737854, 0.0398135781288147
0.10355769097805023, 0.029380694031715393
0.12184201180934906, 0.051933225244283676
0.11896124482154846, 0.04505181685090065
0.10399173200130463, 0.026326576247811317
0.11736743897199631, 0.0332089439034462
0.12454644590616226, 0.057529017329216
0.1336626261472702, 0.04816681519150734
0.11614552140235901, 0.028643710538744926
0.10102446377277374, 0.03916925936937332
0.10742012411355972, 0.037517014890909195
0.111763134598732, 0.03470649570226669
0.11039076000452042, 0.025610506534576416
0.10703812539577484, 0.04424487426877022
0.11215885728597641, 0.028487268835306168
0.08834818750619888, 0.023105693981051445
0.10244988650083542, 0.037602901458740234
0.11545772105455399, 0.04065573960542679
0.13378924131393433, 0.04330042004585266
0.11139225959777832, 0.03393549472093582
0.10393989831209183, 0.03380706533789635
0.13111503422260284, 0.05487199127674103
0.10759657621383667, 0.04946069046854973
0.1014777198433876, 0.026861295104026794
0.12317563593387604, 0.03531363606452942
0.1510898917913437, 0.04690525308251381
0.10663444548845291, 0.02915131114423275
0.11739692836999893, 0.03477576747536659
0.13068579137325287, 0.041298337280750275
0.11602769792079926, 0.04713594913482666
0.10838565230369568, 0.03960323706269264
0.12818504869937897, 0.03576657176017761
0.08903435617685318, 0.019184725359082222
0.14046736061573029, 0.05373762920498848
0.10618098080158234, 0.034239284694194794
0.1359703540802002, 0.0399869866669178
0.16586503386497498, 0.05422140657901764
0.11055797338485718, 0.03335827216506004
0.12431176751852036, 0.04035491868853569
0.0924600213766098, 0.026371106505393982
0.12757813930511475, 0.04941066727042198
0.1087128296494484, 0.024890542030334473
0.1271078735589981, 0.04166374355554581
0.12885914742946625, 0.0353829562664032
0.12281032651662827, 0.02912721410393715
0.11557958275079727, 0.03332330286502838
0.16486750543117523, 0.07425959408283234
0.19551178812980652, 0.13976678252220154
0.1126696914434433, 0.026581162586808205
0.13049615919589996, 0.04124186187982559
0.11141244322061539, 0.030398420989513397
0.11753218621015549, 0.04236452654004097
0.12731027603149414, 0.040231071412563324
0.1346091777086258, 0.048668500036001205
0.12208674848079681, 0.04709678888320923
0.13698279857635498, 0.06024406477808952
0.11940622329711914, 0.038307905197143555
0.13848645985126495, 0.06384798884391785
0.1612212061882019, 0.06031297147274017
0.12181738764047623, 0.04966282844543457
0.1687292903661728, 0.06022576615214348
0.08428794890642166, 0.02330818399786949
0.10762006044387817, 0.030038071796298027
0.11766479164361954, 0.04405403137207031
0.17188973724842072, 0.060236524790525436
0.15075063705444336, 0.0501750148832798
0.16366048157215118, 0.05289938673377037
0.14318037033081055, 0.05765996500849724
0.14934508502483368, 0.053649600595235825
0.13743211328983307, 0.03973879665136337
0.1283494383096695, 0.055436328053474426
0.14520172774791718, 0.04811368137598038
0.16474302113056183, 0.06067853420972824
0.17942412197589874, 0.050152868032455444
0.12948006391525269, 0.04527833312749863
0.14116354286670685, 0.059854090213775635
0.17711526155471802, 0.08581466972827911
0.21339435875415802, 0.07915982604026794
0.13077287375926971, 0.048091594129800797
0.13509246706962585, 0.0381828136742115
0.13104979693889618, 0.03679333254694939
0.16325102746486664, 0.056883517652750015
0.1070869043469429, 0.023124538362026215
0.1122867688536644, 0.037515196949243546
0.09160036593675613, 0.02470010705292225
0.10286113619804382, 0.037672001868486404
0.10446804761886597, 0.04792838916182518
0.1369916945695877, 0.04727916419506073
0.1525583416223526, 0.05060392990708351
0.11133800446987152, 0.04383646696805954
0.1422826051712036, 0.063095822930336
0.13598090410232544, 0.04453011229634285
0.13032697141170502, 0.03989815339446068
0.11587519198656082, 0.040685296058654785
0.14710909128189087, 0.048486605286598206
0.08774111419916153, 0.0231431033462286
0.1111527681350708, 0.04649059474468231
0.09590058028697968, 0.03596772626042366
0.09402355551719666, 0.04068773239850998
0.11438252031803131, 0.03540482372045517
0.11454888433218002, 0.041066378355026245
0.14065362513065338, 0.04480503499507904
0.11357919126749039, 0.044976040720939636
0.14285831153392792, 0.06020830571651459
0.12331254035234451, 0.04602057486772537
0.1788053810596466, 0.05997898802161217
0.16452892124652863, 0.06478417664766312
0.13054533302783966, 0.036873966455459595
0.1262853890657425, 0.0534917488694191
0.13213351368904114, 0.054382771253585815
0.1006741002202034, 0.02714012749493122
0.15033018589019775, 0.059457339346408844
0.09469082206487656, 0.025672152638435364
0.10095452517271042, 0.02396743930876255
0.12188930064439774, 0.05958377942442894
0.1381029188632965, 0.04900572448968887
0.10126463323831558, 0.02644011564552784
0.1389688104391098, 0.05130521208047867
0.1349765509366989, 0.06567120552062988
0.1820998340845108, 0.08042161166667938
0.11382773518562317, 0.03638971596956253
0.10548105090856552, 0.02906716987490654
0.12402652204036713, 0.053394120186567307
0.12528780102729797, 0.034055184572935104
0.138653963804245, 0.03644987940788269
0.13415053486824036, 0.05883488431572914
0.11178456246852875, 0.030634546652436256
0.11632359027862549, 0.048595309257507324
0.1436089128255844, 0.04348462074995041
0.08897855877876282, 0.029168270528316498
0.10409954190254211, 0.045614976435899734
0.14096178114414215, 0.05573473125696182
0.1050047054886818, 0.03987564146518707
0.09634175896644592, 0.03786895051598549
0.12063263356685638, 0.03961070626974106
0.08591143041849136, 0.02225535549223423
0.10998381674289703, 0.030855512246489525
0.1314413845539093, 0.0279781986027956
0.12129153311252594, 0.040275610983371735
0.10030346363782883, 0.03729542717337608
0.09600905328989029, 0.037039756774902344
0.1071416512131691, 0.03606824204325676
0.0967026799917221, 0.031461507081985474
0.10946287214756012, 0.03975183144211769
0.10793822258710861, 0.03712596744298935
0.12743818759918213, 0.03272920846939087
0.1115589514374733, 0.054656386375427246
0.15351052582263947, 0.07063532620668411
0.11629883199930191, 0.03809485584497452
0.164996936917305, 0.05152628570795059
0.11887863278388977, 0.047210101038217545
0.11500382423400879, 0.03677068650722504
0.16755850613117218, 0.0573810413479805
0.16989858448505402, 0.05820110812783241
0.11887897551059723, 0.041734326630830765
0.12430945783853531, 0.040712159126996994
0.12693357467651367, 0.04058007523417473
0.08951584994792938, 0.02480647712945938
0.1694166511297226, 0.03356076031923294
0.2022007554769516, 0.08833593130111694
0.16792842745780945, 0.06903272867202759
0.13307608664035797, 0.06536481529474258
0.10169491916894913, 0.023694857954978943
0.11478057503700256, 0.033709511160850525
0.14826877415180206, 0.06690775603055954
0.17237858474254608, 0.04657668247818947
0.15699507296085358, 0.0652482807636261
0.11159145832061768, 0.03776233643293381
0.10458701103925705, 0.03514139726758003
0.1433289498090744, 0.054110173135995865
0.11105344444513321, 0.03100193478167057
0.11262394487857819, 0.02728169597685337
0.12045790255069733, 0.04076201468706131
0.12823720276355743, 0.05545482411980629
0.11370233446359634, 0.036052949726581573
0.11367857456207275, 0.03981804475188255
0.14500297605991364, 0.04677480831742287
0.10759393125772476, 0.0400577187538147
0.1126173734664917, 0.04121773689985275
0.101905956864357, 0.03987886756658554
0.14647479355335236, 0.06140412390232086
0.13479937613010406, 0.03689063712954521
0.12953297793865204, 0.0450298972427845
0.15293370187282562, 0.07568135857582092
0.13126437366008759, 0.05197908729314804
0.11203119903802872, 0.028682276606559753
0.10755733400583267, 0.03921116888523102
0.08370207995176315, 0.02159092389047146
0.1015557199716568, 0.027854247018694878
0.10990066081285477, 0.04429902508854866
0.13258333504199982, 0.02616780810058117
0.14793328940868378, 0.05369018390774727
0.09812867641448975, 0.03089713677763939
0.13197046518325806, 0.04661881551146507
0.12845943868160248, 0.04848983511328697
0.12071125954389572, 0.040804289281368256
0.08957673609256744, 0.017152903601527214
0.11479543149471283, 0.03883783891797066
0.12003426998853683, 0.037803202867507935
0.09959030896425247, 0.03956303745508194
0.10571197420358658, 0.02743525244295597
0.11778932064771652, 0.032706793397665024
0.14053364098072052, 0.04540293291211128
0.13134782016277313, 0.052254512906074524
0.13763751089572906, 0.047913942486047745
0.11832485347986221, 0.03674012050032616
0.15061184763908386, 0.06099266558885574
0.13615505397319794, 0.049513038247823715
0.08903484791517258, 0.022468995302915573
0.11555817723274231, 0.0465778186917305
0.13337703049182892, 0.048396795988082886
0.12141850590705872, 0.028716571629047394
0.11996661126613617, 0.03973386809229851
0.14376592636108398, 0.04764489457011223
0.11967039108276367, 0.042983680963516235
0.11671338975429535, 0.047921065241098404
0.13054780662059784, 0.04777408763766289
0.13100537657737732, 0.04832178354263306
0.146815225481987, 0.048686519265174866
0.13293735682964325, 0.048253171145915985
0.09389471262693405, 0.0317462682723999
0.11664225161075592, 0.03049333393573761
0.11310610920190811, 0.037197064608335495
0.1165570542216301, 0.04238037019968033
0.12559404969215393, 0.06059975177049637
0.15218965709209442, 0.042090632021427155
0.15327787399291992, 0.052654724568128586
0.16237084567546844, 0.05342032387852669
0.12803706526756287, 0.03957853466272354
0.16453225910663605, 0.05950293689966202
0.132228285074234, 0.028208810836076736
0.12254539877176285, 0.027897104620933533
0.13629662990570068, 0.03294619917869568
0.10724299401044846, 0.027739008888602257
0.14090460538864136, 0.027369985356926918
0.15018825232982635, 0.051369328051805496
0.11608567833900452, 0.024811917915940285
0.13198311626911163, 0.04333909600973129
0.15347693860530853, 0.04215925186872482
0.1440829038619995, 0.047266703099012375
0.11726176738739014, 0.028883492574095726
0.12224818766117096, 0.031402550637722015
0.1445312798023224, 0.037612058222293854
0.1289183646440506, 0.028298359364271164
0.15065041184425354, 0.05432415381073952
0.19969645142555237, 0.07662412524223328
0.11937642097473145, 0.05205557122826576
0.11010782420635223, 0.03923843801021576
0.11264117807149887, 0.039283864200115204
0.11583219468593597, 0.031258631497621536
0.12382226437330246, 0.036212362349033356
0.13978712260723114, 0.052770595997571945
0.1646675169467926, 0.06065895035862923
0.18025320768356323, 0.06004549190402031
0.1366182267665863, 0.04066977649927139
0.1541401743888855, 0.06246719881892204
0.1868947148323059, 0.09283514320850372
0.17841477692127228, 0.05359550192952156
0.17008720338344574, 0.058336880058050156
0.12800315022468567, 0.0321894995868206
0.15804138779640198, 0.057750772684812546
0.1641269475221634, 0.043114546686410904
0.1692853569984436, 0.054998286068439484
0.11821258068084717, 0.033318087458610535
0.20887088775634766, 0.06885822117328644
0.1494794636964798, 0.05360909551382065
0.1643054485321045, 0.07886506617069244
0.1741243600845337, 0.07455197721719742
0.13203436136245728, 0.034579917788505554
0.14634938538074493, 0.03786080330610275
0.15480120480060577, 0.03232131153345108
0.14270398020744324, 0.0416516475379467
0.14228039979934692, 0.03986165300011635
0.13872642815113068, 0.03659478947520256
0.1775721162557602, 0.05661163851618767
0.1538587361574173, 0.047842949628829956
0.16152316331863403, 0.05133923143148422
0.21071936190128326, 0.04187754914164543
0.1694774329662323, 0.04220011085271835
0.16404223442077637, 0.03667367622256279
0.14129690825939178, 0.060528021305799484
0.16579775512218475, 0.04799848422408104
0.16411204636096954, 0.04721776023507118
0.15224726498126984, 0.05963556095957756
0.20165188610553741, 0.06512261182069778
0.16891725361347198, 0.05343179032206535
0.1398405283689499, 0.04779190197587013
0.13945193588733673, 0.02978910319507122
0.16243290901184082, 0.034849219024181366
0.1406383067369461, 0.03612546622753143
0.15123453736305237, 0.039996981620788574
0.19129405915737152, 0.05401450768113136
0.18246634304523468, 0.04194306209683418
0.14258840680122375, 0.03928549587726593
0.15561360120773315, 0.04320407658815384
0.1525902897119522, 0.039563339203596115
0.15723903477191925, 0.043299052864313126
0.14808198809623718, 0.041999172419309616
0.14122772216796875, 0.04735592380166054
0.1735960692167282, 0.0601743720471859
0.1653924584388733, 0.07965471595525742
0.16605432331562042, 0.0417042039334774
0.1604854315519333, 0.051693495362997055
0.15117394924163818, 0.041538991034030914
0.15009915828704834, 0.03925255313515663
0.16482560336589813, 0.0510067418217659
0.14891000092029572, 0.031980570405721664
0.16711552441120148, 0.04556962102651596
0.16745996475219727, 0.03809719160199165
0.22535507380962372, 0.08401916176080704
0.2033168375492096, 0.06508678942918777
0.1737714558839798, 0.046653665602207184
0.1576644331216812, 0.05317011475563049
0.15120430290699005, 0.03807567059993744
0.13256792724132538, 0.04821754992008209
0.17759408056735992, 0.05262983590364456
0.1632053256034851, 0.054186638444662094
0.1844038963317871, 0.06880223006010056
0.1700061559677124, 0.050491709262132645
0.16017358005046844, 0.04550650715827942
0.17387273907661438, 0.03312986344099045
0.16487419605255127, 0.05683750659227371
0.1602289229631424, 0.03438422456383705
0.20447127521038055, 0.06777270138263702
0.22625020146369934, 0.05403437837958336
0.17090004682540894, 0.052609965205192566
0.19024936854839325, 0.04995063692331314
0.16908645629882812, 0.06066621094942093
0.1794261634349823, 0.07426635921001434
0.21766355633735657, 0.0794544517993927
0.17509117722511292, 0.05923958495259285
0.19710677862167358, 0.0915801003575325
0.1974741667509079, 0.060659680515527725
0.17422398924827576, 0.049126997590065
0.20739561319351196, 0.059612419456243515
0.19829101860523224, 0.05874611437320709
0.1849149763584137, 0.060832828283309937
0.15677112340927124, 0.051050230860710144
0.17627115547657013, 0.07285913825035095
0.16778375208377838, 0.05747167021036148
0.19853819906711578, 0.06045056879520416
0.2672175467014313, 0.10745161026716232
0.18103580176830292, 0.043465111404657364
0.1737651824951172, 0.038832999765872955
0.20129747688770294, 0.07433576881885529
0.14773623645305634, 0.04574398696422577
0.16621778905391693, 0.056280817836523056
0.17840293049812317, 0.06896699219942093
0.21577264368534088, 0.09506379812955856
0.16685783863067627, 0.0525207594037056
0.184017151594162, 0.06817349791526794
0.19168013334274292, 0.05999919772148132
0.17074547708034515, 0.043253425508737564
0.16642196476459503, 0.04408105090260506
0.17279250919818878, 0.050597187131643295
0.1867864727973938, 0.04592679813504219
0.1978217214345932, 0.06320668011903763
0.15014883875846863, 0.06220836937427521
0.18269053101539612, 0.047399088740348816
0.16796043515205383, 0.03460485115647316
0.22267961502075195, 0.08545838296413422
0.22881834208965302, 0.0951499491930008
0.19587814807891846, 0.04124268516898155
0.19238285720348358, 0.07294552773237228
0.23753400146961212, 0.09706105291843414
0.20968641340732574, 0.06013856083154678
0.15942735970020294, 0.060046471655368805
0.21486787497997284, 0.09512962400913239
0.20830880105495453, 0.06069613993167877
0.2428114116191864, 0.09625867009162903
0.18910476565361023, 0.062269434332847595
0.18225359916687012, 0.09150790423154831
0.20907872915267944, 0.10674978792667389
0.15492673218250275, 0.039347801357507706
0.17106224596500397, 0.07200051099061966
0.22759093344211578, 0.10472460836172104
0.22851450741291046, 0.10348629951477051
0.18727810680866241, 0.052981991320848465
0.1818692833185196, 0.0545819029211998
0.18651187419891357, 0.05574439838528633
0.21571120619773865, 0.07453834265470505
0.15368536114692688, 0.043417494744062424
0.20614081621170044, 0.08045044541358948
0.1665077656507492, 0.047818832099437714
0.18267376720905304, 0.06548784673213959
0.16385342180728912, 0.06981875002384186
0.16272909939289093, 0.0434541217982769
0.1718936711549759, 0.07243061810731888
0.26063671708106995, 0.08199447393417358
0.2159176915884018, 0.08393645286560059
0.18056505918502808, 0.05335189774632454
0.1773131787776947, 0.05879753828048706
0.1487276554107666, 0.05380554497241974
0.19078408181667328, 0.04261307045817375
0.1818900853395462, 0.06330965459346771
0.18546538054943085, 0.05184272676706314
0.17687149345874786, 0.0441523939371109
0.23084013164043427, 0.09313029050827026
0.2026471495628357, 0.06953442096710205
0.2666022777557373, 0.11271921545267105
0.17405052483081818, 0.04650447145104408
0.19767776131629944, 0.07041564583778381
0.1953885704278946, 0.07511280477046967
0.17086203396320343, 0.06274212151765823
0.18880796432495117, 0.0716886967420578
0.26295799016952515, 0.08203239738941193
0.13613669574260712, 0.03319064900279045
0.15930519998073578, 0.04259742051362991
0.20465731620788574, 0.07752613723278046
0.1609712392091751, 0.055942777544260025
0.1803155243396759, 0.06718382984399796
0.2037268728017807, 0.08393833041191101
0.22991988062858582, 0.07869996130466461
0.23513145744800568, 0.11326005309820175
0.1710519939661026, 0.03557359427213669
0.18700404465198517, 0.0785190686583519
0.17983944714069366, 0.06320066004991531
0.2973805069923401, 0.12065824121236801
0.30515775084495544, 0.19667461514472961
0.25811874866485596, 0.08830074220895767
0.23064354062080383, 0.06282984465360641
0.2523491382598877, 0.08296754956245422
0.1506444811820984, 0.03208055719733238
0.19558574259281158, 0.07451269030570984
0.23104935884475708, 0.08988609910011292
0.15342508256435394, 0.06074299290776253
0.14136190712451935, 0.04510620981454849
0.1933375746011734, 0.059669461101293564
0.18275661766529083, 0.07972502708435059
0.1684337854385376, 0.04986279457807541
0.19822721183300018, 0.07289968430995941
0.17726747691631317, 0.06305442005395889
0.15898096561431885, 0.03601808845996857
0.17103171348571777, 0.060371626168489456
0.16533847153186798, 0.03985997289419174
0.14823438227176666, 0.052826426923274994
0.15104760229587555, 0.05516156181693077
0.18785972893238068, 0.06220180541276932
0.21445348858833313, 0.08195208758115768
0.17433127760887146, 0.0629153847694397
0.1639539897441864, 0.03907918930053711
0.14321115612983704, 0.0589912012219429
0.1609116792678833, 0.057932522147893906
0.16578589379787445, 0.05307560786604881
0.17329372465610504, 0.08722806721925735
0.1502242535352707, 0.05434166640043259
0.18610624969005585, 0.05839212238788605
0.1608750969171524, 0.04800601676106453
0.14267155528068542, 0.03607437387108803
0.19252365827560425, 0.04936469346284866
0.15286453068256378, 0.05653403326869011
0.1726352721452713, 0.0497654490172863
0.1838262677192688, 0.05019088089466095
0.16527950763702393, 0.07141688466072083
0.11618643254041672, 0.033946022391319275
0.15906961262226105, 0.04694840684533119
0.16982752084732056, 0.03885374590754509
0.17504556477069855, 0.05588683485984802
0.1762281209230423, 0.054942548274993896
0.1995110660791397, 0.08437015116214752
0.16587795317173004, 0.06234455853700638
0.2219027429819107, 0.07526840269565582
0.20823140442371368, 0.07213187962770462
0.1535620391368866, 0.03582295775413513
0.22246533632278442, 0.08227342367172241
0.28065064549446106, 0.11225434392690659
0.21803005039691925, 0.07783515751361847
0.15622767806053162, 0.04028931260108948
0.2003105729818344, 0.058038100600242615
0.15710660815238953, 0.050852637737989426
0.13624143600463867, 0.062009718269109726
0.15487363934516907, 0.03029666282236576
0.17022033035755157, 0.03265882283449173
0.15514014661312103, 0.05371273308992386
0.13543057441711426, 0.0461716502904892
0.1298946887254715, 0.033139485865831375
0.15071791410446167, 0.04456556215882301
0.20607730746269226, 0.06660603731870651
0.16573069989681244, 0.05742357298731804
0.1925613135099411, 0.05472614988684654
0.2022334784269333, 0.07686643302440643
0.2614489197731018, 0.11370998620986938
0.26098352670669556, 0.08323314785957336
0.20068533718585968, 0.06197677180171013
0.2099819928407669, 0.06926053017377853
0.1957819014787674, 0.059721361845731735
0.2676981985569, 0.06454046070575714
0.2831389605998993, 0.11773864924907684
0.16998134553432465, 0.06347872316837311
0.17215712368488312, 0.04197758063673973
0.1544831097126007, 0.06440700590610504
0.17980550229549408, 0.04645117372274399
0.1917857676744461, 0.08597876131534576
0.19660386443138123, 0.09675109386444092
0.14685730636119843, 0.051762890070676804
0.14782597124576569, 0.04317076876759529
0.14673610031604767, 0.04469795152544975
0.17080242931842804, 0.06292204558849335
0.25172513723373413, 0.12360094487667084
0.3329305946826935, 0.10584206879138947
0.251009464263916, 0.09913744777441025
0.1486886888742447, 0.04330059885978699
0.14938582479953766, 0.07246658951044083
0.1447015404701233, 0.044827405363321304
0.1530337929725647, 0.04366322606801987
0.19803184270858765, 0.08578218519687653
0.17630989849567413, 0.07094667106866837
0.1882314234972, 0.04935834929347038
0.18612316250801086, 0.06219717115163803
0.18361090123653412, 0.04699835926294327
0.16714335978031158, 0.06441488862037659
0.17160823941230774, 0.05692148953676224
0.21434935927391052, 0.07271653413772583
0.1691157966852188, 0.05153084546327591
0.12252329289913177, 0.029830148443579674
0.18564791977405548, 0.061260055750608444
0.15048693120479584, 0.05460400506854057
0.1315384954214096, 0.03818362578749657
0.1755615621805191, 0.0695788636803627
0.1411283314228058, 0.04198666289448738
0.17104895412921906, 0.05063455179333687
0.16994622349739075, 0.05649672448635101
0.22223186492919922, 0.10896095633506775
0.1607259064912796, 0.05401383340358734
0.18983562290668488, 0.078811876475811
0.24238593876361847, 0.11151707917451859
0.21147064864635468, 0.08290451765060425
0.16466836631298065, 0.03646256774663925
0.17509494721889496, 0.06327459961175919
0.1423874795436859, 0.03734784573316574
0.17186172306537628, 0.0591047964990139
0.1408199667930603, 0.04162667319178581
0.13112403452396393, 0.04411947354674339
0.15693481266498566, 0.0545278824865818
0.25128835439682007, 0.0699259415268898
0.2409873753786087, 0.07297835499048233
0.18885333836078644, 0.08950003981590271
0.12615768611431122, 0.03778618946671486
0.16705895960330963, 0.046579476445913315
0.1736510545015335, 0.03665553033351898
0.17340810596942902, 0.045592330396175385
0.18189071118831635, 0.05266663432121277
0.1939004361629486, 0.06745583564043045
0.23191243410110474, 0.11335968971252441
0.12812767922878265, 0.043514762073755264
0.14370590448379517, 0.03943201154470444
0.17183628678321838, 0.0656990259885788
0.16371186077594757, 0.05986250191926956
0.16840273141860962, 0.052105966955423355
0.13731856644153595, 0.0381760336458683
0.13535593450069427, 0.04646666347980499
0.1713012158870697, 0.07363857328891754
0.1790093183517456, 0.07889726012945175
0.18261690437793732, 0.05752328410744667
0.20174343883991241, 0.07092282921075821
0.23924711346626282, 0.09217418730258942
0.2423921674489975, 0.11887001991271973
0.1528153121471405, 0.048268143087625504
0.16062043607234955, 0.052015963941812515
0.15783362090587616, 0.06466222554445267
0.1454433798789978, 0.04011476784944534
0.13817289471626282, 0.043268103152513504
0.13884340226650238, 0.05371853709220886
0.17120209336280823, 0.0709158256649971
0.16076868772506714, 0.05028112232685089
0.17319878935813904, 0.06452620774507523
0.18284972012043, 0.08583766967058182
0.19204753637313843, 0.0666656345129013
0.20175953209400177, 0.09059245884418488
0.23632438480854034, 0.08646170049905777
0.19629444181919098, 0.0684291422367096
0.16394345462322235, 0.06190751865506172
0.20732493698596954, 0.09243772178888321
0.18431290984153748, 0.0702073872089386
0.12696467339992523, 0.040748365223407745
0.14734433591365814, 0.05944560095667839
0.2090817242860794, 0.06789622455835342
0.17188259959220886, 0.05269666016101837
0.15243171155452728, 0.03983908146619797
0.16264261305332184, 0.058926861733198166
0.21927510201931, 0.09175542742013931
0.25355029106140137, 0.07904857397079468
0.21774709224700928, 0.07863666117191315
0.1654038429260254, 0.056750211864709854
0.1275242120027542, 0.047419022768735886
0.1567796766757965, 0.060702741146087646
0.1278117597103119, 0.032744359225034714
0.1851547360420227, 0.06319186091423035
0.21474139392375946, 0.09472573548555374
0.23206771910190582, 0.0941150113940239
0.25234419107437134, 0.09376108646392822
0.2601666748523712, 0.08968976885080338
0.20314811170101166, 0.0651061162352562
0.1654873639345169, 0.06823525577783585
0.15903553366661072, 0.04045237600803375
0.14938849210739136, 0.05433647707104683
0.19030863046646118, 0.05800296738743782
0.18018288910388947, 0.06414133310317993
0.19862991571426392, 0.0671611800789833
0.1804572194814682, 0.05607011541724205
0.19569502770900726, 0.07348953932523727
0.2221057116985321, 0.10587999224662781
0.14133639633655548, 0.04571082815527916
0.16335341334342957, 0.05797965079545975
0.17971663177013397, 0.07140903919935226
0.16423332691192627, 0.050972916185855865
0.13511303067207336, 0.04163549840450287
0.16098248958587646, 0.041768334805965424
0.1584756225347519, 0.04788440093398094
0.14014503359794617, 0.06102380529046059
0.1280067414045334, 0.03664906695485115
0.15125200152397156, 0.053099703043699265
0.15027153491973877, 0.04945918917655945
0.15103673934936523, 0.05419766902923584
0.1270158737897873, 0.041384145617485046
0.1579136848449707, 0.061071451753377914
0.17520463466644287, 0.039079707115888596
0.1685331165790558, 0.0629490539431572
0.18592338263988495, 0.06586030125617981
0.13583235442638397, 0.032515667378902435
0.17464055120944977, 0.05141768977046013
0.20622947812080383, 0.07910846173763275
0.1556926965713501, 0.08039823174476624
0.19472366571426392, 0.06959835439920425
0.18939310312271118, 0.07020267844200134
0.172306627035141, 0.055571671575307846
0.22242231667041779, 0.09304846823215485
0.19339804351329803, 0.08991137146949768
0.1759585589170456, 0.0920419692993164
0.1980849802494049, 0.057903509587049484
0.14600250124931335, 0.04668199643492699
0.1940222531557083, 0.09416080266237259
0.15716372430324554, 0.06308645755052567
0.1452452391386032, 0.04762053117156029
0.14863821864128113, 0.04258062317967415
0.1829562485218048, 0.05561033636331558
0.21395142376422882, 0.07881933450698853
0.24070784449577332, 0.06829339265823364
0.1901964396238327, 0.07467184960842133
0.1414726972579956, 0.045039862394332886
0.18467874825000763, 0.04637947678565979
0.14767873287200928, 0.055861782282590866
0.19577093422412872, 0.06442449241876602
0.1730377972126007, 0.06626241654157639
0.2186589390039444, 0.08261516690254211
0.28584104776382446, 0.14547137916088104
0.21271739900112152, 0.07039127498865128
0.17909710109233856, 0.06982821971178055
0.14747025072574615, 0.048744797706604004
0.16738945245742798, 0.05298063904047012
0.14102283120155334, 0.06422439217567444
0.21690893173217773, 0.1034238263964653
0.1885761022567749, 0.0709151029586792
0.17080752551555634, 0.06857729703187943
0.1910485178232193, 0.07662370055913925
0.13919609785079956, 0.035388920456171036
0.14083854854106903, 0.036150477826595306
0.14763407409191132, 0.05080768093466759
0.17275725305080414, 0.06305718421936035
0.11819476634263992, 0.03889552876353264
0.11119002848863602, 0.02908828854560852
0.13086625933647156, 0.04169142618775368
0.19328854978084564, 0.08210241049528122
0.19621479511260986, 0.0754532590508461
0.187480166554451, 0.05938049405813217
0.1410825401544571, 0.0545247346162796
0.15599793195724487, 0.03730727359652519
0.16973142325878143, 0.051383644342422485
0.1694200038909912, 0.07113247364759445
0.15313097834587097, 0.044014640152454376
0.14559119939804077, 0.05226154997944832
0.16512487828731537, 0.05378138646483421
0.13504403829574585, 0.052920229732990265
0.14184097945690155, 0.045578084886074066
0.143109992146492, 0.055060986429452896
0.14540310204029083, 0.038666773587465286
0.15268483757972717, 0.07639654725790024
0.19689686596393585, 0.06396236270666122
0.12595975399017334, 0.03314445540308952
0.1826278418302536, 0.059686511754989624
0.15523989498615265, 0.043753575533628464
0.18095098435878754, 0.057994283735752106
0.1862003058195114, 0.06403318792581558
0.17892463505268097, 0.06409542262554169
0.1330110877752304, 0.03848857432603836
0.15132023394107819, 0.04249100759625435
0.18186375498771667, 0.0553550161421299
0.1619289070367813, 0.04674515873193741
0.1985311210155487, 0.05431061610579491
0.1872892677783966, 0.054405707865953445
0.1314578801393509, 0.0418989397585392
0.14298854768276215, 0.03948844224214554
0.1574210524559021, 0.04620274901390076
0.14985881745815277, 0.0549406036734581
0.2434571385383606, 0.10310980677604675
0.1893443614244461, 0.06824631243944168
0.13814644515514374, 0.04817366600036621
0.14550858736038208, 0.03729700669646263
0.17028534412384033, 0.0502556674182415
0.1847403645515442, 0.048364996910095215
0.1500675231218338, 0.05046449601650238
0.18454940617084503, 0.0692087858915329
0.1511819064617157, 0.044317517429590225
0.15181668102741241, 0.03882768005132675
0.1656264066696167, 0.06188812106847763
0.19078658521175385, 0.04711615666747093
0.18494069576263428, 0.06160406023263931
0.14532257616519928, 0.04748314619064331
0.15615496039390564, 0.06364454329013824
0.13684837520122528, 0.03409096226096153
0.12792058289051056, 0.03100205399096012
0.17512200772762299, 0.0725826695561409
0.19663533568382263, 0.05692827329039574
0.13223376870155334, 0.04052210971713066
0.14877283573150635, 0.03492187336087227
0.2540377080440521, 0.10955534875392914
0.28675606846809387, 0.10144331306219101
0.18902312219142914, 0.06830117851495743
0.19590285420417786, 0.06363220512866974
0.14433662593364716, 0.056367356330156326
0.14902110397815704, 0.04531706124544144
0.14306551218032837, 0.052976738661527634
0.2524506151676178, 0.10882259905338287
0.17992641031742096, 0.06790510565042496
0.17083512246608734, 0.04252955690026283
0.14561399817466736, 0.050397127866744995
0.1721232682466507, 0.059374481439590454
0.15958063304424286, 0.04438461363315582
0.15507104992866516, 0.05332919582724571
0.17124588787555695, 0.038210999220609665
0.1929708570241928, 0.08036071807146072
0.14969761669635773, 0.053214263170957565
0.1867707222700119, 0.06749113649129868
0.12297943979501724, 0.034541185945272446
0.11491673439741135, 0.023763088509440422
0.14238865673542023, 0.04836122319102287
0.20278680324554443, 0.08563698828220367
0.22484458982944489, 0.09298917651176453
0.21991568803787231, 0.06643455475568771
0.22379350662231445, 0.06255685538053513
0.22103925049304962, 0.04934842139482498
0.16242320835590363, 0.06530967354774475
0.1417902112007141, 0.05073567107319832
0.13333827257156372, 0.035628773272037506
0.15084441006183624, 0.04980016127228737
0.18115270137786865, 0.05793306231498718
0.1609402447938919, 0.06136811897158623
0.17054738104343414, 0.05852191895246506
0.13099560141563416, 0.035360731184482574
0.17986181378364563, 0.057495761662721634
0.1262042075395584, 0.03605180233716965
0.14982125163078308, 0.051678989082574844
0.14983384311199188, 0.04435689002275467
0.12417472898960114, 0.0319562591612339
0.1589706391096115, 0.05210975557565689
0.11807117611169815, 0.035135410726070404
0.1477167308330536, 0.050114694982767105
0.15785498917102814, 0.0628388300538063
0.14852078258991241, 0.04511432349681854
0.1453842669725418, 0.03242123872041702
0.13594190776348114, 0.03214169293642044
0.13199469447135925, 0.03688880428671837
0.1457609385251999, 0.040319446474313736
0.13505032658576965, 0.044251445680856705
0.18267616629600525, 0.0518716499209404
0.1997133493423462, 0.07521944493055344
0.23055730760097504, 0.10054873675107956
0.15763415396213531, 0.043715737760066986
0.16226711869239807, 0.04070764780044556
0.13679832220077515, 0.042395204305648804
0.13031981885433197, 0.03757771849632263
0.1936756670475006, 0.07137554883956909
0.16178472340106964, 0.035129811614751816
0.1811758279800415, 0.07291355729103088
0.19668647646903992, 0.07797103375196457
0.15678639709949493, 0.02858157269656658
0.13461065292358398, 0.05715324357151985
0.15456350147724152, 0.04488617181777954
0.14464597404003143, 0.04293539375066757
0.14941726624965668, 0.035613782703876495
0.16125158965587616, 0.03778017684817314
0.15737366676330566, 0.03625376895070076
0.1731647104024887, 0.07923995703458786
0.16116735339164734, 0.04975661262869835
0.1849883645772934, 0.057907022535800934
0.2310512810945511, 0.09999160468578339
0.15844812989234924, 0.036343786865472794
0.14310039579868317, 0.03985228389501572
0.19167768955230713, 0.10311814397573471
0.14023084938526154, 0.05420152097940445
0.14888104796409607, 0.05271638557314873
0.18226270377635956, 0.10452068597078323
0.18466895818710327, 0.05290530249476433
0.17930255830287933, 0.0739128589630127
0.1944740116596222, 0.08876282721757889
0.21317315101623535, 0.0743459016084671
0.24110428988933563, 0.1112305074930191
0.25728732347488403, 0.10714138299226761
0.17332105338573456, 0.05923043191432953
0.13644976913928986, 0.048049747943878174
0.1303299069404602, 0.040822818875312805
0.12994806468486786, 0.03246723487973213
0.14937220513820648, 0.046749234199523926
0.199506476521492, 0.07567785680294037
0.15758559107780457, 0.044939979910850525
0.13704189658164978, 0.037050846964120865
0.16671495139598846, 0.05808684974908829
0.10895088315010071, 0.026438161730766296
0.12981131672859192, 0.03694542869925499
0.152012899518013, 0.045371949672698975
0.13730700314044952, 0.046465788036584854
0.16323541104793549, 0.06460104882717133
0.2085578441619873, 0.07539071142673492
0.2159585952758789, 0.06848310679197311
0.15758627653121948, 0.04400245472788811
0.2171458750963211, 0.07786089926958084
0.20240677893161774, 0.08649828284978867
0.16162680089473724, 0.043818194419145584
0.13523894548416138, 0.04146815836429596
0.17625375092029572, 0.045019324868917465
0.15750212967395782, 0.0282492283731699
0.16470059752464294, 0.05260801687836647
0.18290753662586212, 0.04936068877577782
0.23727329075336456, 0.08262211829423904
0.22602126002311707, 0.09678588062524796
0.17312873899936676, 0.052912965416908264
0.15356707572937012, 0.05107377842068672
0.18662653863430023, 0.058149006217718124
0.18907079100608826, 0.07059376686811447
0.14617006480693817, 0.047442175447940826
0.1584882289171219, 0.0637412741780281
0.1533496081829071, 0.04952525720000267
0.13221287727355957, 0.038459412753582
0.13655313849449158, 0.046071771532297134
0.171448215842247, 0.06672628968954086
0.1903505027294159, 0.07028798758983612
0.22911538183689117, 0.08869543671607971
0.12787017226219177, 0.0319506973028183
0.12362845987081528, 0.04625704884529114
0.11374090611934662, 0.037006624042987823
0.12949274480342865, 0.047531239688396454
0.134114608168602, 0.04988400265574455
0.13422389328479767, 0.043670326471328735
0.17423048615455627, 0.0612231083214283
0.13180974125862122, 0.03845220059156418
0.16915638744831085, 0.06693733483552933
0.15563464164733887, 0.04830373078584671
0.1912599354982376, 0.055390749126672745
0.15850205719470978, 0.037887442857027054
0.13753612339496613, 0.03615478426218033
0.11835385859012604, 0.043010421097278595
0.12190510332584381, 0.037348370999097824
0.1682273894548416, 0.08016503602266312
0.13788221776485443, 0.04395924508571625
0.14370231330394745, 0.05383829399943352
0.1389826089143753, 0.039095986634492874
0.15829794108867645, 0.05787244439125061
0.14585302770137787, 0.05601570010185242
0.16598491370677948, 0.0362703837454319
0.13437092304229736, 0.03265322744846344
0.14837820827960968, 0.046633586287498474
0.1399375945329666, 0.05256055295467377
0.18264372646808624, 0.06915470212697983
0.14295834302902222, 0.041904449462890625
0.16595204174518585, 0.06982319056987762
0.2152600735425949, 0.08167292177677155
0.20595236122608185, 0.0570945143699646
0.18123871088027954, 0.06694058328866959
0.1736595630645752, 0.0579821839928627
0.19354477524757385, 0.04918444901704788
0.13901948928833008, 0.03701230511069298
0.16019472479820251, 0.05294394865632057
0.11540334671735764, 0.03345420956611633
0.11826387047767639, 0.03379970043897629
0.1589110940694809, 0.0792367234826088
0.14942483603954315, 0.027678346261382103
0.16344496607780457, 0.061434559524059296
0.19377394020557404, 0.07076133787631989
0.190182164311409, 0.08623140305280685
0.13453003764152527, 0.03883923962712288
0.14634785056114197, 0.04673779383301735
0.15177692472934723, 0.026249762624502182
0.16757775843143463, 0.07131145894527435
0.19597454369068146, 0.07176119089126587
0.37996748089790344, 0.2381766140460968
0.43059656023979187, 0.18781991302967072
0.3386857211589813, 0.12919588387012482
0.2107052057981491, 0.09575848281383514
0.1820637732744217, 0.05587528273463249
0.19691234827041626, 0.10125425457954407
0.2714392840862274, 0.09752357751131058
0.12187480926513672, 0.02407856658101082
0.11174272000789642, 0.03704192116856575
0.15990109741687775, 0.05095384269952774
0.16103176772594452, 0.06808920949697495
0.14540532231330872, 0.04554900527000427
0.1201651394367218, 0.031448300927877426
0.14257249236106873, 0.041304267942905426
0.16361337900161743, 0.05516906455159187
0.14664427936077118, 0.04926026985049248
0.1581120491027832, 0.05685529112815857
0.2105301171541214, 0.0722237154841423
0.13911187648773193, 0.023198772221803665
0.19293376803398132, 0.05570516362786293
0.17826691269874573, 0.04960493743419647
0.1716616302728653, 0.06260289996862411
0.14618150889873505, 0.06402703374624252
0.15079565346240997, 0.05361940339207649
0.16030992567539215, 0.05649426952004433
0.1860889345407486, 0.05503292381763458
0.15937048196792603, 0.043776143342256546
0.14963561296463013, 0.04829419031739235
0.1191873699426651, 0.031099624931812286
0.16653972864151, 0.0505126528441906
0.17748166620731354, 0.07468722760677338
0.15135380625724792, 0.05541783198714256
0.1821955293416977, 0.07073763012886047
0.1493978500366211, 0.049827393144369125
0.16957999765872955, 0.05126335099339485
0.15236683189868927, 0.0859750285744667
0.11315935105085373, 0.04995206370949745
0.12877953052520752, 0.04520845040678978
0.18285512924194336, 0.046517129987478256
0.1526440680027008, 0.07381562143564224
0.19852793216705322, 0.09913574159145355
0.17442144453525543, 0.057822611182928085
0.15797346830368042, 0.05616174265742302
0.1291627585887909, 0.03594064712524414
0.16006676852703094, 0.046549584716558456
0.24802245199680328, 0.1067756712436676
0.21622103452682495, 0.10797732323408127
0.19983342289924622, 0.08698800951242447
0.23346000909805298, 0.08082763105630875
0.1306825429201126, 0.05247008800506592
0.16052725911140442, 0.051417745649814606
0.19208233058452606, 0.05948631837964058
0.16617484390735626, 0.03360217437148094
0.1667376011610031, 0.05780783295631409
0.16327796876430511, 0.044658392667770386
0.15428201854228973, 0.05687054619193077
0.16365918517112732, 0.061393748968839645
0.12072338163852692, 0.03359603509306908
0.12994970381259918, 0.0389908105134964
0.12619978189468384, 0.027083024382591248
0.14527678489685059, 0.039330996572971344
0.1801496148109436, 0.06209302693605423
0.19246187806129456, 0.0762975811958313
0.14786438643932343, 0.048949021846055984
0.1582266241312027, 0.05586131662130356
0.13902725279331207, 0.03990907967090607
0.14610812067985535, 0.04044375196099281
0.13535510003566742, 0.04983292892575264
0.13317938148975372, 0.03317784518003464
0.14007103443145752, 0.05106503516435623
0.14625202119350433, 0.06409639120101929
0.16898834705352783, 0.09212468564510345
0.19868406653404236, 0.08067085593938828
0.13777215778827667, 0.03815462812781334
0.1493609994649887, 0.053567126393318176
0.1254192739725113, 0.03143890202045441
0.14820604026317596, 0.03211669623851776
0.1923307478427887, 0.07137512415647507
0.17635779082775116, 0.0677378848195076
0.170208141207695, 0.04574280604720116
0.1533685028553009, 0.052244797348976135
0.1793011724948883, 0.06599686294794083
0.21056972444057465, 0.0757671520113945
0.1570027768611908, 0.05510672181844711
0.13963453471660614, 0.03628712147474289
0.1895420104265213, 0.0424526110291481
0.16954755783081055, 0.05230920761823654
0.13173629343509674, 0.04243960976600647
0.13671834766864777, 0.03509388118982315
0.1381262242794037, 0.04629015550017357
0.13854463398456573, 0.0317731648683548
0.20280374586582184, 0.0969129279255867
0.15440815687179565, 0.0659937784075737
0.17248207330703735, 0.06240854039788246
0.1968129277229309, 0.07341250777244568
0.15654219686985016, 0.05788293108344078
0.16233299672603607, 0.053425129503011703
0.13148196041584015, 0.03820298612117767
0.14461076259613037, 0.0501645989716053
0.15818046033382416, 0.04974651709198952
0.1874377280473709, 0.08129715174436569
0.1903546154499054, 0.08860819041728973
0.17519935965538025, 0.08427683264017105
0.14011076092720032, 0.032282132655382156
0.12460313737392426, 0.031557369977235794
0.12731777131557465, 0.03368830308318138
0.19917793571949005, 0.09095077216625214
0.20415301620960236, 0.06627746671438217
0.18397998809814453, 0.0797877311706543
0.14251525700092316, 0.046529918909072876
0.16735465824604034, 0.05205308645963669
0.1549786627292633, 0.05663659796118736
0.12451798468828201, 0.03601282089948654
0.15313859283924103, 0.055823300033807755
0.17060430347919464, 0.059629589319229126
0.15590490400791168, 0.07820472121238708
0.17525453865528107, 0.07968726754188538
0.23289312422275543, 0.09542850404977798
0.1480068415403366, 0.06501035392284393
0.1478334218263626, 0.056041885167360306
0.1939268559217453, 0.09349872916936874
0.1405320167541504, 0.06351614743471146
0.1390637457370758, 0.051843222230672836
0.16310499608516693, 0.0617181621491909
0.1353691667318344, 0.05000728741288185
0.16066890954971313, 0.06025827303528786
0.15046897530555725, 0.061828259378671646
0.12726232409477234, 0.035276468843221664
0.11865051835775375, 0.041267991065979004
0.1252518594264984, 0.03089655563235283
0.10668230801820755, 0.030203858390450478
0.12241599708795547, 0.03566351905465126
0.17477788031101227, 0.047865044325590134
0.2281247228384018, 0.09588875621557236
0.18944978713989258, 0.06482919305562973
0.14039000868797302, 0.036934562027454376
0.11071956157684326, 0.029841337352991104
0.13857324421405792, 0.02579600363969803
0.16315598785877228, 0.05303298681974411
0.10915932804346085, 0.026709962636232376
0.1465175598859787, 0.05406613275408745
0.18521836400032043, 0.0593801885843277
0.150564506649971, 0.037909507751464844
0.15006409585475922, 0.044127631932497025
0.13923242688179016, 0.06873457133769989
0.13974244892597198, 0.05468325689435005
0.11900343000888824, 0.038170307874679565
0.14568093419075012, 0.03471400588750839
0.182219997048378, 0.05589348450303078
0.15552353858947754, 0.05924846976995468
0.12138377130031586, 0.04978406801819801
0.13506053388118744, 0.04412830248475075
0.13230235874652863, 0.04358110576868057
0.10321621596813202, 0.02594172954559326
0.16861683130264282, 0.0665019080042839
0.1598619520664215, 0.06007719039916992
0.11858854442834854, 0.04194217547774315
0.13031812012195587, 0.04468293488025665
0.16021111607551575, 0.04429970681667328
0.13980208337306976, 0.03547101467847824
0.16147303581237793, 0.05502757802605629
0.19395245611667633, 0.06361127644777298
0.1554241180419922, 0.05769505351781845
0.14600031077861786, 0.06824610382318497
0.16566942632198334, 0.06974833458662033
0.17187251150608063, 0.0483115091919899
0.15622736513614655, 0.056739963591098785
0.2234332263469696, 0.08064586669206619
0.1830652356147766, 0.06592128425836563
0.10712427645921707, 0.016772083938121796
0.1653507798910141, 0.05603122338652611
0.16542193293571472, 0.048967041075229645
0.23303890228271484, 0.06934719532728195
0.18879452347755432, 0.0686967521905899
0.15128053724765778, 0.05803823843598366
0.17388799786567688, 0.05744456499814987
0.19515235722064972, 0.06787899881601334
0.14813949167728424, 0.05454063415527344
0.1379595845937729, 0.04703446105122566
0.12105821073055267, 0.035097621381282806
0.1487334668636322, 0.046838294714689255
0.179855078458786, 0.0741308182477951
0.17542701959609985, 0.06494254618883133
0.1885702759027481, 0.061200328171253204
0.1551511138677597, 0.03531057387590408
0.1466885507106781, 0.04151029884815216
0.18051017820835114, 0.0446159653365612
0.22426339983940125, 0.08323169499635696
0.18638738989830017, 0.05971476435661316
0.19412848353385925, 0.0762503519654274
0.13274341821670532, 0.0332355760037899
0.12570197880268097, 0.03307626396417618
0.15059784054756165, 0.06160035729408264
0.19492299854755402, 0.06183641031384468
0.168972447514534, 0.06012647598981857
0.17983563244342804, 0.09324835985898972
0.2690936028957367, 0.12065889686346054
0.25561049580574036, 0.10308302938938141
0.17056375741958618, 0.051960915327072144
0.13531236350536346, 0.03337299823760986
0.1179136410355568, 0.02811407670378685
0.13536599278450012, 0.045344434678554535
0.13001355528831482, 0.028914179652929306
0.13855630159378052, 0.0575210377573967
0.13712471723556519, 0.04488402232527733
0.15556177496910095, 0.038685690611600876
0.19004881381988525, 0.0852886214852333
0.12261980026960373, 0.03566891700029373
0.17345258593559265, 0.07936850935220718
0.1285054236650467, 0.036321863532066345
0.13904565572738647, 0.043715693056583405
0.16942566633224487, 0.05014921724796295
0.15483984351158142, 0.05543799325823784
0.1259988248348236, 0.03987494483590126
0.1533069610595703, 0.06437280029058456
0.18729890882968903, 0.10770007222890854
0.16673073172569275, 0.05277881398797035
0.17012405395507812, 0.06384952366352081
0.1446717381477356, 0.05917901173233986
0.1840803176164627, 0.055997204035520554
0.1468990594148636, 0.058455463498830795
0.11967965215444565, 0.038673363626003265
0.13589569926261902, 0.040206920355558395
0.12471617758274078, 0.03407106176018715
0.11707372218370438, 0.030989037826657295
0.13192124664783478, 0.05178660526871681
0.14925269782543182, 0.03724493831396103
0.14923802018165588, 0.052523765712976456
0.15733912587165833, 0.04868712276220322
0.15042763948440552, 0.056373320519924164
0.16206437349319458, 0.07085557281970978
0.11227957159280777, 0.04367265850305557
0.14640314877033234, 0.05626777186989784
0.1952635943889618, 0.06745025515556335
0.13888761401176453, 0.03203422576189041
0.12012840807437897, 0.04476826265454292
0.1209825798869133, 0.03447291627526283
0.1161055937409401, 0.03368736803531647
0.13623447716236115, 0.03585951775312424
0.13707037270069122, 0.041444770991802216
0.17438741028308868, 0.06548259407281876
0.1805536448955536, 0.07184545695781708
0.15296217799186707, 0.04649829864501953
0.18429303169250488, 0.07382876425981522
0.18546782433986664, 0.06672929227352142
0.16409438848495483, 0.05461759865283966
0.2026309221982956, 0.052791159600019455
0.1433090716600418, 0.033384062349796295
0.1994713991880417, 0.10144965350627899
0.16931474208831787, 0.06223133206367493
0.1333913803100586, 0.043552178889513016
0.14147943258285522, 0.04945411905646324
0.15852408111095428, 0.060718879103660583
0.1465640515089035, 0.05943935364484787
0.19941192865371704, 0.07891475409269333
0.19488774240016937, 0.07396999001502991
0.15367797017097473, 0.03890157490968704
0.16169510781764984, 0.08191493153572083
0.221107617020607, 0.08000513911247253
0.1966342031955719, 0.0723436027765274
0.19578026235103607, 0.06443926692008972
0.26094919443130493, 0.10352842509746552
0.2504759430885315, 0.10208429396152496
0.1932232528924942, 0.0789835974574089
0.1827896535396576, 0.0708918496966362
0.20486235618591309, 0.0784464031457901
0.12863682210445404, 0.03878283500671387
0.16035936772823334, 0.0702187791466713
0.15972642600536346, 0.04871911555528641
0.16226650774478912, 0.058915875852108
0.20126406848430634, 0.07408410310745239
0.17471402883529663, 0.05253919959068298
0.170925572514534, 0.057218942791223526
0.12897202372550964, 0.03355119004845619
0.15952150523662567, 0.04781012237071991
0.2378837615251541, 0.12388461828231812
0.17834442853927612, 0.07196133583784103
0.16615435481071472, 0.05113977938890457
0.19959726929664612, 0.07750334590673447
0.1414991319179535, 0.04847891256213188
0.14683698117733002, 0.04284220188856125
0.12899240851402283, 0.033576540648937225
0.11948060989379883, 0.038906026631593704
0.15831296145915985, 0.05110957473516464
0.12188354134559631, 0.020647110417485237
0.11701026558876038, 0.04767446219921112
0.14238260686397552, 0.05572712793946266
0.16940189898014069, 0.06004028394818306
0.21340690553188324, 0.0647498294711113
0.16808339953422546, 0.08650769293308258
0.14487527310848236, 0.05851241946220398
0.15097595751285553, 0.057572949677705765
0.17730645835399628, 0.055077552795410156
0.15124745666980743, 0.07261772453784943
0.1386357694864273, 0.04445052146911621
0.14897975325584412, 0.055406562983989716
0.1489473134279251, 0.04891892895102501
0.13547880947589874, 0.05590415373444557
0.137760728597641, 0.03810086101293564
0.1313779354095459, 0.04436242952942848
0.12422583997249603, 0.03526855632662773
0.12974929809570312, 0.05209777504205704
0.13858872652053833, 0.055675700306892395
0.15064553916454315, 0.05533691868185997
0.14032001793384552, 0.049526363611221313
0.1520409733057022, 0.03815793991088867
0.13872723281383514, 0.04556407406926155
0.11911199986934662, 0.02815016731619835
0.12080913037061691, 0.036976542323827744
0.12780369818210602, 0.027954425662755966
0.12009886652231216, 0.03700922429561615
0.13365964591503143, 0.04161950573325157
0.20549148321151733, 0.07197040319442749
0.1677435040473938, 0.06022004038095474
0.12386204302310944, 0.03328928351402283
0.15105284750461578, 0.060599185526371
0.1273428350687027, 0.04201643541455269
0.138488307595253, 0.05947544053196907
0.12450417131185532, 0.03819892555475235
0.13582392036914825, 0.033225543797016144
0.1250809133052826, 0.036639705300331116
0.1527239829301834, 0.05670370161533356
0.16345316171646118, 0.06286264955997467
0.14718638360500336, 0.04959975928068161
0.13473588228225708, 0.03860543295741081
0.15281209349632263, 0.05674698203802109
0.1580439656972885, 0.07165956497192383
0.1580348014831543, 0.06741491705179214
0.1336258053779602, 0.037071261554956436
0.13747288286685944, 0.0406985841691494
0.13809239864349365, 0.04637446254491806
0.1475352942943573, 0.04293448105454445
0.12131276726722717, 0.03919327259063721
0.1285570114850998, 0.036656614392995834
0.22688545286655426, 0.09039086103439331
0.2322368621826172, 0.07876276224851608
0.2059689462184906, 0.06299564987421036
0.14855842292308807, 0.052420955151319504
0.12201695889234543, 0.035874467343091965
0.12011171877384186, 0.03020361065864563
0.14311300218105316, 0.04599429666996002
0.12836022675037384, 0.04020267724990845
0.15435658395290375, 0.06354981660842896
0.14134088158607483, 0.0478404238820076
0.14532530307769775, 0.05820019170641899
0.13506831228733063, 0.03627597540616989
0.16420558094978333, 0.06052662804722786
0.16272492706775665, 0.08660363405942917
0.14814899861812592, 0.05753973498940468
0.1526373326778412, 0.057470668107271194
0.14033208787441254, 0.05431952327489853
0.12393154203891754, 0.031033160164952278
0.1407032012939453, 0.03253324329853058
0.11220945417881012, 0.03824634477496147
0.1753377467393875, 0.06044527888298035
0.17799873650074005, 0.06553730368614197
0.19419865310192108, 0.064427450299263
0.1954115778207779, 0.05667896196246147
0.19681227207183838, 0.06817617267370224
0.14248071610927582, 0.04793161526322365
0.12910349667072296, 0.045733872801065445
0.12869544327259064, 0.03492745757102966
0.14277513325214386, 0.050855427980422974
0.11716563254594803, 0.0328383632004261
0.15340307354927063, 0.0537947341799736
0.17740291357040405, 0.057913318276405334
0.18239139020442963, 0.060872774571180344
0.16017484664916992, 0.04596663638949394
0.11295119673013687, 0.04081353545188904
0.17693133652210236, 0.07303749769926071
0.1389063149690628, 0.054075244814157486
0.13887837529182434, 0.03975790739059448
0.1496017724275589, 0.04013191908597946
0.1516018658876419, 0.07315567135810852
0.125334233045578, 0.03636763617396355
0.12902317941188812, 0.04147627204656601
0.1437741070985794, 0.048271842300891876
0.11756907403469086, 0.03579533472657204
0.12426785379648209, 0.030274368822574615
0.11986006796360016, 0.03139685466885567
0.13352203369140625, 0.04461751505732536
0.15302559733390808, 0.04895595833659172
0.13822712004184723, 0.05054565146565437
0.1539067029953003, 0.05379932001233101
0.18054287135601044, 0.06575116515159607
0.22718575596809387, 0.07695744186639786
0.1844685822725296, 0.0706895962357521
0.19326940178871155, 0.06054791808128357
0.1685686707496643, 0.05416502058506012
0.1363719254732132, 0.016830455511808395
0.13147851824760437, 0.05709602311253548
0.1339726448059082, 0.031165599822998047
0.1390577256679535, 0.033935703337192535
0.16295406222343445, 0.044284190982580185
0.11761624366044998, 0.03129785880446434
0.17296405136585236, 0.0656202882528305
0.1907934993505478, 0.0762435644865036
0.15128523111343384, 0.062272731214761734
0.12205188721418381, 0.048040971159935
0.11903790384531021, 0.04233614355325699
0.18377931416034698, 0.06837073713541031
0.14907719194889069, 0.05592010170221329
0.14316090941429138, 0.04109656810760498
0.1965671330690384, 0.07267763465642929
0.20803023874759674, 0.08489260077476501
0.25854411721229553, 0.09102152287960052
0.14356084167957306, 0.038316044956445694
0.13856835663318634, 0.05608757957816124
0.13437455892562866, 0.04305487871170044
0.2125084400177002, 0.07324263453483582
0.16658271849155426, 0.06275595724582672
0.1445588618516922, 0.048158057034015656
0.1458062082529068, 0.05019759014248848
0.17607496678829193, 0.08265536278486252
0.16532476246356964, 0.06982874125242233
0.1325516253709793, 0.04986753687262535
0.14975962042808533, 0.07419335097074509
0.1271892935037613, 0.04002324864268303
0.1438799649477005, 0.05573854595422745
0.12657508254051208, 0.04578560218214989
0.11895927041769028, 0.03144748881459236
0.15977148711681366, 0.039064399898052216
0.13729460537433624, 0.0479326993227005
0.1372651606798172, 0.049548327922821045
0.1408139020204544, 0.05101693049073219
0.1394565850496292, 0.03997739404439926
0.13793765008449554, 0.039792515337467194
0.13747093081474304, 0.03991293907165527
0.15103507041931152, 0.047444671392440796
0.15794511139392853, 0.05402468517422676
0.12453988939523697, 0.0474938340485096
0.13437294960021973, 0.039239708334207535
0.10996811091899872, 0.03825027868151665
0.13203246891498566, 0.04752448573708534
0.19789648056030273, 0.07850441336631775
0.1335199624300003, 0.04229653254151344
0.13294446468353271, 0.04493722319602966
0.13590481877326965, 0.04472523555159569
0.1611483246088028, 0.061035871505737305
0.1862582117319107, 0.08506318926811218
0.11212166398763657, 0.036717530339956284
0.12263945490121841, 0.03305651620030403
0.15203224122524261, 0.04254370927810669
0.19534209370613098, 0.06839144974946976
0.14860591292381287, 0.06817013025283813
0.152945414185524, 0.05149902030825615
0.16570113599300385, 0.05356481671333313
