mean, std
0.14617706835269928, 0.08666244894266129
0.1413387656211853, 0.039995163679122925
0.22958381474018097, 0.04037156701087952
0.1954919695854187, 0.06908728182315826
0.12345351278781891, 0.07331685721874237
0.04970286786556244, 0.024906354025006294
0.037017423659563065, 0.014348814263939857
0.03139223903417587, 0.013494143262505531
0.03725395351648331, 0.012116585858166218
0.02950291521847248, 0.014977107755839825
0.032218363136053085, 0.01760343462228775
0.022632280364632607, 0.01059106644243002
0.02511351741850376, 0.010090505704283714
0.0240616574883461, 0.009490713477134705
0.032153256237506866, 0.01513918861746788
0.029467953369021416, 0.007713594939559698
0.03217577934265137, 0.010152093134820461
0.041556622833013535, 0.013126161880791187
0.053792983293533325, 0.011485839262604713
0.05213719233870506, 0.013796709477901459
0.06252430379390717, 0.021997984498739243
0.09480176120996475, 0.04880201444029808
0.09273327887058258, 0.03043326362967491
0.10963395982980728, 0.02509772591292858
0.13690157234668732, 0.07092902809381485
0.13714353740215302, 0.05849611014127731
0.1651894599199295, 0.07091080397367477
0.09804943948984146, 0.040501683950424194
0.12014137208461761, 0.05515102297067642
0.13281378149986267, 0.03811940550804138
0.11563960462808609, 0.059835437685251236
0.1591811180114746, 0.056039270013570786
0.13593533635139465, 0.06652092933654785
0.11428895592689514, 0.050959065556526184
0.1137104332447052, 0.035933881998062134
0.10344590991735458, 0.041428372263908386
0.07695844769477844, 0.02502625808119774
0.11668050289154053, 0.032921597361564636
0.10684842616319656, 0.04188620299100876
0.10161560028791428, 0.028034601360559464
0.12497459352016449, 0.05757437273859978
0.18833497166633606, 0.09729628264904022
0.1944797933101654, 0.0869586169719696
0.15580233931541443, 0.05137065425515175
0.0881410613656044, 0.033455740660429
0.10676463693380356, 0.03313969075679779
0.09658455848693848, 0.03849848359823227
0.11019687354564667, 0.041294585913419724
0.14439769089221954, 0.05998172238469124
0.09715191274881363, 0.027560533955693245
0.1038048267364502, 0.0336756631731987
0.09421718120574951, 0.04047653451561928
0.14530470967292786, 0.048202160745859146
0.09684775024652481, 0.037839241325855255
0.10967297106981277, 0.026128295809030533
0.1090337485074997, 0.02869858779013157
0.11714301258325577, 0.04537716507911682
0.1693808138370514, 0.07489442080259323
0.1483703851699829, 0.06377902626991272
0.12483297288417816, 0.051764946430921555
0.09447041898965836, 0.03933626785874367
0.09127576649188995, 0.026416823267936707
0.12827268242835999, 0.05515072122216225
0.1339823454618454, 0.03842015564441681
0.14315403997898102, 0.048633068799972534
0.0966326892375946, 0.026041250675916672
0.10295339673757553, 0.028343606740236282
0.09500303864479065, 0.038496848195791245
0.10260341316461563, 0.033203523606061935
0.11535632610321045, 0.06655026972293854
0.11553437262773514, 0.056406497955322266
0.08421231061220169, 0.03413178399205208
0.099589504301548, 0.03946840390563011
0.11794579029083252, 0.04895884916186333
0.12190292030572891, 0.050507985055446625
0.09116444736719131, 0.025068648159503937
0.16961930692195892, 0.0769018679857254
0.12642350792884827, 0.06411489844322205
0.11219801008701324, 0.04184377193450928
0.11362715810537338, 0.042734917253255844
0.1408396065235138, 0.061708416789770126
0.09962734580039978, 0.031087560579180717
0.07743287831544876, 0.01996103674173355
0.09415271133184433, 0.025120511651039124
0.1405320018529892, 0.05992788448929787
0.11217532306909561, 0.04724967107176781
0.1592065840959549, 0.05533592402935028
0.09571052342653275, 0.02825099788606167
0.08724252879619598, 0.02870507538318634
0.09876380115747452, 0.03862382099032402
0.10422424972057343, 0.042204372584819794
0.12105182558298111, 0.03978044539690018
0.09013814479112625, 0.022430798038840294
0.08426038175821304, 0.030047791078686714
0.09883962571620941, 0.03425278514623642
0.10516015440225601, 0.03308127820491791
0.09805010259151459, 0.041344910860061646
0.10108283907175064, 0.029811406508088112
0.09514172375202179, 0.038677629083395004
0.11153899133205414, 0.04205775633454323
0.17079728841781616, 0.07303594052791595
0.1372821033000946, 0.05142642930150032
0.1287483274936676, 0.07606171816587448
0.10408186912536621, 0.02176424115896225
0.13269110023975372, 0.04863947257399559
0.1481325328350067, 0.08175326883792877
0.11355408281087875, 0.04261636734008789
0.12252500653266907, 0.043567366898059845
0.1390390694141388, 0.04763561114668846
0.13755865395069122, 0.04362163692712784
0.11608908325433731, 0.04169294983148575
0.13482226431369781, 0.032800450921058655
0.11130976676940918, 0.046070218086242676
0.08664197474718094, 0.017424577847123146
0.08366790413856506, 0.02377179078757763
0.0838596373796463, 0.025036532431840897
0.11979177594184875, 0.04133670777082443
0.11436142027378082, 0.037533365190029144
0.0889747142791748, 0.023473072797060013
0.11214300245046616, 0.05663493275642395
0.1481415182352066, 0.06815841048955917
0.10111062228679657, 0.02511301450431347
0.10640203952789307, 0.04058339074254036
0.14631535112857819, 0.05755779147148132
0.11536623537540436, 0.031127458438277245
0.1259845346212387, 0.045714057981967926
0.1856107860803604, 0.07223251461982727
0.15206961333751678, 0.0521891824901104
0.12683284282684326, 0.047283027321100235
0.09303690493106842, 0.03971896693110466
0.09603241086006165, 0.027602145448327065
0.092085100710392, 0.025366539135575294
0.1057998538017273, 0.03364686295390129
0.09455610811710358, 0.03851565346121788
0.08620665967464447, 0.024919865652918816
0.09996506571769714, 0.03931795433163643
0.12214519083499908, 0.04168957471847534
0.10444179177284241, 0.04638991504907608
0.10342742502689362, 0.037513088434934616
0.08058366179466248, 0.023374315351247787
0.09871940314769745, 0.036401115357875824
0.09746912866830826, 0.03559153899550438
0.12005778402090073, 0.042735688388347626
0.12970520555973053, 0.05101097747683525
0.09745452553033829, 0.030162308365106583
0.12346050888299942, 0.050447579473257065
0.1301306039094925, 0.0424320325255394
0.09883957356214523, 0.038119539618492126
0.10005071014165878, 0.03449587896466255
0.09181169420480728, 0.03349769487977028
0.08583030849695206, 0.029645388945937157
0.08882949501276016, 0.024005888029932976
0.1024121418595314, 0.03911924362182617
0.10510214418172836, 0.033023178577423096
0.1399298459291458, 0.05630410835146904
0.1131228506565094, 0.04186500236392021
0.09511347115039825, 0.0340605266392231
0.1028648391366005, 0.048084575682878494
0.09930895268917084, 0.027495667338371277
0.08362028002738953, 0.020259276032447815
0.10979761183261871, 0.046554334461688995
0.13335837423801422, 0.05423963814973831
0.10083155333995819, 0.025908038020133972
0.10694368183612823, 0.029481271281838417
0.13907212018966675, 0.042745333164930344
0.12202395498752594, 0.04833831265568733
0.11068682372570038, 0.04583566635847092
0.10723541676998138, 0.03753115236759186
0.10242178291082382, 0.038437943905591965
0.0768418088555336, 0.024976219981908798
0.08695748448371887, 0.0282357819378376
0.07784687727689743, 0.018222026526927948
0.08201110363006592, 0.016333697363734245
0.11533306539058685, 0.03856635466217995
0.11249497532844543, 0.043195780366659164
0.08689352124929428, 0.01949835568666458
0.11227648705244064, 0.04625480994582176
0.10620346665382385, 0.03856722265481949
0.09030915051698685, 0.023537158966064453
0.08996947854757309, 0.027546994388103485
0.09335456043481827, 0.02713840641081333
0.10505394637584686, 0.02993634156882763
0.0880061686038971, 0.025770997628569603
0.1153012290596962, 0.04592202976346016
0.08424142748117447, 0.03558292239904404
0.08853526413440704, 0.03350767493247986
0.10372688621282578, 0.03189384192228317
0.1180054247379303, 0.039117634296417236
0.09720176458358765, 0.035964712500572205
0.08574096858501434, 0.02182360179722309
0.09027562290430069, 0.023042727261781693
0.08931341022253036, 0.028077278286218643
0.10419747978448868, 0.02332986705005169
0.09131384640932083, 0.030005156993865967
0.09726208448410034, 0.02689719758927822
0.08994808793067932, 0.028597824275493622
0.1142420545220375, 0.03422568365931511
0.10744228214025497, 0.03244886174798012
0.10846131294965744, 0.04617411643266678
0.08565584570169449, 0.03242313489317894
0.12700162827968597, 0.047439515590667725
0.10201229900121689, 0.019711852073669434
0.09514109045267105, 0.03895391523838043
0.11324094235897064, 0.03978261724114418
0.1160348504781723, 0.05680316686630249
0.14084108173847198, 0.058855172246694565
0.10251500457525253, 0.03881465643644333
0.11516699939966202, 0.03622160106897354
0.07587563246488571, 0.017738284543156624
0.07821836322546005, 0.027233321219682693
0.09265251457691193, 0.040636096149683
0.11876336485147476, 0.03281886503100395
0.09285709261894226, 0.03699197992682457
0.11806438118219376, 0.03378073126077652
0.09951826184988022, 0.0305129736661911
0.10293705016374588, 0.044572677463293076
0.16167305409908295, 0.08072326332330704
0.10753951966762543, 0.03503801301121712
0.09233725070953369, 0.033405181020498276
0.0908181294798851, 0.024933641776442528
0.11545167863368988, 0.057089243084192276
0.1353604644536972, 0.06334483623504639
0.12039017677307129, 0.07434505224227905
0.08886050432920456, 0.0323021225631237
0.12235891819000244, 0.041994623839855194
0.10277050733566284, 0.03187406435608864
0.13655900955200195, 0.06063978001475334
0.15946052968502045, 0.05240201950073242
0.08357428759336472, 0.02311132848262787
0.09842835366725922, 0.030103571712970734
0.07780152559280396, 0.02083473466336727
0.08772245049476624, 0.02308429218828678
0.09326265007257462, 0.032516587525606155
0.15497101843357086, 0.0635145902633667
0.15583805739879608, 0.06928450614213943
0.14248308539390564, 0.058529555797576904
0.09571442753076553, 0.024051710963249207
0.09832670539617538, 0.03428448364138603
0.09532354027032852, 0.028141949325799942
0.10070517659187317, 0.025109747424721718
0.10455739498138428, 0.038480065762996674
0.16318699717521667, 0.0716342180967331
0.1864948570728302, 0.0846981629729271
0.09261805564165115, 0.04385092109441757
0.10808683931827545, 0.040598463267087936
0.10376016050577164, 0.04246235638856888
0.15780216455459595, 0.06542739272117615
0.1265925019979477, 0.04157990217208862
0.13443255424499512, 0.0441146120429039
0.13693955540657043, 0.04647993668913841
0.1612318903207779, 0.05625886842608452
0.11763016134500504, 0.03666011989116669
0.08962272852659225, 0.029859652742743492
0.0863131657242775, 0.026009757071733475
0.10197431594133377, 0.04700086638331413
0.07565019279718399, 0.02029501274228096
0.09260843694210052, 0.03025989793241024
0.09971127659082413, 0.029162390157580376
0.11814907938241959, 0.03425934538245201
0.11212847381830215, 0.042213574051856995
0.09648715704679489, 0.029598424211144447
0.1030508503317833, 0.0394132174551487
0.09457005560398102, 0.02377026155591011
0.10085321962833405, 0.029401633888483047
0.08698094636201859, 0.022700311616063118
0.1014181450009346, 0.031768523156642914
0.07848913222551346, 0.018043335527181625
0.09025739878416061, 0.02104985900223255
0.09237343817949295, 0.02234051190316677
0.09465529024600983, 0.026558849960565567
0.11735597997903824, 0.048700835555791855
0.08244482427835464, 0.02521156705915928
0.08991683274507523, 0.020678920671343803
0.07238505035638809, 0.016877733170986176
0.10421863943338394, 0.036621302366256714
0.1326645314693451, 0.06672245264053345
0.12670071423053741, 0.034917641431093216
0.09228556603193283, 0.02872973307967186
0.08503103256225586, 0.025014102458953857
0.09460645169019699, 0.03370378166437149
0.08845259994268417, 0.02520805038511753
0.07515180855989456, 0.02057943493127823
0.08765457570552826, 0.028231723234057426
0.09895316511392593, 0.04323728382587433
0.09117523580789566, 0.02628491260111332
0.09126606583595276, 0.03003689832985401
0.12112193554639816, 0.044909972697496414
0.12933994829654694, 0.051475320011377335
0.1000383272767067, 0.025703342631459236
0.08743217587471008, 0.019205458462238312
0.08835975080728531, 0.030477480962872505
0.1447461098432541, 0.057183437049388885
0.10638969391584396, 0.041669752448797226
0.13719089329242706, 0.04774141684174538
0.09718573838472366, 0.04355764389038086
0.08816883713006973, 0.0327809676527977
0.12931568920612335, 0.06287848949432373
0.09775177389383316, 0.04319525137543678
0.0850726068019867, 0.023608196526765823
0.08627274632453918, 0.021156426519155502
0.08286032825708389, 0.017291896045207977
0.08309625089168549, 0.022918472066521645
0.08086930215358734, 0.02968354895710945
0.08005542308092117, 0.026885997503995895
0.08613868802785873, 0.018386054784059525
0.09401080757379532, 0.031145671382546425
0.14340360462665558, 0.03495584800839424
0.116119384765625, 0.03877604007720947
0.09030528366565704, 0.020263608545064926
0.07887563109397888, 0.021306877955794334
0.0779433473944664, 0.021519910544157028
0.08293960988521576, 0.03146134689450264
0.07218780368566513, 0.02390698716044426
0.09874410927295685, 0.03604371100664139
0.11353335529565811, 0.03931465372443199
0.08362529426813126, 0.02744150534272194
0.08912760764360428, 0.0313529297709465
0.08181251585483551, 0.026182183995842934
0.09036380052566528, 0.02763228677213192
0.09431049972772598, 0.02466580830514431
0.1224014088511467, 0.0540740042924881
0.15374340116977692, 0.06983349472284317
0.10020054876804352, 0.034493349492549896
0.09207504987716675, 0.02902480959892273
0.1225830465555191, 0.040174905210733414
0.1113104298710823, 0.0423804372549057
0.10455480217933655, 0.027065353468060493
0.13246944546699524, 0.039093974977731705
0.11803346127271652, 0.030747218057513237
0.10550475865602493, 0.03427191451191902
0.09965600073337555, 0.04106011986732483
0.08848396688699722, 0.023193489760160446
0.09068282693624496, 0.02440676838159561
0.09935334324836731, 0.037725675851106644
0.13625909388065338, 0.05519180744886398
0.1405666470527649, 0.06208288297057152
0.10692024230957031, 0.03985919803380966
0.08349351584911346, 0.03203331679105759
0.11273053288459778, 0.05893541872501373
0.09184617549180984, 0.025021417066454887
0.10432495176792145, 0.032700780779123306
0.07805869728326797, 0.020534217357635498
0.08399108797311783, 0.02674281783401966
0.07926353067159653, 0.021232109516859055
0.0780845358967781, 0.01650458201766014
0.13260257244110107, 0.05146746337413788
0.11296084523200989, 0.04282539337873459
0.08361067622900009, 0.021602796390652657
0.07667253166437149, 0.019989315420389175
0.1105809360742569, 0.03938164561986923
0.10162797570228577, 0.03647025674581528
0.09160225093364716, 0.030584147199988365
0.10460111498832703, 0.04645971208810806
0.09275678545236588, 0.026435045525431633
0.09283469617366791, 0.025872092694044113
0.0866619348526001, 0.028471240773797035
0.08766459673643112, 0.02993338741362095
0.08231028914451599, 0.029659848660230637
0.10856685042381287, 0.04213196039199829
0.13772360980510712, 0.04317900910973549
0.11354497075080872, 0.04673229902982712
0.08190512657165527, 0.02331174910068512
0.0749833732843399, 0.02005041018128395
0.08716478943824768, 0.029310375452041626
0.0868796780705452, 0.02132219821214676
0.07497047632932663, 0.021039241924881935
0.08733977377414703, 0.029284056276082993
0.10558478534221649, 0.029845230281352997
0.0756697729229927, 0.017421409487724304
0.08125585317611694, 0.024956585839390755
0.12923063337802887, 0.04668744280934334
0.12971365451812744, 0.0534900426864624
0.10286666452884674, 0.02449534647166729
0.1260824352502823, 0.0465664379298687
0.09655195474624634, 0.03269166871905327
0.11834241449832916, 0.0383043996989727
0.11243440210819244, 0.05731286481022835
0.08247474581003189, 0.01763979159295559
0.0967802181839943, 0.028374580666422844
0.0843021348118782, 0.01760946400463581
0.11088264733552933, 0.041078682988882065
0.11437436193227768, 0.035017240792512894
0.09348608553409576, 0.03132680803537369
0.08594072610139847, 0.02852637507021427
0.10468443483114243, 0.037767354398965836
0.0887598991394043, 0.030229957774281502
0.13626337051391602, 0.06042526289820671
0.11416289955377579, 0.04034731164574623
0.12240460515022278, 0.03575052320957184
0.0780874565243721, 0.02696155197918415
0.1005377322435379, 0.04003211110830307
0.10331715643405914, 0.03222919628024101
0.08912215381860733, 0.019365845248103142
0.0948728546500206, 0.020170165225863457
0.10649478435516357, 0.030154304578900337
0.1293203979730606, 0.042918190360069275
0.14976632595062256, 0.05090003088116646
0.11471588164567947, 0.04532744362950325
0.15170006453990936, 0.05732620134949684
0.11736539751291275, 0.032300904393196106
0.13031919300556183, 0.040718965232372284
0.14155682921409607, 0.04142046347260475
0.08888373523950577, 0.019962064921855927
0.09040514379739761, 0.021857837215065956
0.10187479108572006, 0.029947055503726006
0.10512769222259521, 0.031618595123291016
0.09346556663513184, 0.01736883819103241
0.12562698125839233, 0.04838923364877701
0.14446236193180084, 0.047550641000270844
0.11960184574127197, 0.041461680084466934
0.11738112568855286, 0.043002400547266006
0.14058172702789307, 0.055538393557071686
0.1277615875005722, 0.04187129810452461
0.0936003029346466, 0.027233561500906944
0.10834667831659317, 0.04251253604888916
0.08436259627342224, 0.018981559202075005
0.08731526136398315, 0.026805808767676353
0.09061245620250702, 0.033694859594106674
0.08943364769220352, 0.02480911649763584
0.10870735347270966, 0.04275861382484436
0.09490678459405899, 0.020727558061480522
0.10799422115087509, 0.03318903595209122
0.17811274528503418, 0.0673692524433136
0.12273214012384415, 0.05383075028657913
0.0990479364991188, 0.03628600761294365
0.11788853257894516, 0.046245552599430084
0.13022926449775696, 0.04702091962099075
0.14347653090953827, 0.04261377826333046
0.11756101250648499, 0.05402155593037605
0.18024806678295135, 0.0836275964975357
0.12963183224201202, 0.048264387995004654
0.1089857742190361, 0.033323340117931366
0.10683155059814453, 0.03428177908062935
0.12754474580287933, 0.05158466100692749
0.11255497485399246, 0.030779192224144936
0.12494909763336182, 0.04389441758394241
0.10291099548339844, 0.027205750346183777
0.08943195641040802, 0.02160058356821537
0.1313750296831131, 0.046940527856349945
0.1307506561279297, 0.047906506806612015
0.1192513182759285, 0.03161558881402016
0.12216418236494064, 0.038965802639722824
0.12102630734443665, 0.041529953479766846
0.11560104787349701, 0.049272287636995316
0.12750139832496643, 0.034813571721315384
0.13538390398025513, 0.035942260175943375
0.21212346851825714, 0.05951448529958725
0.14522184431552887, 0.044103607535362244
0.13228704035282135, 0.05350284278392792
0.10377727448940277, 0.03284722939133644
0.12575630843639374, 0.03285278379917145
0.11442720890045166, 0.033917851746082306
0.11315461248159409, 0.03939070552587509
0.15404869616031647, 0.04151974245905876
0.155460387468338, 0.064169742166996
0.11010465770959854, 0.03643495589494705
0.12799184024333954, 0.0581023208796978
0.12323317676782608, 0.042802222073078156
0.1212746873497963, 0.03358106315135956
0.11376116424798965, 0.03040364943444729
0.1703278124332428, 0.07728303223848343
0.15634049475193024, 0.06851561367511749
0.11709438264369965, 0.030627792701125145
0.1428431123495102, 0.049177590757608414
0.13749027252197266, 0.058596085757017136
0.15740175545215607, 0.052531614899635315
0.1182502880692482, 0.0405530147254467
0.10765842348337173, 0.026250824332237244
0.1464938223361969, 0.06949444860219955
0.12206181138753891, 0.049658067524433136
0.1539284735918045, 0.044996052980422974
0.14994068443775177, 0.04400176554918289
0.13176269829273224, 0.04448447749018669
0.11972035467624664, 0.03518177196383476
0.14881065487861633, 0.04415908083319664
0.12711068987846375, 0.047779276967048645
0.14074589312076569, 0.04279095679521561
0.15516112744808197, 0.06425824016332626
0.24068348109722137, 0.11265711486339569
0.1871437132358551, 0.07539059221744537
0.14114417135715485, 0.03387433663010597
0.14248912036418915, 0.04190542548894882
0.1084197536110878, 0.03053317591547966
0.09654978662729263, 0.019942909479141235
0.12203950434923172, 0.03434539586305618
0.13230262696743011, 0.03863102197647095
0.13650192320346832, 0.04404885321855545
0.1609547734260559, 0.07700416445732117
0.16424785554409027, 0.05652320384979248
0.1743602603673935, 0.061602089554071426
0.13938280940055847, 0.03454748913645744
0.16849775612354279, 0.04886246472597122
0.1708114892244339, 0.045083511620759964
0.19318310916423798, 0.06555251777172089
0.13559016585350037, 0.05956115573644638
0.18325254321098328, 0.08340942114591599
0.16733989119529724, 0.05263426899909973
0.14810669422149658, 0.06196983531117439
0.13115628063678741, 0.03357386589050293
0.12649734318256378, 0.03768577426671982
0.14623799920082092, 0.05923790484666824
0.14055031538009644, 0.04280618578195572
0.15149211883544922, 0.04280964657664299
0.18423692882061005, 0.08248847723007202
0.17053106427192688, 0.06693760305643082
0.17485693097114563, 0.07238612323999405
0.13086985051631927, 0.04171375930309296
0.13766992092132568, 0.05369269847869873
0.12067651748657227, 0.03595338016748428
0.14510636031627655, 0.06427930295467377
0.17152957618236542, 0.06470035761594772
0.16141219437122345, 0.06214519217610359
0.17959678173065186, 0.08012200146913528
0.16606150567531586, 0.061207711696624756
0.14303629100322723, 0.04526966065168381
0.1720721423625946, 0.07685425132513046
0.13226182758808136, 0.04877226799726486
0.13782815635204315, 0.031878359615802765
0.12843076884746552, 0.04487008601427078
0.14144018292427063, 0.058671560138463974
0.14282377064228058, 0.04124331846833229
0.1294393539428711, 0.0453629307448864
0.13875897228717804, 0.02397838793694973
0.1445939689874649, 0.04651646316051483
0.14901916682720184, 0.053368330001831055
0.15800505876541138, 0.07008176296949387
0.11259432882070541, 0.028315912932157516
0.1339387446641922, 0.05057045444846153
0.18962925672531128, 0.057662349194288254
0.14201459288597107, 0.03929898887872696
0.13097168505191803, 0.04445392265915871
0.19032485783100128, 0.06366218626499176
0.21729494631290436, 0.10763630270957947
0.22301584482192993, 0.10009181499481201
0.17802470922470093, 0.05539734289050102
0.13177688419818878, 0.03698962926864624
0.15322105586528778, 0.03573198243975639
0.134313702583313, 0.04450627416372299
0.1688632369041443, 0.06183642894029617
0.1273059993982315, 0.04276566579937935
0.11981793493032455, 0.03920045122504234
0.12889598309993744, 0.052064940333366394
0.11577074974775314, 0.03233739361166954
0.1189948320388794, 0.03157200291752815
0.13002625107765198, 0.04001341760158539
0.17459304630756378, 0.07004266232252121
0.15051019191741943, 0.04207133874297142
0.17558743059635162, 0.08100082725286484
0.17681053280830383, 0.07304500043392181
0.1378432661294937, 0.05377236381173134
0.14452619850635529, 0.054798293858766556
0.14935989677906036, 0.05526694655418396
0.12493317574262619, 0.030333101749420166
0.14447051286697388, 0.05540374666452408
0.11991063505411148, 0.02964142896234989
0.13062283396720886, 0.03755868598818779
0.12344549596309662, 0.0424560084939003
0.15967987477779388, 0.04044449329376221
0.11216309666633606, 0.030633701011538506
0.11249247938394547, 0.03984539955854416
0.15736055374145508, 0.07202527672052383
0.13363587856292725, 0.04622477665543556
0.2283625304698944, 0.09089028090238571
0.1609281301498413, 0.059331513941287994
0.18014846742153168, 0.07156546413898468
0.19983816146850586, 0.06831067055463791
0.20990976691246033, 0.06517741829156876
0.19880884885787964, 0.06866714358329773
0.21397764980793, 0.07917898148298264
0.14875298738479614, 0.0445464588701725
0.1845649927854538, 0.06538903713226318
0.15015985071659088, 0.05167558416724205
0.1779545247554779, 0.07693443447351456
0.13994187116622925, 0.05017624795436859
0.17177683115005493, 0.04422350972890854
0.1163439229130745, 0.04367443919181824
0.14707167446613312, 0.03498265892267227
0.1686558574438095, 0.05877148360013962
0.12373725324869156, 0.026108713820576668
0.11530901491641998, 0.030453616753220558
0.13740800321102142, 0.05144956335425377
0.1464814990758896, 0.0389835499227047
0.15544667840003967, 0.05684540048241615
0.15000423789024353, 0.04632295295596123
0.13177548348903656, 0.05310472846031189
0.1421082317829132, 0.048457615077495575
0.1776299923658371, 0.05835072323679924
0.1590619534254074, 0.05993771553039551
0.22726981341838837, 0.09379272162914276
0.25622719526290894, 0.09018474817276001
0.25498443841934204, 0.1002558097243309
0.12524349987506866, 0.02953941933810711
0.1295735388994217, 0.040244970470666885
0.12496626377105713, 0.04211290180683136
0.11110337823629379, 0.030450036749243736
0.11898520588874817, 0.05974310263991356
0.17923659086227417, 0.06356862187385559
0.13000056147575378, 0.042469292879104614
0.1504250317811966, 0.05878205969929695
0.1623363196849823, 0.04003262147307396
0.14213131368160248, 0.05582193285226822
0.12953419983386993, 0.03713870793581009
0.13545015454292297, 0.043296534568071365
0.12770910561084747, 0.04756985232234001
0.10741758346557617, 0.042357753962278366
0.12982146441936493, 0.045406609773635864
0.1254003345966339, 0.03634610399603844
0.16957524418830872, 0.06054889038205147
0.15341325104236603, 0.04119491204619408
0.1523667275905609, 0.06777389347553253
0.12442806363105774, 0.03138965368270874
0.15862204134464264, 0.0590679906308651
0.13955576717853546, 0.03897663578391075
0.15174587070941925, 0.05149653181433678
0.10671661049127579, 0.04447447136044502
0.12191367149353027, 0.031211160123348236
0.1294461339712143, 0.033524028956890106
0.12507660686969757, 0.031174436211586
0.1467965543270111, 0.03310709074139595
0.12659676373004913, 0.039020296186208725
0.15387678146362305, 0.051042813807725906
0.17249388992786407, 0.05213442072272301
0.1282636523246765, 0.04916845262050629
0.1193324625492096, 0.04488256946206093
0.14880461990833282, 0.04357223957777023
0.13953086733818054, 0.05057404935359955
0.12292693555355072, 0.036046553403139114
0.12148671597242355, 0.04258209839463234
0.13462874293327332, 0.046494051814079285
0.13754814863204956, 0.04810233414173126
0.16702629625797272, 0.05595458671450615
0.16628921031951904, 0.07470761984586716
0.14689528942108154, 0.043587565422058105
0.12499061226844788, 0.02598370797932148
0.18758349120616913, 0.06690655648708344
0.14451247453689575, 0.05371765047311783
0.11871545761823654, 0.0278579480946064
0.14683902263641357, 0.03982371836900711
0.17547817528247833, 0.0683082640171051
0.11742234230041504, 0.04154755920171738
0.17247098684310913, 0.07218644767999649
0.17543144524097443, 0.061361007392406464
0.13494086265563965, 0.038691841065883636
0.10852304846048355, 0.032525684684515
0.12724342942237854, 0.04640869423747063
0.13507069647312164, 0.04770566150546074
0.12174092233181, 0.02327176183462143
0.12700992822647095, 0.04329795762896538
0.15671639144420624, 0.04678246006369591
0.1580781638622284, 0.03925469517707825
0.1384986788034439, 0.046094510704278946
0.152625173330307, 0.04059005528688431
0.1312440186738968, 0.04773406684398651
0.1528812050819397, 0.05666748434305191
0.17944875359535217, 0.06464490294456482
0.208806112408638, 0.08675044029951096
0.20099397003650665, 0.07037551701068878
0.12785926461219788, 0.030446501448750496
0.13129596412181854, 0.03289313241839409
0.1507454365491867, 0.05605197325348854
0.16498041152954102, 0.07979480177164078
0.14448542892932892, 0.061912067234516144
0.13089020550251007, 0.04930402711033821
0.11740557104349136, 0.04182753339409828
0.10736093670129776, 0.030166923999786377
0.12394269555807114, 0.033097751438617706
0.14485293626785278, 0.05287623032927513
0.14504249393939972, 0.04508724436163902
0.20647002756595612, 0.08461324125528336
0.21081942319869995, 0.09962813556194305
0.1416429877281189, 0.055934153497219086
0.10940255969762802, 0.03681927174329758
0.12194178253412247, 0.03559951111674309
0.12803314626216888, 0.036004047840833664
0.2067241072654724, 0.08752261847257614
0.1716427356004715, 0.08457029610872269
0.17041856050491333, 0.06994850933551788
0.16453233361244202, 0.07071676850318909
0.15960083901882172, 0.0619516558945179
0.13519184291362762, 0.049618255347013474
0.12638135254383087, 0.038190651684999466
0.13513995707035065, 0.03807414323091507
0.1434379518032074, 0.04069721698760986
0.09988179057836533, 0.03401970863342285
0.14493344724178314, 0.0404709093272686
0.12400249391794205, 0.03824428468942642
0.10711560398340225, 0.015522686764597893
0.1622338593006134, 0.053948286920785904
0.13627280294895172, 0.049897223711013794
0.15337960422039032, 0.055882565677165985
0.16334719955921173, 0.056121163070201874
0.19427107274532318, 0.06939227879047394
0.14709164202213287, 0.05131429061293602
0.13447481393814087, 0.034780848771333694
0.14904645085334778, 0.047354087233543396
0.17875947058200836, 0.06300082057714462
0.1637386828660965, 0.05224793031811714
0.15397286415100098, 0.05806223303079605
0.12909092009067535, 0.03257182613015175
0.12208972871303558, 0.03655752167105675
0.11953163146972656, 0.0383923314511776
0.11675654351711273, 0.03637830913066864
0.13909859955310822, 0.049846284091472626
0.274196982383728, 0.1281033754348755
0.26068368554115295, 0.11233668774366379
0.14284108579158783, 0.04630593582987785
0.13051298260688782, 0.031350404024124146
0.13271845877170563, 0.05262055620551109
0.1226404681801796, 0.03442496061325073
0.1525094360113144, 0.05437743663787842
0.1903192400932312, 0.08686938136816025
0.21171148121356964, 0.08522690832614899
0.15212766826152802, 0.06330724060535431
0.09650760143995285, 0.03191118687391281
0.11592116951942444, 0.03133169189095497
0.13416793942451477, 0.028483236208558083
0.15085989236831665, 0.04854757711291313
0.10410705953836441, 0.03450312837958336
0.13189074397087097, 0.036003030836582184
0.12012255191802979, 0.039378922432661057
0.14292354881763458, 0.037862781435251236
0.18290087580680847, 0.0708199217915535
0.11962958425283432, 0.028025232255458832
0.1825338453054428, 0.08011891692876816
0.16602866351604462, 0.040028445422649384
0.19330285489559174, 0.06943155080080032
0.1317933052778244, 0.0413447804749012
0.15461313724517822, 0.038307663053274155
0.13303010165691376, 0.031116649508476257
0.13033200800418854, 0.05535836145281792
0.14060388505458832, 0.04741362854838371
0.10844772309064865, 0.03167404234409332
0.11123992502689362, 0.027188396081328392
0.10369906574487686, 0.027274461463093758
0.14234960079193115, 0.05138207599520683
0.12382648140192032, 0.046149954199790955
0.14931458234786987, 0.0495414137840271
0.12498506158590317, 0.035460393875837326
0.15506918728351593, 0.0549154169857502
0.15637904405593872, 0.044861819595098495
0.15532375872135162, 0.04203224927186966
0.18934853374958038, 0.09016670286655426
0.16833806037902832, 0.06279890239238739
0.11123000085353851, 0.027931751683354378
0.12516622245311737, 0.034749072045087814
0.14075466990470886, 0.030047018080949783
0.14700886607170105, 0.04899304732680321
0.1181790679693222, 0.040476709604263306
0.15690991282463074, 0.06254284828901291
0.19019977748394012, 0.0890013724565506
0.1997639536857605, 0.05911131203174591
0.16607044637203217, 0.05126645788550377
0.13880819082260132, 0.03348494693636894
0.11268983781337738, 0.03983341529965401
0.14505638182163239, 0.071186363697052
0.1295645833015442, 0.03751193359494209
0.11708095669746399, 0.039398159831762314
0.15614284574985504, 0.04366041347384453
0.18122906982898712, 0.04615267738699913
0.2055087387561798, 0.06262848526239395
0.20269741117954254, 0.06577005982398987
0.17194201052188873, 0.0790703222155571
0.16387471556663513, 0.07619909942150116
0.17127613723278046, 0.04652607813477516
0.14628368616104126, 0.052788976579904556
0.17921312153339386, 0.05900900065898895
0.20089682936668396, 0.06369978189468384
0.1597016602754593, 0.059541262686252594
0.12873028218746185, 0.03489125519990921
0.1341581493616104, 0.04833443835377693
0.13582845032215118, 0.04742063581943512
0.11096173524856567, 0.027388283982872963
0.1216476634144783, 0.03328277915716171
0.13531789183616638, 0.0335676334798336
0.2038452923297882, 0.07516486197710037
0.1599547266960144, 0.039858438074588776
0.1566380113363266, 0.05561639741063118
0.1493477076292038, 0.043529268354177475
0.12922197580337524, 0.03228994458913803
0.1160937175154686, 0.03802322596311569
0.16238777339458466, 0.05611516535282135
0.14563722908496857, 0.038484860211610794
0.1234617531299591, 0.03593333810567856
0.1255541443824768, 0.033613529056310654
0.13921290636062622, 0.038144685328006744
0.1909503936767578, 0.0599578358232975
0.16310858726501465, 0.0617518424987793
0.1810077428817749, 0.06818213313817978
0.16759371757507324, 0.03228156268596649
0.15439815819263458, 0.04634823277592659
0.13778413832187653, 0.06726362556219101
0.10913417488336563, 0.0338558591902256
0.13071948289871216, 0.033788397908210754
0.1746828854084015, 0.07422525435686111
0.14964956045150757, 0.05321240425109863
0.1345662623643875, 0.051307469606399536
0.13523295521736145, 0.04302743077278137
0.15021748840808868, 0.06024997681379318
0.1582542508840561, 0.04190424084663391
0.12539534270763397, 0.02913162112236023
0.13369418680667877, 0.04920259118080139
0.12369891256093979, 0.027339879423379898
0.13537903130054474, 0.050742730498313904
0.16892321407794952, 0.07819816470146179
0.18357130885124207, 0.05285963788628578
0.18769370019435883, 0.04083101823925972
0.24017146229743958, 0.10068389028310776
0.14702676236629486, 0.04222247377038002
0.11786309629678726, 0.04423991218209267
0.19576585292816162, 0.06548852473497391
0.15108749270439148, 0.07327920943498611
0.14713333547115326, 0.049800805747509
0.12397466599941254, 0.04385848715901375
0.14647038280963898, 0.06617458909749985
0.17444996535778046, 0.057106152176856995
0.1890535056591034, 0.0733652114868164
0.14232046902179718, 0.051325902342796326
0.14725156128406525, 0.032659389078617096
0.14008021354675293, 0.048207517713308334
0.14369681477546692, 0.0538008026778698
0.17243148386478424, 0.07964678108692169
0.17290139198303223, 0.06882867217063904
0.16751113533973694, 0.06296948343515396
0.17840071022510529, 0.07606881856918335
0.142103374004364, 0.0368659608066082
0.14467954635620117, 0.02818302810192108
0.12037905305624008, 0.041933149099349976
0.12955167889595032, 0.0513257198035717
0.11063078045845032, 0.051569677889347076
0.11723241955041885, 0.034583382308483124
0.12961606681346893, 0.033628374338150024
0.133705273270607, 0.051350053399801254
0.15625335276126862, 0.06157383322715759
0.14409734308719635, 0.040024954825639725
0.1059568002820015, 0.02248292975127697
0.12747715413570404, 0.04901345074176788
0.19738247990608215, 0.08311326056718826
0.17500372231006622, 0.07746201753616333
0.13971656560897827, 0.03936035558581352
0.14258983731269836, 0.04748857766389847
0.13418681919574738, 0.04147685691714287
0.12047781050205231, 0.029612498357892036
0.13491778075695038, 0.04466429725289345
0.09916478395462036, 0.022140728309750557
0.15886349976062775, 0.07111391425132751
0.1527429223060608, 0.0533658005297184
0.16053971648216248, 0.055951811373233795
0.12127301841974258, 0.039335861802101135
0.15695273876190186, 0.06388913094997406
0.18427251279354095, 0.06356595456600189
0.16195634007453918, 0.075687937438488
0.13410307466983795, 0.038341399282217026
0.14518296718597412, 0.04598237946629524
0.1409275084733963, 0.02829408459365368
0.11634548753499985, 0.03921060264110565
0.19393527507781982, 0.09059556573629379
0.15597814321517944, 0.05296670272946358
0.14517122507095337, 0.034968554973602295
0.19144944846630096, 0.06515921652317047
0.12605999410152435, 0.040251657366752625
0.1280442327260971, 0.04548311606049538
0.12821823358535767, 0.039529189467430115
0.13795331120491028, 0.04143574461340904
0.17471826076507568, 0.0459030456840992
0.1390591859817505, 0.05333525687456131
0.11695001274347305, 0.03217821940779686
0.14470015466213226, 0.05597561597824097
0.15342266857624054, 0.05741390585899353
0.14180071651935577, 0.03792132809758186
0.13767431676387787, 0.03703968971967697
0.13460969924926758, 0.03124166652560234
0.13479739427566528, 0.03784777224063873
0.13836054503917694, 0.04688815400004387
0.15975049138069153, 0.05865206569433212
0.16718707978725433, 0.04226182401180267
0.1486201137304306, 0.038450684398412704
0.12874583899974823, 0.04834146052598953
0.1420004665851593, 0.05112249404191971
0.14322033524513245, 0.046974945813417435
0.1285029947757721, 0.03766705095767975
0.13386747241020203, 0.040315452963113785
0.15692274272441864, 0.05145089700818062
0.10494514554738998, 0.026840606704354286
0.13585317134857178, 0.07876294106245041
0.17751255631446838, 0.06580309569835663
0.222695991396904, 0.06852161884307861
0.17317290604114532, 0.0713963583111763
0.1342761367559433, 0.053021639585494995
0.11422226577997208, 0.02961594983935356
0.12023308873176575, 0.024479050189256668
0.1189766451716423, 0.035438235849142075
0.163803830742836, 0.05605308338999748
0.18768608570098877, 0.08746697008609772
0.13323672115802765, 0.049422334879636765
0.1289411336183548, 0.03813084214925766
0.16091220080852509, 0.03995053097605705
0.16224534809589386, 0.0598313994705677
0.12597745656967163, 0.051626741886138916
0.12666930258274078, 0.051743969321250916
0.1478382796049118, 0.054521121084690094
0.1424149125814438, 0.05260707437992096
0.13787691295146942, 0.043348196893930435
0.1181844100356102, 0.03452208265662193
0.10092205554246902, 0.023960838094353676
0.138961061835289, 0.04246580973267555
0.17249387502670288, 0.06504937261343002
0.18692646920681, 0.06851200014352798
0.20254220068454742, 0.09751525521278381
0.2319636344909668, 0.09062016755342484
0.29019081592559814, 0.1225309744477272
0.17227701842784882, 0.08520469814538956
0.11157909035682678, 0.034762535244226456
0.14453603327274323, 0.04270502179861069
0.11443819105625153, 0.05190853402018547
0.18994516134262085, 0.08143548667430878
0.14128606021404266, 0.03748146817088127
0.13725748658180237, 0.03402825444936752
0.124761663377285, 0.04215654358267784
0.1094241514801979, 0.029836289584636688
0.11225313693284988, 0.029483119025826454
0.11002466827630997, 0.018804112449288368
0.10287415981292725, 0.02151346579194069
0.11672888696193695, 0.02699967660009861
0.12598830461502075, 0.03356555476784706
0.1032080426812172, 0.02326592430472374
0.11668703705072403, 0.035708531737327576
0.10087846964597702, 0.03178912773728371
0.12183810770511627, 0.03757544234395027
0.1330522745847702, 0.03627409785985947
0.12124935537576675, 0.031699005514383316
0.13958323001861572, 0.052578579634428024
0.1438116431236267, 0.039099015295505524
0.12744446098804474, 0.0520414300262928
0.1581634283065796, 0.08084861189126968
0.13835369050502777, 0.05222099646925926
0.11627302318811417, 0.03135263919830322
0.12578822672367096, 0.03280465677380562
0.1566731333732605, 0.05674957111477852
0.15268170833587646, 0.06447729468345642
0.11374439299106598, 0.042631037533283234
0.13211752474308014, 0.05074571445584297
0.13293685019016266, 0.033671919256448746
0.12894539535045624, 0.03847188502550125
0.15221910178661346, 0.0419088639318943
0.1663006842136383, 0.05567018315196037
0.11603517085313797, 0.03135322779417038
0.14619918167591095, 0.0526423417031765
0.1385015994310379, 0.057399142533540726
0.14788496494293213, 0.047758109867572784
0.13163359463214874, 0.03444741666316986
0.13622310757637024, 0.04931360110640526
0.1279228776693344, 0.034881848841905594
0.14614568650722504, 0.04752657189965248
0.16772182285785675, 0.07652873545885086
0.21319426596164703, 0.09453865140676498
0.16076424717903137, 0.05546155199408531
0.1483449935913086, 0.05285168066620827
0.16140863299369812, 0.05566834658384323
0.11779659241437912, 0.04152297228574753
0.11778199672698975, 0.024001961573958397
0.11593229323625565, 0.03706439584493637
0.13454598188400269, 0.04807700589299202
0.15102334320545197, 0.04662497714161873
0.1411777138710022, 0.03194250166416168
0.15559008717536926, 0.04284559190273285
0.1589934378862381, 0.03909622132778168
0.18006150424480438, 0.07926766574382782
0.09739807993173599, 0.017783157527446747
0.11799437552690506, 0.03450514003634453
0.1471560150384903, 0.05056118592619896
0.10923797637224197, 0.026686370372772217
0.1164514347910881, 0.03273535147309303
0.1389940083026886, 0.049833159893751144
0.13817690312862396, 0.04500831663608551
0.11940513551235199, 0.030629726126790047
0.14180433750152588, 0.05343586206436157
0.12367045879364014, 0.04297174885869026
0.12958963215351105, 0.043310388922691345
0.10831169784069061, 0.03722775727510452
0.119179368019104, 0.043510518968105316
0.1679387241601944, 0.09090094268321991
0.21700847148895264, 0.08043172210454941
0.19715458154678345, 0.07093183696269989
0.16577962040901184, 0.07611905038356781
0.1802625060081482, 0.0677163377404213
0.14114809036254883, 0.05638859421014786
0.12295962870121002, 0.02979900874197483
0.14533939957618713, 0.05196487158536911
0.16915440559387207, 0.06999297440052032
0.15638072788715363, 0.05245155468583107
0.1171187311410904, 0.025541657581925392
0.13557671010494232, 0.024228617548942566
0.16502699255943298, 0.04322143271565437
0.1284140795469284, 0.047981854528188705
0.11820059269666672, 0.03162713721394539
0.14821888506412506, 0.07355127483606339
0.17674772441387177, 0.07005748152732849
0.17954638600349426, 0.0722888633608818
0.14570678770542145, 0.04364496469497681
0.1278899759054184, 0.04048696905374527
0.11316169798374176, 0.02769046276807785
0.11338770389556885, 0.036102648824453354
0.11486674845218658, 0.02814076840877533
0.12495868653059006, 0.04874902591109276
0.1151064932346344, 0.03496597707271576
0.18566758930683136, 0.06822715699672699
0.12460415810346603, 0.029582606628537178
0.11824255436658859, 0.02640564553439617
0.1025322824716568, 0.033303771167993546
0.11409774422645569, 0.037880245596170425
0.12207604944705963, 0.046077508479356766
0.14720626175403595, 0.031228873878717422
0.11999423056840897, 0.029200583696365356
0.10441004484891891, 0.03008779138326645
0.15072984993457794, 0.06586600095033646
0.11423525959253311, 0.03402047976851463
0.13533104956150055, 0.03865530714392662
0.16092422604560852, 0.056676048785448074
0.140112966299057, 0.041176870465278625
0.11302775889635086, 0.0346224345266819
0.1206013485789299, 0.026278739795088768
0.14940229058265686, 0.0730699971318245
0.13385199010372162, 0.04666532203555107
0.13132244348526, 0.04916336387395859
0.11875823140144348, 0.030641326680779457
0.15261436998844147, 0.049868591129779816
0.11837361007928848, 0.030641810968518257
0.11996427923440933, 0.03365172818303108
0.13155335187911987, 0.03687157481908798
0.11637275665998459, 0.03224848583340645
0.12016675621271133, 0.03414958715438843
0.10454914718866348, 0.017272301018238068
0.1407863348722458, 0.04153350368142128
0.12246881425380707, 0.03637189790606499
0.15406808257102966, 0.04495946317911148
0.18520337343215942, 0.07094746083021164
0.17806752026081085, 0.0711277574300766
0.13578855991363525, 0.050631649792194366
0.1349601000547409, 0.02555266208946705
0.10479860007762909, 0.03132356330752373
0.1384073793888092, 0.03896726667881012
0.1306167095899582, 0.044324491173028946
0.10878905653953552, 0.019356917589902878
0.1274549514055252, 0.04845871031284332
0.13938622176647186, 0.05782005935907364
0.17466792464256287, 0.06833269447088242
0.1859106719493866, 0.09151136130094528
0.17802676558494568, 0.06415265798568726
0.09949702769517899, 0.033830586820840836
0.12242696434259415, 0.03194453939795494
0.14290766417980194, 0.03138641268014908
0.13878431916236877, 0.06311330199241638
0.17685918509960175, 0.06400313973426819
0.21988490223884583, 0.10813930630683899
0.22652973234653473, 0.06383249163627625
0.20902889966964722, 0.0816737562417984
0.15553808212280273, 0.04972374439239502
0.12964460253715515, 0.02583133615553379
0.13015702366828918, 0.04635472223162651
0.15967713296413422, 0.06699414551258087
0.1162227913737297, 0.03842494264245033
0.11119716614484787, 0.026018064469099045
0.11955204606056213, 0.03273003548383713
0.13469944894313812, 0.04004312679171562
0.11794299632310867, 0.02280864492058754
0.12746766209602356, 0.04207057133316994
0.10982123762369156, 0.030313869938254356
0.12471822649240494, 0.03926517069339752
0.13301973044872284, 0.04520975053310394
0.11537931859493256, 0.03233511373400688
0.17365199327468872, 0.07453829795122147
0.13124294579029083, 0.030460864305496216
0.15898238122463226, 0.04659479856491089
0.17028887569904327, 0.06842941045761108
0.12585702538490295, 0.046259090304374695
0.11628115177154541, 0.03158717602491379
0.1224660649895668, 0.035316526889801025
0.12275310605764389, 0.019630370661616325
0.16301533579826355, 0.05166875943541527
0.1407582312822342, 0.028982385993003845
0.14838524162769318, 0.04351182281970978
0.10388138890266418, 0.02394956909120083
0.12787385284900665, 0.053084369748830795
0.1706174612045288, 0.06902274489402771
0.14341098070144653, 0.05156777426600456
0.12360069900751114, 0.03566509857773781
0.08549024164676666, 0.013003766536712646
0.11299943923950195, 0.021547753363847733
0.12389825284481049, 0.04190045967698097
0.09733447432518005, 0.027239734306931496
0.11250681430101395, 0.03403686359524727
0.15561412274837494, 0.05118194594979286
0.13770946860313416, 0.0298731978982687
0.15879474580287933, 0.04866427183151245
0.16875998675823212, 0.06464748829603195
0.15476778149604797, 0.039498429745435715
0.14500460028648376, 0.036653075367212296
0.13868562877178192, 0.04391806945204735
0.1535177230834961, 0.04979577288031578
0.12252108007669449, 0.03528057411313057
0.16480782628059387, 0.06850448250770569
0.1562768965959549, 0.058831434696912766
0.11862517893314362, 0.02646336518228054
0.1319349855184555, 0.03999609127640724
0.12943077087402344, 0.04273426905274391
0.13183623552322388, 0.03885688632726669
0.13153739273548126, 0.04465772956609726
0.14776848256587982, 0.040321435779333115
0.10969515889883041, 0.029427314177155495
0.13204123079776764, 0.04281521961092949
0.11403089016675949, 0.027617383748292923
0.10654954612255096, 0.029774323105812073
0.12590391933918, 0.0430305078625679
0.12858666479587555, 0.03824865072965622
0.1648695319890976, 0.05974957346916199
0.14462216198444366, 0.055426664650440216
0.1256658136844635, 0.027987051755189896
0.15751329064369202, 0.05604157969355583
0.11403485387563705, 0.03360660746693611
0.12810273468494415, 0.028935939073562622
0.12303963303565979, 0.040534116327762604
0.13006502389907837, 0.04137687757611275
0.12055514007806778, 0.04865613207221031
0.11457572132349014, 0.033015090972185135
0.13505327701568604, 0.03802599757909775
0.13386400043964386, 0.0445249006152153
0.10263671725988388, 0.024394193664193153
0.13035303354263306, 0.04251193255186081
0.13509947061538696, 0.04593193903565407
0.12946872413158417, 0.040654584765434265
0.1087014451622963, 0.026639560237526894
0.1298435479402542, 0.040736064314842224
0.125850647687912, 0.04404554143548012
0.11715149879455566, 0.02644304372370243
0.17166240513324738, 0.06649409234523773
0.16689376533031464, 0.04434796795248985
0.14210058748722076, 0.0391763411462307
0.11188557744026184, 0.03202022612094879
0.13980457186698914, 0.036124736070632935
0.185292586684227, 0.06846565753221512
0.13528646528720856, 0.04101388156414032
0.13591377437114716, 0.03956068307161331
0.13103832304477692, 0.04967192932963371
0.1427246332168579, 0.045458633452653885
0.13896267116069794, 0.05511120334267616
0.12836405634880066, 0.03898894414305687
0.12891753017902374, 0.06440459936857224
0.13237710297107697, 0.03801870346069336
0.09850547462701797, 0.021414797753095627
0.1279350072145462, 0.03694462403655052
0.1493052989244461, 0.05194664001464844
0.1342562884092331, 0.05555916577577591
0.14772887527942657, 0.03313362970948219
0.11269940435886383, 0.030514659360051155
0.14118392765522003, 0.05292465165257454
0.1141536757349968, 0.03537408262491226
0.14519472420215607, 0.043936409056186676
0.13735656440258026, 0.03050639107823372
0.12432069331407547, 0.033708903938531876
0.14471110701560974, 0.04456910863518715
0.13729099929332733, 0.044299863278865814
0.13025227189064026, 0.04122520983219147
0.11022714525461197, 0.03096187487244606
0.11840827018022537, 0.03744781017303467
0.11899866163730621, 0.025084322318434715
0.08949415385723114, 0.017936283722519875
0.11835592240095139, 0.03284796327352524
0.14534299075603485, 0.03472180292010307
0.12677645683288574, 0.04013572260737419
0.12678708136081696, 0.04356258735060692
0.13230226933956146, 0.038476184010505676
0.1217329353094101, 0.03676101192831993
0.11652682721614838, 0.0332297645509243
0.1329866498708725, 0.04880558326840401
0.10587462037801743, 0.03078220784664154
0.12175546586513519, 0.03320951387286186
0.12487433850765228, 0.02646622806787491
0.12555451691150665, 0.032129086554050446
0.14120370149612427, 0.06195167452096939
0.10173206031322479, 0.015048835426568985
0.1215212494134903, 0.03508266061544418
0.12643882632255554, 0.03204403817653656
0.10842453688383102, 0.027327770367264748
0.09776920825242996, 0.03538207337260246
0.10856234282255173, 0.02763429842889309
0.1599387228488922, 0.04390626773238182
0.23929579555988312, 0.09893061220645905
0.2089855819940567, 0.0885351151227951
0.17705769836902618, 0.07211337983608246
0.10169412195682526, 0.02610441856086254
0.11571221798658371, 0.037630826234817505
0.09124384820461273, 0.02322789467871189
0.08703026920557022, 0.017078515142202377
0.10404527932405472, 0.03552893549203873
0.11466675251722336, 0.03378618136048317
0.14149931073188782, 0.03886055946350098
0.13782554864883423, 0.048369888216257095
0.10196420550346375, 0.028350112959742546
0.11577827483415604, 0.02720143087208271
0.13959680497646332, 0.047823596745729446
0.14038394391536713, 0.040037091821432114
0.1324906051158905, 0.04913802444934845
0.11701776087284088, 0.0310833677649498
0.09845756739377975, 0.020460356026887894
0.10970199108123779, 0.03321331739425659
0.10616853088140488, 0.02776728756725788
0.1154138520359993, 0.04232725873589516
0.14154602587223053, 0.040267135947942734
0.14398379623889923, 0.04495836794376373
0.131241112947464, 0.043046701699495316
0.11421195417642593, 0.03361077979207039
0.13767443597316742, 0.026502540335059166
0.10503353178501129, 0.025293411687016487
0.11000712215900421, 0.03811571002006531
0.11341919004917145, 0.03199194371700287
0.11540421098470688, 0.029460599645972252
0.09936770051717758, 0.0212478656321764
0.1406155377626419, 0.04698767513036728
0.13830657303333282, 0.04337383434176445
0.13591714203357697, 0.036118797957897186
0.1583259403705597, 0.050021056085824966
0.1354941874742508, 0.03539729118347168
0.10850449651479721, 0.024158645421266556
0.11881838738918304, 0.0350041501224041
0.12512680888175964, 0.035664550960063934
0.16618816554546356, 0.051218193024396896
0.13015146553516388, 0.029596205800771713
0.12908704578876495, 0.0446975938975811
0.1410372406244278, 0.05354417860507965
0.12879350781440735, 0.038752276450395584
0.11405609548091888, 0.03329659253358841
0.12187683582305908, 0.02240728586912155
0.11336035281419754, 0.030831169337034225
0.15075349807739258, 0.04540431126952171
0.15848766267299652, 0.05365554243326187
0.14311395585536957, 0.044100526720285416
0.13636177778244019, 0.028359126299619675
0.1403646022081375, 0.049541931599378586
0.13792423903942108, 0.05377167463302612
0.19011931121349335, 0.07174205780029297
0.13211067020893097, 0.04253840073943138
0.1308329850435257, 0.043501079082489014
0.1291343718767166, 0.027730518952012062
0.10496403276920319, 0.024013839662075043
0.12802918255329132, 0.046724654734134674
0.12021897733211517, 0.034150131046772
0.16897520422935486, 0.05276560038328171
0.141408771276474, 0.04403799772262573
0.14079049229621887, 0.03724789619445801
0.17249567806720734, 0.0663432627916336
0.1589755415916443, 0.04218751937150955
0.1169629767537117, 0.023879000917077065
0.12032367289066315, 0.033994998782873154
0.13385893404483795, 0.04040175676345825
0.11327837407588959, 0.028926609084010124
0.09672380238771439, 0.031345218420028687
0.10623165220022202, 0.02089792676270008
0.09962137788534164, 0.021925466135144234
0.13227929174900055, 0.03481524437665939
0.12328342348337173, 0.03219364956021309
0.12418115139007568, 0.03365027904510498
0.12617571651935577, 0.025790104642510414
0.1167767345905304, 0.04199575260281563
0.1270419955253601, 0.04274582117795944
0.13297151029109955, 0.034763094037771225
0.13878753781318665, 0.027228055521845818
0.10270971804857254, 0.03490769863128662
0.14406722784042358, 0.046791624277830124
0.12609848380088806, 0.04780969023704529
0.10499528795480728, 0.02455042488873005
0.11025509238243103, 0.04123465344309807
0.10127175599336624, 0.02854320779442787
0.14920619130134583, 0.057105232030153275
0.13766710460186005, 0.06280780583620071
0.08879327774047852, 0.019415777176618576
0.08530936390161514, 0.017316080629825592
0.10171805322170258, 0.02404133416712284
0.09442528337240219, 0.02751944772899151
0.10333302617073059, 0.021090509369969368
0.09174584597349167, 0.02008262649178505
0.112956203520298, 0.027613352984189987
0.17182081937789917, 0.053367968648672104
0.15747453272342682, 0.04522844776511192
0.13756580650806427, 0.04482392221689224
0.11411067098379135, 0.03836824744939804
0.1061282530426979, 0.04511024057865143
0.13295486569404602, 0.042478613555431366
0.11737354844808578, 0.02650964818894863
0.11046254634857178, 0.030880790203809738
0.0981886014342308, 0.023158714175224304
0.10004319250583649, 0.02273440547287464
0.10746928304433823, 0.0273663979023695
0.11744807660579681, 0.033410996198654175
0.129039004445076, 0.041190531104803085
0.15057514607906342, 0.0604364238679409
0.14885199069976807, 0.04633377864956856
0.13069777190685272, 0.0437965914607048
0.14249427616596222, 0.040773604065179825
0.14851780235767365, 0.03323125094175339
0.22676481306552887, 0.08557099848985672
0.1584358662366867, 0.05544756352901459
0.13349516689777374, 0.033890631049871445
0.1433761864900589, 0.05039836838841438
0.12631471455097198, 0.04103017598390579
0.13419032096862793, 0.03752037137746811
0.11978655308485031, 0.04369473457336426
0.11564961820840836, 0.040067318826913834
0.11055121570825577, 0.03413550183176994
0.1355951875448227, 0.05211052671074867
0.14146585762500763, 0.04090287163853645
0.1078767403960228, 0.06168084964156151
0.12828809022903442, 0.039345622062683105
0.11456060409545898, 0.03501147776842117
0.1564617156982422, 0.05673546344041824
0.17737670242786407, 0.0484640933573246
0.1314365118741989, 0.033319663256406784
0.12378931045532227, 0.04881368577480316
0.16714520752429962, 0.04969688132405281
0.13793958723545074, 0.03819248825311661
0.11521486192941666, 0.028586342930793762
0.13282397389411926, 0.04180372506380081
0.11616888642311096, 0.04814288020133972
0.10063546895980835, 0.024142976850271225
0.12774218618869781, 0.03378259390592575
0.13340283930301666, 0.04376020282506943
0.10944494605064392, 0.03493601083755493
0.12913616001605988, 0.04635690152645111
0.18329770863056183, 0.060113079845905304
0.1772742122411728, 0.06509114801883698
0.14957363903522491, 0.0712546780705452
0.11550731211900711, 0.02795626036822796
0.10721289366483688, 0.023460756987333298
0.12373713403940201, 0.040634214878082275
0.14364628493785858, 0.04161045327782631
0.1302727311849594, 0.03703833371400833
0.11173585057258606, 0.029189132153987885
0.12924611568450928, 0.04537707194685936
0.1058889850974083, 0.02539486065506935
0.10746095329523087, 0.03364413604140282
0.10937517136335373, 0.035223785787820816
0.18947404623031616, 0.07849422842264175
0.1990688592195511, 0.056797802448272705
0.11965547502040863, 0.03614465892314911
0.12348774075508118, 0.029761120676994324
0.14847083389759064, 0.043887171894311905
0.12336371839046478, 0.03713259845972061
0.1454877257347107, 0.03915315866470337
0.10638601332902908, 0.023885760456323624
0.1181403174996376, 0.02494785003364086
0.11447808891534805, 0.03841857984662056
0.11590797454118729, 0.03039860725402832
0.12638376653194427, 0.023113349452614784
0.12459173798561096, 0.03420133888721466
0.10486552119255066, 0.02572234347462654
0.09498473256826401, 0.02151157520711422
0.09754634648561478, 0.018810877576470375
0.12145822495222092, 0.0388636440038681
0.1295728236436844, 0.039225079119205475
0.10511820018291473, 0.027254315093159676
0.12119756639003754, 0.023930132389068604
0.11012838035821915, 0.023137880489230156
0.11098011583089828, 0.03356385976076126
0.09958575665950775, 0.02773744985461235
0.09332176297903061, 0.016566388309001923
0.11974716186523438, 0.02648662030696869
0.15175533294677734, 0.04532526060938835
0.15224511921405792, 0.05257749184966087
0.11066492646932602, 0.029660051688551903
0.10163959115743637, 0.02630523219704628
0.11215616762638092, 0.027380209416151047
0.10418722778558731, 0.021894721314311028
0.11485835164785385, 0.03402718901634216
0.105168417096138, 0.028923898935317993
0.10650201886892319, 0.023686116561293602
0.12264227867126465, 0.039519838988780975
0.13448168337345123, 0.039596349000930786
0.1550258845090866, 0.06102682650089264
0.12280390411615372, 0.048259515315294266
0.11311214417219162, 0.03236788138747215
0.12961521744728088, 0.03955535218119621
0.13586659729480743, 0.03698236122727394
0.08959593623876572, 0.026051614433526993
0.10741893947124481, 0.024458983913064003
0.1175418570637703, 0.02655795030295849
0.14430122077465057, 0.03460455313324928
0.11079992353916168, 0.028866413980722427
0.12801484763622284, 0.03877754881978035
0.1442611962556839, 0.05620097741484642
0.14418375492095947, 0.05159498751163483
0.1234467402100563, 0.04503859952092171
0.13535748422145844, 0.043039511889219284
0.12272069603204727, 0.03535459190607071
0.14250250160694122, 0.047078635543584824
0.1130734458565712, 0.026693163439631462
0.1264679729938507, 0.03379308432340622
0.12368076294660568, 0.03949587419629097
0.12594126164913177, 0.03683464974164963
0.11718658357858658, 0.029529884457588196
0.12009186297655106, 0.03134950250387192
0.16554948687553406, 0.038346584886312485
0.15673883259296417, 0.04106182977557182
0.1641746461391449, 0.05332828313112259
0.161007359623909, 0.048493705689907074
0.1677500158548355, 0.054925888776779175
0.10301060229539871, 0.02235543727874756
0.09791675955057144, 0.025710223242640495
0.11176446825265884, 0.028252188116312027
0.1046702191233635, 0.02437044121325016
0.13015198707580566, 0.05604026839137077
0.13221967220306396, 0.03319162875413895
0.1389712542295456, 0.05046239495277405
0.1745360642671585, 0.06150570884346962
0.14125074446201324, 0.041958387941122055
0.09118245542049408, 0.024869875982403755
0.09921110421419144, 0.025538677349686623
0.09813693910837173, 0.03037349134683609
0.11662427335977554, 0.04465943202376366
0.10526120662689209, 0.025157611817121506
0.15267540514469147, 0.04092959687113762
0.14399802684783936, 0.055453430861234665
0.18391072750091553, 0.07026740908622742
0.10651931911706924, 0.020589806139469147
0.09785126149654388, 0.02374204248189926
0.10646286606788635, 0.032608162611722946
0.11997083574533463, 0.03933020308613777
0.12565256655216217, 0.03196001425385475
0.12720215320587158, 0.030805077403783798
0.10661428421735764, 0.023374976590275764
0.10688082128763199, 0.03373080864548683
0.12618310749530792, 0.03275462985038757
0.12582595646381378, 0.028819024562835693
0.12648707628250122, 0.04988253861665726
0.1044340655207634, 0.03004254773259163
0.1110721230506897, 0.03578903526067734
0.14945103228092194, 0.03723207861185074
0.1104426458477974, 0.024419717490673065
0.11469091475009918, 0.029666755348443985
0.12559445202350616, 0.03021210990846157
0.14183984696865082, 0.053748637437820435
0.1363578885793686, 0.033015623688697815
0.14381448924541473, 0.04520363733172417
0.11433442682027817, 0.025071198120713234
0.11752751469612122, 0.03780930116772652
0.09369730204343796, 0.018573669716715813
0.11306801438331604, 0.0406615249812603
0.11582287400960922, 0.0441928505897522
0.14516271650791168, 0.051588647067546844
0.08896831423044205, 0.02024872601032257
0.1053943857550621, 0.03464113175868988
0.11569411307573318, 0.033010333776474
0.1083313375711441, 0.026664750650525093
0.10549493134021759, 0.024508042261004448
0.11501635611057281, 0.028535613790154457
0.13190177083015442, 0.03500719740986824
0.10611085593700409, 0.028520992025732994
0.09909054636955261, 0.026818279176950455
0.10974013060331345, 0.047973740845918655
0.16559144854545593, 0.054230719804763794
0.18318668007850647, 0.05703190341591835
0.11227832734584808, 0.023498089984059334
0.10593662410974503, 0.0354047566652298
0.1393461972475052, 0.044145602732896805
0.16194094717502594, 0.05261543393135071
0.13954280316829681, 0.05006091296672821
0.10223303735256195, 0.031619250774383545
0.10667441785335541, 0.02848156727850437
0.11313728243112564, 0.03459642082452774
0.10750136524438858, 0.030505521222949028
0.10735679417848587, 0.028411200270056725
0.12615080177783966, 0.03507858142256737
0.1072986051440239, 0.031978048384189606
0.12691228091716766, 0.03238126263022423
0.10763571411371231, 0.0359102226793766
0.11762309074401855, 0.034601904451847076
0.14982321858406067, 0.05446019023656845
0.12106691300868988, 0.043381523340940475
0.1302311271429062, 0.0395059809088707
0.14613719284534454, 0.03526459261775017
0.11222998052835464, 0.022473277524113655
0.11741173267364502, 0.029410913586616516
0.10337492823600769, 0.027380403131246567
0.14580875635147095, 0.04284605756402016
0.1219078078866005, 0.05208137631416321
0.10905984789133072, 0.030611615628004074
0.10970767587423325, 0.02390235662460327
0.10065828263759613, 0.02532901242375374
0.11001837253570557, 0.029544683173298836
0.10941474139690399, 0.026630321517586708
0.12708793580532074, 0.04409479722380638
0.13291819393634796, 0.04810861125588417
0.11271544545888901, 0.0377286896109581
0.1083161011338234, 0.031772032380104065
0.11091066896915436, 0.028742985799908638
0.08830700069665909, 0.02440635859966278
0.09938852488994598, 0.03137117251753807
0.19556042551994324, 0.08485791087150574
0.1773228943347931, 0.0686289370059967
0.10697899013757706, 0.03494631499052048
0.10626055300235748, 0.024891290813684464
0.12784893810749054, 0.04382551833987236
