mean, std
0.1760823279619217, 0.14332075417041779
0.11234809458255768, 0.09036510437726974
0.1069316565990448, 0.06252337992191315
0.11568193882703781, 0.0652046799659729
0.08559419959783554, 0.06340150535106659
0.022296100854873657, 0.021410517394542694
0.021509015932679176, 0.014740797691047192
0.019217094406485558, 0.01357663981616497
0.026940843090415, 0.01106378436088562
0.016625478863716125, 0.014772875234484673
0.02091180346906185, 0.015037588775157928
0.013146093115210533, 0.010563855990767479
0.011772725731134415, 0.009683016687631607
0.014272645115852356, 0.008730772882699966
0.016750922426581383, 0.015312468633055687
0.011625329963862896, 0.00961820874363184
0.013123716227710247, 0.009965121746063232
0.01849162019789219, 0.013579807244241238
0.017451753839850426, 0.015579315833747387
0.01867840625345707, 0.011895205825567245
0.020919525995850563, 0.016794051975011826
0.04333239421248436, 0.032760653644800186
0.042570408433675766, 0.02400568686425686
0.04358820617198944, 0.02456696704030037
0.06392417848110199, 0.051800087094306946
0.054118700325489044, 0.036427274346351624
0.06776656955480576, 0.03547920659184456
0.028250370174646378, 0.023542704060673714
0.03252723813056946, 0.03066682256758213
0.04684228077530861, 0.03425588458776474
0.042236097157001495, 0.03831223025918007
0.07251805067062378, 0.0352952778339386
0.053807880729436874, 0.03553778678178787
0.04152359440922737, 0.02663464844226837
0.03684530779719353, 0.023122848942875862
0.0333029180765152, 0.025464141741394997
0.017571421340107918, 0.012874557636678219
0.040528081357479095, 0.02341972105205059
0.03560057654976845, 0.022625727578997612
0.033710282295942307, 0.021898647770285606
0.048872724175453186, 0.028063392266631126
0.07730086892843246, 0.053203560411930084
0.08394026011228561, 0.048134464770555496
0.06445884704589844, 0.03152455762028694
0.01858527772128582, 0.015607192181050777
0.03275198116898537, 0.0247514471411705
0.03590215742588043, 0.023884208872914314
0.04110827296972275, 0.02631443180143833
0.05436454340815544, 0.03860095515847206
0.030274685472249985, 0.022784942761063576
0.0425582118332386, 0.0221563633531332
0.02153787948191166, 0.01610916666686535
0.05896541848778725, 0.02760440483689308
0.029765093699097633, 0.023441985249519348
0.03554745763540268, 0.015953853726387024
0.030561625957489014, 0.01974691078066826
0.03625740483403206, 0.027249785140156746
0.06740283966064453, 0.04043196514248848
0.0539948008954525, 0.036001574248075485
0.045373689383268356, 0.029170243069529533
0.02602332830429077, 0.02068556658923626
0.020679349079728127, 0.013838262297213078
0.04271242022514343, 0.03173302486538887
0.04434991255402565, 0.02453312650322914
0.05437778681516647, 0.02887086756527424
0.030762070789933205, 0.01969919726252556
0.026339592412114143, 0.01602180302143097
0.02657400630414486, 0.021134749054908752
0.03104599379003048, 0.021372508257627487
0.04298652336001396, 0.03460602089762688
0.04441380500793457, 0.03146568685770035
0.025759728625416756, 0.01792086474597454
0.028671571984887123, 0.027585064992308617
0.04364609345793724, 0.028098177164793015
0.047590598464012146, 0.03119700588285923
0.027403054758906364, 0.018662186339497566
0.07400631904602051, 0.044250328093767166
0.0437917523086071, 0.037767618894577026
0.03345974162220955, 0.0250624418258667
0.04143974184989929, 0.030909797176718712
0.056270532310009, 0.036987703293561935
0.027745570987462997, 0.014867502264678478
0.019105875864624977, 0.012499857693910599
0.028198739513754845, 0.01718989387154579
0.057350557297468185, 0.03243131563067436
0.04248001053929329, 0.03204736486077309
0.06183499097824097, 0.03582001477479935
0.027575479820370674, 0.020180635154247284
0.0276507455855608, 0.014654751867055893
0.026828566566109657, 0.02303917333483696
0.028606750071048737, 0.02578800544142723
0.03422299027442932, 0.02249891869723797
0.02662034146487713, 0.016474906355142593
0.02060280181467533, 0.018106164410710335
0.02538107894361019, 0.019830146804451942
0.028255904093384743, 0.01716584526002407
0.028230292722582817, 0.02278316020965576
0.03589488938450813, 0.020117152482271194
0.028935283422470093, 0.026016661897301674
0.034813012927770615, 0.028858188539743423
0.07493297010660172, 0.04279813542962074
0.055085841566324234, 0.0348336361348629
0.04562566429376602, 0.04621485620737076
0.032618261873722076, 0.015989769250154495
0.051796555519104004, 0.027548369020223618
0.06341578811407089, 0.04811498150229454
0.0372534841299057, 0.025184283033013344
0.03959446772933006, 0.02845398709177971
0.05226963013410568, 0.028812922537326813
0.05509628728032112, 0.02918531931936741
0.038958460092544556, 0.026857778429985046
0.05523161217570305, 0.02514106221497059
0.030286967754364014, 0.024835148826241493
0.018913481384515762, 0.009131960570812225
0.018198596313595772, 0.013531209900975227
0.02344530262053013, 0.017024492844939232
0.0402609258890152, 0.024723300710320473
0.03228064253926277, 0.02499563805758953
0.014641412533819675, 0.01089026965200901
0.039278294891119, 0.032021380960941315
0.053910721093416214, 0.03722282871603966
0.03386886045336723, 0.016443854197859764
0.03929409757256508, 0.02171151340007782
0.06183844804763794, 0.03200068697333336
0.048331744968891144, 0.02214791625738144
0.04827367141842842, 0.024520959705114365
0.08737394958734512, 0.03914766013622284
0.0667034313082695, 0.030867084860801697
0.047346532344818115, 0.028168026357889175
0.02916460670530796, 0.022795982658863068
0.030753083527088165, 0.018602624535560608
0.02848648652434349, 0.017365405336022377
0.03440244495868683, 0.024949701502919197
0.03094647265970707, 0.02838943526148796
0.02615239843726158, 0.017339488491415977
0.03232938051223755, 0.02096518687903881
0.04622151702642441, 0.023911338299512863
0.03659380227327347, 0.023599496111273766
0.036697883158922195, 0.02587641216814518
0.01907668076455593, 0.015315277501940727
0.029153645038604736, 0.02308051660656929
0.03428472578525543, 0.020384101197123528
0.047780442982912064, 0.03200468420982361
0.05209556967020035, 0.02733798138797283
0.028893504291772842, 0.0201786570250988
0.0477941557765007, 0.03180813416838646
0.05130116268992424, 0.02764238975942135
0.03289272263646126, 0.02685377560555935
0.031236592680215836, 0.022262470796704292
0.03085179813206196, 0.02392028085887432
0.021619124338030815, 0.019047904759645462
0.021797917783260345, 0.015493495389819145
0.02971460111439228, 0.028363410383462906
0.032599952071905136, 0.025439301505684853
0.05281831696629524, 0.03245597332715988
0.03226052597165108, 0.023981710895895958
0.028971953317523003, 0.024023864418268204
0.03639352321624756, 0.026620306074619293
0.0289156511425972, 0.017875995486974716
0.01898198015987873, 0.011799631640315056
0.04460667446255684, 0.029734674841165543
0.05767042189836502, 0.031185930594801903
0.027533983811736107, 0.02308346889913082
0.03406322002410889, 0.019796350970864296
0.05587134137749672, 0.024035897105932236
0.04652383178472519, 0.029528895393013954
0.041538435965776443, 0.03006177954375744
0.040703218430280685, 0.023620815947651863
0.040758270770311356, 0.020319560542702675
0.021147212013602257, 0.01728007197380066
0.02689046412706375, 0.01960419863462448
0.015431382693350315, 0.010557922534644604
0.0183512344956398, 0.011952723376452923
0.042362794280052185, 0.028929879888892174
0.04360711947083473, 0.029045937582850456
0.02418789640069008, 0.017154008150100708
0.0393865630030632, 0.025600139051675797
0.03642895072698593, 0.028158608824014664
0.025482363998889923, 0.018219178542494774
0.022999800741672516, 0.0189572311937809
0.031243834644556046, 0.019128402695059776
0.036977775394916534, 0.023581551387906075
0.02283412218093872, 0.018435679376125336
0.04348878562450409, 0.030454397201538086
0.026543743908405304, 0.021742912009358406
0.026904117316007614, 0.02287120558321476
0.036048971116542816, 0.02548728883266449
0.046259164810180664, 0.02910086140036583
0.03558342531323433, 0.02600972354412079
0.02237785793840885, 0.016293657943606377
0.02768249437212944, 0.017816491425037384
0.024543840438127518, 0.020817039534449577
0.04460829496383667, 0.01939190737903118
0.028782865032553673, 0.020235750824213028
0.027747487649321556, 0.019524898380041122
0.021346278488636017, 0.01731921173632145
0.03157754987478256, 0.018715277314186096
0.030134767293930054, 0.020052378997206688
0.04309011623263359, 0.024172481149435043
0.026793012395501137, 0.021558959037065506
0.053995683789253235, 0.029566122218966484
0.0374387688934803, 0.01495056226849556
0.030755681917071342, 0.025622088462114334
0.04085859656333923, 0.02299320697784424
0.04385699704289436, 0.03087065927684307
0.06079478934407234, 0.035707127302885056
0.03215320035815239, 0.02752261608839035
0.03940604627132416, 0.0228416807949543
0.020318320021033287, 0.014425781555473804
0.02200263924896717, 0.019375761970877647
0.03125901147723198, 0.02400641329586506
0.043140340596437454, 0.02329288050532341
0.0335102304816246, 0.025560429319739342
0.043262775987386703, 0.021435478702187538
0.03380467742681503, 0.01866254024207592
0.02628426067531109, 0.021476009860634804
0.06530892103910446, 0.04727960750460625
0.04159487038850784, 0.021520182490348816
0.023692293092608452, 0.020650241523981094
0.026779284700751305, 0.01703268103301525
0.04284772649407387, 0.04054011404514313
0.05999242514371872, 0.038846518844366074
0.046837497502565384, 0.045828722417354584
0.028965502977371216, 0.01862298510968685
0.05139131844043732, 0.030099188908934593
0.04108591750264168, 0.021039310842752457
0.05815414711833, 0.03961540386080742
0.06439371407032013, 0.03247557580471039
0.020002620294690132, 0.012699746526777744
0.028806621208786964, 0.021976489573717117
0.01933794654905796, 0.015159142203629017
0.02346830815076828, 0.02011829800903797
0.0335993617773056, 0.02044854499399662
0.06483719497919083, 0.03582383319735527
0.06661780178546906, 0.04114946722984314
0.05792845040559769, 0.039020881056785583
0.031678248196840286, 0.014877050183713436
0.031744714826345444, 0.02541198953986168
0.02992730401456356, 0.022080590948462486
0.03342631086707115, 0.018943767994642258
0.03495859354734421, 0.027706455439329147
0.07133745402097702, 0.042561739683151245
0.08732739835977554, 0.05213563144207001
0.03381354734301567, 0.033215899020433426
0.04511787369847298, 0.02661842666566372
0.03699246421456337, 0.024184495210647583
0.06434885412454605, 0.04158114269375801
0.04115502908825874, 0.0302111953496933
0.04774116352200508, 0.028545191511511803
0.04970105364918709, 0.03569361940026283
0.06711312383413315, 0.040348779410123825
0.04276542738080025, 0.029201429337263107
0.02247035503387451, 0.019396807998418808
0.02553638443350792, 0.016953349113464355
0.02957409992814064, 0.02624482475221157
0.01662861369550228, 0.012242225930094719
0.02685697190463543, 0.020777644589543343
0.03811906650662422, 0.021217426285147667
0.040903229266405106, 0.027711153030395508
0.034200262278318405, 0.024611912667751312
0.03238172456622124, 0.017642075195908546
0.03659147769212723, 0.027494704350829124
0.0323142409324646, 0.01985437050461769
0.03520076349377632, 0.023397628217935562
0.030021972954273224, 0.014904091134667397
0.025360003113746643, 0.01844518445432186
0.018824618309736252, 0.009083823300898075
0.02599208988249302, 0.016003213822841644
0.025364866480231285, 0.02035505138337612
0.027848631143569946, 0.019688794389367104
0.04550395905971527, 0.03405504301190376
0.0227510929107666, 0.0176088847219944
0.025773117318749428, 0.01845521479845047
0.012471344321966171, 0.009629914537072182
0.03745691105723381, 0.02493949979543686
0.050888340920209885, 0.03972918540239334
0.05347154289484024, 0.02649591490626335
0.02399829961359501, 0.020806098356842995
0.01947575807571411, 0.01844562590122223
0.026083434000611305, 0.018620481714606285
0.017890822142362595, 0.012550795450806618
0.012594449333846569, 0.009835489094257355
0.026663130149245262, 0.017324024811387062
0.035179026424884796, 0.027609312906861305
0.02951386570930481, 0.019693702459335327
0.02811577543616295, 0.023456288501620293
0.046108610928058624, 0.02684840001165867
0.05143272504210472, 0.02971009351313114
0.036224350333213806, 0.01716531440615654
0.02448102831840515, 0.014556159265339375
0.02243180386722088, 0.015020267106592655
0.05073486268520355, 0.03622221201658249
0.03961799293756485, 0.03318127244710922
0.06531567126512527, 0.026970813050866127
0.03809584677219391, 0.03040732443332672
0.03127099946141243, 0.023679789155721664
0.05397951230406761, 0.0386107861995697
0.0368710495531559, 0.024438699707388878
0.030259907245635986, 0.01702800579369068
0.028817960992455482, 0.014577794820070267
0.01940656080842018, 0.015909729525446892
0.026513274759054184, 0.013966546393930912
0.027010491117835045, 0.01713978499174118
0.025530435144901276, 0.017972636967897415
0.025605494156479836, 0.019088931381702423
0.030277082696557045, 0.02036103792488575
0.056611400097608566, 0.022392353042960167
0.05029759556055069, 0.028722252696752548
0.028453240171074867, 0.012992333620786667
0.021788865327835083, 0.018213395029306412
0.02301872707903385, 0.017042534425854683
0.027912357822060585, 0.025867417454719543
0.01712659001350403, 0.015082514844834805
0.03420087695121765, 0.024320513010025024
0.04399843513965607, 0.02905352972447872
0.026412811130285263, 0.01829587109386921
0.030180778354406357, 0.02341262623667717
0.0242959875613451, 0.017890775576233864
0.02696164883673191, 0.02218008227646351
0.026799382641911507, 0.01432369276881218
0.04740427806973457, 0.028913693502545357
0.057913634926080704, 0.0384184867143631
0.03237872198224068, 0.02751048468053341
0.015249866992235184, 0.014335324056446552
0.04359035566449165, 0.03085227683186531
0.03540565073490143, 0.028029778972268105
0.033077653497457504, 0.02043997496366501
0.03810308501124382, 0.023190125823020935
0.026713380590081215, 0.017488976940512657
0.034069158136844635, 0.021431196480989456
0.042794641107320786, 0.026619689539074898
0.02684088610112667, 0.014303592965006828
0.030396107584238052, 0.01681598648428917
0.029087593778967857, 0.021410247310996056
0.04710080474615097, 0.028071366250514984
0.0572911836206913, 0.040298786014318466
0.04127051308751106, 0.027470480650663376
0.02824043296277523, 0.020510172471404076
0.04509245231747627, 0.03806795924901962
0.027272172272205353, 0.017832037061452866
0.02837592363357544, 0.02487729862332344
0.016054853796958923, 0.012837035581469536
0.02331140823662281, 0.01920037530362606
0.017584914341568947, 0.01172016840428114
0.023086458444595337, 0.014033019542694092
0.05453505367040634, 0.035503000020980835
0.04422014579176903, 0.030772635713219643
0.026744678616523743, 0.0191997978836298
0.021909965202212334, 0.017055466771125793
0.042100533843040466, 0.03265643119812012
0.03563137724995613, 0.02654067613184452
0.0313078910112381, 0.02424323558807373
0.036561399698257446, 0.031047848984599113
0.035284630954265594, 0.021101968362927437
0.03248998150229454, 0.015211421065032482
0.023151950910687447, 0.019432591274380684
0.0300845205783844, 0.024821041151881218
0.019277382642030716, 0.016636604443192482
0.03970573469996452, 0.026506876572966576
0.05842256546020508, 0.02929549664258957
0.04079987481236458, 0.037304677069187164
0.01733415015041828, 0.014408312737941742
0.023047246038913727, 0.017526978626847267
0.026181191205978394, 0.01972113735973835
0.029771341010928154, 0.02152736857533455
0.018286556005477905, 0.015359780751168728
0.03100244142115116, 0.02237650752067566
0.039082106202840805, 0.017146149650216103
0.021748224273324013, 0.014707554131746292
0.023891430348157883, 0.015252945013344288
0.04867107421159744, 0.035176053643226624
0.04713497310876846, 0.030829695984721184
0.0306976567953825, 0.019018050283193588
0.054636936634778976, 0.032033611088991165
0.03406120836734772, 0.025471745058894157
0.045205507427453995, 0.027395477518439293
0.04272305592894554, 0.03466276079416275
0.02083444781601429, 0.013523279689252377
0.027106808498501778, 0.02055957540869713
0.024805948138237, 0.015682730823755264
0.04432176798582077, 0.02759741246700287
0.0444883294403553, 0.026952747255563736
0.02351807802915573, 0.02150818705558777
0.02377333678305149, 0.013066708110272884
0.03653847426176071, 0.02797156572341919
0.023162007331848145, 0.024630097672343254
0.06335411965847015, 0.03478999808430672
0.04704377427697182, 0.03162085637450218
0.05394875258207321, 0.02528674714267254
0.019465619698166847, 0.019401922821998596
0.03802117705345154, 0.027778705582022667
0.03703800216317177, 0.02346065640449524
0.02292822115123272, 0.01508800033479929
0.03216412663459778, 0.012692324817180634
0.03316112607717514, 0.019986575469374657
0.04895323887467384, 0.025106968358159065
0.05701568350195885, 0.035130612552165985
0.04021942615509033, 0.025610389187932014
0.06778058409690857, 0.03920717537403107
0.0379224494099617, 0.020043449476361275
0.0546434111893177, 0.027112184092402458
0.054272450506687164, 0.0287142526358366
0.01901034638285637, 0.010863356292247772
0.02616724744439125, 0.018740838393568993
0.0325043722987175, 0.018687212839722633
0.03751199319958687, 0.027240699157118797
0.023981181904673576, 0.018672900274395943
0.04000789299607277, 0.031350284814834595
0.04278372600674629, 0.03476836532354355
0.039387959986925125, 0.03087669052183628
0.04633400961756706, 0.02555319480597973
0.0497085340321064, 0.035162366926670074
0.048590660095214844, 0.03524509817361832
0.03140296787023544, 0.019205108284950256
0.033692773431539536, 0.028722841292619705
0.02103527821600437, 0.01488944049924612
0.021761298179626465, 0.017146380618214607
0.023337777704000473, 0.021377738565206528
0.03105279803276062, 0.021730031818151474
0.03184150904417038, 0.02232653833925724
0.022098304703831673, 0.01748998649418354
0.035612404346466064, 0.02235526591539383
0.07962805777788162, 0.041537512093782425
0.04852032661437988, 0.03246293216943741
0.025296414270997047, 0.021201878786087036
0.035692248493433, 0.026648344472050667
0.04125808924436569, 0.03338948264718056
0.05079794302582741, 0.030428124591708183
0.046094074845314026, 0.030097762122750282
0.07271753251552582, 0.04949801415205002
0.04611804336309433, 0.036124203354120255
0.031121952459216118, 0.026974014937877655
0.028967466205358505, 0.024723922833800316
0.03878690302371979, 0.02885419875383377
0.035367388278245926, 0.021818289533257484
0.03962118551135063, 0.02961864322423935
0.023586200550198555, 0.016633301973342896
0.02187442034482956, 0.01920316182076931
0.04308386147022247, 0.033986374735832214
0.0480785071849823, 0.03059660829603672
0.022383837029337883, 0.0199856199324131
0.03855360299348831, 0.02432587556540966
0.04243243858218193, 0.023799177259206772
0.03663967549800873, 0.03148838132619858
0.04584706202149391, 0.023981917649507523
0.048112716525793076, 0.02825983241200447
0.09503042697906494, 0.03510214015841484
0.04462622478604317, 0.02931497059762478
0.043660860508680344, 0.027243662625551224
0.02849951758980751, 0.01868983916938305
0.04044317454099655, 0.021545838564634323
0.03513459488749504, 0.02220921218395233
0.028970999643206596, 0.022723086178302765
0.05779280140995979, 0.022366393357515335
0.06309052556753159, 0.031346965581178665
0.023326341062784195, 0.020262999460101128
0.04486575350165367, 0.033350106328725815
0.035333532840013504, 0.02568545937538147
0.030539730563759804, 0.023485811427235603
0.03431616351008415, 0.02611149288713932
0.058462586253881454, 0.04656856507062912
0.051825858652591705, 0.03535567596554756
0.03459838777780533, 0.025440825149416924
0.03848741948604584, 0.028042463585734367
0.053735293447971344, 0.03854227066040039
0.053022220730781555, 0.027936087921261787
0.04022778943181038, 0.0259531382471323
0.036173876374959946, 0.022100528702139854
0.045848969370126724, 0.032563451677560806
0.03502029925584793, 0.03279609605669975
0.0556132011115551, 0.02717662788927555
0.036697641015052795, 0.02973089925944805
0.03373496234416962, 0.02802378498017788
0.03777660056948662, 0.018565284088253975
0.04975736886262894, 0.03391838073730469
0.040167439728975296, 0.030856430530548096
0.052250731736421585, 0.025132298469543457
0.052847571671009064, 0.033663924783468246
0.10704121738672256, 0.057849470525979996
0.06509796530008316, 0.048018623143434525
0.0401553176343441, 0.024490583688020706
0.040545910596847534, 0.036190930753946304
0.02336633950471878, 0.016251688823103905
0.022267155349254608, 0.014278310351073742
0.02838137373328209, 0.020137900486588478
0.026041308417916298, 0.021031565964221954
0.04343220219016075, 0.02954827807843685
0.06157517433166504, 0.04432012513279915
0.05643092468380928, 0.03934193029999733
0.06333564966917038, 0.03507615998387337
0.03420407325029373, 0.02006177417933941
0.05476410314440727, 0.026486556977033615
0.057585690170526505, 0.03168192505836487
0.06925079971551895, 0.04393349215388298
0.05073503777384758, 0.03495718911290169
0.06721604615449905, 0.04180321842432022
0.05969272181391716, 0.03968185558915138
0.05492843687534332, 0.04166268929839134
0.03732110559940338, 0.028301268815994263
0.02914516068994999, 0.0188518688082695
0.051673904061317444, 0.03560365363955498
0.039245788007974625, 0.024912601336836815
0.04113343358039856, 0.03398004546761513
0.04941278323531151, 0.03727256879210472
0.05893031135201454, 0.040523577481508255
0.06760610640048981, 0.04353686422109604
0.031696729362010956, 0.023578643798828125
0.03529500961303711, 0.02766009233891964
0.028271891176700592, 0.0197078175842762
0.04234318807721138, 0.026480339467525482
0.047266483306884766, 0.03687051683664322
0.05354532226920128, 0.031761664897203445
0.06125815212726593, 0.03612546622753143
0.055004894733428955, 0.044471099972724915
0.05013342946767807, 0.02459576167166233
0.0624663420021534, 0.037972379475831985
0.0395556278526783, 0.02812996692955494
0.04142267256975174, 0.024113373830914497
0.03898397833108902, 0.03151179105043411
0.04494248703122139, 0.036887817084789276
0.046831198036670685, 0.025190286338329315
0.03494108095765114, 0.020110564306378365
0.03110356442630291, 0.020329726859927177
0.034640684723854065, 0.02127828262746334
0.04624978080391884, 0.02649325504899025
0.05634363368153572, 0.042048998177051544
0.03253555670380592, 0.023607950657606125
0.042992446571588516, 0.0227160956710577
0.07565116882324219, 0.02873552404344082
0.031862061470746994, 0.019798019900918007
0.03571735695004463, 0.029023386538028717
0.0674000084400177, 0.03829701617360115
0.07056783139705658, 0.061354972422122955
0.07825792580842972, 0.05366653949022293
0.061110105365514755, 0.03499544784426689
0.030281640589237213, 0.02829330787062645
0.049321454018354416, 0.024988405406475067
0.03773839399218559, 0.02503206953406334
0.04963119700551033, 0.040388233959674835
0.02672744169831276, 0.01892842724919319
0.03551580756902695, 0.024675650522112846
0.0363813117146492, 0.03661824390292168
0.02727818675339222, 0.01848422922194004
0.03757931664586067, 0.022640667855739594
0.030861331149935722, 0.02304268442094326
0.048342470079660416, 0.0318271704018116
0.04095058515667915, 0.028762662783265114
0.06137220934033394, 0.05272803083062172
0.0604618601500988, 0.04206633195281029
0.03638983145356178, 0.029061513021588326
0.04863222315907478, 0.03194640204310417
0.054499972611665726, 0.03258286789059639
0.028445400297641754, 0.022007308900356293
0.032263752073049545, 0.02754467912018299
0.021407630294561386, 0.016573606058955193
0.03849164396524429, 0.024693207815289497
0.03465161845088005, 0.0260468702763319
0.04981894791126251, 0.03562656417489052
0.02108905091881752, 0.018065398558974266
0.028581960126757622, 0.024108154699206352
0.05406983569264412, 0.03845018148422241
0.03858433663845062, 0.02924489416182041
0.0925564244389534, 0.045018844306468964
0.060234177857637405, 0.03747407719492912
0.06518544256687164, 0.04275133088231087
0.08137426525354385, 0.035942915827035904
0.07669541239738464, 0.03681361302733421
0.07925772666931152, 0.04548847675323486
0.07894431799650192, 0.04289385676383972
0.04517141729593277, 0.03217896819114685
0.06219986453652382, 0.04200753942131996
0.0343761220574379, 0.033452220261096954
0.05840374529361725, 0.03912933170795441
0.0488114058971405, 0.03367525339126587
0.05831202492117882, 0.034995660185813904
0.030179275199770927, 0.026038438081741333
0.035987067967653275, 0.015856921672821045
0.05972031131386757, 0.03899810463190079
0.018334360793232918, 0.015675503760576248
0.024137403815984726, 0.016935784369707108
0.0341741219162941, 0.025652237236499786
0.04499812424182892, 0.02951851114630699
0.04780521243810654, 0.027777282521128654
0.04893346503376961, 0.026380449533462524
0.04070001840591431, 0.035421762615442276
0.045485034584999084, 0.02268996834754944
0.05919790267944336, 0.03618483245372772
0.045823682099580765, 0.02556823566555977
0.10372040420770645, 0.05025152117013931
0.09928911179304123, 0.04377039521932602
0.10268639028072357, 0.05134005472064018
0.03663003444671631, 0.023362690582871437
0.030248228460550308, 0.01841128058731556
0.023789208382368088, 0.02091645449399948
0.0290721133351326, 0.01632811315357685
0.021258268505334854, 0.021598100662231445
0.057687871158123016, 0.040434472262859344
0.03194936364889145, 0.028359783813357353
0.051923733204603195, 0.03477001562714577
0.05629487708210945, 0.026830404996871948
0.05665320158004761, 0.02979389764368534
0.034214336425065994, 0.026322126388549805
0.046692997217178345, 0.02735831029713154
0.03890298679471016, 0.026718400418758392
0.024710997939109802, 0.02091466449201107
0.028745481744408607, 0.02770705334842205
0.04083043336868286, 0.02019532024860382
0.05765907093882561, 0.03602871671319008
0.03637374937534332, 0.01848512887954712
0.04726417735219002, 0.03721541911363602
0.021089505404233932, 0.017198696732521057
0.040536705404520035, 0.023312384262681007
0.03643428161740303, 0.024832088500261307
0.04574446752667427, 0.03728224337100983
0.021531162783503532, 0.016603706404566765
0.033970028162002563, 0.013206531293690205
0.03638380393385887, 0.023982390761375427
0.03718018904328346, 0.022775156423449516
0.05531156808137894, 0.02538534812629223
0.03667263314127922, 0.023241156712174416
0.04752024635672569, 0.03134362772107124
0.05781104788184166, 0.032654814422130585
0.03999872878193855, 0.037968896329402924
0.03257674723863602, 0.02731333300471306
0.04445764422416687, 0.028904536738991737
0.04648952931165695, 0.03067946434020996
0.03690706565976143, 0.023856909945607185
0.0270187109708786, 0.022777067497372627
0.03708411753177643, 0.026749564334750175
0.03792900592088699, 0.029539799317717552
0.0667320266366005, 0.036201659590005875
0.06069270893931389, 0.04367247223854065
0.04857750982046127, 0.03186943754553795
0.03541741520166397, 0.021581633016467094
0.07251591235399246, 0.044324614107608795
0.04554286599159241, 0.029072066769003868
0.025937514379620552, 0.020299626514315605
0.04318632185459137, 0.025804966688156128
0.05759625881910324, 0.039312511682510376
0.03693902865052223, 0.022256845608353615
0.06571045517921448, 0.03735702484846115
0.049785539507865906, 0.0367809422314167
0.03496823459863663, 0.023937642574310303
0.023358643054962158, 0.021539125591516495
0.029185499995946884, 0.021649178117513657
0.0408557765185833, 0.024254990741610527
0.032996416091918945, 0.019105514511466026
0.03554166853427887, 0.019151227548718452
0.03927755355834961, 0.03224740922451019
0.04176764562726021, 0.02446475438773632
0.03097177855670452, 0.023066425696015358
0.04445812478661537, 0.032962366938591
0.04204137623310089, 0.03016338124871254
0.05407749488949776, 0.03270816057920456
0.056932177394628525, 0.03785894811153412
0.06715678423643112, 0.043526165187358856
0.07711078971624374, 0.04099707677960396
0.03259434178471565, 0.025789018720388412
0.03852490335702896, 0.02492857351899147
0.051751572638750076, 0.03413088992238045
0.0642465353012085, 0.04438507556915283
0.04862828552722931, 0.03914635255932808
0.03903620317578316, 0.02843932993710041
0.0331360287964344, 0.02350778505206108
0.0289220679551363, 0.018232014030218124
0.03285988047719002, 0.024229172617197037
0.04570819064974785, 0.029199836775660515
0.04003775119781494, 0.027482228353619576
0.0705815777182579, 0.05036633089184761
0.0807715505361557, 0.0521295927464962
0.04376794770359993, 0.03295230492949486
0.025631863623857498, 0.013934742659330368
0.02718120440840721, 0.019880909472703934
0.038035500794649124, 0.02337873913347721
0.07665029913187027, 0.054914310574531555
0.060488879680633545, 0.038735900074243546
0.06904304027557373, 0.04434787854552269
0.057132720947265625, 0.03509333357214928
0.057001665234565735, 0.03394348919391632
0.05270625650882721, 0.032658789306879044
0.026702530682086945, 0.017696909606456757
0.028749609366059303, 0.019398480653762817
0.042105190455913544, 0.02307293936610222
0.021411219611763954, 0.01916140876710415
0.04893235117197037, 0.0323486253619194
0.03069962002336979, 0.02873798832297325
0.030110618099570274, 0.02063889428973198
0.05997062474489212, 0.033609744161367416
0.04217410460114479, 0.02873828448355198
0.05016075447201729, 0.0357985682785511
0.0625443235039711, 0.026169544085860252
0.0766637995839119, 0.037336476147174835
0.04972466453909874, 0.03013811819255352
0.033865854144096375, 0.01853974163532257
0.05000162497162819, 0.03182567283511162
0.06342246383428574, 0.03182598575949669
0.055723123252391815, 0.03405715525150299
0.054204028099775314, 0.02882721833884716
0.03776482865214348, 0.024348819628357887
0.034262966364622116, 0.02443770132958889
0.02908133901655674, 0.02223154716193676
0.025787046179175377, 0.01799287460744381
0.03459705784916878, 0.023847825825214386
0.1168261393904686, 0.06881102919578552
0.10748527199029922, 0.06077972799539566
0.03614240139722824, 0.030510852113366127
0.02419142611324787, 0.017230769619345665
0.03223441168665886, 0.023611316457390785
0.027625907212495804, 0.019474443048238754
0.05072806403040886, 0.03539054095745087
0.0641837790608406, 0.048028599470853806
0.0890343114733696, 0.05259311944246292
0.045517902821302414, 0.03939763829112053
0.02714569680392742, 0.020379532128572464
0.034678831696510315, 0.024051737040281296
0.03165682032704353, 0.023013560101389885
0.03794676810503006, 0.02861621417105198
0.02916201949119568, 0.024608956649899483
0.028237707912921906, 0.016090959310531616
0.02929900400340557, 0.023527158424258232
0.04818331450223923, 0.02491641603410244
0.07032766193151474, 0.042253974825143814
0.02797054313123226, 0.021450113505125046
0.06786330789327621, 0.04172811284661293
0.057245101779699326, 0.03339651599526405
0.054952222853899, 0.03910977393388748
0.03326578438282013, 0.020237639546394348
0.04939113184809685, 0.02593928575515747
0.0497143529355526, 0.02853693626821041
0.035961221903562546, 0.031774505972862244
0.041820231825113297, 0.030539823696017265
0.01954551972448826, 0.01813572645187378
0.021274805068969727, 0.013843148946762085
0.022283747792243958, 0.01678294502198696
0.03578285872936249, 0.021884215995669365
0.03887733817100525, 0.025622036308050156
0.04122743383049965, 0.030195647850632668
0.03251068666577339, 0.01809343323111534
0.045155126601457596, 0.029738612473011017
0.04959503933787346, 0.031466782093048096
0.049438830465078354, 0.0329132080078125
0.05814570188522339, 0.04665981978178024
0.05668222904205322, 0.0379253588616848
0.026206152513623238, 0.016614355146884918
0.03931737318634987, 0.022358428686857224
0.040396798402071, 0.03004894033074379
0.039240650832653046, 0.0366305373609066
0.03244785591959953, 0.026288006454706192
0.048151493072509766, 0.025134839117527008
0.0689990222454071, 0.044373005628585815
0.08249661326408386, 0.0399976447224617
0.060801759362220764, 0.03671436011791229
0.03191310167312622, 0.017617197707295418
0.02167971059679985, 0.018395788967609406
0.044243261218070984, 0.03402817249298096
0.03276849165558815, 0.023486673831939697
0.023106606677174568, 0.02162083052098751
0.04786624014377594, 0.025538412854075432
0.060531310737133026, 0.03692780062556267
0.06916418671607971, 0.038969967514276505
0.07855162769556046, 0.04639078304171562
0.056303612887859344, 0.03864260017871857
0.06172027066349983, 0.04437815397977829
0.04937741532921791, 0.02717624045908451
0.05188249424099922, 0.03297526389360428
0.06256125867366791, 0.033932026475667953
0.05677320063114166, 0.03628531098365784
0.057739291340112686, 0.041935503482818604
0.01728791370987892, 0.0195242241024971
0.03490421175956726, 0.03377339616417885
0.04266335070133209, 0.02982807345688343
0.026016095653176308, 0.02062124013900757
0.03911096230149269, 0.02281883731484413
0.040411949157714844, 0.018847424536943436
0.07439938187599182, 0.03516257181763649
0.0686197355389595, 0.030673952773213387
0.05643796920776367, 0.04074887931346893
0.047832343727350235, 0.027942758053541183
0.03822432830929756, 0.02093055658042431
0.020795565098524094, 0.013478136621415615
0.04423464462161064, 0.03103463165462017
0.03659180924296379, 0.023735925555229187
0.027180291712284088, 0.020941905677318573
0.035299282521009445, 0.02176639810204506
0.0349244587123394, 0.030364979058504105
0.07214194536209106, 0.03857695311307907
0.0526641421020031, 0.036194633692502975
0.05002438277006149, 0.04304871708154678
0.053792212158441544, 0.031379345804452896
0.05201064795255661, 0.030927367508411407
0.04295850172638893, 0.03512810915708542
0.02063584327697754, 0.013604482635855675
0.03447457030415535, 0.021233759820461273
0.06390974670648575, 0.034329045563936234
0.04557030275464058, 0.03283894807100296
0.03429090976715088, 0.02147761359810829
0.029563212767243385, 0.023771945387125015
0.05385001748800278, 0.04457223042845726
0.05057942122220993, 0.025517035275697708
0.03212713450193405, 0.018540486693382263
0.03213649243116379, 0.02754686400294304
0.03376903757452965, 0.02631174586713314
0.050651345402002335, 0.03092789277434349
0.04683011770248413, 0.03273100405931473
0.06363784521818161, 0.03360026329755783
0.07448146492242813, 0.030272679403424263
0.09388230741024017, 0.05342517048120499
0.04254239425063133, 0.026097340509295464
0.03246219456195831, 0.02633013390004635
0.07427781075239182, 0.04386400431394577
0.04598325490951538, 0.0363352969288826
0.04035027697682381, 0.034367144107818604
0.042936112731695175, 0.030929170548915863
0.048152972012758255, 0.03782912343740463
0.05509991571307182, 0.038153499364852905
0.07241775840520859, 0.043250177055597305
0.0403062105178833, 0.024862730875611305
0.03370436653494835, 0.023342978209257126
0.049598921090364456, 0.03102266415953636
0.04266125708818436, 0.02962961606681347
0.05665426328778267, 0.046989213675260544
0.05857013911008835, 0.03707287088036537
0.052099525928497314, 0.03582114726305008
0.03572375699877739, 0.020986411720514297
0.04097622632980347, 0.02086045779287815
0.03850742056965828, 0.02439715713262558
0.025326276198029518, 0.024879401549696922
0.04804079979658127, 0.029578546062111855
0.03250785544514656, 0.032711535692214966
0.02685643918812275, 0.02020842395722866
0.03946256637573242, 0.02022501267492771
0.033019110560417175, 0.02148774079978466
0.048151444643735886, 0.0307757668197155
0.03269142284989357, 0.021980123594403267
0.02243112027645111, 0.01792517490684986
0.0416550450026989, 0.03158489242196083
0.08417287468910217, 0.042053572833538055
0.056756842881441116, 0.04738558828830719
0.03874876722693443, 0.025906000286340714
0.04796774312853813, 0.025630611926317215
0.0378052182495594, 0.02177373133599758
0.034218836575746536, 0.023317087441682816
0.04230700433254242, 0.02139299176633358
0.017123911529779434, 0.012871349230408669
0.040492165833711624, 0.028786467388272285
0.05339612439274788, 0.030348995700478554
0.04290609806776047, 0.03566563501954079
0.025496942922472954, 0.019770920276641846
0.05516590178012848, 0.03546172007918358
0.06445156782865524, 0.04179201275110245
0.055745650082826614, 0.046852871775627136
0.03856538236141205, 0.024391859769821167
0.03786400333046913, 0.02695051208138466
0.026286495849490166, 0.017529424279928207
0.022407710552215576, 0.019531112164258957
0.0768369808793068, 0.04855138808488846
0.05187183618545532, 0.029321452602744102
0.05495287477970123, 0.027118002995848656
0.07306305319070816, 0.046783145517110825
0.04755882918834686, 0.029416251927614212
0.02921254374086857, 0.018363505601882935
0.02507510595023632, 0.018752731382846832
0.03509949892759323, 0.025052452459931374
0.05219303444027901, 0.034804970026016235
0.037532221525907516, 0.028943374752998352
0.025359513238072395, 0.015054615214467049
0.04454052075743675, 0.033366285264492035
0.04121129587292671, 0.03320547565817833
0.042155228555202484, 0.021870173513889313
0.03356500715017319, 0.020686930045485497
0.03614600747823715, 0.029237940907478333
0.04035044461488724, 0.023998431861400604
0.03747422620654106, 0.028295574709773064
0.041396088898181915, 0.029285432770848274
0.0565371997654438, 0.029497206211090088
0.04146220162510872, 0.02663262188434601
0.044266749173402786, 0.02986118756234646
0.04587973281741142, 0.02773307077586651
0.04744737595319748, 0.02724589966237545
0.03462047502398491, 0.015742750838398933
0.03474598377943039, 0.022538380697369576
0.055307772010564804, 0.03446463868021965
0.023932751268148422, 0.021522458642721176
0.04489820823073387, 0.04056882858276367
0.05661400780081749, 0.048355940729379654
0.07786022871732712, 0.04898117482662201
0.06607915461063385, 0.037346627563238144
0.04525661841034889, 0.03395577520132065
0.023766931146383286, 0.016574207693338394
0.031186584383249283, 0.02155216410756111
0.03391539677977562, 0.026124872267246246
0.07032570987939835, 0.037536200135946274
0.07398535311222076, 0.04921182617545128
0.042117077857255936, 0.030144497752189636
0.04568970203399658, 0.030339213088154793
0.05397426337003708, 0.028181307017803192
0.04044298082590103, 0.03056270070374012
0.03478597477078438, 0.02593156136572361
0.03071293979883194, 0.022803306579589844
0.0469493605196476, 0.03429807350039482
0.04349255561828613, 0.02958744578063488
0.04350246861577034, 0.025856221094727516
0.03800400719046593, 0.02582620084285736
0.020801976323127747, 0.01867341808974743
0.0383266843855381, 0.03431566432118416
0.05745651200413704, 0.04684770479798317
0.05988549068570137, 0.036673128604888916
0.06879232823848724, 0.04401600733399391
0.10092479735612869, 0.05322881042957306
0.13052143156528473, 0.06682568788528442
0.06050946190953255, 0.05036991089582443
0.022513022646307945, 0.013496538624167442
0.033574674278497696, 0.023696092888712883
0.031798407435417175, 0.023768408223986626
0.07495621591806412, 0.04000529274344444
0.050801072269678116, 0.025180652737617493
0.034789469093084335, 0.019759591668844223
0.03349623456597328, 0.0224111620336771
0.02984035387635231, 0.015863707289099693
0.020484132692217827, 0.016712963581085205
0.034789104014635086, 0.016684837639331818
0.023960154503583908, 0.014509771019220352
0.03430813178420067, 0.019964521750807762
0.0314701572060585, 0.027152301743626595
0.02144678495824337, 0.01236737985163927
0.020126670598983765, 0.01576695404946804
0.03206198662519455, 0.01960062049329281
0.03161377087235451, 0.01758582703769207
0.0374496653676033, 0.024225080385804176
0.03206340968608856, 0.021237971261143684
0.031465888023376465, 0.02579081803560257
0.04501345753669739, 0.025891080498695374
0.03408559411764145, 0.03198035806417465
0.058831386268138885, 0.0401727631688118
0.04810170829296112, 0.03035009279847145
0.024719394743442535, 0.020898064598441124
0.04028083756566048, 0.02416519820690155
0.05332236364483833, 0.03674152493476868
0.06260465830564499, 0.04192579165101051
0.035329680889844894, 0.027277331799268723
0.03522401303052902, 0.026801321655511856
0.04153834283351898, 0.01943099871277809
0.025240562856197357, 0.026117496192455292
0.0496632382273674, 0.025742236524820328
0.06897315382957458, 0.03245576471090317
0.034360144287347794, 0.023161645978689194
0.04807420074939728, 0.026196105405688286
0.03972579166293144, 0.030450625345110893
0.052286285907030106, 0.03136887028813362
0.046991024166345596, 0.02925674058496952
0.041563481092453, 0.02438223548233509
0.040125567466020584, 0.024226080626249313
0.05002236366271973, 0.027087025344371796
0.04736334830522537, 0.03342987969517708
0.08280060440301895, 0.048339854925870895
0.0659283846616745, 0.03935343399643898
0.052575163543224335, 0.036187347024679184
0.050836119800806046, 0.03446386754512787
0.03694392368197441, 0.022967690601944923
0.033529218286275864, 0.018483752384781837
0.029717402532696724, 0.02394573949277401
0.03581848740577698, 0.032339274883270264
0.0427015982568264, 0.029900195077061653
0.035835832357406616, 0.02746017836034298
0.04770347476005554, 0.031172841787338257
0.044311828911304474, 0.02413572184741497
0.05793154239654541, 0.05443625524640083
0.013366497121751308, 0.011116264387965202
0.025661302730441093, 0.017415789887309074
0.03677106648683548, 0.02415425516664982
0.04028993472456932, 0.020637856796383858
0.028612613677978516, 0.01993820071220398
0.04676324501633644, 0.026944566518068314
0.0388726182281971, 0.030351027846336365
0.031142035499215126, 0.022868813946843147
0.04665997624397278, 0.03230105713009834
0.02661689557135105, 0.020572548732161522
0.03694175183773041, 0.029721932485699654
0.03287355974316597, 0.023103902116417885
0.031109580770134926, 0.018067747354507446
0.06481815129518509, 0.045343659818172455
0.0899648442864418, 0.044086702167987823
0.08202922344207764, 0.044280584901571274
0.06668036431074142, 0.0449245423078537
0.070500947535038, 0.041764289140701294
0.04339684173464775, 0.02806759811937809
0.033063530921936035, 0.019655868411064148
0.05254208669066429, 0.029702311381697655
0.061511654406785965, 0.02921200729906559
0.057753827422857285, 0.03572072461247444
0.028806352987885475, 0.022093262523412704
0.02643713355064392, 0.01608818769454956
0.05726485326886177, 0.03331449627876282
0.034076422452926636, 0.02766311913728714
0.028884904459118843, 0.02476710081100464
0.04640551656484604, 0.03545756638050079
0.078038290143013, 0.04796208441257477
0.072102390229702, 0.045868925750255585
0.06081697717308998, 0.028331303969025612
0.040716394782066345, 0.021275434643030167
0.029434645548462868, 0.024472232908010483
0.018464025110006332, 0.011956061236560345
0.034786153584718704, 0.02190551348030567
0.03802386671304703, 0.026537198573350906
0.03695336729288101, 0.02435218170285225
0.07563167065382004, 0.04111993685364723
0.03962896764278412, 0.024253567680716515
0.034768152981996536, 0.019337039440870285
0.018162423744797707, 0.011272815987467766
0.03450765088200569, 0.024033984169363976
0.036337703466415405, 0.033274855464696884
0.03834148496389389, 0.027957942336797714
0.026179863139986992, 0.022211430594325066
0.023754088208079338, 0.017525844275951385
0.057103633880615234, 0.04271705076098442
0.03212748095393181, 0.027603793889284134
0.041300080716609955, 0.024666763842105865
0.05539117380976677, 0.04009068384766579
0.040136948227882385, 0.03152547776699066
0.03170539811253548, 0.019080812111496925
0.03912050649523735, 0.02181856334209442
0.053421154618263245, 0.039429038763046265
0.05244937166571617, 0.029854994267225266
0.0348329022526741, 0.026236455887556076
0.03323880955576897, 0.024829551577568054
0.03796682134270668, 0.037199221551418304
0.03207681328058243, 0.021822430193424225
0.02172449231147766, 0.016298925504088402
0.0386749766767025, 0.027499834075570107
0.03672919422388077, 0.026313981041312218
0.034403473138809204, 0.025133145973086357
0.02367136813700199, 0.015373690985143185
0.04774013161659241, 0.02306266315281391
0.040263090282678604, 0.025703061372041702
0.044067174196243286, 0.025600874796509743
0.07379085570573807, 0.05276516452431679
0.06122012436389923, 0.039421115070581436
0.04273436218500137, 0.0326300710439682
0.037640899419784546, 0.022120846435427666
0.024143153801560402, 0.017814453691244125
0.04852573201060295, 0.03213849291205406
0.03009072318673134, 0.02320343814790249
0.027378197759389877, 0.013406053185462952
0.039862241595983505, 0.02688227780163288
0.04980091750621796, 0.030220594257116318
0.06277025490999222, 0.03876744955778122
0.06655086576938629, 0.04991080239415169
0.07010468095541, 0.03553001210093498
0.0292280912399292, 0.02394363284111023
0.03662680462002754, 0.021136073395609856
0.038997307419776917, 0.023445121943950653
0.04542836174368858, 0.033761944621801376
0.07286252081394196, 0.03390437364578247
0.07684165984392166, 0.05474795401096344
0.07831180095672607, 0.04597652330994606
0.08632995188236237, 0.053425390273332596
0.04744432494044304, 0.030316978693008423
0.03979470208287239, 0.02277347631752491
0.04744505137205124, 0.030345724895596504
0.058588314801454544, 0.04144369065761566
0.044081296771764755, 0.03258892148733139
0.029029101133346558, 0.017899539321660995
0.03786785900592804, 0.03118756040930748
0.040705833584070206, 0.022043291479349136
0.02767440304160118, 0.016839442774653435
0.04025448113679886, 0.026157956570386887
0.028960254043340683, 0.023351052775979042
0.03318967670202255, 0.023719465360045433
0.04908477142453194, 0.03317847475409508
0.034674208611249924, 0.02693345956504345
0.07052099704742432, 0.04043663665652275
0.031371861696243286, 0.020520398393273354
0.054266996681690216, 0.028428534045815468
0.06542617827653885, 0.03736160695552826
0.03677912428975105, 0.031268224120140076
0.03883057460188866, 0.022736860439181328
0.03263415768742561, 0.027104992419481277
0.031189318746328354, 0.019823424518108368
0.05789415165781975, 0.03785357624292374
0.04454725235700607, 0.027460169047117233
0.05626813694834709, 0.027393510565161705
0.021547062322497368, 0.014926859177649021
0.04053060710430145, 0.037707578390836716
0.06323333084583282, 0.03411319479346275
0.04320710524916649, 0.03390880674123764
0.04275241866707802, 0.026632575318217278
0.01957418955862522, 0.01248615700751543
0.028894491493701935, 0.020394442602992058
0.04379887133836746, 0.029435232281684875
0.02403545379638672, 0.012762937694787979
0.028720000758767128, 0.01851591095328331
0.06320349872112274, 0.03581424430012703
0.04160623624920845, 0.025845151394605637
0.047600578516721725, 0.028298472985625267
0.07536762207746506, 0.03843030333518982
0.05932089313864708, 0.032129425555467606
0.047268230468034744, 0.021656442433595657
0.04444948956370354, 0.025250963866710663
0.04814483970403671, 0.03412267193198204
0.03478602319955826, 0.024404166266322136
0.0520847886800766, 0.03238376975059509
0.04863867908716202, 0.028660422191023827
0.030956963077187538, 0.01733073592185974
0.049188051372766495, 0.029401391744613647
0.047745075076818466, 0.030010655522346497
0.03875330090522766, 0.023367691785097122
0.04793984815478325, 0.02454572170972824
0.06188887357711792, 0.02862982265651226
0.025190716609358788, 0.01889782026410103
0.03681356832385063, 0.025779638439416885
0.02716105803847313, 0.01723361760377884
0.019625196233391762, 0.016933806240558624
0.041585374623537064, 0.02663024701178074
0.053352657705545425, 0.025150850415229797
0.0727970153093338, 0.03249933198094368
0.042122963815927505, 0.035819150507450104
0.038506001234054565, 0.025021813809871674
0.06757589429616928, 0.0344851016998291
0.03219639137387276, 0.026293830946087837
0.03227921202778816, 0.018865495920181274
0.030093882232904434, 0.02363487519323826
0.03173225000500679, 0.0231902077794075
0.04135198891162872, 0.024394335225224495
0.026984088122844696, 0.02635187841951847
0.03942228853702545, 0.02864033170044422
0.026633448898792267, 0.030130011960864067
0.019011883065104485, 0.015015036799013615
0.044957470148801804, 0.030702555552124977
0.04324418306350708, 0.022990019991993904
0.03763924911618233, 0.02894449234008789
0.021854309365153313, 0.015301946550607681
0.03439520299434662, 0.026131341233849525
0.04406886547803879, 0.027586260810494423
0.025727011263370514, 0.014194827526807785
0.054311323910951614, 0.040154315531253815
0.058650460094213486, 0.03675645589828491
0.046934351325035095, 0.026480335742235184
0.03014635480940342, 0.022506441920995712
0.04967969283461571, 0.024708762764930725
0.07189035415649414, 0.045877836644649506
0.036808982491493225, 0.02646193839609623
0.03432353213429451, 0.02274157479405403
0.026769546791911125, 0.021167922765016556
0.06044856086373329, 0.02998853102326393
0.03068450093269348, 0.028623908758163452
0.04542054235935211, 0.02674288861453533
0.03395964577794075, 0.0366734154522419
0.052197642624378204, 0.02523123100399971
0.026244472712278366, 0.014608729630708694
0.044579438865184784, 0.0210000928491354
0.061412468552589417, 0.03379090875387192
0.050764549523591995, 0.03376493975520134
0.052449848502874374, 0.031160760670900345
0.03451697900891304, 0.024286601692438126
0.04381803795695305, 0.03511696308851242
0.03526596352458, 0.025802304968237877
0.040515679866075516, 0.02365461178123951
0.038269564509391785, 0.02433919720351696
0.03319195285439491, 0.02831883169710636
0.04147837683558464, 0.02478918805718422
0.051163092255592346, 0.03244475647807121
0.04153120517730713, 0.025860413908958435
0.039350032806396484, 0.023326991125941277
0.03679764270782471, 0.02053118497133255
0.0348668098449707, 0.021023528650403023
0.018281228840351105, 0.014028831385076046
0.02589300461113453, 0.0207977257668972
0.033600516617298126, 0.017819348722696304
0.03381707891821861, 0.025469550862908363
0.04987186938524246, 0.03121035546064377
0.03712308034300804, 0.02899203635752201
0.03318944573402405, 0.016848774626851082
0.03946980461478233, 0.027839772403240204
0.04383694380521774, 0.027782157063484192
0.016656946390867233, 0.016260068863630295
0.02910318411886692, 0.02052031271159649
0.027264421805739403, 0.0180018600076437
0.036190103739500046, 0.023773908615112305
0.044396791607141495, 0.03394465148448944
0.028832674026489258, 0.01576843671500683
0.030177677050232887, 0.021093787625432014
0.026093581691384315, 0.018274545669555664
0.019938714802265167, 0.01562127098441124
0.028275761753320694, 0.0242021381855011
0.02835504524409771, 0.01890726201236248
0.07023695856332779, 0.02678133361041546
0.10547380894422531, 0.0572630874812603
0.09171772003173828, 0.05240679532289505
0.06772718578577042, 0.035138338804244995
0.024282218888401985, 0.015958378091454506
0.03579245135188103, 0.02245587669312954
0.02066469006240368, 0.016002260148525238
0.029747864231467247, 0.015721607953310013
0.03308533504605293, 0.028082065284252167
0.033694177865982056, 0.0193782951682806
0.05508017539978027, 0.025959981605410576
0.05166200175881386, 0.026434646919369698
0.025366077199578285, 0.0161189753562212
0.034605227410793304, 0.018391821533441544
0.04888371378183365, 0.030834101140499115
0.050439927726984024, 0.02858913503587246
0.03891344368457794, 0.03150080144405365
0.03254186362028122, 0.020988857373595238
0.02008659765124321, 0.012667215429246426
0.025528986006975174, 0.017483176663517952
0.023178985342383385, 0.015943817794322968
0.021083828061819077, 0.012202711775898933
0.03826882317662239, 0.026116330176591873
0.039007168263196945, 0.029002921655774117
0.041948460042476654, 0.02306654118001461
0.036653704941272736, 0.021633053198456764
0.05026284232735634, 0.024822918698191643
0.03238663449883461, 0.01828226074576378
0.03379594162106514, 0.026143014430999756
0.027419978752732277, 0.029130958020687103
0.031110849231481552, 0.023937944322824478
0.020898250862956047, 0.01681075617671013
0.05275304988026619, 0.03137851133942604
0.04171733930706978, 0.02811039611697197
0.04128619283437729, 0.02658257633447647
0.05251564458012581, 0.03252376616001129
0.04141217842698097, 0.024855228140950203
0.0261117834597826, 0.012931173667311668
0.03685465827584267, 0.027366122230887413
0.0308176651597023, 0.026090087369084358
0.06717851012945175, 0.03861816227436066
0.03685387223958969, 0.026196550577878952
0.04307301342487335, 0.02922603115439415
0.045845746994018555, 0.030079539865255356
0.04075156897306442, 0.028503339737653732
0.03191833198070526, 0.0159679614007473
0.02597513422369957, 0.018844107165932655
0.02683100290596485, 0.014243976213037968
0.05333986505866051, 0.031070314347743988
0.06601070612668991, 0.030752666294574738
0.03944417089223862, 0.03315180167555809
0.03961785510182381, 0.022572852671146393
0.05626695603132248, 0.0323248915374279
0.05287737771868706, 0.03616594523191452
0.07214906066656113, 0.04293441399931908
0.038532476872205734, 0.031734663993120193
0.04408629983663559, 0.03126077353954315
0.03816794976592064, 0.02373356930911541
0.028980407863855362, 0.0167667418718338
0.02752620354294777, 0.02074526436626911
0.03238728642463684, 0.02468164637684822
0.07476325333118439, 0.03338576480746269
0.04820065200328827, 0.03449611738324165
0.03710298240184784, 0.023343916982412338
0.0647813081741333, 0.03725588321685791
0.05892964079976082, 0.03709592670202255
0.020462095737457275, 0.014570578001439571
0.030350808054208755, 0.022983429953455925
0.028109580278396606, 0.021520700305700302
0.0253190528601408, 0.014621851965785027
0.023410242050886154, 0.018181784078478813
0.03532056510448456, 0.01982676237821579
0.027733761817216873, 0.022306082770228386
0.04522212967276573, 0.023937471210956573
0.028263764455914497, 0.016716590151190758
0.03162292391061783, 0.023109886795282364
0.033971868455410004, 0.02177080698311329
0.02657265216112137, 0.02236235700547695
0.04532228037714958, 0.0297347791492939
0.05499222129583359, 0.03109052963554859
0.04973212629556656, 0.019383152946829796
0.031222045421600342, 0.022831914946436882
0.05151595547795296, 0.0340123251080513
0.0351666696369648, 0.03744629770517349
0.03081187605857849, 0.019295142963528633
0.026536788791418076, 0.02447775937616825
0.024207929149270058, 0.01474274042993784
0.06014655902981758, 0.03543870896100998
0.04992552474141121, 0.038282644003629684
0.019167879596352577, 0.014888638630509377
0.01985356956720352, 0.011661364696919918
0.028831686824560165, 0.015510871075093746
0.019766727462410927, 0.013428266160190105
0.025271276012063026, 0.01580246165394783
0.01772010140120983, 0.013294954784214497
0.03256513178348541, 0.020677322521805763
0.06608740240335464, 0.0322297178208828
0.060344040393829346, 0.03021228313446045
0.039259836077690125, 0.03117416799068451
0.028011534363031387, 0.020645037293434143
0.027405105531215668, 0.026350153610110283
0.04778473824262619, 0.028720887377858162
0.03887169808149338, 0.02068488858640194
0.03498292341828346, 0.01573016308248043
0.021390436217188835, 0.01549171656370163
0.02760349027812481, 0.019948169589042664
0.030248278751969337, 0.020251266658306122
0.03224758803844452, 0.023616299033164978
0.03965636342763901, 0.03080964833498001
0.051894597709178925, 0.04164765775203705
0.06201307848095894, 0.035270512104034424
0.0420370027422905, 0.029346557334065437
0.041083093732595444, 0.029580458998680115
0.047010984271764755, 0.030519353225827217
0.09609556198120117, 0.04699210450053215
0.05485384911298752, 0.033263497054576874
0.045923564583063126, 0.02565806545317173
0.05029314011335373, 0.030270075425505638
0.03440045192837715, 0.024790672585368156
0.038338009268045425, 0.027568811550736427
0.04250909760594368, 0.026390796527266502
0.035274602472782135, 0.01972047984600067
0.028287814930081367, 0.02295464277267456
0.0466792955994606, 0.03482317924499512
0.0505058728158474, 0.029692644253373146
0.03387509286403656, 0.030875876545906067
0.035824965685606, 0.030815880745649338
0.03190697357058525, 0.02822619117796421
0.051543768495321274, 0.04163215309381485
0.06642172485589981, 0.04150116443634033
0.02304091863334179, 0.02024129033088684
0.036916639655828476, 0.022097649052739143
0.0525098480284214, 0.030539987608790398
0.054628148674964905, 0.0323651097714901
0.027142731472849846, 0.017237411811947823
0.04714908078312874, 0.028043782338500023
0.03274672105908394, 0.025865968316793442
0.029782911762595177, 0.020783688873052597
0.042196717113256454, 0.02442353218793869
0.03714205324649811, 0.023505592718720436
0.029157379642128944, 0.018388396129012108
0.045425355434417725, 0.03049158677458763
0.07188928872346878, 0.04159111902117729
0.07765091210603714, 0.04504399746656418
0.05658727139234543, 0.04202825948596001
0.027956286445260048, 0.02049209736287594
0.03221293166279793, 0.018946200609207153
0.025385549291968346, 0.023540286347270012
0.05307849496603012, 0.030683711171150208
0.04942857474088669, 0.030033307150006294
0.03939793258905411, 0.019109010696411133
0.04256116971373558, 0.027869055047631264
0.02572036162018776, 0.013978002592921257
0.02899026870727539, 0.01797875575721264
0.031375378370285034, 0.021309679374098778
0.0857565626502037, 0.047500912100076675
0.09928450733423233, 0.03848550468683243
0.03298916295170784, 0.02231265790760517
0.03200384974479675, 0.022045791149139404
0.052302487194538116, 0.024648504331707954
0.03649607300758362, 0.02136322110891342
0.047220613807439804, 0.03301864489912987
0.015909681096673012, 0.009643269702792168
0.03261479362845421, 0.018784409388899803
0.03551163151860237, 0.026754293590784073
0.03835444152355194, 0.019421018660068512
0.04683099687099457, 0.025426683947443962
0.045321304351091385, 0.027914781123399734
0.03104805387556553, 0.02536662109196186
0.018947508186101913, 0.016470573842525482
0.022658878937363625, 0.017334479838609695
0.0345202200114727, 0.02542547695338726
0.04294102266430855, 0.031221244484186172
0.019867168739438057, 0.0157618448138237
0.02181747928261757, 0.015226243995130062
0.016157658770680428, 0.012721951119601727
0.04038463532924652, 0.02512945421040058
0.0198028776794672, 0.011212457902729511
0.02414337731897831, 0.017079051584005356
0.030815009027719498, 0.016905836760997772
0.045330729335546494, 0.03041709028184414
0.05311089754104614, 0.04007139801979065
0.031997423619031906, 0.022847002372145653
0.03199171647429466, 0.019188575446605682
0.025542376562952995, 0.017665797844529152
0.03569670394062996, 0.01974629983305931
0.0361463837325573, 0.028519973158836365
0.02756403014063835, 0.021564364433288574
0.021090703085064888, 0.014991200529038906
0.0327928252518177, 0.024965740740299225
0.04393308609724045, 0.02817268669605255
0.06278201192617416, 0.033689722418785095
0.03245064243674278, 0.02922731079161167
0.022254660725593567, 0.016340957954525948
0.023953847587108612, 0.01736012101173401
0.027284128591418266, 0.013069678097963333
0.021485507488250732, 0.015836486592888832
0.037529461085796356, 0.023643705993890762
0.03463728725910187, 0.023069342598319054
0.04617317393422127, 0.026955336332321167
0.034366559237241745, 0.022137274965643883
0.048446159809827805, 0.03210712596774101
0.03973379358649254, 0.033858899027109146
0.048123884946107864, 0.041175756603479385
0.03774353489279747, 0.030147532001137733
0.047388650476932526, 0.03441512584686279
0.02967902086675167, 0.027009841054677963
0.04832052066922188, 0.02587333507835865
0.02684042789041996, 0.026203297078609467
0.03430880606174469, 0.02237643301486969
0.028633296489715576, 0.020316442474722862
0.033630430698394775, 0.024254972115159035
0.029912011697888374, 0.019272856414318085
0.03304906561970711, 0.023404410108923912
0.06086089834570885, 0.03347952291369438
0.04856853559613228, 0.0346103273332119
0.0628095418214798, 0.04091004654765129
0.0641629546880722, 0.0400606244802475
0.06827109307050705, 0.03593342751264572
0.03012174740433693, 0.025581693276762962
0.02239680290222168, 0.013194066472351551
0.027508294209837914, 0.017099056392908096
0.014727162197232246, 0.016038866713643074
0.03946869447827339, 0.026045721024274826
0.0461321696639061, 0.030338052660226822
0.050240617245435715, 0.02936442382633686
0.06853574514389038, 0.039211247116327286
0.05216016620397568, 0.030095528811216354
0.021339697763323784, 0.015637829899787903
0.03119673766195774, 0.021743081510066986
0.014534994959831238, 0.010026299394667149
0.037765998393297195, 0.026034832000732422
0.021740641444921494, 0.014347424730658531
0.05606642737984657, 0.029382474720478058
0.03946150839328766, 0.02786191739141941
0.08606407791376114, 0.041075337678194046
0.031818684190511703, 0.014584438875317574
0.01811523362994194, 0.017139678820967674
0.01686330884695053, 0.012185933068394661
0.04076911136507988, 0.025512469932436943
0.030546559020876884, 0.020192453637719154
0.031833894550800323, 0.024375732988119125
0.030677296221256256, 0.019651925191283226
0.019419623538851738, 0.01438989583402872
0.044286828488111496, 0.02747293747961521
0.040246784687042236, 0.02540474943816662
0.04275447502732277, 0.030113602057099342
0.025655921548604965, 0.022857727482914925
0.030284877866506577, 0.020754147320985794
0.055733270943164825, 0.028710998594760895
0.030111530795693398, 0.01837359555065632
0.03034900315105915, 0.01949407160282135
0.039723511785268784, 0.030506039038300514
0.05080999433994293, 0.03651106730103493
0.046014733612537384, 0.023958081379532814
0.05481414124369621, 0.030684808269143105
0.029630906879901886, 0.018696516752243042
0.035573460161685944, 0.029750298708677292
0.027640067040920258, 0.018773818388581276
0.028498375788331032, 0.01931201107800007
0.03155418112874031, 0.028194699436426163
0.059335920959711075, 0.030867813155055046
0.024502664804458618, 0.014709068462252617
0.029407653957605362, 0.020724939182400703
0.033035844564437866, 0.023364232853055
0.022758180275559425, 0.02315918169915676
0.024899251759052277, 0.017502034083008766
0.03660450503230095, 0.024194667115807533
0.04350188001990318, 0.0244472473859787
0.034309159964323044, 0.02229805290699005
0.023081526160240173, 0.017408765852451324
0.02970832958817482, 0.02816099300980568
0.06865134835243225, 0.039181824773550034
0.0703672245144844, 0.039358239620923996
0.028477394953370094, 0.015689030289649963
0.03480701148509979, 0.027835851535201073
0.05184434726834297, 0.03488628566265106
0.06071856990456581, 0.035353053361177444
0.054738257080316544, 0.042360320687294006
0.02671726420521736, 0.021550478413701057
0.029335085302591324, 0.0197284072637558
0.033263418823480606, 0.01768123358488083
0.026465952396392822, 0.023604702204465866
0.0380440428853035, 0.022225333377718925
0.04271693155169487, 0.024929428473114967
0.022250497713685036, 0.020359432324767113
0.052850231528282166, 0.025034217163920403
0.029036909341812134, 0.018444854766130447
0.034496694803237915, 0.024738986045122147
0.06486765295267105, 0.03621026873588562
0.04387195408344269, 0.02617446333169937
0.04941974952816963, 0.03025643527507782
0.05899651348590851, 0.02939159795641899
0.03402227163314819, 0.019244832918047905
0.023826682940125465, 0.021813083440065384
0.021964089944958687, 0.01615549623966217
0.05154787749052048, 0.02869448810815811
0.04339824616909027, 0.0339771993458271
0.02101004682481289, 0.012148350477218628
0.0189506858587265, 0.011028995737433434
0.02251020073890686, 0.015501925721764565
0.024433696642518044, 0.011837816797196865
0.024735387414693832, 0.022349601611495018
0.040693365037441254, 0.026459509506821632
0.04422052577137947, 0.03263471648097038
0.03465409576892853, 0.023422008380293846
0.021947408095002174, 0.014986484311521053
0.026962824165821075, 0.017085859552025795
0.01941288821399212, 0.01606741175055504
0.029687626287341118, 0.017425402998924255
0.07870857417583466, 0.05131172388792038
0.07403139024972916, 0.04987138882279396
0.03703237697482109, 0.02109149843454361
0.03407733514904976, 0.019823655486106873
0.05119088292121887, 0.033333249390125275
