mean, std
0.3259586691856384, 0.017971301451325417
0.30705466866493225, 0.019380982965230942
0.25773537158966064, 0.02755248174071312
0.1847936511039734, 0.015049772337079048
0.17025771737098694, 0.01027937512844801
0.1678081899881363, 0.007794199511408806
0.16715574264526367, 0.011582091450691223
0.16646547615528107, 0.015422506257891655
0.16503818333148956, 0.009877761825919151
0.1654861569404602, 0.011347276158630848
0.16620077192783356, 0.014350278303027153
0.1655804067850113, 0.010334065183997154
0.16495761275291443, 0.010031498037278652
0.1641271859407425, 0.013600017875432968
0.16318435966968536, 0.012406785041093826
0.15982283651828766, 0.009782306849956512
0.15495392680168152, 0.012550548650324345
0.14727146923542023, 0.0133353341370821
0.1401766836643219, 0.014494904316961765
0.13405483961105347, 0.013478082604706287
0.12903086841106415, 0.012920278124511242
0.12478262931108475, 0.010107717476785183
0.11770615726709366, 0.010472122579813004
0.11199317127466202, 0.008555295877158642
0.10738086700439453, 0.010314663872122765
0.10435942560434341, 0.006619465071707964
0.10097931325435638, 0.009628847241401672
0.09762969613075256, 0.006262036040425301
0.09588954597711563, 0.008147398009896278
0.09359234571456909, 0.008442318066954613
0.09290555864572525, 0.007791012991219759
0.09207385033369064, 0.007339853327721357
0.09045764058828354, 0.0066440231166779995
0.08977801352739334, 0.008350443094968796
0.08884634077548981, 0.007137791253626347
0.08804665505886078, 0.009467743337154388
0.08739075809717178, 0.008004936389625072
0.08632171899080276, 0.008316215127706528
0.0863519236445427, 0.006796750705689192
0.08588820695877075, 0.005951842293143272
0.08518201112747192, 0.0063581690192222595
0.08541499823331833, 0.0061921048909425735
0.0848265066742897, 0.009247091598808765
0.08312128484249115, 0.007439741864800453
0.08247838914394379, 0.007681591436266899
0.08092009276151657, 0.00949891097843647
0.08024441450834274, 0.006678687408566475
0.0798250287771225, 0.0071158935315907
0.07827326655387878, 0.006876287050545216
0.07737202942371368, 0.0049941688776016235
0.07614482194185257, 0.006922198459506035
0.07450105994939804, 0.007563780061900616
0.0737442895770073, 0.00828736275434494
0.07296184450387955, 0.006689137779176235
0.0722765102982521, 0.007100564893335104
0.07178083807229996, 0.006371558643877506
0.07074246555566788, 0.004956051707267761
0.07026365399360657, 0.007787718437612057
0.07059329003095627, 0.005961194634437561
0.06951288133859634, 0.006776358000934124
0.06894216686487198, 0.005374554079025984
0.06922788172960281, 0.005674140062183142
0.06900913268327713, 0.006921827327460051
0.06886512041091919, 0.005387180019170046
0.06895976513624191, 0.005158398766070604
0.06800892949104309, 0.007136621046811342
0.06794456392526627, 0.0058258636854588985
0.06733307987451553, 0.008175854571163654
0.06756089627742767, 0.004476313479244709
0.06715596467256546, 0.006808761041611433
0.06702951341867447, 0.007363047916442156
0.06695996224880219, 0.005890261847525835
0.06747285276651382, 0.00590921426191926
0.06627277284860611, 0.006141855847090483
0.06717000156641006, 0.005778202321380377
0.06675048172473907, 0.005214652977883816
0.06742983311414719, 0.005133758299052715
0.06674525141716003, 0.005488546099513769
0.06669436395168304, 0.0063898153603076935
0.0665743350982666, 0.0066144210286438465
0.06623917818069458, 0.004406433552503586
0.066637322306633, 0.006244906224310398
0.06581158936023712, 0.005422454327344894
0.06589389592409134, 0.007394882850348949
0.06569985300302505, 0.006851273588836193
0.06473592668771744, 0.006259189918637276
0.06486733257770538, 0.007507108151912689
0.063808374106884, 0.007538211066275835
0.06457138061523438, 0.00666731595993042
0.06490364670753479, 0.00598733127117157
0.06440870463848114, 0.005184173583984375
0.06470061838626862, 0.006473984103649855
0.06419447064399719, 0.006566678639501333
0.06369660049676895, 0.0053584519773721695
0.06356055289506912, 0.007850578054785728
0.06429482996463776, 0.005078225862234831
0.06412722915410995, 0.005567693617194891
0.06412622332572937, 0.004016466438770294
0.06374086439609528, 0.006534957326948643
0.06409070640802383, 0.005299972370266914
0.06365270167589188, 0.005522513762116432
0.06344956159591675, 0.004732572007924318
0.0638207197189331, 0.0071514626033604145
0.06353776156902313, 0.004167419392615557
0.06342417001724243, 0.004889983683824539
0.06361803412437439, 0.0076604969799518585
0.0632387101650238, 0.006281722337007523
0.06358714401721954, 0.004406380467116833
0.06310530006885529, 0.005072209518402815
0.06350146979093552, 0.0055054533295333385
0.06298559159040451, 0.005595124326646328
0.06302571296691895, 0.006829689722508192
0.06280361115932465, 0.005685772746801376
0.06291623413562775, 0.005792895797640085
0.06308458000421524, 0.007257550489157438
0.06320132315158844, 0.007743918802589178
0.06318704038858414, 0.0053349570371210575
0.06281101703643799, 0.007648786995559931
0.06366827338933945, 0.006682251114398241
0.06327960640192032, 0.00759549904614687
0.06281257420778275, 0.005090969614684582
0.06310433149337769, 0.00722890067845583
0.06275230646133423, 0.007365868426859379
0.06274339556694031, 0.007400323171168566
0.06278310716152191, 0.005744385067373514
0.0627814456820488, 0.005206892732530832
0.06314724683761597, 0.006267922464758158
0.06242001801729202, 0.004469650331884623
0.062441904097795486, 0.00659572659060359
0.062053218483924866, 0.006580065004527569
0.06271681934595108, 0.00524900620803237
0.06266722828149796, 0.006930082105100155
0.06291718780994415, 0.005854197312146425
0.06268217414617538, 0.0044983732514083385
0.0626770630478859, 0.0048303501680493355
0.06255147606134415, 0.0060005574487149715
0.06253301352262497, 0.007049944717437029
0.0621119886636734, 0.007185167167335749
0.06189239025115967, 0.005527888890355825
0.06287375092506409, 0.004283536225557327
0.06228375434875488, 0.006765362806618214
0.0620812363922596, 0.007582886144518852
0.062136027961969376, 0.005367349833250046
0.0627463161945343, 0.005041797645390034
0.06228528544306755, 0.006146688479930162
0.06257300823926926, 0.005225973669439554
0.06220089644193649, 0.005243611987680197
0.0620456337928772, 0.006582806818187237
0.06212768331170082, 0.005683841183781624
0.06211389973759651, 0.006921909283846617
0.06160900369286537, 0.007924015633761883
0.061791036278009415, 0.006591405253857374
0.06243281811475754, 0.005701691843569279
0.06236033886671066, 0.0052670263685286045
0.061631910502910614, 0.007056651171296835
0.06258008629083633, 0.006636232603341341
0.062013547867536545, 0.00672135129570961
0.0623399019241333, 0.0071617309004068375
0.061531294137239456, 0.0066678933799266815
0.06237489730119705, 0.004646947607398033
0.06168859452009201, 0.006330583244562149
0.06168339028954506, 0.005454773548990488
0.06233615428209305, 0.00555043201893568
0.06188509240746498, 0.006106960121542215
0.062199488282203674, 0.006602407433092594
0.061977531760931015, 0.007909244857728481
0.061819713562726974, 0.005894926376640797
0.06117516756057739, 0.006608988158404827
0.06143838167190552, 0.007062744814902544
0.061408672481775284, 0.006153116002678871
0.06203385069966316, 0.006802080664783716
0.06166330352425575, 0.0074417488649487495
0.06176362559199333, 0.00550492201000452
0.06140676513314247, 0.005984030663967133
0.06175801530480385, 0.006300957873463631
0.061908185482025146, 0.006364321801811457
0.06198979914188385, 0.007228515110909939
0.061182696372270584, 0.005779849831014872
0.06166977435350418, 0.00589862372726202
0.06120912358164787, 0.003928150050342083
0.06141205132007599, 0.005180162377655506
0.06125790625810623, 0.00625053932890296
0.061224084347486496, 0.007154284045100212
0.06096181645989418, 0.006912830285727978
0.06216784194111824, 0.003627752885222435
0.06107115000486374, 0.00538842985406518
0.06067585200071335, 0.005848903674632311
0.06168993189930916, 0.006500365678220987
0.061619751155376434, 0.005695294588804245
0.06176166981458664, 0.0036181272007524967
0.061134081333875656, 0.0061716726049780846
0.061796024441719055, 0.006714585702866316
0.06146629527211189, 0.004925243090838194
0.060920145362615585, 0.005645360331982374
0.06213722750544548, 0.005543886683881283
0.06155836582183838, 0.005112480837851763
0.06152581423521042, 0.005528975743800402
0.061218373477458954, 0.005200367420911789
0.061730995774269104, 0.006519721820950508
0.0612075999379158, 0.005554754752665758
0.061262719333171844, 0.006533015053719282
0.06084131449460983, 0.005190498661249876
0.06133696809411049, 0.005166659131646156
0.060912489891052246, 0.005488692317157984
0.061561599373817444, 0.004438194911926985
0.061564743518829346, 0.00462122680619359
0.061041705310344696, 0.005149447824805975
0.06144031509757042, 0.006912960205227137
0.061237335205078125, 0.006277864333242178
0.0609310157597065, 0.007140615023672581
0.06100316345691681, 0.005524374078959227
0.061273615807294846, 0.005564629565924406
0.06070253625512123, 0.007376518566161394
0.06093914806842804, 0.0055216215550899506
0.060539476573467255, 0.006018896587193012
0.060236308723688126, 0.00503813149407506
0.0614723302423954, 0.007371639832854271
0.06049256771802902, 0.006812992971390486
0.06057717278599739, 0.0049586789682507515
0.06091390177607536, 0.005128737073391676
0.060390081256628036, 0.0065696933306753635
0.06051474064588547, 0.006866171024739742
0.06071426346898079, 0.004283339716494083
0.060878634452819824, 0.005022773519158363
0.06056749075651169, 0.003741398686543107
0.06095016747713089, 0.0057211266830563545
0.06141240894794464, 0.0060254367999732494
0.06059149280190468, 0.00747709209099412
0.060571882873773575, 0.0047951568849384785
0.06017530709505081, 0.006082484964281321
0.060650765895843506, 0.003613247536122799
0.060207802802324295, 0.007734710816293955
0.060666609555482864, 0.00621042912825942
0.06050360947847366, 0.005370123777538538
0.060876574367284775, 0.005360784940421581
0.06045495346188545, 0.006800653412938118
0.06039230898022652, 0.005621139891445637
0.060534168034791946, 0.00420266343280673
0.06034037098288536, 0.005664600525051355
0.06038698926568031, 0.0047074370086193085
0.06083432212471962, 0.004916038829833269
0.06020340695977211, 0.004877359140664339
0.06085120886564255, 0.006012847647070885
0.05991966277360916, 0.005684540141373873
0.06107039749622345, 0.005039367824792862
0.06073130667209625, 0.005413253791630268
0.06076553836464882, 0.005717816296964884
0.0604955293238163, 0.005930816289037466
0.060376182198524475, 0.006075356621295214
0.06030585989356041, 0.004817297216504812
0.060588572174310684, 0.005822636652737856
0.060242023319005966, 0.0053940145298838615
0.05993848294019699, 0.004916672594845295
0.060239460319280624, 0.00713157607242465
0.06062128767371178, 0.005845312029123306
0.06018611416220665, 0.005314391106367111
0.060296524316072464, 0.004359287675470114
0.0598677322268486, 0.0076482039876282215
0.06026214361190796, 0.0052253482863307
0.05979786440730095, 0.006544528994709253
0.05982978641986847, 0.004638069309294224
0.06024765223264694, 0.006647555157542229
0.059923384338617325, 0.005916647147387266
0.05967629700899124, 0.004571142140775919
0.05955769494175911, 0.005888625513762236
0.05973793938755989, 0.006350712385028601
0.05973493307828903, 0.005556533113121986
0.060204580426216125, 0.005388620775192976
0.0602206252515316, 0.004783411975950003
0.059919629245996475, 0.006277203559875488
0.05990678817033768, 0.006959554273635149
0.05950603261590004, 0.0049555180594325066
0.058836717158555984, 0.007126429118216038
0.059622544795274734, 0.005197321996092796
0.05989766865968704, 0.006292926613241434
0.05973370373249054, 0.005694201216101646
0.06002775952219963, 0.00415019690990448
0.05943753942847252, 0.005387047305703163
0.0594770722091198, 0.005146320443600416
0.05993916466832161, 0.005947721656411886
0.0597471259534359, 0.007185027468949556
0.05957170948386192, 0.006462658755481243
0.05970006063580513, 0.004528190474957228
0.05935298651456833, 0.006470300257205963
0.059462983161211014, 0.005122026894241571
0.059599749743938446, 0.005452962592244148
0.05923620983958244, 0.004642256069928408
0.05923842266201973, 0.006289727985858917
0.059356290847063065, 0.005694740451872349
0.05910683423280716, 0.0067822630517184734
0.059540729969739914, 0.005333332810550928
0.05930456891655922, 0.006508085876703262
0.059475984424352646, 0.004335884470492601
0.05914049595594406, 0.007129484787583351
0.059124961495399475, 0.00512767443433404
0.05930677428841591, 0.005077263340353966
0.05960613489151001, 0.006224518176168203
0.05884608253836632, 0.004471604712307453
0.05900975689291954, 0.00568519439548254
0.05867323651909828, 0.005903530865907669
0.05944933369755745, 0.0032801316119730473
0.05918460339307785, 0.006031618919223547
0.0583694651722908, 0.004896931350231171
0.05925959348678589, 0.005989746656268835
0.058907050639390945, 0.0062706987373530865
0.05907648056745529, 0.004859492182731628
0.05923965945839882, 0.006236916407942772
0.05957996845245361, 0.003252617083489895
0.05933895334601402, 0.006463674828410149
0.059290289878845215, 0.0047788554802536964
0.05894121155142784, 0.003879643976688385
0.0585908479988575, 0.004753774497658014
0.058454327285289764, 0.007414726074784994
0.05871135741472244, 0.004785073455423117
0.05868462845683098, 0.006851385813206434
0.0591711550951004, 0.003046800149604678
0.05854358896613121, 0.0066250949166715145
0.05891898646950722, 0.005549617111682892
0.05885230377316475, 0.005367240868508816
0.05875461548566818, 0.005877927877008915
0.05886412411928177, 0.005383030045777559
0.05907171219587326, 0.0047506713308393955
0.058877576142549515, 0.007233786396682262
0.058675482869148254, 0.005787365138530731
0.05895327404141426, 0.005946507211774588
0.0590396448969841, 0.005430770106613636
0.05873863771557808, 0.006405075080692768
0.058500196784734726, 0.006258941255509853
0.05878094956278801, 0.00549094146117568
0.05879240483045578, 0.004488559905439615
0.0587007999420166, 0.006633754353970289
0.058459408581256866, 0.00493240263313055
0.05894280970096588, 0.004647532477974892
0.05841297656297684, 0.004310653079301119
0.058571841567754745, 0.005660502705723047
0.059083037078380585, 0.005061734933406115
0.058298271149396896, 0.005609598942101002
0.05841085687279701, 0.004570794757455587
0.0583723708987236, 0.006919774226844311
0.05802054703235626, 0.005760767497122288
0.057732537388801575, 0.006867431569844484
0.05858677625656128, 0.005687333177775145
0.058118727058172226, 0.004735799040645361
0.05750473216176033, 0.005515511613339186
0.05815518647432327, 0.004969079978764057
0.05837567523121834, 0.004967543296515942
0.05798150599002838, 0.005504303611814976
0.05828898027539253, 0.004645454231649637
0.05789864808320999, 0.005723502021282911
0.05798840522766113, 0.0050994944758713245
0.05828993767499924, 0.003891782369464636
0.057537853717803955, 0.006123172119259834
0.05829938128590584, 0.00511303311213851
0.05777989700436592, 0.006687066052109003
0.05811097100377083, 0.006066315341740847
0.057591523975133896, 0.006094719283282757
0.05779204145073891, 0.0068627758882939816
0.05828487128019333, 0.005993091966956854
0.05792154744267464, 0.005597132258117199
0.057760365307331085, 0.00606187991797924
0.05764289200305939, 0.0039062132127583027
0.056882694363594055, 0.006786458194255829
0.057513363659381866, 0.0063719674944877625
0.05756497383117676, 0.004506022669374943
0.05793183296918869, 0.004777746275067329
0.05737245827913284, 0.004944640211760998
0.05776286870241165, 0.005686838645488024
0.05737701430916786, 0.0041564395651221275
0.057178325951099396, 0.004613148048520088
0.05724094435572624, 0.004559333901852369
0.057759471237659454, 0.006384699139744043
0.05755745247006416, 0.0061752041801810265
0.05799492076039314, 0.005383436568081379
0.05752723291516304, 0.004853086080402136
0.05736061558127403, 0.004912419710308313
0.05768026411533356, 0.0056180162355303764
0.0570138581097126, 0.004044525325298309
0.057076964527368546, 0.005610484629869461
0.057189617305994034, 0.006267847027629614
0.05724136158823967, 0.006437481380999088
0.05723610147833824, 0.005829627625644207
0.05683249980211258, 0.006348827388137579
0.05755892023444176, 0.00519412849098444
0.05669569969177246, 0.006254083476960659
0.056698884814977646, 0.006512678228318691
0.057244494557380676, 0.005016016308218241
0.05669175460934639, 0.003508906112983823
0.05709298327565193, 0.0047965762205421925
0.056976597756147385, 0.004983946681022644
0.05671444907784462, 0.004547329153865576
0.05671824887394905, 0.00609876262024045
0.05674552917480469, 0.006030691787600517
0.0566117949783802, 0.006000706925988197
0.05633250251412392, 0.007141466718167067
0.05645688250660896, 0.004704974126070738
0.05616581439971924, 0.005491164978593588
0.05629178509116173, 0.005297321826219559
0.056350111961364746, 0.007040856871753931
0.05660990998148918, 0.004762888420373201
0.05619724094867706, 0.005488024093210697
0.05625404417514801, 0.00761769711971283
0.05609102547168732, 0.004642960149794817
0.05608520284295082, 0.006106734741479158
0.055864930152893066, 0.006111375521868467
0.0560205839574337, 0.00485207187011838
0.05525033548474312, 0.009094258770346642
0.05582645907998085, 0.004952073562890291
0.055740952491760254, 0.005311114247888327
0.05615539103746414, 0.005014640279114246
0.05561887100338936, 0.007191220298409462
0.05458132550120354, 0.004564816132187843
0.05567273125052452, 0.004872337449342012
0.05567294359207153, 0.005573787726461887
0.05540306866168976, 0.00609250133857131
0.05564339831471443, 0.003944065421819687
0.054386038333177567, 0.005108149256557226
0.05510077625513077, 0.006887397263199091
0.05480382218956947, 0.005619101691991091
0.05468175932765007, 0.004519352223724127
0.05478690192103386, 0.005382683128118515
0.054571595042943954, 0.006457925774157047
0.05452585965394974, 0.004349297843873501
0.05466936156153679, 0.007226935587823391
0.054181888699531555, 0.004353004973381758
0.05460881069302559, 0.004514761734753847
0.05398969724774361, 0.004776725545525551
0.05413893237709999, 0.005213249009102583
0.05378931388258934, 0.004821951501071453
0.05357997864484787, 0.005968794692307711
0.053878217935562134, 0.005581994540989399
0.05361394211649895, 0.00564077403396368
0.05372743308544159, 0.005331895314157009
0.05345359444618225, 0.005829418543726206
0.05401114746928215, 0.004748560953885317
0.0533255860209465, 0.00478515587747097
0.05337643250823021, 0.004417924676090479
0.05326535925269127, 0.0040280576795339584
0.05335047468543053, 0.003927645273506641
0.05327536538243294, 0.004254114348441362
0.05297259986400604, 0.004988578148186207
0.05273186415433884, 0.00530000077560544
0.052481163293123245, 0.004490121733397245
0.052516013383865356, 0.004898375831544399
0.052261535078287125, 0.005236844066530466
0.05224673077464104, 0.004113815259188414
0.05269681289792061, 0.006254572421312332
0.053016502410173416, 0.004517929162830114
0.0527922697365284, 0.0034307215828448534
0.05212000757455826, 0.004658405669033527
0.05153202265501022, 0.005301454570144415
0.05223357304930687, 0.0050203148275613785
0.052111126482486725, 0.006068185903131962
0.05117398872971535, 0.006356240250170231
0.051667794585227966, 0.005660410039126873
0.05186999961733818, 0.00485223950818181
0.05113770440220833, 0.0057943821884691715
0.05146722123026848, 0.004548557102680206
0.05174579843878746, 0.004993193782866001
0.050865523517131805, 0.005782040301710367
0.05094682052731514, 0.004259868524968624
0.051041193306446075, 0.003059531096369028
0.05105594918131828, 0.004793636500835419
0.05150333419442177, 0.005290834698826075
0.05088651552796364, 0.005333583801984787
0.050527479499578476, 0.005965609103441238
0.0510566420853138, 0.004650298040360212
0.05091303959488869, 0.0040102689526975155
0.050642579793930054, 0.003924604505300522
0.05020622909069061, 0.006599442567676306
0.05063606798648834, 0.006061352323740721
0.050739288330078125, 0.0046624294482171535
0.05052386596798897, 0.0046407608315348625
0.04999693110585213, 0.0034704175777733326
0.049929097294807434, 0.006408993620425463
0.050671059638261795, 0.004026162903755903
0.049893204122781754, 0.005534961819648743
0.05038030073046684, 0.008110286667943
0.05032925680279732, 0.0050111631862819195
0.05041966587305069, 0.005810420028865337
0.05025527626276016, 0.00444816192612052
0.04991570860147476, 0.005583037622272968
0.05002417415380478, 0.005875939503312111
0.05019398406147957, 0.005408169236034155
0.0502270869910717, 0.0049094208516180515
0.05008116364479065, 0.00381889333948493
0.049868691712617874, 0.006343133747577667
0.05008970573544502, 0.006222009193152189
0.04975808039307594, 0.006248900666832924
0.04993849992752075, 0.004179091192781925
0.04973497614264488, 0.005135469138622284
0.04996614158153534, 0.005643028300255537
0.049126721918582916, 0.005302275996655226
0.04906515032052994, 0.005360760726034641
0.0494593121111393, 0.005271353293210268
0.04899187013506889, 0.004072955809533596
0.04893758147954941, 0.0064844051375985146
0.048607707023620605, 0.004700540564954281
0.04901312664151192, 0.0038670594803988934
0.048939432948827744, 0.00394934369251132
0.04882698133587837, 0.004236710723489523
0.0485805980861187, 0.004521665163338184
0.048638179898262024, 0.004807237070053816
0.048505235463380814, 0.00443879934027791
0.0488586351275444, 0.005843951366841793
0.04855116084218025, 0.005402795504778624
0.048278480768203735, 0.0054991478100419044
0.0483103021979332, 0.004788545425981283
0.04838084429502487, 0.004135231487452984
0.04826533421874046, 0.004286452662199736
0.04855716973543167, 0.004110364243388176
0.048533059656620026, 0.005493017844855785
0.04772864654660225, 0.004870572593063116
0.04823533445596695, 0.005087006837129593
0.04854246973991394, 0.004507079254835844
0.04800242930650711, 0.005244313273578882
0.04723673686385155, 0.00640563340857625
0.047606199979782104, 0.007040363270789385
0.04858912155032158, 0.004631787072867155
0.04769230633974075, 0.004957166966050863
0.04753467068076134, 0.006538311950862408
0.04814333841204643, 0.005931716877967119
0.04798717796802521, 0.004249433055520058
0.04822612926363945, 0.0038017823826521635
0.04815322905778885, 0.005155001766979694
0.04801424592733383, 0.005432676058262587
0.04791306331753731, 0.005222198087722063
0.04797527194023132, 0.004725152626633644
0.04755718633532524, 0.004643934778869152
0.047828495502471924, 0.0043832166120409966
0.048167455941438675, 0.004550645127892494
0.04832105711102486, 0.004899077583104372
0.04797046259045601, 0.0042113340459764
0.04778909310698509, 0.00520770950242877
0.048553407192230225, 0.004702312871813774
0.04856308177113533, 0.0038943300023674965
0.04780052602291107, 0.004130730405449867
0.04799550026655197, 0.005491909105330706
0.04808633401989937, 0.004726334474980831
0.048039112240076065, 0.006204420700669289
0.047938019037246704, 0.004532942082732916
0.04764296114444733, 0.005229759495705366
0.04799776151776314, 0.004350684583187103
0.047508835792541504, 0.004587162751704454
0.04718448594212532, 0.007098122965544462
0.04800933972001076, 0.0052464925684034824
0.048015985637903214, 0.004496736917644739
0.04791974276304245, 0.004300653003156185
0.04817058518528938, 0.004239254631102085
0.04747791215777397, 0.005720318760722876
0.04772966355085373, 0.0027107512578368187
0.04759163782000542, 0.0044191800989210606
0.04760000854730606, 0.0049851881340146065
0.04720310494303703, 0.005121081601828337
0.04745125025510788, 0.003546208143234253
0.04774975776672363, 0.0035454065073281527
0.047108251601457596, 0.005240007769316435
0.0473313108086586, 0.005888110026717186
0.047525424510240555, 0.005695731844753027
0.04697572812438011, 0.005360147450119257
0.047196969389915466, 0.004201237577944994
0.0474015548825264, 0.004756590351462364
0.04705307260155678, 0.004289236851036549
0.04734949395060539, 0.004951301962137222
0.047531768679618835, 0.005028982646763325
0.04767436534166336, 0.004001972731202841
0.04728327691555023, 0.006274291779845953
0.04732149839401245, 0.0048994156531989574
0.04738843813538551, 0.005274617578834295
0.047440581023693085, 0.00385390967130661
0.047092873603105545, 0.005538709927350283
0.047308679670095444, 0.005201063118875027
0.04727867990732193, 0.004270191304385662
0.04781588539481163, 0.004675727803260088
0.04735558480024338, 0.003953615669161081
0.04757552221417427, 0.003679172834381461
0.047491416335105896, 0.0043932655826210976
0.04710138216614723, 0.005600119940936565
0.0474092960357666, 0.005474119912832975
0.0471264086663723, 0.0046506114304065704
0.046674199402332306, 0.005719402339309454
0.04729826748371124, 0.003998138476163149
0.046946048736572266, 0.004281330853700638
0.0470854677259922, 0.005162089131772518
0.04693426564335823, 0.004259963054209948
0.04687385633587837, 0.003438740037381649
0.046746134757995605, 0.0038115442730486393
0.04731111600995064, 0.004719478078186512
0.047012243419885635, 0.005016505718231201
0.047434162348508835, 0.005794824566692114
0.04724961891770363, 0.0054740868508815765
0.047479696571826935, 0.004116365220397711
0.046668101102113724, 0.005265340209007263
0.047085002064704895, 0.004631809890270233
0.04698948562145233, 0.004294923506677151
0.04701387509703636, 0.0038732802495360374
0.04688828065991402, 0.005063749384135008
0.04641957953572273, 0.004863119218498468
0.04674617573618889, 0.006293736398220062
0.0471796989440918, 0.003919441718608141
0.04726887121796608, 0.004249286372214556
0.046803444623947144, 0.005313234403729439
0.04605932906270027, 0.006926570553332567
0.04669087380170822, 0.005883597303181887
0.0468461737036705, 0.003966176882386208
0.046670056879520416, 0.0033541645389050245
0.047011248767375946, 0.005168837960809469
0.04687215015292168, 0.004278622567653656
0.04677799716591835, 0.0048605636693537235
0.04710163548588753, 0.004490163642913103
0.04691832512617111, 0.005124407354742289
0.046644363552331924, 0.006062810774892569
0.046856142580509186, 0.0051857358776032925
0.04651986435055733, 0.00642463518306613
0.04636112600564957, 0.006116367876529694
0.04665215685963631, 0.004246522206813097
0.04706534743309021, 0.0051458850502967834
0.04678095504641533, 0.004294821061193943
0.046164125204086304, 0.005509581882506609
0.04686270281672478, 0.004919400904327631
0.04671027883887291, 0.004424255341291428
0.04665699601173401, 0.003358514979481697
0.0468614287674427, 0.0054904986172914505
0.046725161373615265, 0.0046061682514846325
0.046354878693819046, 0.006738096009939909
0.046311814337968826, 0.004959448240697384
0.04654458537697792, 0.004594956990331411
0.04711008071899414, 0.004756010137498379
0.046883437782526016, 0.00522683234885335
0.046966854482889175, 0.003919299691915512
0.0463593564927578, 0.004890075884759426
0.04643837362527847, 0.004991171881556511
0.04640059173107147, 0.005521133542060852
0.04659036546945572, 0.005797163117676973
0.04639122635126114, 0.005490890238434076
0.047089047729969025, 0.003515900345519185
0.04675951972603798, 0.004954654723405838
0.04599985107779503, 0.006266051437705755
0.04648197442293167, 0.00519447261467576
0.04701181873679161, 0.004032645374536514
0.04656540974974632, 0.003926226869225502
0.04593929648399353, 0.0055153085850179195
0.046673063188791275, 0.004998959135264158
0.046677637845277786, 0.0053208693861961365
0.04657983034849167, 0.00526705477386713
0.046928390860557556, 0.0036118407733738422
0.04665157198905945, 0.0039896294474601746
0.04640936478972435, 0.004730797838419676
0.04657559469342232, 0.004141378682106733
0.04666741192340851, 0.0054036458022892475
0.046573128551244736, 0.005111476872116327
0.04668675363063812, 0.0042138416320085526
0.046423207968473434, 0.00536022474989295
0.04688471183180809, 0.005022901110351086
0.04670046642422676, 0.0033268763218075037
0.046699099242687225, 0.005266517400741577
0.046694066375494, 0.0054168072529137135
0.04696381092071533, 0.004662979859858751
0.046556949615478516, 0.0038455037865787745
0.04650083929300308, 0.0048696971498429775
0.046497855335474014, 0.003488317597657442
0.04633767530322075, 0.005174341145902872
0.04637002944946289, 0.004589596763253212
0.04664188623428345, 0.005201159045100212
0.04613238945603371, 0.005828928668051958
0.04656548425555229, 0.003906581085175276
0.04601399227976799, 0.005320933181792498
0.04593952000141144, 0.006140887271612883
0.04661927744746208, 0.003785356879234314
0.04710288345813751, 0.004282048437744379
0.04694889858365059, 0.0032345550134778023
0.04626358300447464, 0.004626019857823849
0.045822031795978546, 0.004939709324389696
0.046157244592905045, 0.005185094196349382
0.04647129774093628, 0.0043381392024457455
0.04638834297657013, 0.005456707905977964
0.04601818695664406, 0.0040833367966115475
0.046624619513750076, 0.0043262396939098835
0.0465414933860302, 0.003113908926025033
0.04593147709965706, 0.004374856594949961
0.04557700827717781, 0.006379920057952404
0.04602886363863945, 0.005613954737782478
0.04592229053378105, 0.004827458877116442
0.04631897807121277, 0.004864727612584829
0.046081725507974625, 0.004526516422629356
0.04654354229569435, 0.004016543738543987
0.04565143585205078, 0.004526383243501186
0.04606146737933159, 0.004324215464293957
0.04598504677414894, 0.005346932914108038
0.046137262135744095, 0.00468097161501646
0.04597899317741394, 0.004888943396508694
0.046314191073179245, 0.004416619893163443
0.04591146484017372, 0.006821541115641594
0.04587880149483681, 0.006049858406186104
0.04618687182664871, 0.004683805629611015
0.046604372560977936, 0.003981535788625479
0.04659850150346756, 0.004149493761360645
0.046075981110334396, 0.003519961843267083
0.046131886541843414, 0.0036561458837240934
0.046422045677900314, 0.00373227265663445
0.04569884017109871, 0.005759399849921465
0.0460689514875412, 0.004094320349395275
0.046208806335926056, 0.0047187660820782185
0.04592938348650932, 0.00461689243093133
0.046644944697618484, 0.0047407131642103195
0.04618870094418526, 0.005745713599026203
0.045485399663448334, 0.006510681472718716
0.04621884226799011, 0.0060941861011087894
0.045314230024814606, 0.007992401719093323
0.046021945774555206, 0.0032379385083913803
0.04596173018217087, 0.0042612189427018166
0.04535743221640587, 0.005519090685993433
0.04597996547818184, 0.005916412454098463
0.046279702335596085, 0.003943858202546835
0.04553251713514328, 0.0032359198667109013
0.04593454673886299, 0.003559036646038294
0.04625557363033295, 0.00495414063334465
0.04599808156490326, 0.004896472208201885
0.04551568254828453, 0.005683313123881817
0.045518238097429276, 0.005335623864084482
0.04603958502411842, 0.0038513015024363995
0.045934200286865234, 0.005289102904498577
0.046092744916677475, 0.004980577155947685
0.04569103941321373, 0.004847465083003044
0.0455373115837574, 0.006236307322978973
0.04587945342063904, 0.005861049052327871
0.04607968032360077, 0.003839497920125723
0.04573449492454529, 0.004658151883631945
0.0458163246512413, 0.004292072728276253
0.04571477323770523, 0.004792760591953993
0.04569927230477333, 0.004531439859420061
0.04594101011753082, 0.006311691366136074
0.046072810888290405, 0.004735044203698635
0.04586871713399887, 0.004197654780000448
0.045613016933202744, 0.005296017974615097
0.04593116044998169, 0.0056640394032001495
0.04558612033724785, 0.006170530337840319
0.04520566016435623, 0.00640298193320632
0.04582994431257248, 0.004389915149658918
0.04618602618575096, 0.0037104403600096703
0.0461629182100296, 0.004336608108133078
0.04597564414143562, 0.004980750381946564
0.04602109640836716, 0.0038473978638648987
0.04582676291465759, 0.005123687442392111
0.04513277858495712, 0.0037430126685649157
0.04537210986018181, 0.004672318231314421
0.04565015807747841, 0.005087792407721281
0.04548947140574455, 0.005044599529355764
0.04552247002720833, 0.005187402479350567
0.04596804454922676, 0.0055734021589159966
0.04590962827205658, 0.005075762048363686
0.04570445045828819, 0.005396164488047361
0.045765381306409836, 0.005030629225075245
0.045281533151865005, 0.00766597269102931
0.045439112931489944, 0.005847930908203125
0.04573025554418564, 0.006089022848755121
0.046084243804216385, 0.004282244481146336
0.04599820449948311, 0.0038793347775936127
0.045854393392801285, 0.004928720183670521
0.04631401598453522, 0.004252373706549406
0.0460546612739563, 0.00469922786578536
0.046176452189683914, 0.003949726466089487
0.04534811154007912, 0.005940956529229879
0.04557197913527489, 0.0043688262812793255
0.04586101695895195, 0.0042530233040452
0.045906905084848404, 0.0046929665841162205
0.04568405821919441, 0.004566560499370098
0.045449789613485336, 0.004261019639670849
0.04582275450229645, 0.005672975443303585
0.045584890991449356, 0.006645147688686848
0.04549983888864517, 0.0039396267384290695
0.04550626873970032, 0.005047685466706753
0.04518349841237068, 0.005836304277181625
0.045725658535957336, 0.004911823198199272
0.04594527930021286, 0.0043020304292440414
0.04518992453813553, 0.005861659999936819
0.045890312641859055, 0.004067620262503624
0.0454336516559124, 0.005519995931535959
0.04563126340508461, 0.006107239983975887
0.04541509225964546, 0.004105656407773495
0.04532508924603462, 0.004280344117432833
0.04552027955651283, 0.0051371208392083645
0.04545886814594269, 0.0038359924219548702
0.04552057012915611, 0.0035403009969741106
0.04567823186516762, 0.0035316227003932
0.04569358378648758, 0.0050604990683496
0.045523710548877716, 0.004402017220854759
0.04585340619087219, 0.0038693544920533895
0.0459018349647522, 0.004746903199702501
0.045335106551647186, 0.004900544881820679
0.04563938453793526, 0.004910329822450876
0.04550541564822197, 0.005814746022224426
0.045037757605314255, 0.00477026728913188
0.04551362246274948, 0.004845361690968275
0.04554317891597748, 0.0046914368867874146
0.04564528912305832, 0.0047225006856024265
0.04568173363804817, 0.005658986046910286
0.045237425714731216, 0.0061960965394973755
0.045522771775722504, 0.00568999582901597
0.04553519934415817, 0.005250510759651661
0.045578062534332275, 0.004258633125573397
0.04478270933032036, 0.005765427369624376
0.04512273892760277, 0.004429468885064125
0.04536730796098709, 0.004605799913406372
0.045373380184173584, 0.004897084552794695
0.0451468750834465, 0.005223561078310013
0.045512665063142776, 0.004891057964414358
0.04569602012634277, 0.003936979454010725
0.04525867477059364, 0.005470666103065014
0.04493452236056328, 0.004739386960864067
0.045147672295570374, 0.005731179844588041
0.04526032134890556, 0.005994345527142286
0.04560738056898117, 0.005308032501488924
0.04506143555045128, 0.005381247494369745
0.04498912766575813, 0.005685476586222649
0.04534177854657173, 0.004548396449536085
0.04527607560157776, 0.004701285623013973
0.04492365941405296, 0.005681051407009363
0.0456913597881794, 0.0039062369614839554
0.04523160681128502, 0.0040833111852407455
0.04547026753425598, 0.0036400994285941124
0.0451936312019825, 0.005943209398537874
0.045208659023046494, 0.0038782861083745956
0.0453731007874012, 0.0059423125348985195
0.045491211116313934, 0.004685892723500729
0.045347463339567184, 0.0022696456871926785
0.04515773802995682, 0.00343423243612051
0.044991131871938705, 0.004439115524291992
0.04484880343079567, 0.0030443028081208467
0.04515655338764191, 0.004927593749016523
0.04497511312365532, 0.005874495953321457
0.04528418183326721, 0.004413363058120012
0.045195188373327255, 0.003830591682344675
0.04510020464658737, 0.004920319188386202
0.04544064402580261, 0.004411899019032717
0.04522275924682617, 0.004853932652622461
0.045127954334020615, 0.0056326366029679775
0.04538440704345703, 0.003674659878015518
0.0455896258354187, 0.004075552336871624
0.04451678320765495, 0.005289795342832804
0.045131463557481766, 0.0046285283751785755
0.04500604793429375, 0.004912483040243387
0.045111142098903656, 0.0031556866597384214
0.04525432363152504, 0.003952310886234045
0.04462777450680733, 0.005874801892787218
0.04518963024020195, 0.0045117344707250595
0.04491684213280678, 0.004505172837525606
0.045617587864398956, 0.003712001256644726
0.04503782466053963, 0.004054397810250521
0.04530494660139084, 0.004708168096840382
0.04483656957745552, 0.005483181681483984
0.045223791152238846, 0.004700863268226385
0.04512852430343628, 0.0036998563446104527
0.044670358300209045, 0.005195679143071175
0.044953931123018265, 0.0049793897196650505
0.04494940862059593, 0.006074690259993076
0.04490555077791214, 0.004782757721841335
0.04548705369234085, 0.0053984601981937885
0.04559878632426262, 0.004617645870894194
0.04531370475888252, 0.005025594960898161
0.04519667848944664, 0.004337870050221682
0.04533085972070694, 0.004915638826787472
0.04518789052963257, 0.004201400093734264
0.04536249488592148, 0.0059273396618664265
0.04521200433373451, 0.003931252285838127
0.0454263910651207, 0.004191374871879816
0.04500855877995491, 0.004741818178445101
0.04464615881443024, 0.004849336110055447
0.0451449453830719, 0.003231386886909604
0.04489841312170029, 0.005235274787992239
0.04498401656746864, 0.0038001195061951876
0.044808417558670044, 0.005797552410513163
0.045181263238191605, 0.0037293226923793554
0.04508690908551216, 0.0036592455580830574
0.045197248458862305, 0.004747676197439432
0.04543202370405197, 0.004799144808202982
0.04506779834628105, 0.004185738041996956
0.04487703740596771, 0.0051512690261006355
0.04521265998482704, 0.005372913554310799
0.045109499245882034, 0.004908470902591944
0.044812578707933426, 0.005634363740682602
0.04508652165532112, 0.004197729751467705
0.04555701091885567, 0.0034945099614560604
0.045184213668107986, 0.004315419588238001
0.045049190521240234, 0.003944506403058767
0.04496025666594505, 0.006451757159084082
0.04541107639670372, 0.004375395365059376
0.044734932482242584, 0.004054602701216936
0.044840265065431595, 0.003998090513050556
0.045150209218263626, 0.00448041595518589
0.045036811381578445, 0.0037189237773418427
0.044909246265888214, 0.004641630221158266
0.04474988579750061, 0.004044572357088327
0.045239467173814774, 0.0035603183787316084
0.04490508511662483, 0.005805131979286671
0.04424997419118881, 0.004163468722254038
0.04513426497578621, 0.003034799126908183
0.04468591511249542, 0.004380981903523207
0.04517527297139168, 0.0046396623365581036
0.04524776712059975, 0.005023594945669174
0.04534272477030754, 0.003721327753737569
0.04526091367006302, 0.0045856512151658535
0.04485036060214043, 0.004472122527658939
0.044526584446430206, 0.005130419973284006
0.044621169567108154, 0.0059810844250023365
0.04505602642893791, 0.004631022457033396
0.04501662775874138, 0.003929343074560165
0.044737789779901505, 0.005195581819862127
0.045753251761198044, 0.004267305601388216
0.045141540467739105, 0.0048956917598843575
0.04524035379290581, 0.004635971505194902
0.044693805277347565, 0.004896144382655621
0.045152850449085236, 0.005567444488406181
0.044835351407527924, 0.005434179678559303
0.04490160197019577, 0.004164074081927538
0.04511399567127228, 0.005359784234315157
0.04498306289315224, 0.004515098407864571
0.04449251666665077, 0.004003271926194429
0.044579096138477325, 0.003749389434233308
0.045212481170892715, 0.0033496262039989233
0.04496107995510101, 0.004549459554255009
0.045288920402526855, 0.0049433717504143715
0.04450128227472305, 0.005213276017457247
0.044947877526283264, 0.00472380081191659
0.0446975976228714, 0.005051653832197189
0.044863391667604446, 0.0032268106006085873
0.044634100049734116, 0.005298591684550047
0.044515009969472885, 0.004537642467767
0.04490651562809944, 0.005676318425685167
0.045070234686136246, 0.005819922313094139
0.044712625443935394, 0.005749357398599386
0.04483988881111145, 0.0049826293252408504
0.04453925043344498, 0.004033812787383795
0.044423703104257584, 0.0034493471030145884
0.04501841589808464, 0.005776521749794483
0.04474448412656784, 0.0058415732346475124
0.045195747166872025, 0.004516825545579195
0.04478488117456436, 0.004631189163774252
0.045045915991067886, 0.003953719511628151
0.044848449528217316, 0.0036424363497644663
0.04495725408196449, 0.0044022961519658566
0.04480589181184769, 0.005243165418505669
0.04516632482409477, 0.003925393335521221
0.044609349220991135, 0.0064895255491137505
0.04526149109005928, 0.004261917434632778
0.04472219571471214, 0.004018755629658699
0.04488576203584671, 0.004996045492589474
0.044194187968969345, 0.004779735580086708
0.044617440551519394, 0.004620220512151718
0.044768258929252625, 0.004365994594991207
0.04531025141477585, 0.0036647296510636806
0.04464021325111389, 0.005010112654417753
0.04496973752975464, 0.004267519805580378
0.044662680476903915, 0.005851587280631065
0.04535960406064987, 0.0035501786042004824
0.045574087649583817, 0.0033703905064612627
0.04462762549519539, 0.005384729243814945
0.045049816370010376, 0.004750265274196863
0.04449670389294624, 0.003881145268678665
0.045123644173145294, 0.0032633531372994184
0.044911641627550125, 0.004326641093939543
0.04487290605902672, 0.004885481204837561
0.04497001692652702, 0.0055235871113836765
0.044383686035871506, 0.004689677152782679
0.04538462311029434, 0.004194159992039204
0.044835831969976425, 0.004991418216377497
0.04466811940073967, 0.004818461369723082
0.04495590925216675, 0.00452305655926466
0.045199550688266754, 0.003784710308536887
0.04453404247760773, 0.004949202295392752
0.044576723128557205, 0.006272459868341684
0.04429100453853607, 0.003971141297370195
0.04447854682803154, 0.004390102811157703
0.045053642243146896, 0.004651786759495735
0.04454367235302925, 0.00546122994273901
0.04458322003483772, 0.005233478266745806
0.044733643531799316, 0.0067516290582716465
0.04456476494669914, 0.005671193357557058
0.04453970864415169, 0.004879175219684839
0.04482089728116989, 0.004433275666087866
0.04445110633969307, 0.004283355548977852
0.0450948067009449, 0.004836412146687508
0.044786836951971054, 0.004418581258505583
0.04483599215745926, 0.005849108565598726
0.044587839394807816, 0.003930367063730955
0.04447717219591141, 0.005034939385950565
0.0444602407515049, 0.004174830857664347
0.044243961572647095, 0.005409921053797007
0.04465853050351143, 0.0047653233632445335
0.04494505003094673, 0.004049432929605246
0.04477231949567795, 0.004124131053686142
0.044537775218486786, 0.0040197246707975864
0.045281149446964264, 0.0033314607571810484
0.044707491993904114, 0.004589094314724207
0.04477309435606003, 0.004031432326883078
0.04475756734609604, 0.0038185801822692156
0.0447881706058979, 0.004621630534529686
0.04440401867032051, 0.004903195891529322
0.04491504281759262, 0.0038274279795587063
0.04469986632466316, 0.0028847013600170612
0.04460538178682327, 0.0034806057810783386
0.044762734323740005, 0.004875560291111469
0.0448492132127285, 0.0046881986781954765
0.04427151381969452, 0.003922771196812391
0.04422719404101372, 0.0046465108171105385
0.044671669602394104, 0.004489408805966377
0.044492363929748535, 0.004666553810238838
0.04429004713892937, 0.004297291394323111
0.0446188785135746, 0.0034646193962544203
0.044424787163734436, 0.003282583551481366
0.044449616223573685, 0.0028674472123384476
0.044499803334474564, 0.004465985111892223
0.044727347791194916, 0.00368957850150764
0.04456500709056854, 0.004545684903860092
0.04461725428700447, 0.0045043304562568665
0.04462084174156189, 0.004361579194664955
0.044522471725940704, 0.003758507315069437
0.044701412320137024, 0.006233184598386288
0.04493384435772896, 0.005302406847476959
0.0445169173181057, 0.003961876500397921
0.044345635920763016, 0.0036305650137364864
0.04454890638589859, 0.004687662702053785
0.04462476447224617, 0.005683564115315676
0.04473152011632919, 0.004367743153125048
0.04455244168639183, 0.004205429460853338
0.04446927085518837, 0.005982023198157549
0.04432371258735657, 0.0036366479471325874
0.04470601677894592, 0.005151097662746906
0.04431480914354324, 0.004194778855890036
0.04465418681502342, 0.005404310766607523
0.04442765191197395, 0.0046263188123703
0.04441174492239952, 0.004352685529738665
0.04464619606733322, 0.0041268267668783665
0.044815704226493835, 0.00495918607339263
0.04478428140282631, 0.00442475825548172
0.044889599084854126, 0.005123957525938749
0.04495437443256378, 0.004044791217893362
0.04460727423429489, 0.004603972192853689
0.04461708664894104, 0.003636985318735242
0.04484178125858307, 0.005543962586671114
0.044247064739465714, 0.005036650691181421
0.04482835531234741, 0.005274075549095869
0.04440581798553467, 0.005287721753120422
0.044706039130687714, 0.004787641577422619
0.04450443387031555, 0.0040352786891162395
0.044429514557123184, 0.005458901636302471
0.044930096715688705, 0.004265643656253815
0.04424048960208893, 0.005032580811530352
0.04479123279452324, 0.0046039302833378315
0.04444827884435654, 0.004666575230658054
0.044821158051490784, 0.0024094763211905956
0.044590115547180176, 0.004481713753193617
0.04468502104282379, 0.003331106388941407
0.044801272451877594, 0.004212033003568649
0.04538874700665474, 0.00633099302649498
0.04527510702610016, 0.005450802389532328
0.044922132045030594, 0.0047248248010873795
0.04445706307888031, 0.002479399088770151
0.044751401990652084, 0.004086560104042292
0.04406704753637314, 0.005303205456584692
0.04486839473247528, 0.004507017321884632
0.044460613280534744, 0.004493253771215677
0.04422379657626152, 0.004563027527183294
0.044365473091602325, 0.004746484104543924
0.04498893395066261, 0.0030362154357135296
0.044347699731588364, 0.005105648189783096
0.0444311648607254, 0.004330028779804707
0.044635090976953506, 0.0037908877711743116
0.044256944209337234, 0.006575154140591621
0.04463228955864906, 0.0049236672930419445
0.044187966734170914, 0.0046060821041464806
0.044345058500766754, 0.006010785698890686
0.04476352408528328, 0.003908868879079819
0.04399247094988823, 0.005438708234578371
0.04418338090181351, 0.006153575144708157
0.04457709565758705, 0.004349921829998493
0.044459592550992966, 0.005186028312891722
0.04412718862295151, 0.004620874300599098
0.04448363184928894, 0.004411674570292234
0.044598013162612915, 0.005576578434556723
0.04420420899987221, 0.004838792607188225
0.04441855475306511, 0.005473835859447718
0.044573623687028885, 0.00594856683164835
0.04412294924259186, 0.004832359496504068
0.044409893453121185, 0.0045666745863854885
0.04472830519080162, 0.004521508701145649
0.04446244239807129, 0.004367961082607508
0.044337209314107895, 0.0037947010714560747
0.044084515422582626, 0.003847542218863964
0.04463954269886017, 0.0034985030069947243
0.04398374632000923, 0.005220374558120966
0.04438703879714012, 0.005213676020503044
0.0442187562584877, 0.0041985781863331795
0.044624749571084976, 0.003921027295291424
0.044658999890089035, 0.004901716951280832
0.04452081397175789, 0.00537001620978117
0.044139426201581955, 0.0038681761361658573
0.044722411781549454, 0.004996615927666426
0.04427545145153999, 0.004457250703126192
0.04466574266552925, 0.004461064003407955
0.04455318674445152, 0.005593377631157637
0.0443965382874012, 0.003986599389463663
0.044600848108530045, 0.0049902210012078285
0.044336821883916855, 0.005726090166717768
0.04425537586212158, 0.0038382099010050297
0.044574398547410965, 0.005080495961010456
0.04465177282691002, 0.004104367922991514
0.04459753632545471, 0.0053785499185323715
0.04423665627837181, 0.005598621442914009
0.044145334511995316, 0.0043627009727060795
0.04439976066350937, 0.006258273497223854
0.04432224854826927, 0.004217418842017651
0.04343761131167412, 0.006158201023936272
0.04436563327908516, 0.005016774870455265
0.0441587008535862, 0.005505870096385479
0.04359850659966469, 0.006122675258666277
0.04423480108380318, 0.005634067114442587
0.04441192373633385, 0.0038760907482355833
0.04381278529763222, 0.003789074718952179
0.044268567115068436, 0.003912862855941057
0.04420294240117073, 0.005164672154933214
0.04407168924808502, 0.004792490974068642
0.044547926634550095, 0.004584785085171461
0.044531792402267456, 0.00414868351072073
0.04429280757904053, 0.004745793528854847
0.04460225626826286, 0.005096009932458401
0.04461682215332985, 0.005627676844596863
0.04434933885931969, 0.0036112337838858366
0.044193945825099945, 0.003881960641592741
0.04389158636331558, 0.004818070214241743
0.044150400906801224, 0.005130668170750141
0.044407591223716736, 0.0043825372122228146
0.04467359557747841, 0.0034765887539833784
0.04437100514769554, 0.004540231544524431
0.04404202476143837, 0.0038336555007845163
0.04468493536114693, 0.004262320697307587
0.04458855092525482, 0.005210595205426216
0.04415890574455261, 0.004717410076409578
0.04404512420296669, 0.00669235922396183
0.04407708719372749, 0.004084144718945026
0.04428189620375633, 0.00463819270953536
0.0442158468067646, 0.004687585402280092
0.044622261077165604, 0.004705594386905432
0.04487526789307594, 0.003724508685991168
0.04441339522600174, 0.004736825358122587
0.04480515420436859, 0.003521932754665613
0.044138986617326736, 0.004472792148590088
0.04449666291475296, 0.0050528766587376595
0.044202230870723724, 0.00489903474226594
0.04434666037559509, 0.0042369309812784195
0.04423955827951431, 0.004311647266149521
0.043940797448158264, 0.004004046320915222
0.04444669559597969, 0.0033783623948693275
0.04428322985768318, 0.004361359402537346
0.04421995207667351, 0.006172750610858202
0.04486218839883804, 0.004351883195340633
0.04417817294597626, 0.005091466475278139
0.04424602910876274, 0.003538580145686865
0.04440828785300255, 0.004496473353356123
0.04432804509997368, 0.004625976551324129
0.04415741190314293, 0.0048145875334739685
0.044363781809806824, 0.004184866789728403
0.04416283220052719, 0.0039074779488146305
0.0441221259534359, 0.003269098699092865
0.04397990182042122, 0.003328129183501005
0.0444827564060688, 0.005034452769905329
0.043908316642045975, 0.003499494167044759
0.04402228072285652, 0.005171173717826605
0.04433827847242355, 0.003773371921852231
0.04420038312673569, 0.004568507894873619
0.04448534548282623, 0.003534274874255061
0.04421909153461456, 0.004818737506866455
0.04411754757165909, 0.005686901975423098
0.04438255354762077, 0.0033193198032677174
0.04432694986462593, 0.004685365129262209
0.04466848075389862, 0.0035576114896684885
0.04378246143460274, 0.004854175727814436
0.04435083642601967, 0.00589317362755537
0.04399307444691658, 0.00571912107989192
0.04417506232857704, 0.005045059137046337
0.044191837310791016, 0.0045879255048930645
0.044528935104608536, 0.004227847792208195
0.044243425130844116, 0.004268980585038662
0.04447242617607117, 0.004615122452378273
0.044107940047979355, 0.004299852531403303
0.04411664605140686, 0.004737004172056913
0.04329581931233406, 0.0048996456898748875
0.04444054141640663, 0.004163576755672693
0.04483001306653023, 0.0035180828999727964
0.0442400686442852, 0.004686071537435055
0.04409773275256157, 0.004613388795405626
0.043940551578998566, 0.005163425114005804
0.04429714009165764, 0.005569146480411291
0.04391259700059891, 0.00475801108404994
0.044121962040662766, 0.004920910112559795
0.044469498097896576, 0.0045277513563632965
0.04429953917860985, 0.004303960129618645
0.04411998763680458, 0.005700221285223961
0.04400450736284256, 0.004426454659551382
0.04346274584531784, 0.005797216668725014
0.044244635850191116, 0.003555125091224909
0.04450080171227455, 0.004415641073137522
0.04443572834134102, 0.003943994641304016
0.04439840093255043, 0.004322734661400318
0.04403010383248329, 0.004819423425942659
0.04399338364601135, 0.005373192019760609
0.04405961558222771, 0.006368511822074652
0.04384656623005867, 0.0049567739479243755
0.04449240490794182, 0.0035564980935305357
0.04414490610361099, 0.003804476698860526
0.04391910508275032, 0.005767759867012501
0.04429853335022926, 0.004681355785578489
0.04416947811841965, 0.004072672221809626
0.0444011352956295, 0.00488846143707633
0.04395383968949318, 0.00588977662846446
0.04420027136802673, 0.003346123732626438
0.04435250535607338, 0.004373534116894007
0.0440349318087101, 0.003826697589829564
0.0441926009953022, 0.00566567899659276
0.04437385872006416, 0.0043302723206579685
0.04476353898644447, 0.0035330699756741524
0.04443598911166191, 0.0045824116095900536
0.04413650184869766, 0.0038648522458970547
0.0437483936548233, 0.0047746323980391026
0.044067878276109695, 0.0041745868511497974
0.04405948892235756, 0.006285634357482195
0.044332701712846756, 0.0037657171487808228
0.0443621426820755, 0.003446362679824233
0.044098686426877975, 0.004541577305644751
0.043898433446884155, 0.005268048029392958
0.04405960813164711, 0.0050550466403365135
0.04375610873103142, 0.005244474858045578
0.04399098455905914, 0.004321961663663387
0.043845221400260925, 0.005249303299933672
0.04419425129890442, 0.003924447111785412
0.043865930289030075, 0.004896075464785099
0.044383712112903595, 0.004407989792525768
0.04442119598388672, 0.005556927062571049
0.04386433959007263, 0.005644876975566149
0.04402953386306763, 0.0040015410631895065
0.043741658329963684, 0.004848359152674675
0.04476318508386612, 0.004043212626129389
0.04412679746747017, 0.004324181471019983
0.04431135579943657, 0.00367320841178298
0.04385875537991524, 0.0054871137253940105
0.0437285341322422, 0.00690099922940135
0.04440467432141304, 0.003273908980190754
0.044057052582502365, 0.004441184923052788
0.04374910891056061, 0.0037653567269444466
0.043850645422935486, 0.003587401006370783
0.04444150999188423, 0.003773982636630535
0.04404772073030472, 0.0038648706395179033
0.04448288679122925, 0.004212783183902502
0.04404090717434883, 0.0037629057187587023
0.044239893555641174, 0.005517713259905577
0.04423302039504051, 0.004340372979640961
0.04344017803668976, 0.0043281554244458675
0.043958406895399094, 0.0038565497379750013
0.043426286429166794, 0.004836608190089464
0.04412141442298889, 0.004653032403439283
0.04407285526394844, 0.004600779619067907
0.04423435777425766, 0.004421913530677557
0.04404258728027344, 0.004769578576087952
0.043706513941287994, 0.005612607579678297
0.0442640595138073, 0.005142918787896633
0.043605122715234756, 0.004419180564582348
0.043993860483169556, 0.004374150186777115
0.043846629559993744, 0.005830666515976191
0.04409553110599518, 0.004560003522783518
0.04408034309744835, 0.00449296785518527
0.04378100484609604, 0.004279579035937786
0.04399332404136658, 0.006583433598279953
0.04376303032040596, 0.0041581494733691216
0.0443134680390358, 0.004973056726157665
0.04457550123333931, 0.004206784535199404
0.04417596757411957, 0.004525072406977415
0.04408363997936249, 0.005329528357833624
0.04406161233782768, 0.004395026247948408
0.043752867728471756, 0.004277000669389963
0.04430672153830528, 0.0030911031644791365
0.04410875216126442, 0.0038025034591555595
0.04421510174870491, 0.004945802036672831
0.04407902806997299, 0.0033337934873998165
0.04440741613507271, 0.002666840795427561
0.04389803484082222, 0.004925594665110111
0.04388095438480377, 0.006238202564418316
0.04365052655339241, 0.005460587330162525
0.04411863163113594, 0.004212973639369011
0.04388898238539696, 0.0045680273324251175
0.04395898059010506, 0.003976602107286453
0.0442686602473259, 0.004288180731236935
0.04389550909399986, 0.0033321750815957785
0.04431772977113724, 0.004012098535895348
0.04382077604532242, 0.004196690395474434
0.044348932802677155, 0.004644596949219704
0.04407398775219917, 0.00400621397420764
0.04393502697348595, 0.004830054007470608
0.04407678171992302, 0.004941917490214109
0.043901581317186356, 0.00530874403193593
0.04406794160604477, 0.0043435245752334595
0.044662345200777054, 0.003424288472160697
0.044103872030973434, 0.005146493203938007
0.04411987587809563, 0.004064540844410658
0.04404091089963913, 0.00471953721717
0.04433614760637283, 0.003256338881328702
0.043610066175460815, 0.0043006218038499355
0.04392015188932419, 0.005063984077423811
0.04327094554901123, 0.006439517252147198
0.044039685279130936, 0.005022178869694471
0.04435162618756294, 0.00376866664737463
0.04405205696821213, 0.00580654526129365
0.0439700111746788, 0.003687266493216157
0.0443083718419075, 0.004557016305625439
0.043999869376420975, 0.00411557499319315
0.044491998851299286, 0.005304286256432533
0.04449928551912308, 0.005092335864901543
0.04422788694500923, 0.005497226025909185
0.043769896030426025, 0.004500850569456816
0.04423930123448372, 0.004400156904011965
0.04394824057817459, 0.004699280485510826
0.04391372203826904, 0.004966059699654579
0.04424544423818588, 0.004569708835333586
0.04384829103946686, 0.003959976136684418
0.04435119032859802, 0.0034058941528201103
0.04371901601552963, 0.004695207811892033
0.04399057477712631, 0.0053444174118340015
0.04418085142970085, 0.003420814173296094
0.044083621352910995, 0.0035239001736044884
0.04350478574633598, 0.006486737634986639
0.043519556522369385, 0.0035786377266049385
0.0439661480486393, 0.005526559893041849
0.043798353523015976, 0.005037053022533655
0.04394222050905228, 0.003211572766304016
0.04399861767888069, 0.004797293804585934
0.044023655354976654, 0.0036109774373471737
0.04386536404490471, 0.003537393407896161
0.04408693313598633, 0.0043305205181241035
0.04346982762217522, 0.0057162088342010975
0.04373372718691826, 0.004429574590176344
0.04346132278442383, 0.0057383086532354355
0.04406784847378731, 0.0038454656023532152
0.04411900043487549, 0.005768583621829748
0.04449637234210968, 0.00391592551022768
0.043755631893873215, 0.004544377326965332
0.04396616294980049, 0.004166111350059509
0.04415138065814972, 0.0035048529971390963
0.04391855746507645, 0.005017595365643501
0.043718691915273666, 0.004237941931933165
0.04375185817480087, 0.005185682326555252
0.043969955295324326, 0.003112185513600707
0.04379129409790039, 0.0053025768138468266
0.04382401332259178, 0.0033926123287528753
0.043807871639728546, 0.005280978512018919
0.044077202677726746, 0.0033587568905204535
0.0435972586274147, 0.005146268289536238
0.043827611953020096, 0.004635043907910585
0.04380067437887192, 0.003799901343882084
0.04408751055598259, 0.004270948935300112
0.04387607052922249, 0.004234716761857271
0.043736767023801804, 0.005419726483523846
0.04384550824761391, 0.0038365458603948355
0.04358777776360512, 0.004439576994627714
0.04406927153468132, 0.005549023859202862
0.043497711420059204, 0.005021882709115744
0.044050540775060654, 0.004231020342558622
0.0437384769320488, 0.0038560088723897934
0.04395243898034096, 0.0032294837292283773
0.0439755916595459, 0.004888890776783228
0.04397273436188698, 0.004394541960209608
0.043444473296403885, 0.00488678365945816
0.043721165508031845, 0.0037186809349805117
0.04357423260807991, 0.005343322642147541
0.043689049780368805, 0.004768797662109137
0.043785419315099716, 0.004229442216455936
0.043775416910648346, 0.004280406516045332
0.0437876433134079, 0.0042067221365869045
0.04399728402495384, 0.004305207170546055
0.04380273073911667, 0.0028015035204589367
0.043664440512657166, 0.004610567819327116
0.043772242963314056, 0.0050678495317697525
0.043862152844667435, 0.0040618362836539745
0.04403488710522652, 0.004442187026143074
0.04343004152178764, 0.004859790205955505
0.04335211589932442, 0.006193880923092365
0.043908532708883286, 0.0034171745646744967
0.04363003745675087, 0.004675980191677809
0.04331974312663078, 0.00343249156139791
0.04344579577445984, 0.004431772977113724
0.04376505687832832, 0.005390943959355354
0.04387567192316055, 0.004275893792510033
0.0437963642179966, 0.004429035820066929
0.04381712153553963, 0.0044455938041210175
0.043843258172273636, 0.00375320459716022
0.043432433158159256, 0.004334170836955309
0.04402226582169533, 0.004962725564837456
0.043424494564533234, 0.0040726750157773495
0.043627966195344925, 0.004813546780496836
0.04391608014702797, 0.0046526603400707245
0.043933648616075516, 0.005050123669207096
0.04352598264813423, 0.004634282551705837
0.043204404413700104, 0.005157336127012968
0.04382147267460823, 0.0037405979819595814
0.04347390681505203, 0.005031373351812363
0.04405747726559639, 0.003796168603003025
0.043445803225040436, 0.002823774702847004
0.04352009668946266, 0.004685619380325079
0.043652795255184174, 0.004968735389411449
0.04365653917193413, 0.00485699949786067
0.04368729516863823, 0.003722675610333681
0.04365210607647896, 0.004548204597085714
0.043626707047224045, 0.004830705467611551
0.0437362976372242, 0.0046937549486756325
0.04404237121343613, 0.004684916697442532
0.04322256147861481, 0.005919016897678375
0.04353226348757744, 0.005132822319865227
0.043588850647211075, 0.005314848385751247
0.04395135119557381, 0.004897017497569323
0.04375492408871651, 0.004255858715623617
0.043353427201509476, 0.005778892897069454
0.04399477690458298, 0.004870716482400894
0.043838609009981155, 0.0033369988668709993
0.043766628950834274, 0.005006312392652035
0.04364481940865517, 0.003760621417313814
0.04389207437634468, 0.0043346150778234005
0.043643008917570114, 0.004546295385807753
0.04404303431510925, 0.004121687728911638
0.04379989951848984, 0.003652344224974513
0.043796975165605545, 0.005518282763659954
0.0436481274664402, 0.004488108679652214
0.043779242783784866, 0.004006497096270323
0.04386644437909126, 0.0055993166752159595
0.04360293224453926, 0.00359151978045702
0.04386965185403824, 0.003874177113175392
0.0433092899620533, 0.0051678442396223545
0.04400992393493652, 0.0027632438577711582
0.04326581582427025, 0.005258591845631599
0.043667785823345184, 0.004052535630762577
0.04361206293106079, 0.004618812818080187
0.043676070868968964, 0.004452583380043507
0.043851036578416824, 0.004030314739793539
0.043674319982528687, 0.004684445448219776
0.043832097202539444, 0.003936743829399347
0.04361473023891449, 0.0051269084215164185
0.04354827105998993, 0.005617760121822357
0.04347575083374977, 0.004714604001492262
0.043526310473680496, 0.00479163508862257
0.04384015500545502, 0.004401916638016701
0.04366147890686989, 0.005091254599392414
0.04362542927265167, 0.005740830674767494
0.0436403714120388, 0.005241959821432829
0.04409155994653702, 0.003879523603245616
0.04346543550491333, 0.004509045742452145
0.04317023605108261, 0.005867570638656616
0.04362775385379791, 0.004504273179918528
0.04323037341237068, 0.004661360289901495
0.04322337731719017, 0.005606978666037321
0.043135255575180054, 0.006003517657518387
0.04384387657046318, 0.004199012648314238
0.0438339002430439, 0.004369182046502829
0.043807245790958405, 0.003912247717380524
0.04328276962041855, 0.003232990624383092
0.043434400111436844, 0.004189784172922373
0.04348696395754814, 0.004395723808556795
0.04381583258509636, 0.0032432707957923412
0.04378737509250641, 0.004098236560821533
0.04326224327087402, 0.004423061385750771
0.04356357082724571, 0.006099040154367685
0.043397314846515656, 0.0049098520539700985
0.04368453472852707, 0.0045254467986524105
0.04348655417561531, 0.003894717199727893
0.04318602383136749, 0.005754160229116678
0.043461162596940994, 0.0055841682478785515
0.04383223503828049, 0.0032663592137396336
0.04365295544266701, 0.004743087571114302
0.04332851618528366, 0.004092723596841097
0.04364515095949173, 0.004705950152128935
0.043293509632349014, 0.003878087503835559
0.04349736124277115, 0.003561485791578889
0.04373033344745636, 0.004862015601247549
0.04349256306886673, 0.004351228009909391
0.04364645481109619, 0.004825037904083729
0.043720800429582596, 0.0043579633347690105
0.04346059262752533, 0.0031395030673593283
0.0433649905025959, 0.004673838149756193
0.043880611658096313, 0.0028381128795444965
0.04348329082131386, 0.004475226625800133
0.04341856390237808, 0.004520152695477009
0.043324921280145645, 0.005365974735468626
0.04372785985469818, 0.006227096542716026
0.04346725717186928, 0.004242968279868364
0.0435631200671196, 0.005152854137122631
0.04325961321592331, 0.00475273234769702
0.04264449328184128, 0.005321979988366365
0.04376574978232384, 0.0034026997163891792
0.0435895211994648, 0.0032376281451433897
0.04386182874441147, 0.003798475256189704
0.043753962963819504, 0.004714746959507465
0.04359743371605873, 0.005042466334998608
0.0437336340546608, 0.003129061544314027
0.04373159259557724, 0.003878139890730381
0.0431707426905632, 0.005661562085151672
