mean, std
0.27284565567970276, 0.07395236194133759
0.23805491626262665, 0.03376328945159912
0.227386474609375, 0.060565222054719925
0.13311292231082916, 0.04130643978714943
0.0794307291507721, 0.023762172088027
0.05951859429478645, 0.02510535530745983
0.06505811214447021, 0.026612767949700356
0.03974528983235359, 0.015828082337975502
0.037565648555755615, 0.014815842732787132
0.034201476722955704, 0.010450622998178005
0.04591855779290199, 0.0190131738781929
0.03377853333950043, 0.012054040096700191
0.0365823470056057, 0.014515438117086887
0.03680934011936188, 0.013933452777564526
0.041690994054079056, 0.018186720088124275
0.034451019018888474, 0.011851680465042591
0.027484819293022156, 0.012372747994959354
0.027422338724136353, 0.009224943816661835
0.04192722216248512, 0.016182638704776764
0.03764816001057625, 0.009108297526836395
0.04193650558590889, 0.013363504782319069
0.047415632754564285, 0.010720510967075825
0.05110140144824982, 0.016771670430898666
0.05833285301923752, 0.02107846736907959
0.058939721435308456, 0.019138310104608536
0.060683634132146835, 0.01893085241317749
0.05768924951553345, 0.018888337537646294
0.05732232332229614, 0.02110372669994831
0.07606597244739532, 0.023273922502994537
0.07333938777446747, 0.024726364761590958
0.06385374069213867, 0.025701448321342468
0.052907321602106094, 0.015926357358694077
0.07437208294868469, 0.024690702557563782
0.06544599682092667, 0.020884273573756218
0.05876344442367554, 0.022790461778640747
0.05541272461414337, 0.014657197520136833
0.07880023121833801, 0.03652693331241608
0.09862355142831802, 0.042026713490486145
0.1064407080411911, 0.044913388788700104
0.06464073807001114, 0.02738141268491745
0.06102662533521652, 0.012962709181010723
0.07252854108810425, 0.024957865476608276
0.09229127317667007, 0.032800909131765366
0.110710509121418, 0.036141492426395416
0.09557025879621506, 0.02770124189555645
0.11590737849473953, 0.035968270152807236
0.1129763126373291, 0.025228939950466156
0.11901091039180756, 0.03721711412072182
0.10006879270076752, 0.018930651247501373
0.11128538101911545, 0.04264295846223831
0.1250276267528534, 0.037410371005535126
0.17450939118862152, 0.04329391568899155
0.12264905124902725, 0.035804908722639084
0.14915557205677032, 0.04163224995136261
0.16837942600250244, 0.07402683049440384
0.18516704440116882, 0.048025019466876984
0.22081699967384338, 0.07818781584501266
0.15961375832557678, 0.057293716818094254
0.15697093307971954, 0.059060633182525635
0.1298455148935318, 0.03608296811580658
0.16530504822731018, 0.05599942058324814
0.2070612758398056, 0.08941412717103958
0.15367762744426727, 0.03889460861682892
0.19365538656711578, 0.08642440289258957
0.16304098069667816, 0.054112374782562256
0.23694337904453278, 0.10410534590482712
0.23157265782356262, 0.10824720561504364
0.1978580206632614, 0.07279643416404724
0.11503548175096512, 0.02949691191315651
0.11935561150312424, 0.05113101750612259
0.13385558128356934, 0.052171383053064346
0.1389206200838089, 0.04368610307574272
0.14545437693595886, 0.056312669068574905
0.12341993302106857, 0.048066142946481705
0.13222667574882507, 0.03399604931473732
0.13021883368492126, 0.04059825837612152
0.14202271401882172, 0.05160133168101311
0.16592109203338623, 0.050874337553977966
0.13838841021060944, 0.03910783678293228
0.10538855195045471, 0.029645543545484543
0.11443053185939789, 0.029155977070331573
0.12859943509101868, 0.046853214502334595
0.13253386318683624, 0.04088396951556206
0.1177130937576294, 0.037714533507823944
0.12059286236763, 0.043661534786224365
0.11505501717329025, 0.045477114617824554
0.09496068954467773, 0.0302793737500906
0.1062900498509407, 0.029343387112021446
0.10150382667779922, 0.02433175966143608
0.09424958378076553, 0.02921745553612709
0.0831611156463623, 0.019062543287873268
0.11649785935878754, 0.030768349766731262
0.0998268872499466, 0.035339415073394775
0.10162163525819778, 0.029655111953616142
0.12154923379421234, 0.05238470807671547
0.14816801249980927, 0.05249849334359169
0.1232544481754303, 0.03778664767742157
0.16119137406349182, 0.04515010863542557
0.1383567601442337, 0.05961696803569794
0.11023107916116714, 0.03903558850288391
0.12556666135787964, 0.039359770715236664
0.11036288738250732, 0.03858775645494461
0.11045557260513306, 0.033250924199819565
0.10635951906442642, 0.043686263263225555
0.14105069637298584, 0.04430854693055153
0.10772506892681122, 0.029037609696388245
0.12905120849609375, 0.0368548259139061
0.11774802207946777, 0.03626913204789162
0.10567525774240494, 0.030386118218302727
0.12135423719882965, 0.041362740099430084
0.11692818254232407, 0.03488354757428169
0.12014394253492355, 0.046021897345781326
0.11640165001153946, 0.04592765495181084
0.10773894935846329, 0.03510850667953491
0.12088489532470703, 0.03483029454946518
0.09649796038866043, 0.02706875279545784
0.10022371262311935, 0.029414664953947067
0.09845390170812607, 0.03702322021126747
0.1169782355427742, 0.03206918016076088
0.14948061108589172, 0.05598658323287964
0.12101917713880539, 0.044925905764102936
0.10387781262397766, 0.024188783019781113
0.10271702706813812, 0.02505415305495262
0.08975354582071304, 0.025131428614258766
0.08840511739253998, 0.021236160770058632
0.11319778114557266, 0.04148862138390541
0.11952095478773117, 0.055366259068250656
0.10530144721269608, 0.03749336674809456
0.10240063816308975, 0.0230698399245739
0.1567872166633606, 0.06438060849905014
0.1309720277786255, 0.06174145266413689
0.0964660495519638, 0.027747387066483498
0.08867654949426651, 0.03294158726930618
0.09666039794683456, 0.0279192253947258
0.14375483989715576, 0.06916862726211548
0.13306686282157898, 0.04503330588340759
0.0812980905175209, 0.027454692870378494
0.11009303480386734, 0.04542350023984909
0.10960881412029266, 0.031086251139640808
0.11867883801460266, 0.056289877742528915
0.10122929513454437, 0.04686048626899719
0.07159062474966049, 0.016003767028450966
0.07859111577272415, 0.022229576483368874
0.0867280438542366, 0.024757515639066696
0.08278178423643112, 0.02227090485394001
0.08745492994785309, 0.029439561069011688
0.08080659806728363, 0.03434980660676956
0.13129925727844238, 0.05159013345837593
0.1439281851053238, 0.047494348138570786
0.15867282450199127, 0.06687606871128082
0.14917390048503876, 0.05883381515741348
0.11547967046499252, 0.03645840287208557
0.1098136231303215, 0.03883359581232071
0.11266587674617767, 0.03336073085665703
0.10931713134050369, 0.03620592877268791
0.12055737525224686, 0.03900354355573654
0.09603007137775421, 0.03551627695560455
0.09697432070970535, 0.023017369210720062
0.08896142989397049, 0.029631774872541428
0.07900526374578476, 0.025855574756860733
0.10852053016424179, 0.03147369995713234
0.12037733942270279, 0.037821248173713684
0.10281404852867126, 0.03989487513899803
0.11037269979715347, 0.026528403162956238
0.14521701633930206, 0.052391842007637024
0.1281874179840088, 0.03403132036328316
0.09617452323436737, 0.033380214124917984
0.09466500580310822, 0.034730833023786545
0.0729994922876358, 0.020990848541259766
0.07854592055082321, 0.017488768324255943
0.09039586037397385, 0.02187650464475155
0.10835976153612137, 0.03458346053957939
0.10091772675514221, 0.027749260887503624
0.07711020857095718, 0.026144638657569885
0.0829736664891243, 0.024033300578594208
0.10981044173240662, 0.036460742354393005
0.08887990564107895, 0.028706161305308342
0.10225701332092285, 0.04020974040031433
0.12273815274238586, 0.029335206374526024
0.09352872520685196, 0.02239377796649933
0.08456192910671234, 0.0316607728600502
0.1293666809797287, 0.0509350560605526
0.13207904994487762, 0.04966703802347183
0.10563332587480545, 0.046988919377326965
0.07164353132247925, 0.018946083262562752
0.08031614124774933, 0.022960811853408813
0.09903925657272339, 0.03929971903562546
0.09369680285453796, 0.024258829653263092
0.08812002092599869, 0.028135545551776886
0.0915406197309494, 0.03267328441143036
0.08625392615795135, 0.02151745930314064
0.1009625568985939, 0.03178861737251282
0.1058426946401596, 0.039744097739458084
0.08457201719284058, 0.036501046270132065
0.07815026491880417, 0.023081017658114433
0.07777844369411469, 0.02294769696891308
0.09751711040735245, 0.03233839571475983
0.08990538120269775, 0.03798309713602066
0.10529886186122894, 0.03494321182370186
0.0880000963807106, 0.02968909591436386
0.08773386478424072, 0.024443529546260834
0.08383505791425705, 0.02297258749604225
0.08321484923362732, 0.021782398223876953
0.13717177510261536, 0.06277701258659363
0.09632161259651184, 0.03966282308101654
0.08990208804607391, 0.033042144030332565
0.10075157135725021, 0.037140749394893646
0.10482142120599747, 0.047561731189489365
0.08796043694019318, 0.032527823001146317
0.10182708501815796, 0.029644232243299484
0.0982821062207222, 0.03425048291683197
0.10819940268993378, 0.03618025779724121
0.12116335332393646, 0.04744689539074898
0.11928237974643707, 0.05757132172584534
0.07534542679786682, 0.022690078243613243
0.1010325625538826, 0.0404585637152195
0.10225153714418411, 0.03040926158428192
0.10226552188396454, 0.03262697905302048
0.08820142596960068, 0.0281642097979784
0.1291823536157608, 0.04145977646112442
0.14554986357688904, 0.047727931290864944
0.08847106248140335, 0.026432817801833153
0.07558008283376694, 0.018667828291654587
0.07484368979930878, 0.024451175704598427
0.08370273560285568, 0.02517932839691639
0.0920373722910881, 0.02676127664744854
0.08701559156179428, 0.02733057364821434
0.08808014541864395, 0.024120602756738663
0.0869411751627922, 0.020765332505106926
0.08619896322488785, 0.01571417599916458
0.08247514814138412, 0.017591102048754692
0.10324671864509583, 0.02885420434176922
0.08278163522481918, 0.02498382143676281
0.09761416912078857, 0.030039966106414795
0.07707098871469498, 0.02303471602499485
0.08495994657278061, 0.02162482589483261
0.08587417751550674, 0.03494694083929062
0.09172587096691132, 0.023789245635271072
0.10230156034231186, 0.031772542744874954
0.09392011165618896, 0.02580377459526062
0.08317427337169647, 0.018771585077047348
0.11243268102407455, 0.0435679629445076
0.08301719278097153, 0.027503332123160362
0.1022319495677948, 0.024104749783873558
0.08420722186565399, 0.028141215443611145
0.0875861868262291, 0.0298282653093338
0.12350193411111832, 0.046117834746837616
0.09198466688394547, 0.022668978199362755
0.1230425164103508, 0.03986504673957825
0.10723588615655899, 0.037089403718709946
0.1322522759437561, 0.05079180747270584
0.0806729644536972, 0.025616517290472984
0.11028067022562027, 0.04250543564558029
0.08253788948059082, 0.026032250374555588
0.08134046941995621, 0.02094714716076851
0.09849343448877335, 0.03201836720108986
0.08761510252952576, 0.023831231519579887
0.11272920668125153, 0.03249719366431236
0.12305842339992523, 0.05308854207396507
0.12098252773284912, 0.04690181091427803
0.11696365475654602, 0.027792930603027344
0.09193302690982819, 0.031788717955350876
0.10962451249361038, 0.038647446781396866
0.1173514649271965, 0.04193243384361267
0.08028911799192429, 0.027971994131803513
0.08188620954751968, 0.017980407923460007
0.12543907761573792, 0.04327165335416794
0.1177745833992958, 0.04372561350464821
0.09794134646654129, 0.029958529397845268
0.09612496942281723, 0.03683621808886528
0.08139711618423462, 0.02153824456036091
0.10483185201883316, 0.034023355692625046
0.10011206567287445, 0.02357650361955166
0.08221441507339478, 0.02584121935069561
0.08623325079679489, 0.029150465503335
0.08672523498535156, 0.026541665196418762
0.09994875639677048, 0.03099961020052433
0.09985504299402237, 0.027604350820183754
0.110805444419384, 0.03189622610807419
0.11938568204641342, 0.03571969270706177
0.0847313404083252, 0.02546336129307747
0.10609123110771179, 0.03517025336623192
0.08255816251039505, 0.0310685858130455
0.10550063103437424, 0.050602804869413376
0.11073528230190277, 0.051173433661460876
0.08639554679393768, 0.021032704040408134
0.09952675551176071, 0.03199278935790062
0.11674151569604874, 0.04754086583852768
0.08714751899242401, 0.020968226715922356
0.10114500671625137, 0.025534482672810555
0.10012944787740707, 0.029085572808980942
0.11567405611276627, 0.044413961470127106
0.09774774312973022, 0.030429942533373833
0.11653358489274979, 0.02677873522043228
0.10870987921953201, 0.023677708581089973
0.13148517906665802, 0.0471159890294075
0.09921132773160934, 0.028068678453564644
0.10142984986305237, 0.03202063590288162
0.11134997755289078, 0.03003074787557125
0.12112726271152496, 0.04267144575715065
0.13553519546985626, 0.03793121874332428
0.1350814253091812, 0.029975946992635727
0.10737708956003189, 0.03798943758010864
0.10518927872180939, 0.037612996995449066
0.11608598381280899, 0.02540137991309166
0.1233874037861824, 0.04589654132723808
0.10406017303466797, 0.021390488371253014
0.10379776358604431, 0.03329091519117355
0.10538716614246368, 0.03140989691019058
0.09952866286039352, 0.02921641804277897
0.10194987803697586, 0.027989458292722702
0.09274851530790329, 0.020027905702590942
0.10494551807641983, 0.04146324843168259
0.13471341133117676, 0.04815373197197914
0.14229117333889008, 0.049672842025756836
0.11253447085618973, 0.031038029119372368
0.11817153543233871, 0.03210902586579323
0.10779861360788345, 0.03889894858002663
0.10586118698120117, 0.027779532596468925
0.12393348664045334, 0.033924952149391174
0.14668813347816467, 0.042687345296144485
0.11221102625131607, 0.03312868997454643
0.1502758115530014, 0.05705186724662781
0.1339472383260727, 0.038076940923929214
0.12560239434242249, 0.032762110233306885
0.10062083601951599, 0.029387282207608223
0.09283418208360672, 0.02155226655304432
0.13714146614074707, 0.050844706594944
0.16446998715400696, 0.05373281240463257
0.16597884893417358, 0.055983565747737885
0.11648738384246826, 0.03521279618144035
0.11951006948947906, 0.029621252790093422
0.14189675450325012, 0.05256849527359009
0.1369931995868683, 0.05430888384580612
0.1180536076426506, 0.030981989577412605
0.13169154524803162, 0.03271133452653885
0.12477639317512512, 0.02986508421599865
0.13062512874603271, 0.03704636171460152
0.14155584573745728, 0.03632774576544762
0.11404917389154434, 0.034153472632169724
0.15514637529850006, 0.05533110350370407
0.12946417927742004, 0.033869631588459015
0.11772877722978592, 0.03972587734460831
0.12856422364711761, 0.03464987501502037
0.139800027012825, 0.04131943732500076
0.13526728749275208, 0.04034776613116264
0.12545089423656464, 0.03282368555665016
0.1066034734249115, 0.03386639431118965
0.10888480395078659, 0.033283401280641556
0.12123804539442062, 0.032403614372015
0.16313272714614868, 0.05211737006902695
0.15549568831920624, 0.047877732664346695
0.14489640295505524, 0.0539047047495842
0.11908624321222305, 0.03679842874407768
0.1405584216117859, 0.03561721742153168
0.1436222344636917, 0.044195447117090225
0.12487374246120453, 0.030603593215346336
0.1181076243519783, 0.02953147329390049
0.1141488328576088, 0.025143004953861237
0.11770166456699371, 0.052644841372966766
0.11819912493228912, 0.03013692796230316
0.1331336796283722, 0.03390505537390709
0.13725967705249786, 0.04075436294078827
0.15655018389225006, 0.05128682032227516
0.12509900331497192, 0.04341075196862221
0.11274359375238419, 0.031424518674612045
0.1342431902885437, 0.0428159162402153
0.1606322079896927, 0.06706005334854126
0.13666529953479767, 0.046085190027952194
0.15621459484100342, 0.040681518614292145
0.17831312119960785, 0.05763404816389084
0.13234589993953705, 0.029026653617620468
0.1202085018157959, 0.03435400873422623
0.1416902244091034, 0.036648280918598175
0.12424814701080322, 0.046157512813806534
0.12326347827911377, 0.042098380625247955
0.11870341747999191, 0.042727842926979065
0.12600302696228027, 0.025057336315512657
0.1066412478685379, 0.025524642318487167
0.12144442647695541, 0.027829477563500404
0.12756626307964325, 0.03526993840932846
0.13089580833911896, 0.0401388555765152
0.12918467819690704, 0.03977733105421066
0.13576030731201172, 0.030522305518388748
0.16027572751045227, 0.042144227772951126
0.13104934990406036, 0.03578811511397362
0.13760167360305786, 0.043714940547943115
0.13148824870586395, 0.027998613193631172
0.13389384746551514, 0.03407244384288788
0.10905513912439346, 0.0318024568259716
0.14074859023094177, 0.04412844032049179
0.14208510518074036, 0.03177223354578018
0.16092287003993988, 0.051177870482206345
0.10994928330183029, 0.023609096184372902
0.12231586128473282, 0.042181823402643204
0.15851682424545288, 0.05221684277057648
0.13666337728500366, 0.03727322816848755
0.13382259011268616, 0.034821122884750366
0.1078440472483635, 0.0320005901157856
0.1220274269580841, 0.0405774749815464
0.13524876534938812, 0.03429248556494713
0.14749430119991302, 0.04559693485498428
0.14404866099357605, 0.0415053516626358
0.14463810622692108, 0.04378151893615723
0.11626659333705902, 0.02072000689804554
0.14057068526744843, 0.0413968488574028
0.12639591097831726, 0.041235629469156265
0.12121330201625824, 0.04062504693865776
0.13194705545902252, 0.045763637870550156
0.12117285281419754, 0.031527046114206314
0.12778732180595398, 0.031136998906731606
0.144936203956604, 0.050423361361026764
0.16145320236682892, 0.05033336207270622
0.13456867635250092, 0.03540099784731865
0.1290748566389084, 0.04195758327841759
0.11381766945123672, 0.025084039196372032
0.1228354349732399, 0.042798250913619995
0.14090695977210999, 0.04111284017562866
0.12718529999256134, 0.024663351476192474
0.1272607296705246, 0.028336744755506516
0.17760643362998962, 0.07239766418933868
0.21072596311569214, 0.08231224119663239
0.1483658105134964, 0.04032088443636894
0.137502983212471, 0.048163942992687225
0.11625337600708008, 0.035934269428253174
0.12137337774038315, 0.040849149227142334
0.15678735077381134, 0.07772462069988251
0.1395024210214615, 0.04418281465768814
0.1239720955491066, 0.034047625958919525
0.17302799224853516, 0.06415755301713943
0.1496858149766922, 0.05941341444849968
0.13033103942871094, 0.04191485419869423
0.10413531213998795, 0.027467014268040657
0.16187456250190735, 0.04311315715312958
0.13480740785598755, 0.03262291103601456
0.11583111435174942, 0.02811729721724987
0.11195699125528336, 0.027115322649478912
0.11655133217573166, 0.03812672197818756
0.1751689463853836, 0.07056634873151779
0.13969705998897552, 0.037061095237731934
0.14892065525054932, 0.037056222558021545
0.13072681427001953, 0.03233165293931961
0.1259598284959793, 0.03378383442759514
0.11212290823459625, 0.03517621383070946
0.13722677528858185, 0.04421231150627136
0.11911116540431976, 0.04722270369529724
0.11559132486581802, 0.032244469970464706
0.1374080330133438, 0.03765610232949257
0.20181569457054138, 0.0684255063533783
0.15162202715873718, 0.0438731424510479
0.16438311338424683, 0.052301082760095596
0.100723996758461, 0.026457857340574265
0.1247524544596672, 0.037332624197006226
0.11154748499393463, 0.03074052929878235
0.14560076594352722, 0.045410819351673126
0.1375386267900467, 0.045569825917482376
0.1355711966753006, 0.043897710740566254
0.13540644943714142, 0.03559998795390129
0.11640163511037827, 0.031085701659321785
0.10214059054851532, 0.02347954735159874
0.12424371391534805, 0.026860956102609634
0.12848539650440216, 0.03631456568837166
0.13464339077472687, 0.02866297960281372
0.13090424239635468, 0.0463271290063858
0.13464723527431488, 0.04115922003984451
0.1475873738527298, 0.0657031312584877
0.12518087029457092, 0.024449963122606277
0.13908010721206665, 0.03619798272848129
0.1366848349571228, 0.04135093837976456
0.14939908683300018, 0.04181479662656784
0.16309888660907745, 0.0464097298681736
0.1605648547410965, 0.06601192057132721
0.1701594889163971, 0.04279446601867676
0.13465681672096252, 0.03353198990225792
0.13188211619853973, 0.04111862555146217
0.12107949703931808, 0.03359220549464226
0.14548783004283905, 0.04364362359046936
0.1330169290304184, 0.04030993953347206
0.12441815435886383, 0.04045726731419563
0.10382198542356491, 0.030591817572712898
0.11844401806592941, 0.0444098636507988
0.13135021924972534, 0.02965422533452511
0.1196184828877449, 0.029037410393357277
0.13961878418922424, 0.037904005497694016
0.16075105965137482, 0.052404072135686874
0.1346317082643509, 0.03323961794376373
0.16415470838546753, 0.048413828015327454
0.13367101550102234, 0.04759637638926506
0.10977020114660263, 0.026263752952218056
0.11111164093017578, 0.022018231451511383
0.1268904209136963, 0.044192250818014145
0.12134160101413727, 0.023308858275413513
0.14195919036865234, 0.03423845022916794
0.13049960136413574, 0.03552426025271416
0.1405872106552124, 0.028862446546554565
0.14721915125846863, 0.046362653374671936
0.13137097656726837, 0.032507676631212234
0.13033676147460938, 0.0314779169857502
0.12112469226121902, 0.03920967876911163
0.1265760213136673, 0.038150858134031296
0.11547014862298965, 0.02420814149081707
0.11764679849147797, 0.038416214287281036
0.13796548545360565, 0.04271404445171356
0.12028663605451584, 0.024062804877758026
0.11992242932319641, 0.03454485908150673
0.11269565671682358, 0.027306025847792625
0.14746811985969543, 0.04638007655739784
0.17934896051883698, 0.058412160724401474
0.14193423092365265, 0.038178153336048126
0.11509118229150772, 0.038483068346977234
0.1520257592201233, 0.0474613793194294
0.187303364276886, 0.04216543212532997
0.13444459438323975, 0.04509074613451958
0.13322637975215912, 0.03381337597966194
0.12418387830257416, 0.02906731143593788
0.15196160972118378, 0.03251270204782486
0.12986589968204498, 0.031685516238212585
0.12667271494865417, 0.025980878621339798
0.1343802511692047, 0.036541614681482315
0.14124563336372375, 0.04919549822807312
0.12999825179576874, 0.03479805216193199
0.12758353352546692, 0.026914233341813087
0.13976967334747314, 0.03096259944140911
0.13091377913951874, 0.03360742703080177
0.11951548606157303, 0.029398316517472267
0.1368337869644165, 0.04405597597360611
0.15436144173145294, 0.028851278126239777
0.13461220264434814, 0.03660738095641136
0.11672545969486237, 0.026982145383954048
0.13393379747867584, 0.04003748670220375
0.11265619844198227, 0.0297065582126379
0.13744457066059113, 0.039540037512779236
0.1410185992717743, 0.044008806347846985
0.11467635631561279, 0.031810253858566284
0.15677210688591003, 0.037939250469207764
0.14153718948364258, 0.033066701143980026
0.12658293545246124, 0.03404136374592781
0.11723405867815018, 0.029330294579267502
0.13910195231437683, 0.036523886024951935
0.14806528389453888, 0.042836520820856094
0.1454337239265442, 0.04392334073781967
0.12736786901950836, 0.042988989502191544
0.12210281938314438, 0.02966228872537613
0.12702186405658722, 0.03648640215396881
0.14152443408966064, 0.02766498364508152
0.18880319595336914, 0.08064404129981995
0.18718065321445465, 0.05890379473567009
0.1377898007631302, 0.03351062908768654
0.141322523355484, 0.022856468334794044
0.1425829827785492, 0.035041023045778275
0.14667999744415283, 0.040838900953531265
0.16395743191242218, 0.05530129000544548
0.16689921915531158, 0.05279458686709404
0.14091351628303528, 0.03812677413225174
0.12658129632472992, 0.029576221480965614
0.12579646706581116, 0.030635707080364227
0.12360705435276031, 0.04294180870056152
0.1430094987154007, 0.042171601206064224
0.1468507945537567, 0.034896790981292725
0.15785296261310577, 0.05116581544280052
0.179862841963768, 0.050979431718587875
0.13629025220870972, 0.03488561511039734
0.122592993080616, 0.02206985093653202
0.13140104711055756, 0.035406868904829025
0.13241420686244965, 0.03402931988239288
0.13582280278205872, 0.02795243449509144
0.1299131065607071, 0.031482599675655365
0.14465369284152985, 0.03917895257472992
0.14454883337020874, 0.03369283303618431
0.18576441705226898, 0.03068750537931919
0.12199407070875168, 0.02914034202694893
0.12449119240045547, 0.03482420742511749
0.132859006524086, 0.02851780503988266
0.14793109893798828, 0.02030528336763382
0.14173394441604614, 0.030974414199590683
0.11814907193183899, 0.01854204200208187
0.16607414186000824, 0.04669614136219025
0.1677308827638626, 0.04026312381029129
0.14762204885482788, 0.04498255252838135
0.13427932560443878, 0.026763971894979477
0.13769501447677612, 0.03404677286744118
0.14850103855133057, 0.044533636420965195
0.146554633975029, 0.05031110718846321
0.13468323647975922, 0.029047664254903793
0.13976019620895386, 0.024288486689329147
0.13952668011188507, 0.028569184243679047
0.16716532409191132, 0.03826712816953659
0.15097416937351227, 0.03346659615635872
0.1196092739701271, 0.025640975683927536
0.14813625812530518, 0.047342583537101746
0.14493770897388458, 0.04256107658147812
0.1646985560655594, 0.055541738867759705
0.14719362556934357, 0.043646909296512604
0.14571009576320648, 0.050209082663059235
0.15270131826400757, 0.030684810131788254
0.1763969510793686, 0.06148708984255791
0.14443902671337128, 0.046466100960969925
0.14753371477127075, 0.03240300714969635
0.12022500485181808, 0.016887033358216286
0.11148742586374283, 0.02849723771214485
0.16141575574874878, 0.052012618631124496
0.1660359650850296, 0.05211229249835014
0.14674265682697296, 0.048285119235515594
0.14003388583660126, 0.037082597613334656
0.14902959764003754, 0.041263140738010406
0.21140505373477936, 0.06405147910118103
0.15599828958511353, 0.05021880567073822
0.14595767855644226, 0.034241680055856705
0.12790484726428986, 0.031014084815979004
0.14263978600502014, 0.03715033829212189
0.14132635295391083, 0.035712435841560364
0.15597963333129883, 0.052598148584365845
0.1706857979297638, 0.054544590413570404
0.17235830426216125, 0.05318047106266022
0.1635555773973465, 0.036545880138874054
0.15715524554252625, 0.03621440753340721
0.15105606615543365, 0.030108613893389702
0.15014715492725372, 0.03482009842991829
0.17175352573394775, 0.05290822312235832
0.13590964674949646, 0.028934193775057793
0.13625569641590118, 0.031091587617993355
0.19149954617023468, 0.059430137276649475
0.18638049066066742, 0.041040536016225815
0.157061368227005, 0.03673505783081055
0.14102335274219513, 0.03853323310613632
0.1863463819026947, 0.05873041972517967
0.16377976536750793, 0.04609091952443123
0.1456129103899002, 0.040735237300395966
0.12467910349369049, 0.03551219031214714
0.1459938883781433, 0.03222103789448738
0.12275576591491699, 0.0378141812980175
0.14102277159690857, 0.028037188574671745
0.13000386953353882, 0.04069702699780464
0.1450631320476532, 0.03621335327625275
0.15120269358158112, 0.03112151101231575
0.15795886516571045, 0.0460592545568943
0.17352168262004852, 0.04839111864566803
0.17584101855754852, 0.054152119904756546
0.14068534970283508, 0.03899122029542923
0.1411595195531845, 0.0285267885774374
0.14188209176063538, 0.033026304095983505
0.14228878915309906, 0.031793348491191864
0.15791909396648407, 0.053533513098955154
0.18086113035678864, 0.04915199056267738
0.15600930154323578, 0.039693158119916916
0.14916890859603882, 0.03903110697865486
0.1653907299041748, 0.03986186906695366
0.14942413568496704, 0.030783889815211296
0.16351544857025146, 0.035567507147789
0.1577712744474411, 0.04584787040948868
0.1554119884967804, 0.04639264568686485
0.14668218791484833, 0.050053920596838
0.1255303919315338, 0.02866516076028347
0.16792616248130798, 0.046863920986652374
0.17163021862506866, 0.027833683416247368
0.17656473815441132, 0.042451974004507065
0.16860543191432953, 0.0519089549779892
0.15332426130771637, 0.037910036742687225
0.166498064994812, 0.04183439910411835
0.180973619222641, 0.04279567673802376
0.16377998888492584, 0.026710927486419678
0.15054865181446075, 0.035779599100351334
0.1477283239364624, 0.027662619948387146
0.14686089754104614, 0.03527824953198433
0.157027930021286, 0.04117213189601898
0.1812245398759842, 0.052693672478199005
0.16141358017921448, 0.024458950385451317
0.15192563831806183, 0.03565022721886635
0.14043503999710083, 0.025993257761001587
0.15226121246814728, 0.03750113025307655
0.1534600704908371, 0.03472878038883209
0.14537586271762848, 0.026839852333068848
0.16144420206546783, 0.05307966098189354
0.15079647302627563, 0.03793631121516228
0.1461637318134308, 0.03531677648425102
0.13981826603412628, 0.040936652570962906
0.13630391657352448, 0.03265693038702011
0.1652149260044098, 0.04023422673344612
0.14248235523700714, 0.026484979316592216
0.1395544409751892, 0.022257154807448387
0.159276083111763, 0.03282913193106651
0.1693483293056488, 0.05196494981646538
0.17178334295749664, 0.041248708963394165
0.17174454033374786, 0.06005602702498436
0.18830859661102295, 0.06032996252179146
0.1657869815826416, 0.03547614440321922
0.14611734449863434, 0.04285183548927307
0.15306293964385986, 0.04706069827079773
0.1487608104944229, 0.03973224386572838
0.1565781980752945, 0.05417022481560707
0.1588011533021927, 0.04073584824800491
0.12238357216119766, 0.016064375638961792
0.1423816978931427, 0.028821315616369247
0.16376690566539764, 0.03914427012205124
0.14513710141181946, 0.027693476527929306
0.15051625669002533, 0.035630159080028534
0.15007491409778595, 0.03335927799344063
0.14383620023727417, 0.03651329502463341
0.14742222428321838, 0.032791003584861755
0.1592482626438141, 0.04701574519276619
0.16201049089431763, 0.0479423813521862
0.17923983931541443, 0.04099447652697563
0.1413746029138565, 0.03387925401329994
0.1619873195886612, 0.039890192449092865
0.16714631021022797, 0.05415734648704529
0.19003544747829437, 0.07828906923532486
0.16453462839126587, 0.04913134500384331
0.1534096896648407, 0.030193239450454712
0.1408909261226654, 0.027412252500653267
0.1396167278289795, 0.02750381827354431
0.140898197889328, 0.026809493079781532
0.13713833689689636, 0.03278550133109093
0.1658475697040558, 0.040127817541360855
0.13530486822128296, 0.036677248775959015
0.16012884676456451, 0.03634975850582123
0.14796912670135498, 0.03821924328804016
0.16117358207702637, 0.03753374516963959
0.20360513031482697, 0.05338708311319351
0.19102349877357483, 0.04686727002263069
0.15588699281215668, 0.029805421829223633
0.1610162854194641, 0.041196227073669434
0.17935748398303986, 0.04440810903906822
0.15221306681632996, 0.03155456855893135
0.14544621109962463, 0.030483871698379517
0.18041545152664185, 0.04763419181108475
0.167473703622818, 0.04433339461684227
0.16518785059452057, 0.04716229811310768
0.13749419152736664, 0.02758806012570858
0.18391631543636322, 0.04391758516430855
0.15235881507396698, 0.039189163595438004
0.16186760365962982, 0.041918981820344925
0.1948430836200714, 0.048563189804553986
0.18921473622322083, 0.042876530438661575
0.16977478563785553, 0.029952988028526306
0.14398109912872314, 0.04474768787622452
0.16315647959709167, 0.038672544062137604
0.17667509615421295, 0.05170321464538574
0.16426272690296173, 0.03755214810371399
0.14290867745876312, 0.039201200008392334
0.15030516684055328, 0.0291034746915102
0.14022381603717804, 0.033219195902347565
0.14615093171596527, 0.030233807861804962
0.1364535540342331, 0.04145070165395737
0.1551160365343094, 0.03858250752091408
0.1551714837551117, 0.03950721025466919
0.16115255653858185, 0.046237632632255554
0.16184507310390472, 0.05292711779475212
0.1753973662853241, 0.02517295628786087
0.16783304512500763, 0.03551327437162399
0.17458780109882355, 0.04022689908742905
0.18938983976840973, 0.05550745874643326
0.15251746773719788, 0.038975607603788376
0.139417365193367, 0.028926825150847435
0.1463274359703064, 0.03407572954893112
0.14946210384368896, 0.034882694482803345
0.15460549294948578, 0.03258727118372917
0.1664782166481018, 0.05080704018473625
0.14376701414585114, 0.028434302657842636
0.16350948810577393, 0.04174913838505745
0.17352162301540375, 0.05062301084399223
0.16226010024547577, 0.03635874390602112
0.1487765610218048, 0.04933488741517067
0.18867602944374084, 0.04765131324529648
0.16866657137870789, 0.028227094560861588
0.1686093956232071, 0.03300594538450241
0.16796308755874634, 0.04618794471025467
0.17399798333644867, 0.042525436729192734
0.17004962265491486, 0.041209205985069275
0.17481966316699982, 0.03891971334815025
0.15367655456066132, 0.03328526392579079
0.16051776707172394, 0.032677460461854935
0.16787932813167572, 0.031182080507278442
0.18392153084278107, 0.042968425899744034
0.1682785302400589, 0.04230029135942459
0.14848625659942627, 0.047120265662670135
0.14301367104053497, 0.034043408930301666
0.1485079973936081, 0.03320623189210892
0.1564963310956955, 0.04758477583527565
0.1580667942762375, 0.04486321285367012
0.17134757339954376, 0.037811532616615295
0.14695985615253448, 0.030446819961071014
0.12503071129322052, 0.03081456758081913
0.1519695222377777, 0.028730319812893867
0.15219925343990326, 0.040255703032016754
0.17093312740325928, 0.037585243582725525
0.16000106930732727, 0.03177348151803017
0.16818776726722717, 0.03897581249475479
0.1969679445028305, 0.06066903471946716
0.2072349339723587, 0.06587470322847366
0.13823486864566803, 0.021264661103487015
0.13595548272132874, 0.03168980032205582
0.18926578760147095, 0.05538303405046463
0.13952690362930298, 0.02347561903297901
0.13201114535331726, 0.029636302962899208
0.15881620347499847, 0.038934916257858276
0.1631852090358734, 0.03317845240235329
0.1413469910621643, 0.03024543821811676
0.1546003222465515, 0.034357838332653046
0.16267497837543488, 0.062362492084503174
0.1462022215127945, 0.04071057587862015
0.1359551101922989, 0.05028904601931572
0.16219307482242584, 0.036149412393569946
0.17233334481716156, 0.04098544269800186
0.1461971402168274, 0.037889882922172546
0.1590382307767868, 0.03216763213276863
0.2057092785835266, 0.057722534984350204
0.16392572224140167, 0.03042963333427906
0.17787952721118927, 0.04613584280014038
0.14412282407283783, 0.029564131051301956
0.16694162786006927, 0.050630923360586166
0.15768931806087494, 0.04083900898694992
0.17619283497333527, 0.049704160541296005
0.18047571182250977, 0.04207950457930565
0.13981306552886963, 0.02689988538622856
0.16311290860176086, 0.04309907183051109
0.17501190304756165, 0.05088438093662262
0.17708024382591248, 0.028649568557739258
0.17423519492149353, 0.04262654110789299
0.16939008235931396, 0.04201570525765419
0.14881709218025208, 0.04054831340909004
0.14306272566318512, 0.03063211962580681
0.1335606873035431, 0.027739735320210457
0.13495202362537384, 0.021075895056128502
0.14446619153022766, 0.029661452397704124
0.15656183660030365, 0.03198191896080971
0.1406640261411667, 0.027109289541840553
0.15098664164543152, 0.04210704192519188
0.1587480902671814, 0.038032177835702896
0.1433299481868744, 0.04256029427051544
0.19426803290843964, 0.048389654606580734
0.2016286551952362, 0.04942912980914116
0.15028350055217743, 0.03755708038806915
0.1492740660905838, 0.0285295732319355
0.14990225434303284, 0.03966774418950081
0.13125920295715332, 0.02215280570089817
0.15942345559597015, 0.03506511449813843
0.1553838551044464, 0.035949692130088806
0.15990906953811646, 0.03396892547607422
0.15700972080230713, 0.033854082226753235
0.1780221313238144, 0.034144721925258636
0.1949659138917923, 0.044491276144981384
0.14566519856452942, 0.03794936463236809
0.13765166699886322, 0.033378083258867264
0.15624073147773743, 0.030790768563747406
0.1511770784854889, 0.04374150186777115
0.17444957792758942, 0.037256982177495956
0.14653320610523224, 0.02913414128124714
0.12770752608776093, 0.02174203097820282
0.14999668300151825, 0.03141386806964874
0.16057594120502472, 0.03245481476187706
0.1543712168931961, 0.03825720027089119
0.17997108399868011, 0.04050539806485176
0.15258415043354034, 0.03397226706147194
0.1588635891675949, 0.03760465607047081
0.17069955170154572, 0.03498478978872299
0.13953179121017456, 0.026866594329476357
0.161048024892807, 0.033893704414367676
0.16210605204105377, 0.039201971143484116
0.18219780921936035, 0.0403461791574955
0.16673937439918518, 0.029720058664679527
0.1495489925146103, 0.0397062711417675
0.13046273589134216, 0.03346099704504013
0.15547654032707214, 0.039687901735305786
0.15697075426578522, 0.04727749526500702
0.14680644869804382, 0.03982432931661606
0.13539725542068481, 0.03211308270692825
0.13168618083000183, 0.031181486323475838
0.1492852121591568, 0.03617364913225174
0.1454048603773117, 0.02677634172141552
0.15794137120246887, 0.052677687257528305
0.1709517538547516, 0.03695397824048996
0.14987340569496155, 0.03871588408946991
0.14721615612506866, 0.03689298406243324
0.14171624183654785, 0.02388831600546837
0.14559558033943176, 0.021633893251419067
0.16790391504764557, 0.030506396666169167
0.17926768958568573, 0.057187095284461975
0.1470685750246048, 0.039708979427814484
0.13453179597854614, 0.023767627775669098
0.13933105766773224, 0.03652641177177429
0.15946383774280548, 0.036181218922138214
0.14982907474040985, 0.03999696299433708
0.1330997496843338, 0.032068390399217606
0.15425391495227814, 0.026867486536502838
0.16001029312610626, 0.03292345628142357
0.16875410079956055, 0.03580314293503761
0.1680452674627304, 0.035051558166742325
0.17053937911987305, 0.032901473343372345
0.17357304692268372, 0.03267578408122063
0.14557678997516632, 0.04188752546906471
0.15226268768310547, 0.02895401231944561
0.1594824343919754, 0.03480282425880432
0.1653316169977188, 0.036457911133766174
0.1594015210866928, 0.028717350214719772
0.1495489925146103, 0.03602652996778488
0.16684074699878693, 0.03332708775997162
0.14925262331962585, 0.028445405885577202
0.1916913092136383, 0.0628822073340416
0.15526458621025085, 0.030866865068674088
0.15210340917110443, 0.0373801663517952
0.1867830455303192, 0.05532635748386383
0.19869501888751984, 0.04932234808802605
0.15493401885032654, 0.04053008556365967
0.1400672048330307, 0.029448378831148148
0.14710010588169098, 0.03177764639258385
0.17323721945285797, 0.070073701441288
0.17656086385250092, 0.03855546563863754
0.16139544546604156, 0.0368061400949955
0.19672447443008423, 0.05072987079620361
0.1974424570798874, 0.04096329212188721
0.1866612285375595, 0.03832165524363518
0.15037007629871368, 0.04554231837391853
0.16094933450222015, 0.03717102110385895
0.14493103325366974, 0.032234326004981995
0.1637510359287262, 0.032465796917676926
0.17380349338054657, 0.04681681841611862
0.1478911191225052, 0.037063226103782654
0.15523463487625122, 0.022032620385289192
0.1527644544839859, 0.027828017249703407
0.19183892011642456, 0.052909355610609055
0.1775268167257309, 0.042675964534282684
0.14793121814727783, 0.035101085901260376
0.16627703607082367, 0.05557188019156456
0.17703211307525635, 0.04955830052495003
0.16215521097183228, 0.029876500368118286
0.16685034334659576, 0.04700452461838722
0.1829892098903656, 0.04916490614414215
0.16965988278388977, 0.030792633071541786
0.18959403038024902, 0.05438372492790222
0.16905546188354492, 0.04453884810209274
0.14744766056537628, 0.028415421023964882
0.15060660243034363, 0.028432348743081093
0.16788354516029358, 0.035690534859895706
0.1776614934206009, 0.041903235018253326
0.1353028267621994, 0.031462524086236954
0.16497796773910522, 0.025858478620648384
0.15387360751628876, 0.03512995317578316
0.14491675794124603, 0.03709522634744644
0.16417698562145233, 0.03357076644897461
0.17919450998306274, 0.0392736941576004
0.16009603440761566, 0.0361652635037899
0.13385169208049774, 0.0260583758354187
0.13637025654315948, 0.02573784627020359
0.15345974266529083, 0.029419397935271263
0.14516350626945496, 0.027817202731966972
0.15586735308170319, 0.043929751962423325
0.15636003017425537, 0.03149571269750595
0.16241039335727692, 0.03251110017299652
0.15399473905563354, 0.03617234528064728
0.14458975195884705, 0.03451509773731232
0.1584772914648056, 0.04607037454843521
0.14618928730487823, 0.027504391968250275
0.15460187196731567, 0.041826870292425156
0.1499299705028534, 0.047544486820697784
0.1604013741016388, 0.0495714507997036
0.14783042669296265, 0.03453769162297249
0.16103805601596832, 0.03970407322049141
0.1484266221523285, 0.03966042399406433
0.15144510567188263, 0.04820936173200607
0.16604554653167725, 0.0337861068546772
0.17493808269500732, 0.06397101283073425
0.1846550554037094, 0.041111525148153305
0.15056343376636505, 0.038244131952524185
0.14631474018096924, 0.02610006369650364
0.13864238560199738, 0.030238501727581024
0.17892715334892273, 0.041674625128507614
0.15481209754943848, 0.03787641227245331
0.14526495337486267, 0.03744184598326683
0.1454256922006607, 0.03896798565983772
0.16427300870418549, 0.0296309981495142
0.17366880178451538, 0.043915435671806335
0.16756507754325867, 0.0319763645529747
0.164390429854393, 0.036762386560440063
0.14245738089084625, 0.03524281084537506
0.16632716357707977, 0.03919805586338043
0.17036861181259155, 0.04396238550543785
0.17068219184875488, 0.03187841176986694
0.15965472161769867, 0.030136248096823692
0.15009920299053192, 0.03965190052986145
0.14692158997058868, 0.03413798660039902
0.16320249438285828, 0.04318578541278839
0.14833295345306396, 0.03935123607516289
0.15049512684345245, 0.029230887070298195
0.14889374375343323, 0.03590719401836395
0.15933018922805786, 0.04759028181433678
0.18078584969043732, 0.04695872589945793
0.1692586988210678, 0.04730306193232536
0.16177621483802795, 0.03524300828576088
0.14430397748947144, 0.03982967138290405
0.14166423678398132, 0.04361918941140175
0.16534265875816345, 0.043052420020103455
0.16261544823646545, 0.042528070509433746
0.15148642659187317, 0.041825033724308014
0.14751794934272766, 0.036193326115608215
0.13057444989681244, 0.03357546031475067
0.19409629702568054, 0.060991525650024414
0.16187749803066254, 0.04600214585661888
0.16444005072116852, 0.03844795748591423
0.1427610218524933, 0.034866414964199066
0.15726305544376373, 0.04988729953765869
0.202434241771698, 0.05388789251446724
0.19167737662792206, 0.0538383387029171
0.1632489264011383, 0.040145181119441986
0.17691054940223694, 0.037426143884658813
0.13215315341949463, 0.035262592136859894
0.14017294347286224, 0.035341110080480576
0.1639007180929184, 0.04338813200592995
0.14787541329860687, 0.03244604170322418
0.16161711513996124, 0.04057437554001808
0.2038772851228714, 0.04738488048315048
0.14191706478595734, 0.031189104542136192
0.13983340561389923, 0.03627227246761322
0.15199357271194458, 0.030936608090996742
0.14633260667324066, 0.03218752145767212
0.1464139074087143, 0.027497071772813797
0.15325681865215302, 0.04295977205038071
0.1570693999528885, 0.037387363612651825
0.15363682806491852, 0.029172439128160477
0.1419886350631714, 0.029040051624178886
0.1485796868801117, 0.03798289597034454
0.14052589237689972, 0.031414639204740524
0.17101925611495972, 0.04431241378188133
0.1706785410642624, 0.05522095784544945
0.16780990362167358, 0.03952450677752495
0.1469535529613495, 0.034191012382507324
0.18282806873321533, 0.044297538697719574
0.15438230335712433, 0.0375615656375885
0.13346026837825775, 0.031082797795534134
0.15589383244514465, 0.04468478262424469
0.1734841763973236, 0.03899615257978439
0.1673591583967209, 0.044989053159952164
0.17695219814777374, 0.05812087655067444
0.18412159383296967, 0.05372001975774765
0.15830178558826447, 0.029750723391771317
0.1746457815170288, 0.05302819237112999
0.13749858736991882, 0.025811264291405678
0.18785502016544342, 0.052845560014247894
0.16275055706501007, 0.041711438447237015
0.15247273445129395, 0.026957087218761444
0.13946571946144104, 0.038534149527549744
0.1715995967388153, 0.04385637491941452
0.17627520859241486, 0.056189410388469696
0.16070641577243805, 0.040455013513565063
0.14996042847633362, 0.03798718377947807
0.15298663079738617, 0.027762778103351593
0.16356034576892853, 0.034832295030355453
0.13455556333065033, 0.03849635645747185
0.15397046506404877, 0.039453040808439255
0.15544241666793823, 0.04005660489201546
0.16730260848999023, 0.03433433175086975
0.17627699673175812, 0.04135260358452797
0.15257413685321808, 0.03923497349023819
0.15409941971302032, 0.03224719315767288
0.1485450714826584, 0.03731225058436394
0.16211658716201782, 0.039818987250328064
0.16245919466018677, 0.03517986461520195
0.13942059874534607, 0.028965575620532036
0.15561649203300476, 0.03774580731987953
0.13660791516304016, 0.029794156551361084
0.14771690964698792, 0.04074641317129135
0.14382953941822052, 0.027972299605607986
0.140165314078331, 0.033974744379520416
0.14825671911239624, 0.034952886402606964
0.15041880309581757, 0.03024168126285076
0.15436579287052155, 0.0251347403973341
0.16779650747776031, 0.038104042410850525
0.16999463737010956, 0.03760235384106636
0.14534953236579895, 0.030692050233483315
0.15163753926753998, 0.028491051867604256
0.14371490478515625, 0.038143664598464966
0.1544417291879654, 0.03262117877602577
0.17298315465450287, 0.04285556077957153
0.1716238111257553, 0.059449389576911926
0.1660347878932953, 0.05653373897075653
0.1351664662361145, 0.046719327569007874
0.14594952762126923, 0.04573294147849083
0.1772974580526352, 0.04039005562663078
0.1661393940448761, 0.03757531940937042
0.1373245269060135, 0.024176303297281265
0.1529177725315094, 0.030886249616742134
0.16996188461780548, 0.03478221222758293
0.17174609005451202, 0.041288770735263824
0.14244255423545837, 0.031442929059267044
0.15822501480579376, 0.04432404413819313
0.13117572665214539, 0.030095353722572327
0.15118904411792755, 0.05101243779063225
0.16368159651756287, 0.031127428635954857
0.1425163298845291, 0.03384189307689667
0.142003133893013, 0.02688707783818245
0.16012828052043915, 0.03674666956067085
0.1620585173368454, 0.03356857970356941
0.1586349457502365, 0.04778352752327919
0.15383696556091309, 0.04447474330663681
0.14982444047927856, 0.035718467086553574
0.15884704887866974, 0.031690262258052826
0.14975881576538086, 0.032916754484176636
0.131630077958107, 0.026029178872704506
0.15241511166095734, 0.03704838082194328
0.14453276991844177, 0.023251835256814957
0.15820331871509552, 0.03325088322162628
0.15253309905529022, 0.031673505902290344
0.12341070175170898, 0.025444921106100082
0.15609876811504364, 0.03949665650725365
0.14594684541225433, 0.025517204776406288
0.167094886302948, 0.05201144516468048
0.21174876391887665, 0.06038244441151619
0.17755354940891266, 0.03732256218791008
0.15640296041965485, 0.03298194706439972
0.15807460248470306, 0.04588807746767998
0.14298410713672638, 0.02758811041712761
0.17258675396442413, 0.039547231048345566
0.16692985594272614, 0.04365234822034836
0.15982896089553833, 0.044337235391139984
0.14262500405311584, 0.031972791999578476
0.1348041146993637, 0.02870303764939308
0.18450231850147247, 0.03560015931725502
0.15137696266174316, 0.03340856358408928
0.1497216522693634, 0.03732563555240631
0.16811174154281616, 0.040418919175863266
0.14590148627758026, 0.031853947788476944
0.1471574455499649, 0.042509302496910095
0.1626802533864975, 0.04211178421974182
0.187103271484375, 0.05034618452191353
0.17648686468601227, 0.034572310745716095
0.17421452701091766, 0.02778155356645584
0.15231092274188995, 0.04334861412644386
0.16273948550224304, 0.03646782040596008
0.14855247735977173, 0.027460934594273567
0.13188520073890686, 0.027122486382722855
0.13846524059772491, 0.021620560437440872
0.18332506716251373, 0.047992534935474396
0.17093251645565033, 0.062149595469236374
0.18896609544754028, 0.04937904328107834
0.15480943024158478, 0.03754202276468277
0.17035003006458282, 0.045920245349407196
0.16291165351867676, 0.03753301873803139
0.19081105291843414, 0.05180658772587776
0.16421855986118317, 0.04354441910982132
0.14782175421714783, 0.030258482322096825
0.15082569420337677, 0.041876502335071564
0.1666160374879837, 0.03747944533824921
0.15141749382019043, 0.028720883652567863
0.15351136028766632, 0.03086146153509617
0.1461833119392395, 0.033950891345739365
0.16862863302230835, 0.04452195018529892
0.16887207329273224, 0.0444972887635231
0.144056037068367, 0.0305183008313179
0.14794813096523285, 0.03156300634145737
0.13645440340042114, 0.03470566123723984
0.13878825306892395, 0.031106246635317802
0.13131070137023926, 0.02797004021704197
0.13767027854919434, 0.03620835766196251
0.1327684074640274, 0.0266353040933609
0.14439772069454193, 0.02971879579126835
0.1514904946088791, 0.029509713873267174
0.14857517182826996, 0.03729533031582832
0.16288091242313385, 0.04309524968266487
0.16735143959522247, 0.02982618473470211
0.15871217846870422, 0.03609667718410492
0.13772645592689514, 0.023685399442911148
0.17661601305007935, 0.037598758935928345
0.16334141790866852, 0.031758714467287064
0.14612531661987305, 0.03677554056048393
0.17428180575370789, 0.052352383732795715
0.19569532573223114, 0.0445132851600647
0.1446588635444641, 0.03623831644654274
0.15240678191184998, 0.03943195194005966
0.1391913890838623, 0.03602983057498932
0.12527498602867126, 0.02433275245130062
0.14771471917629242, 0.046370502561330795
0.13816888630390167, 0.026878422126173973
0.14688383042812347, 0.03842202574014664
0.16903793811798096, 0.04695667698979378
0.1359027922153473, 0.027826685458421707
0.14785878360271454, 0.02719944901764393
0.14723961055278778, 0.03340931236743927
0.1406072974205017, 0.028321368619799614
0.14285631477832794, 0.032403163611888885
0.13941414654254913, 0.03894706442952156
0.15105769038200378, 0.039891839027404785
0.14134792983531952, 0.03288603574037552
0.14691472053527832, 0.025973940268158913
0.1656656414270401, 0.035343632102012634
0.1828605979681015, 0.04327956587076187
0.18145380914211273, 0.04349568113684654
0.17737308144569397, 0.04425466060638428
0.1526554673910141, 0.029831985011696815
0.14736807346343994, 0.03537385165691376
0.18639209866523743, 0.05077013373374939
0.13772767782211304, 0.027421481907367706
0.1627219021320343, 0.049251243472099304
0.16869691014289856, 0.026482487097382545
0.14528000354766846, 0.025239398702979088
0.15983335673809052, 0.03576716035604477
0.14045456051826477, 0.034021250903606415
0.17701280117034912, 0.040080294013023376
0.1731821447610855, 0.047241177409887314
0.15774314105510712, 0.04378838837146759
0.16915364563465118, 0.030438918620347977
0.15612787008285522, 0.048710305243730545
0.12083057314157486, 0.03192942589521408
0.13758763670921326, 0.030705593526363373
0.13914906978607178, 0.02860371395945549
0.1566479653120041, 0.040734004229307175
0.16298343241214752, 0.03236952796578407
0.1592935025691986, 0.044131871312856674
0.1445588320493698, 0.03681376948952675
0.16268466413021088, 0.03152609243988991
0.1583048403263092, 0.04250027611851692
0.16747844219207764, 0.04855729639530182
0.16205021739006042, 0.04547284543514252
0.1519070416688919, 0.03077727183699608
0.15306614339351654, 0.033916130661964417
0.15652361512184143, 0.038009438663721085
0.16223062574863434, 0.03517384082078934
0.17740775644779205, 0.03968413546681404
0.15389519929885864, 0.028011547401547432
0.13832327723503113, 0.028495362028479576
0.13820812106132507, 0.03243749588727951
0.11609787493944168, 0.021307965740561485
0.15949609875679016, 0.04278966039419174
0.18327686190605164, 0.04652988910675049
0.15983524918556213, 0.051219698041677475
0.1478431671857834, 0.027010077610611916
0.1356934905052185, 0.029593244194984436
0.15584750473499298, 0.027925977483391762
0.1384042501449585, 0.0279771089553833
0.14403136074543, 0.0325489342212677
0.14543649554252625, 0.02181830443441868
0.18111850321292877, 0.05140272527933121
0.18898917734622955, 0.05438586324453354
0.17667646706104279, 0.05041829124093056
0.2391437143087387, 0.0712059736251831
0.2059355527162552, 0.04949232563376427
0.1600455492734909, 0.036406878381967545
0.18125763535499573, 0.04727572947740555
0.1534866839647293, 0.04109357297420502
0.1510191559791565, 0.03285522013902664
0.15440620481967926, 0.043243274092674255
0.1321854442358017, 0.02103978954255581
0.13603752851486206, 0.023516938090324402
0.15794599056243896, 0.04251169413328171
0.15169374644756317, 0.025109898298978806
0.150346577167511, 0.03376863896846771
0.13950957357883453, 0.03169789910316467
0.16531865298748016, 0.040457069873809814
0.16156631708145142, 0.03404723480343819
0.15453870594501495, 0.03292667120695114
0.17763108015060425, 0.03880565986037254
0.1437668353319168, 0.03829772025346756
0.16978593170642853, 0.06687792390584946
0.15549108386039734, 0.05427302047610283
0.13081806898117065, 0.02881779335439205
0.16054482758045197, 0.04211881384253502
0.13964100182056427, 0.01951577328145504
0.13298942148685455, 0.03198064863681793
0.15508489310741425, 0.03800077736377716
0.15699894726276398, 0.04428216442465782
0.17003484070301056, 0.031228363513946533
0.16142509877681732, 0.04479961097240448
0.1562092900276184, 0.034848153591156006
0.1703445166349411, 0.042743515223264694
0.17718985676765442, 0.04045909270644188
0.17879721522331238, 0.05909939110279083
0.15262658894062042, 0.03960786759853363
0.1610666662454605, 0.048551950603723526
0.15976817905902863, 0.05212682485580444
0.16741064190864563, 0.060808103531599045
0.15060971677303314, 0.04217736795544624
0.14860357344150543, 0.036560870707035065
0.16861458122730255, 0.04185286909341812
0.14163395762443542, 0.03318757936358452
0.15005338191986084, 0.035483043640851974
0.15595440566539764, 0.0425841249525547
0.15004301071166992, 0.03840796649456024
0.1538669764995575, 0.02639341540634632
0.13814671337604523, 0.01601685769855976
0.15062060952186584, 0.03670556843280792
0.16227956116199493, 0.0375128909945488
0.15972645580768585, 0.03248662129044533
0.17265984416007996, 0.03938936069607735
0.1640089750289917, 0.038465410470962524
0.13065852224826813, 0.030948830768465996
0.15354514122009277, 0.03181539103388786
0.15135803818702698, 0.036137428134679794
0.1537877768278122, 0.025059230625629425
0.15470992028713226, 0.03541489318013191
0.15929654240608215, 0.04017111286520958
0.1537293940782547, 0.03375077247619629
0.1664736419916153, 0.04261165112257004
0.1721634715795517, 0.03106759861111641
0.17304430902004242, 0.04195248335599899
0.1639714390039444, 0.035912517458200455
0.15340851247310638, 0.0323634035885334
0.15215805172920227, 0.025048255920410156
0.16334518790245056, 0.03288355842232704
0.15530680119991302, 0.0409172959625721
0.16122248768806458, 0.037530433386564255
0.13934297859668732, 0.028941795229911804
0.14985032379627228, 0.03949848935008049
0.19558638334274292, 0.04652693495154381
0.1527874767780304, 0.0429413802921772
0.1609213948249817, 0.02646186575293541
0.162174791097641, 0.03849492222070694
0.16508884727954865, 0.04215255379676819
0.1457163244485855, 0.03541945293545723
0.16468261182308197, 0.043246056884527206
0.18161390721797943, 0.03602467104792595
0.16900266706943512, 0.04109179601073265
0.1544320285320282, 0.04867175221443176
0.15152110159397125, 0.035084068775177
0.15452226996421814, 0.030271802097558975
0.1759936362504959, 0.03781519830226898
0.17410071194171906, 0.04327990487217903
0.18564672768115997, 0.04153355583548546
0.14715851843357086, 0.039237041026353836
0.16161783039569855, 0.025059379637241364
0.17061585187911987, 0.05004844814538956
0.17904414236545563, 0.05182453244924545
0.13821837306022644, 0.028883136808872223
0.17100051045417786, 0.03774762526154518
0.17191968858242035, 0.03562042862176895
0.15002572536468506, 0.03484298661351204
0.14171947538852692, 0.02480810321867466
0.15387216210365295, 0.051980070769786835
0.18337172269821167, 0.034325964748859406
0.16049863398075104, 0.03769873082637787
0.15570932626724243, 0.031803373247385025
0.1703508347272873, 0.0460023395717144
0.16891366243362427, 0.044017158448696136
0.14748409390449524, 0.03869978338479996
0.16655655205249786, 0.04417214170098305
0.15233422815799713, 0.042413368821144104
0.1661551296710968, 0.04177241399884224
0.1626972258090973, 0.029602298513054848
0.14536598324775696, 0.03371971473097801
0.1530158519744873, 0.02996174432337284
0.1563696414232254, 0.03163914009928703
0.16791978478431702, 0.0346941314637661
0.16117076575756073, 0.036737751215696335
0.14743530750274658, 0.04602525755763054
0.14686372876167297, 0.048673804849386215
0.13656562566757202, 0.030132591724395752
0.14087899029254913, 0.03346584364771843
0.15664054453372955, 0.042246460914611816
0.1736128330230713, 0.04441974684596062
0.16270312666893005, 0.02304202876985073
0.16269588470458984, 0.03125536069273949
0.151872456073761, 0.033606335520744324
0.1497739553451538, 0.03266862779855728
0.1463574469089508, 0.03260284289717674
0.13740168511867523, 0.03640785813331604
0.16730745136737823, 0.030560767278075218
0.16680951416492462, 0.028616679832339287
0.1586311161518097, 0.048583682626485825
0.14804653823375702, 0.03546691685914993
0.20459085702896118, 0.04952511563897133
0.19699406623840332, 0.0433407686650753
0.1803738921880722, 0.04191078245639801
0.18741938471794128, 0.0585750937461853
0.1493230164051056, 0.04420210048556328
0.1453329622745514, 0.024944132193922997
0.16157753765583038, 0.04293198138475418
0.18383438885211945, 0.05177227035164833
0.1810675859451294, 0.04110043868422508
0.15154702961444855, 0.027065465226769447
0.17450173199176788, 0.04808616638183594
0.13990449905395508, 0.028571732342243195
0.15135245025157928, 0.03542526438832283
0.14748705923557281, 0.026605769991874695
0.15894456207752228, 0.021644603461027145
0.14599274098873138, 0.029771534726023674
0.14084108173847198, 0.04890170320868492
0.16730590164661407, 0.04849187657237053
0.18707019090652466, 0.05903170257806778
0.1919914335012436, 0.05273991450667381
0.16920465230941772, 0.040343232452869415
0.17366985976696014, 0.02423553727567196
0.17818759381771088, 0.06716451048851013
0.16913793981075287, 0.04221381992101669
0.1612892746925354, 0.03582872822880745
0.1676768958568573, 0.04044842720031738
0.18341819941997528, 0.03276357427239418
0.14821606874465942, 0.030381347984075546
0.14804217219352722, 0.038132719695568085
0.16065898537635803, 0.044716354459524155
0.16381913423538208, 0.04859863221645355
0.14525797963142395, 0.04075895622372627
0.16954874992370605, 0.03257262706756592
0.14344996213912964, 0.03867989033460617
0.1682380735874176, 0.040899619460105896
0.16099925339221954, 0.03347770497202873
0.1637432724237442, 0.0383092537522316
0.16101482510566711, 0.037703774869441986
0.1670031100511551, 0.022219831123948097
0.1483255922794342, 0.04800901934504509
0.12966616451740265, 0.030616488307714462
0.17368048429489136, 0.039531148970127106
0.17562979459762573, 0.042506929486989975
0.1757504940032959, 0.040806908160448074
0.19745182991027832, 0.04860655590891838
0.1574363261461258, 0.0409768782556057
0.13487526774406433, 0.02417239546775818
0.14263324439525604, 0.034136656671762466
0.16284380853176117, 0.03493544086813927
0.16605742275714874, 0.039404500275850296
0.18231794238090515, 0.03603364899754524
0.17670781910419464, 0.03922177851200104
0.21168400347232819, 0.050861336290836334
0.1818029135465622, 0.0526282973587513
0.13451538980007172, 0.024108421057462692
0.1739257425069809, 0.0405617319047451
0.192946657538414, 0.04428786039352417
0.18303124606609344, 0.036563288420438766
0.16410000622272491, 0.0405292809009552
0.16989003121852875, 0.04755513742566109
0.1947697550058365, 0.05091024562716484
0.1497531533241272, 0.03672191500663757
0.14565981924533844, 0.03133361414074898
0.14131854474544525, 0.025938991457223892
0.15902455151081085, 0.033960212022066116
0.1552116870880127, 0.03443554788827896
0.15379659831523895, 0.035614777356386185
0.14345242083072662, 0.030508382245898247
0.1570539027452469, 0.03223123773932457
0.17163464426994324, 0.03449372202157974
0.20456229150295258, 0.05395597964525223
0.1941802054643631, 0.05933663994073868
0.16036471724510193, 0.036163508892059326
0.17855560779571533, 0.03889119625091553
0.16438651084899902, 0.024364497512578964
0.13605135679244995, 0.017355363816022873
0.14599207043647766, 0.03565111383795738
0.16917453706264496, 0.03156456723809242
0.18059532344341278, 0.0429760105907917
0.168587327003479, 0.05136527866125107
0.15894733369350433, 0.03359737619757652
0.16867868602275848, 0.03245677426457405
0.15010115504264832, 0.036650367081165314
0.1689963936805725, 0.04503689706325531
0.1574816107749939, 0.042222801595926285
0.15387007594108582, 0.03326909616589546
0.15679018199443817, 0.03812585026025772
0.1720876395702362, 0.04685847833752632
0.16384528577327728, 0.031653109937906265
0.1845644861459732, 0.04719242453575134
0.15118765830993652, 0.041437048465013504
0.18925656378269196, 0.049274832010269165
0.16575945913791656, 0.040900543332099915
0.1557706892490387, 0.0492558516561985
0.17135848104953766, 0.040708743035793304
0.17564013600349426, 0.03493180871009827
0.1525995284318924, 0.029694069176912308
0.1536070555448532, 0.027486147359013557
0.1471415013074875, 0.02831212617456913
0.16758303344249725, 0.03168376907706261
0.17136266827583313, 0.03783394768834114
0.15665602684020996, 0.03688817843794823
0.16230444610118866, 0.02986505813896656
0.1596059799194336, 0.04043465107679367
0.1611088067293167, 0.04142133891582489
0.18682798743247986, 0.039936091750860214
0.162831112742424, 0.03448537737131119
0.1481902301311493, 0.029201535508036613
0.16044528782367706, 0.03805309161543846
0.16236908733844757, 0.029573500156402588
0.15545842051506042, 0.03497479856014252
0.1557489037513733, 0.029138104990124702
0.16060024499893188, 0.0442807637155056
0.14282605051994324, 0.027322519570589066
0.1502259522676468, 0.03564535826444626
0.14881616830825806, 0.038831211626529694
0.14813998341560364, 0.030148524791002274
0.14727145433425903, 0.038382627069950104
0.17050999402999878, 0.030390258878469467
0.1546216458082199, 0.02990126982331276
0.17494159936904907, 0.03789140656590462
0.20208264887332916, 0.06954265385866165
0.22322708368301392, 0.0585261695086956
0.19183099269866943, 0.04894240200519562
0.15591421723365784, 0.0412936732172966
0.14557282626628876, 0.031776312738657
0.14389754831790924, 0.036737553775310516
0.14006178081035614, 0.03848107159137726
0.16185884177684784, 0.04003224894404411
0.15699239075183868, 0.03312709182500839
0.1496725082397461, 0.039053354412317276
0.15137286484241486, 0.04254915937781334
0.15867136418819427, 0.03878887742757797
0.1544807255268097, 0.037975817918777466
0.15783128142356873, 0.0433257557451725
0.1700877547264099, 0.03721911832690239
0.1420072466135025, 0.027424367144703865
0.1533641517162323, 0.04639650508761406
0.15324482321739197, 0.035762909799814224
0.14640192687511444, 0.044042374938726425
0.15055307745933533, 0.03046169877052307
0.1784970909357071, 0.04027504846453667
0.17077387869358063, 0.043948862701654434
0.1864648312330246, 0.05444427952170372
