mean, std
0.23862920701503754, 0.1263876110315323
0.1055036410689354, 0.0890217125415802
0.11805599182844162, 0.057295605540275574
0.06701956689357758, 0.048696454614400864
0.037529248744249344, 0.028529703617095947
0.030401309952139854, 0.023431183770298958
0.0430440790951252, 0.026597579941153526
0.020544154569506645, 0.010863144882023335
0.018417779356241226, 0.013390406034886837
0.015443303622305393, 0.008340006694197655
0.02734769694507122, 0.01909579150378704
0.017844879999756813, 0.012258805334568024
0.01932133547961712, 0.013228662312030792
0.022313851863145828, 0.013340434059500694
0.024636946618556976, 0.01655985414981842
0.0168977752327919, 0.01178651861846447
0.010850212536752224, 0.011290465481579304
0.010735124349594116, 0.0076385922729969025
0.01860680803656578, 0.014403522945940495
0.01540723443031311, 0.008837411180138588
0.01839163713157177, 0.012535730376839638
0.012375007383525372, 0.00936700776219368
0.020582687109708786, 0.014865015633404255
0.02421281486749649, 0.020433643832802773
0.02369718998670578, 0.01652890257537365
0.016235213726758957, 0.010384413413703442
0.020775387063622475, 0.014328406192362309
0.02343207783997059, 0.016929952427744865
0.026600085198879242, 0.019238905981183052
0.03345467522740364, 0.02186489850282669
0.02751515433192253, 0.019750796258449554
0.019010554999113083, 0.013595372438430786
0.0379113107919693, 0.021656621247529984
0.026804471388459206, 0.013534577563405037
0.020607616752386093, 0.016608169302344322
0.023266872391104698, 0.017349356785416603
0.03931541368365288, 0.02709212340414524
0.05183413624763489, 0.0336558036506176
0.05084080994129181, 0.035454533994197845
0.027207423001527786, 0.0204456839710474
0.019730322062969208, 0.013602535240352154
0.0244490597397089, 0.022888721898198128
0.0294466745108366, 0.02982505038380623
0.04339084029197693, 0.03179933875799179
0.03547775372862816, 0.027269620448350906
0.04071519896388054, 0.034651536494493484
0.02787819877266884, 0.020050715655088425
0.04612145200371742, 0.02770087495446205
0.032201167196035385, 0.024032337591052055
0.0375128872692585, 0.030575206503272057
0.045783866196870804, 0.036376550793647766
0.0722435712814331, 0.034828171133995056
0.03428187221288681, 0.028178805485367775
0.0447387658059597, 0.04021483287215233
0.056694395840168, 0.052697036415338516
0.08519385010004044, 0.048226356506347656
0.10210564732551575, 0.055661462247371674
0.05741792172193527, 0.035683102905750275
0.06144874170422554, 0.031576912850141525
0.03900589421391487, 0.026307888329029083
0.06358610838651657, 0.045030176639556885
0.0935102179646492, 0.05446944385766983
0.05940421298146248, 0.03272853419184685
0.0952821895480156, 0.05368025600910187
0.0678209587931633, 0.04370430111885071
0.1179182156920433, 0.0772293284535408
0.11588258296251297, 0.06501683592796326
0.10210394859313965, 0.04198501631617546
0.03663722425699234, 0.022894348949193954
0.047462575137615204, 0.03557887300848961
0.060485243797302246, 0.03560388460755348
0.059664417058229446, 0.03339167684316635
0.06278252601623535, 0.04026997089385986
0.038994934409856796, 0.03358183801174164
0.04584496095776558, 0.03148915246129036
0.04493233561515808, 0.02720062993466854
0.06193538010120392, 0.04064157232642174
0.07254146039485931, 0.03864281624555588
0.06206347420811653, 0.04182286188006401
0.03684641793370247, 0.025577004998922348
0.03471596539020538, 0.0164838545024395
0.047455258667469025, 0.02976759895682335
0.05375130474567413, 0.025519123300909996
0.04611144959926605, 0.027473077178001404
0.042615555226802826, 0.0391569621860981
0.042482320219278336, 0.029118672013282776
0.027272460982203484, 0.014716832898557186
0.03096265345811844, 0.020349057391285896
0.020252835005521774, 0.013566894456744194
0.02738751657307148, 0.02381627820432186
0.02458392083644867, 0.012212411500513554
0.03743155673146248, 0.02526019886136055
0.02874552272260189, 0.026351189240813255
0.03189251944422722, 0.02519422024488449
0.05094926431775093, 0.041811760514974594
0.0676560178399086, 0.03903917223215103
0.051294829696416855, 0.03459819033741951
0.07470011711120605, 0.03926753252744675
0.05815732479095459, 0.04037441685795784
0.041857052594423294, 0.032910384237766266
0.05305187776684761, 0.03309839591383934
0.04262885823845863, 0.026256121695041656
0.03655228391289711, 0.021537326276302338
0.04028220847249031, 0.029620828106999397
0.04458839073777199, 0.03023509308695793
0.03803465887904167, 0.02382323518395424
0.03933035582304001, 0.024265091866254807
0.04401611164212227, 0.03443227335810661
0.0314452089369297, 0.026584478095173836
0.04986383765935898, 0.03505744785070419
0.04848187044262886, 0.028196752071380615
0.05359934642910957, 0.043317049741744995
0.04816311597824097, 0.034950412809848785
0.03870826214551926, 0.027658378705382347
0.05401691421866417, 0.028595643118023872
0.03312264010310173, 0.020296575501561165
0.03533151373267174, 0.023430796340107918
0.03552846983075142, 0.029204659163951874
0.0419442392885685, 0.026512520387768745
0.07331415265798569, 0.04050267115235329
0.048980265855789185, 0.032783392816782
0.0421714186668396, 0.022173788398504257
0.04042012244462967, 0.02392183430492878
0.02688155323266983, 0.020044859498739243
0.026589863002300262, 0.01552502904087305
0.045828927308321, 0.031191419810056686
0.054650504142045975, 0.04368133097887039
0.03959575667977333, 0.021957380697131157
0.040191713720560074, 0.020398560911417007
0.08487039059400558, 0.04990387707948685
0.06193888932466507, 0.043620362877845764
0.03242458775639534, 0.028476037085056305
0.024979133158922195, 0.022054875269532204
0.031196946278214455, 0.01979583501815796
0.07246959954500198, 0.050287146121263504
0.0466177873313427, 0.0395192950963974
0.03208360821008682, 0.02058335766196251
0.045338764786720276, 0.034052640199661255
0.03885477036237717, 0.025787776336073875
0.05222301930189133, 0.04404185712337494
0.04146667197346687, 0.034614838659763336
0.019328521564602852, 0.01517823338508606
0.0243118554353714, 0.020123686641454697
0.03024936653673649, 0.021543484181165695
0.031011248007416725, 0.019839899614453316
0.028619326651096344, 0.01928543485701084
0.0229723509401083, 0.0226293858140707
0.06562106311321259, 0.040484342724084854
0.07170895487070084, 0.03803754597902298
0.08181402832269669, 0.04913681745529175
0.07825592160224915, 0.04882587492465973
0.03982733562588692, 0.025171780958771706
0.04866515100002289, 0.030319957062602043
0.050070200115442276, 0.0262592863291502
0.03724915534257889, 0.023485923185944557
0.030939536169171333, 0.028068289160728455
0.039950545877218246, 0.031286776065826416
0.03298046812415123, 0.01841459982097149
0.028801286593079567, 0.021140804514288902
0.0250556580722332, 0.021347150206565857
0.05189233273267746, 0.02578781358897686
0.05615904554724693, 0.028652304783463478
0.03264497593045235, 0.018489297479391098
0.044307608157396317, 0.021148350089788437
0.07243949174880981, 0.04405588284134865
0.057461727410554886, 0.03286285325884819
0.039340365678071976, 0.024828530848026276
0.03808484226465225, 0.022340936586260796
0.01673201471567154, 0.0124436030164361
0.02431594207882881, 0.01128234714269638
0.030845079571008682, 0.01938396319746971
0.04503642022609711, 0.029204878956079483
0.04032516852021217, 0.023177366703748703
0.02522401325404644, 0.019448990002274513
0.03483114764094353, 0.023806942626833916
0.044547367841005325, 0.027293607592582703
0.033049214631319046, 0.021409671753644943
0.04018981009721756, 0.031832288950681686
0.05717722699046135, 0.024557309225201607
0.030627692118287086, 0.01698070392012596
0.02567882277071476, 0.019517846405506134
0.05850190669298172, 0.041565313935279846
0.06482402235269547, 0.03973034396767616
0.041126009076833725, 0.03361165151000023
0.021895751357078552, 0.011274859309196472
0.028675079345703125, 0.017865842208266258
0.03756279870867729, 0.02879740297794342
0.02852937951683998, 0.018961509689688683
0.030310604721307755, 0.023990998044610023
0.0346335768699646, 0.02951381728053093
0.025022005662322044, 0.017126411199569702
0.03879376873373985, 0.02785428799688816
0.03503492847084999, 0.022244682535529137
0.02767696976661682, 0.0219879150390625
0.02543301321566105, 0.015394930727779865
0.018775561824440956, 0.012439603917300701
0.025924282148480415, 0.01433010958135128
0.03552078455686569, 0.02615242637693882
0.03434726595878601, 0.023562023416161537
0.025815259665250778, 0.017794393002986908
0.029577715322375298, 0.01553510595113039
0.01996467448771, 0.01601502113044262
0.02361822873353958, 0.02230953983962536
0.06793946772813797, 0.044700346887111664
0.03707588464021683, 0.02981177344918251
0.028891434893012047, 0.024303048849105835
0.033411432057619095, 0.025615446269512177
0.044210854917764664, 0.031689610332250595
0.027482662349939346, 0.026642819866538048
0.046104297041893005, 0.023942595347762108
0.04264192655682564, 0.027091016992926598
0.04822361469268799, 0.02939034439623356
0.04588590934872627, 0.03828313201665878
0.04801122471690178, 0.038611847907304764
0.024278825148940086, 0.01666010543704033
0.04389126971364021, 0.03295585513114929
0.036947596818208694, 0.021869774907827377
0.03058450110256672, 0.0252233799546957
0.03373735025525093, 0.02179741859436035
0.0629127249121666, 0.03488609567284584
0.07187390327453613, 0.040567416697740555
0.03257003799080849, 0.024657662957906723
0.025720367208123207, 0.016617316752672195
0.024586554616689682, 0.019400889053940773
0.03393371030688286, 0.023203514516353607
0.035231418907642365, 0.018639229238033295
0.02657490409910679, 0.015854986384510994
0.02840414084494114, 0.01578972488641739
0.02064851112663746, 0.015211219899356365
0.03342284634709358, 0.02135460451245308
0.030372805893421173, 0.01802978478372097
0.025562604889273643, 0.022696295753121376
0.02586398273706436, 0.01722494699060917
0.03987567871809006, 0.024857766926288605
0.022355258464813232, 0.016530416905879974
0.02955443039536476, 0.01721886917948723
0.023246148601174355, 0.022774329409003258
0.024982376024127007, 0.01923111453652382
0.031020263209939003, 0.023382551968097687
0.03140639141201973, 0.017303714528679848
0.028293443843722343, 0.015484683215618134
0.04944050312042236, 0.034954868257045746
0.03157557174563408, 0.01854853704571724
0.04295388236641884, 0.025409342721104622
0.03824741765856743, 0.024127228185534477
0.0299390722066164, 0.025342166423797607
0.04365510120987892, 0.030115876346826553
0.02936774492263794, 0.017489885911345482
0.053813379257917404, 0.027553226798772812
0.034781564027071, 0.03184802085161209
0.06175149232149124, 0.0445590615272522
0.023595498874783516, 0.014354956336319447
0.05136962980031967, 0.03047850914299488
0.022635046392679214, 0.018847336992621422
0.02208433486521244, 0.015685319900512695
0.04246092215180397, 0.02429969236254692
0.02894807606935501, 0.022389885038137436
0.050871722400188446, 0.030440375208854675
0.058319687843322754, 0.040074728429317474
0.05459190905094147, 0.03237616643309593
0.033437903970479965, 0.02661667950451374
0.027641568332910538, 0.022552577778697014
0.04727449268102646, 0.031674981117248535
0.05873497948050499, 0.032831333577632904
0.026089798659086227, 0.026049021631479263
0.027159931138157845, 0.01664634793996811
0.046470750123262405, 0.034164220094680786
0.036959365010261536, 0.02663450501859188
0.037232883274555206, 0.022705834358930588
0.03128145635128021, 0.030591432005167007
0.02710109017789364, 0.019216598942875862
0.03553391247987747, 0.02316729724407196
0.039533231407403946, 0.022808553650975227
0.013477219268679619, 0.009428225457668304
0.02652696520090103, 0.022000765427947044
0.03670598194003105, 0.02373112179338932
0.028036415576934814, 0.01946466974914074
0.029184067621827126, 0.017619771882891655
0.046152301132678986, 0.026138894259929657
0.0447457991540432, 0.02556428126990795
0.022251790389418602, 0.019016055390238762
0.03850371390581131, 0.03478088974952698
0.027550045400857925, 0.02343171276152134
0.03493877127766609, 0.030584849417209625
0.044195711612701416, 0.04024425148963928
0.03054203651845455, 0.015456345863640308
0.03667368367314339, 0.023294726386666298
0.03261907771229744, 0.02400686778128147
0.024475807324051857, 0.016498321667313576
0.033478669822216034, 0.022499097511172295
0.031031927093863487, 0.0238565094769001
0.042983755469322205, 0.034832991659641266
0.031339194625616074, 0.021793367341160774
0.04371621087193489, 0.027976397424936295
0.03430955857038498, 0.02067807875573635
0.06387810409069061, 0.035965949296951294
0.03953687846660614, 0.02066139318048954
0.03400813415646553, 0.022800244390964508
0.030478844419121742, 0.021916814148426056
0.04020821675658226, 0.035056859254837036
0.051418475806713104, 0.037754468619823456
0.06548511981964111, 0.03385348990559578
0.040499020367860794, 0.02729654870927334
0.03009483963251114, 0.029513444751501083
0.04406154900789261, 0.02573818899691105
0.052438948303461075, 0.03730998933315277
0.026201089844107628, 0.014643862843513489
0.02876279689371586, 0.026532290503382683
0.031479544937610626, 0.02387596108019352
0.03708707168698311, 0.025263849645853043
0.031914737075567245, 0.02725382149219513
0.030016571283340454, 0.022388983517885208
0.04013436660170555, 0.03262611851096153
0.06387384980916977, 0.042061496526002884
0.061639778316020966, 0.04150727391242981
0.047219473868608475, 0.030524302273988724
0.04154962673783302, 0.02347591519355774
0.038527462631464005, 0.025099419057369232
0.03797299787402153, 0.021328410133719444
0.0454229936003685, 0.03590498864650726
0.0631120577454567, 0.040114857256412506
0.04590611532330513, 0.030893882736563683
0.07365699112415314, 0.0444013737142086
0.056240081787109375, 0.03542108088731766
0.03749706968665123, 0.02786235511302948
0.03241799399256706, 0.02395290695130825
0.026528460904955864, 0.016280025243759155
0.0579000860452652, 0.042061544954776764
0.07544822245836258, 0.04404275119304657
0.06747584789991379, 0.048341453075408936
0.036379795521497726, 0.028605971485376358
0.05010107532143593, 0.03313635289669037
0.06203963980078697, 0.04917605593800545
0.06382375955581665, 0.041978590190410614
0.0419372133910656, 0.026656853035092354
0.043423742055892944, 0.030296331271529198
0.04183491691946983, 0.022619422525167465
0.04697714000940323, 0.03131148964166641
0.05910540372133255, 0.03258935734629631
0.03612726181745529, 0.03155379742383957
0.048466142266988754, 0.038693152368068695
0.030225273221731186, 0.02350797690451145
0.04109687730669975, 0.028997929766774178
0.030494412407279015, 0.024728260934352875
0.04932718724012375, 0.030656883493065834
0.032996807247400284, 0.02368190325796604
0.04764356464147568, 0.035089682787656784
0.03686623275279999, 0.02945493720471859
0.035577621310949326, 0.027301574125885963
0.04328634589910507, 0.02206168882548809
0.07719309628009796, 0.042730238288640976
0.05468772351741791, 0.0372583232820034
0.04530245438218117, 0.027913769707083702
0.031680960208177567, 0.029025232419371605
0.0635361596941948, 0.0369427390396595
0.06059151887893677, 0.03229256719350815
0.04780200496315956, 0.0301625058054924
0.031622592359781265, 0.02081417664885521
0.036012180149555206, 0.023129452019929886
0.02370373345911503, 0.018847420811653137
0.04130679368972778, 0.029098305851221085
0.03923709690570831, 0.02692297287285328
0.05400494113564491, 0.028900031000375748
0.080168217420578, 0.03908910974860191
0.03875204920768738, 0.03040854074060917
0.029833942651748657, 0.028772883117198944
0.036425281316041946, 0.031010759994387627
0.061357881873846054, 0.04286478832364082
0.056854136288166046, 0.04081093147397041
0.07129860669374466, 0.038357846438884735
0.06159217655658722, 0.03463253006339073
0.043486036360263824, 0.026381956413388252
0.02442171238362789, 0.026453763246536255
0.038202010095119476, 0.02106640115380287
0.03862656652927399, 0.026236319914460182
0.050370726734399796, 0.03169946372509003
0.044537585228681564, 0.02784362994134426
0.04842915013432503, 0.025457995012402534
0.032779525965452194, 0.01970778964459896
0.02721061185002327, 0.018347855657339096
0.03591775894165039, 0.029309449717402458
0.03674345463514328, 0.03140845149755478
0.03744520619511604, 0.023599524050951004
0.039574943482875824, 0.029714548960328102
0.05347952991724014, 0.041718218475580215
0.05215347930788994, 0.03265754133462906
0.05710006505250931, 0.03148733079433441
0.03569236025214195, 0.023247065022587776
0.03977756202220917, 0.03079650178551674
0.025388969108462334, 0.018338292837142944
0.03189096227288246, 0.038721963763237
0.04469075798988342, 0.03405175358057022
0.06579159945249557, 0.04516332596540451
0.02717672847211361, 0.016483381390571594
0.040041618049144745, 0.026696451008319855
0.07172748446464539, 0.0361025370657444
0.04373999312520027, 0.025478137657046318
0.028925742954015732, 0.02481657639145851
0.027592049911618233, 0.023719526827335358
0.033998820930719376, 0.027106281369924545
0.03652700409293175, 0.0229916013777256
0.04809822142124176, 0.04147600755095482
0.025410111993551254, 0.022212881594896317
0.032684069126844406, 0.020721230655908585
0.041818372905254364, 0.024786008521914482
0.040571700781583786, 0.02258423902094364
0.05006684735417366, 0.031959932297468185
0.049956321716308594, 0.03255849704146385
0.04712943732738495, 0.03791928291320801
0.03012768179178238, 0.020549867302179337
0.041087113320827484, 0.02434956096112728
0.053706202656030655, 0.0369003601372242
0.07170818001031876, 0.035564571619033813
0.062040310353040695, 0.03129149600863457
0.05007987096905708, 0.03332386910915375
0.03289808705449104, 0.026460761204361916
0.03500128537416458, 0.03361255303025246
0.05053206905722618, 0.03491860628128052
0.024099502712488174, 0.017943859100341797
0.04036674275994301, 0.021099533885717392
0.08661744743585587, 0.05862007290124893
0.10902687907218933, 0.05965408682823181
0.06913863122463226, 0.03501717746257782
0.045276232063770294, 0.03528899326920509
0.03978404030203819, 0.024368081241846085
0.027038520202040672, 0.028755679726600647
0.08026716113090515, 0.05652669817209244
0.03571929410099983, 0.028875742107629776
0.03522157669067383, 0.026890665292739868
0.076372429728508, 0.05302182212471962
0.06394771486520767, 0.04630548506975174
0.026561247184872627, 0.02563410997390747
0.02518242783844471, 0.02009083330631256
0.05363263562321663, 0.02754869870841503
0.030492445454001427, 0.016391657292842865
0.034830231219530106, 0.02266705594956875
0.02918674238026142, 0.018323827534914017
0.03231241554021835, 0.03439495339989662
0.08355777710676193, 0.05483587831258774
0.04733094945549965, 0.03577525541186333
0.04050393030047417, 0.030703479424118996
0.036528851836919785, 0.026261990889906883
0.030809419229626656, 0.018414516001939774
0.030307253822684288, 0.024588478729128838
0.04694885388016701, 0.02913716994225979
0.04702760651707649, 0.038279104977846146
0.03229640796780586, 0.02298644930124283
0.05249595269560814, 0.03334556147456169
0.10665903985500336, 0.0472867377102375
0.05949600413441658, 0.03504730761051178
0.06857811659574509, 0.04509624466300011
0.024480346590280533, 0.01988155022263527
0.04165729507803917, 0.03143610805273056
0.017615150660276413, 0.014281010255217552
0.041118428111076355, 0.03065059706568718
0.037391532212495804, 0.027514668181538582
0.049861397594213486, 0.03685034066438675
0.04035954922437668, 0.03206124156713486
0.0361659936606884, 0.022641045972704887
0.02095876820385456, 0.01720651239156723
0.0417860671877861, 0.02921437844634056
0.03191982954740524, 0.022411810234189034
0.052864305675029755, 0.026940472424030304
0.04127996787428856, 0.03817266225814819
0.061596453189849854, 0.03496212139725685
0.05060919001698494, 0.04899496212601662
0.029728488996624947, 0.02468031831085682
0.035707082599401474, 0.02905561961233616
0.03077010251581669, 0.03067854791879654
0.06761255115270615, 0.03645710647106171
0.06887269020080566, 0.04257217049598694
0.07227647304534912, 0.04726594686508179
0.06946592032909393, 0.032310932874679565
0.0538327656686306, 0.03194419667124748
0.04063664376735687, 0.03235981985926628
0.04632779210805893, 0.03340559080243111
0.04075996205210686, 0.028643755242228508
0.037722695618867874, 0.03426323086023331
0.04184131696820259, 0.03376617282629013
0.028890490531921387, 0.022589916363358498
0.042683012783527374, 0.033349424600601196
0.03519468382000923, 0.02071409486234188
0.029377808794379234, 0.024996811524033546
0.04251302033662796, 0.0343470424413681
0.06580726057291031, 0.04748636484146118
0.045446038246154785, 0.02879158966243267
0.07707411795854568, 0.039656609296798706
0.04999559745192528, 0.03825778141617775
0.03258751705288887, 0.018033945932984352
0.03567080944776535, 0.020089834928512573
0.04345402866601944, 0.027968451380729675
0.025453444570302963, 0.014657608233392239
0.059156134724617004, 0.02673952467739582
0.0421711690723896, 0.03295234218239784
0.05257689952850342, 0.03324059396982193
0.060944605618715286, 0.04295061528682709
0.038467735052108765, 0.023409737274050713
0.04298093542456627, 0.025773203000426292
0.0390600748360157, 0.0230458565056324
0.03603385388851166, 0.02457869052886963
0.03272147849202156, 0.017692698165774345
0.029692279174923897, 0.02137185074388981
0.061268310993909836, 0.03369296342134476
0.03374450281262398, 0.021452464163303375
0.03261540085077286, 0.02216833271086216
0.029132850468158722, 0.015238622203469276
0.058924634009599686, 0.03931894898414612
0.09017769247293472, 0.0506148636341095
0.06051270291209221, 0.036316897720098495
0.02408255636692047, 0.026239026337862015
0.04439084604382515, 0.03288745507597923
0.08827007561922073, 0.04476526007056236
0.0381990484893322, 0.032848529517650604
0.03139984607696533, 0.016005080193281174
0.03964623063802719, 0.032150525599718094
0.044427238404750824, 0.027868803590536118
0.03372519835829735, 0.028807837516069412
0.03285487741231918, 0.0204781387001276
0.03808210417628288, 0.02665773406624794
0.026326622813940048, 0.022920753806829453
0.03746340051293373, 0.02905767597258091
0.03138398006558418, 0.015152609907090664
0.04639537259936333, 0.026468003168702126
0.040034934878349304, 0.02562202326953411
0.033048633486032486, 0.022509193047881126
0.03938962519168854, 0.03753121942281723
0.046737492084503174, 0.022969210520386696
0.04040764644742012, 0.027672691270709038
0.030907506123185158, 0.027705850079655647
0.023859739303588867, 0.017377769574522972
0.023754052817821503, 0.019305260851979256
0.05038447305560112, 0.03113521821796894
0.0534554161131382, 0.04225609451532364
0.02308795414865017, 0.010063751600682735
0.04812575876712799, 0.04228437319397926
0.04425261542201042, 0.027465278282761574
0.03847363963723183, 0.025462763383984566
0.018966691568493843, 0.013042554259300232
0.04739895835518837, 0.026748407632112503
0.04056378826498985, 0.025236843153834343
0.06252183020114899, 0.03606104478240013
0.03240777924656868, 0.028880411759018898
0.031145397573709488, 0.02083355002105236
0.018475057557225227, 0.012255811132490635
0.043580312281847, 0.025281503796577454
0.08627504110336304, 0.06543155759572983
0.07250713557004929, 0.05608828365802765
0.032715555280447006, 0.0184498131275177
0.029463225975632668, 0.02045881189405918
0.039892952889204025, 0.021738026291131973
0.04087045043706894, 0.026060407981276512
0.07084273546934128, 0.045801080763339996
0.08364762365818024, 0.045287974178791046
0.04023580625653267, 0.028619565069675446
0.024958038702607155, 0.01596587896347046
0.02622711844742298, 0.024132899940013885
0.03524181991815567, 0.027383608743548393
0.03487817943096161, 0.024259254336357117
0.03852434456348419, 0.026403896510601044
0.07154295593500137, 0.038578521460294724
0.07699702680110931, 0.04506805166602135
0.04197128489613533, 0.023480787873268127
0.024579979479312897, 0.022962814196944237
0.03900163248181343, 0.030964192003011703
0.04347991943359375, 0.031159020960330963
0.03873419389128685, 0.02975592017173767
0.035952191799879074, 0.03078346699476242
0.042442686855793, 0.03469749912619591
0.0396592915058136, 0.02415936253964901
0.07028316706418991, 0.03339690715074539
0.032822977751493454, 0.024905385449528694
0.036833755671978, 0.02805488556623459
0.03539899364113808, 0.017927106469869614
0.04958254098892212, 0.026417475193738937
0.036104198545217514, 0.022861257195472717
0.03337008133530617, 0.020587559789419174
0.06910335272550583, 0.0360221192240715
0.06272754818201065, 0.040298573672771454
0.06970422714948654, 0.03312525153160095
0.04341615363955498, 0.023865342140197754
0.03367806226015091, 0.026647059246897697
0.04002571478486061, 0.02613348886370659
0.03798733279109001, 0.028715716674923897
0.031665392220020294, 0.022742189466953278
0.05047975108027458, 0.030441496521234512
0.043100759387016296, 0.022331222891807556
0.0625818744301796, 0.0314774215221405
0.036766909062862396, 0.025341153144836426
0.025110790506005287, 0.0178049448877573
0.037170737981796265, 0.024667827412486076
0.052879415452480316, 0.042263519018888474
0.05641408637166023, 0.04319668188691139
0.05564059689640999, 0.04107793793082237
0.03377506881952286, 0.02779245935380459
0.03528004139661789, 0.025668902322649956
0.06960583478212357, 0.047819096595048904
0.036722540855407715, 0.025780433788895607
0.042790789157152176, 0.029165955260396004
0.037126943469047546, 0.022773297503590584
0.03093111515045166, 0.026087559759616852
0.04368454962968826, 0.03615273907780647
0.06639138609170914, 0.037038493901491165
0.04253857210278511, 0.031707748770713806
0.04000123217701912, 0.036618590354919434
0.0405343696475029, 0.026988135650753975
0.0771605595946312, 0.053809378296136856
0.04934382066130638, 0.04341011121869087
0.04039793461561203, 0.035912659019231796
0.02466711774468422, 0.024950256571173668
0.05284275487065315, 0.03950079157948494
0.048034630715847015, 0.02716551162302494
0.04970502853393555, 0.033696386963129044
0.06580213457345963, 0.04061766341328621
0.0715002566576004, 0.044685374945402145
0.05187536031007767, 0.03467915579676628
0.06228048354387283, 0.03329326957464218
0.038860250264406204, 0.021963685750961304
0.04335591197013855, 0.03110143169760704
0.07221559435129166, 0.04983127862215042
0.037385422736406326, 0.02971101924777031
0.03486427664756775, 0.025465885177254677
0.07538403570652008, 0.04454871267080307
0.07944301515817642, 0.03656134754419327
0.04576202481985092, 0.02610769495368004
0.04495047405362129, 0.028322765603661537
0.08471768349409103, 0.05179731547832489
0.04279967024922371, 0.039201829582452774
0.047065816819667816, 0.030274666845798492
0.03807993605732918, 0.030167434364557266
0.051054056733846664, 0.023348869755864143
0.027667947113513947, 0.019257334992289543
0.03863342106342316, 0.02643657475709915
0.04184582084417343, 0.03336374834179878
0.03577178716659546, 0.028247790411114693
0.05447205901145935, 0.03086259961128235
0.054587073624134064, 0.045291487127542496
0.07217071950435638, 0.044475045055150986
0.07714323699474335, 0.054868899285793304
0.045319389551877975, 0.027609452605247498
0.04518284648656845, 0.03238416835665703
0.031764935702085495, 0.0210574958473444
0.025142068043351173, 0.020759502425789833
0.06554284691810608, 0.04847761616110802
0.07614898681640625, 0.05027090758085251
0.06001688912510872, 0.03838570415973663
0.053868092596530914, 0.03415121138095856
0.044370830059051514, 0.03356773406267166
0.03714213892817497, 0.027789782732725143
0.053661324083805084, 0.036533959209918976
0.0392618365585804, 0.025933602824807167
0.048815563321113586, 0.03758212551474571
0.06350203603506088, 0.047361671924591064
0.027221476659178734, 0.01857704296708107
0.06477735936641693, 0.03585055470466614
0.05063493549823761, 0.03168625757098198
0.08015602082014084, 0.04961022362112999
0.05262498930096626, 0.05042830482125282
0.03744477033615112, 0.027196884155273438
0.06307581812143326, 0.04107733070850372
0.059998054057359695, 0.04305236041545868
0.04680730029940605, 0.02565496414899826
0.05137581005692482, 0.025757523253560066
0.03452812880277634, 0.02378397434949875
0.0427299328148365, 0.028803013265132904
0.060385752469301224, 0.03805353119969368
0.08216150104999542, 0.05057228356599808
0.05160649120807648, 0.030939288437366486
0.034113653004169464, 0.025609850883483887
0.04158332943916321, 0.026295173913240433
0.04234008863568306, 0.03716161847114563
0.03520132973790169, 0.02704155258834362
0.043298494070768356, 0.025380263105034828
0.0358550027012825, 0.03168473765254021
0.05150355026125908, 0.0320332869887352
0.044748689979314804, 0.03223821148276329
0.032657038420438766, 0.02246226742863655
0.028836624696850777, 0.024426627904176712
0.05540585145354271, 0.0325755774974823
0.04585441201925278, 0.027678975835442543
0.0273774191737175, 0.023829825222492218
0.03446513041853905, 0.026237785816192627
0.05346904322504997, 0.04027487337589264
0.04567153751850128, 0.023921504616737366
0.05046292021870613, 0.04155024513602257
0.07193836569786072, 0.060302719473838806
0.03035048581659794, 0.01888943463563919
0.029273994266986847, 0.026728961616754532
0.026511255651712418, 0.019934963434934616
0.04944032058119774, 0.03331637382507324
0.05539090186357498, 0.03805845230817795
0.04468477517366409, 0.032758940011262894
0.026861872524023056, 0.01858748309314251
0.03678036853671074, 0.026929402723908424
0.05446266010403633, 0.034687139093875885
0.03222094476222992, 0.016749106347560883
0.04072960466146469, 0.023792391642928123
0.02838274836540222, 0.02444218471646309
0.036567702889442444, 0.023996666073799133
0.03944642096757889, 0.029183438047766685
0.02869708277285099, 0.01775830239057541
0.05565386265516281, 0.035875074565410614
0.08188685029745102, 0.04000856354832649
0.03530716523528099, 0.024584989994764328
0.05544273182749748, 0.04085919260978699
0.04276896268129349, 0.027914542704820633
0.04620271921157837, 0.0326867513358593
0.054612837731838226, 0.03865247219800949
0.03196306526660919, 0.026409322395920753
0.033391233533620834, 0.02001166343688965
0.05424276366829872, 0.026714308187365532
0.04021595045924187, 0.024951370432972908
0.02071337029337883, 0.019782744348049164
0.05212812498211861, 0.029359035193920135
0.025083759799599648, 0.015675485134124756
0.046148814260959625, 0.03410990536212921
0.03604178503155708, 0.029344839975237846
0.05610039457678795, 0.031913235783576965
0.07810737192630768, 0.039912883192300797
0.058145809918642044, 0.04261936992406845
0.03786865621805191, 0.03069356270134449
0.04110262915492058, 0.03274806961417198
0.07439885288476944, 0.045965831726789474
0.05412581190466881, 0.035541027784347534
0.03625496104359627, 0.016709299758076668
0.04670891910791397, 0.034603338688611984
0.03543739393353462, 0.027009667828679085
0.054119180887937546, 0.046507857739925385
0.0380375012755394, 0.02611934207379818
0.04722587764263153, 0.03945336118340492
0.04939083009958267, 0.031290169805288315
0.051282718777656555, 0.0344761461019516
0.05680149793624878, 0.035237107425928116
0.0469060093164444, 0.029431138187646866
0.032674893736839294, 0.02191254496574402
0.04664599895477295, 0.030508235096931458
0.05199785903096199, 0.03582260385155678
0.037358127534389496, 0.030909208580851555
0.030652867630124092, 0.024283284321427345
0.036154311150312424, 0.02964818850159645
0.03893066570162773, 0.02442387118935585
0.023316916078329086, 0.017981041222810745
0.03092004917562008, 0.021292414516210556
0.044433511793613434, 0.036375995725393295
0.050320517271757126, 0.033636968582868576
0.04409028962254524, 0.035123590379953384
0.046321142464876175, 0.0279867984354496
0.041048482060432434, 0.04067825525999069
0.05154480040073395, 0.0313870869576931
0.06282732635736465, 0.03403013199567795
0.05151921510696411, 0.03251621127128601
0.08483270555734634, 0.052620843052864075
0.042997218668460846, 0.03437260165810585
0.027706705033779144, 0.02023884281516075
0.04672468453645706, 0.03735283017158508
0.043415527790784836, 0.0382610447704792
0.037505440413951874, 0.030756741762161255
0.051287759095430374, 0.0366247333586216
0.028736360371112823, 0.017336899414658546
0.04639739543199539, 0.037695419043302536
0.03153372183442116, 0.021730298176407814
0.04077041149139404, 0.024768991395831108
0.04064980521798134, 0.033045198768377304
0.05868016928434372, 0.043967798352241516
0.053594473749399185, 0.0315859392285347
0.03862669691443443, 0.02837018109858036
0.039135754108428955, 0.030810706317424774
0.05079741030931473, 0.030435027554631233
0.05215810611844063, 0.029028188437223434
0.06959530711174011, 0.04121330752968788
0.045348722487688065, 0.028273185715079308
0.03917573764920235, 0.032001350075006485
0.028455423191189766, 0.026901213452219963
0.05778307467699051, 0.04688745364546776
0.06336090713739395, 0.041377682238817215
0.036110613495111465, 0.035188473761081696
0.04081502929329872, 0.03142563998699188
0.038571614772081375, 0.01927509345114231
0.05512666329741478, 0.042625196278095245
0.03640545532107353, 0.02531084418296814
0.06365543603897095, 0.03728082776069641
0.04832025244832039, 0.03052525781095028
0.022936467081308365, 0.017532361671328545
0.036650218069553375, 0.015773501247167587
0.05493800714612007, 0.028473379090428352
0.07022944837808609, 0.036701347678899765
0.045637208968400955, 0.024520238861441612
0.054842039942741394, 0.041048478335142136
0.0762924924492836, 0.04998844116926193
0.11424162983894348, 0.05750910937786102
0.034505248069763184, 0.022585932165384293
0.023747604340314865, 0.015279908664524555
0.05111619830131531, 0.0379021093249321
0.043367523699998856, 0.021404175087809563
0.028285523876547813, 0.02041628584265709
0.04042138159275055, 0.03445196524262428
0.0459149144589901, 0.026647493243217468
0.03423701971769333, 0.02569175884127617
0.025494543835520744, 0.022530710324645042
0.03236772492527962, 0.02652207389473915
0.0324547104537487, 0.02125546894967556
0.02480800449848175, 0.01885024644434452
0.03426313027739525, 0.022289546206593513
0.04940071329474449, 0.02970278449356556
0.040601227432489395, 0.027974987402558327
0.03806491568684578, 0.025632740929722786
0.09177633374929428, 0.048610396683216095
0.036121007055044174, 0.02780495397746563
0.05979042500257492, 0.04493838548660278
0.03057803027331829, 0.027064263820648193
0.059997159987688065, 0.0365227609872818
0.06620953977108002, 0.03714496269822121
0.06894288212060928, 0.041883230209350586
0.05839082971215248, 0.03713518753647804
0.03452277556061745, 0.024178368970751762
0.0478743314743042, 0.038469210267066956
0.06138839200139046, 0.05085350200533867
0.039393842220306396, 0.023511309176683426
0.04288424551486969, 0.028327401727437973
0.05333560332655907, 0.03868742287158966
0.06539294868707657, 0.03732769563794136
0.04273860901594162, 0.026660695672035217
0.022396989166736603, 0.014809015206992626
0.02341555245220661, 0.016003381460905075
0.039277851581573486, 0.027584513649344444
0.03482107073068619, 0.020909210667014122
0.04224272444844246, 0.03082324005663395
0.04669622704386711, 0.036570921540260315
0.03664577752351761, 0.023672986775636673
0.03348197788000107, 0.01607361249625683
0.06807469576597214, 0.04536398872733116
0.1035376787185669, 0.0530555360019207
0.05155457928776741, 0.03224563971161842
0.037489477545022964, 0.022808782756328583
0.04220607876777649, 0.02776380255818367
0.02069742977619171, 0.011551124975085258
0.04984598979353905, 0.027521658688783646
0.04807502403855324, 0.024237338453531265
0.03760989382863045, 0.02189638838171959
0.02995474450290203, 0.02482529915869236
0.034856464713811874, 0.02843284420669079
0.07425470650196075, 0.04851335287094116
0.05376701429486275, 0.039357107132673264
0.03864355757832527, 0.02148684486746788
0.029598811641335487, 0.022445831447839737
0.0516924187541008, 0.03634190559387207
0.06044397130608559, 0.031238071620464325
0.04098667576909065, 0.02622794732451439
0.026740584522485733, 0.020124737173318863
0.03467706963419914, 0.028265850618481636
0.042395804077386856, 0.025589369237422943
0.03186150640249252, 0.029684819281101227
0.08233943581581116, 0.04592438042163849
0.04849104583263397, 0.03480202332139015
0.037470463663339615, 0.02724125050008297
0.053733084350824356, 0.03460536524653435
0.033493656665086746, 0.03139267489314079
0.0502072274684906, 0.031452663242816925
0.040884073823690414, 0.02491588145494461
0.05062722787261009, 0.04220183193683624
0.06092070788145065, 0.02783302217721939
0.05508430302143097, 0.03493258357048035
0.03855601325631142, 0.02202310785651207
0.06221240013837814, 0.043353401124477386
0.056376244872808456, 0.03700467571616173
0.04046449810266495, 0.030237792059779167
0.035538628697395325, 0.025144333019852638
0.022409532219171524, 0.019211238250136375
0.04220690578222275, 0.03253782168030739
0.03883281350135803, 0.027080893516540527
0.044376663863658905, 0.029637785628437996
0.04222164675593376, 0.02984355017542839
0.04649469256401062, 0.030604001134634018
0.04321432486176491, 0.029843835160136223
0.03463461622595787, 0.029380779713392258
0.04156550019979477, 0.02627773955464363
0.028114425018429756, 0.024088775739073753
0.05774739757180214, 0.04989611729979515
0.03002743609249592, 0.026869364082813263
0.027660202234983444, 0.019006401300430298
0.032493073493242264, 0.024839479476213455
0.03759871423244476, 0.01944907382130623
0.033942967653274536, 0.03303467109799385
0.03196441009640694, 0.02457931451499462
0.05123994126915932, 0.029652545228600502
0.06345680356025696, 0.03221769258379936
0.08185170590877533, 0.03586485609412193
0.046761348843574524, 0.029111282899975777
0.05562572926282883, 0.033094264566898346
0.03614749759435654, 0.026544533669948578
0.024637995287775993, 0.019955679774284363
0.04924996569752693, 0.03417247161269188
0.03548557683825493, 0.032483283430337906
0.0500357449054718, 0.040666669607162476
0.051567740738391876, 0.025370189920067787
0.024947216734290123, 0.02005225233733654
0.04364721104502678, 0.035969626158475876
0.045981403440237045, 0.028378060087561607
0.08242546766996384, 0.06053116172552109
0.0441591739654541, 0.026571642607450485
0.03761714696884155, 0.028774768114089966
0.043391574174165726, 0.029758436605334282
0.04650874063372612, 0.028018619865179062
0.04308655485510826, 0.021823493763804436
0.03162108361721039, 0.018667258322238922
0.033668965101242065, 0.031523920595645905
0.07202720642089844, 0.0592268668115139
0.05699099600315094, 0.03790121152997017
0.04760558530688286, 0.030162768438458443
0.08636512607336044, 0.0468982458114624
0.08922775834798813, 0.04350898042321205
0.054091885685920715, 0.03486010059714317
0.044183149933815, 0.031873710453510284
0.05535229295492172, 0.03321882709860802
0.03692735731601715, 0.020673619583249092
0.055813081562519073, 0.03283262997865677
0.06252080202102661, 0.04052181541919708
0.03867259994149208, 0.031278204172849655
0.03732630982995033, 0.026264410465955734
0.04207409545779228, 0.03082527592778206
0.08398977667093277, 0.05700990557670593
0.06495407968759537, 0.041673317551612854
0.031884342432022095, 0.02406294271349907
0.04454595223069191, 0.027439460158348083
0.052803944796323776, 0.03716292977333069
0.04942823201417923, 0.027516929432749748
0.047443587332963943, 0.03635368496179581
0.061151642352342606, 0.042707592248916626
0.05127027630805969, 0.0296305064111948
0.07795547693967819, 0.04869380220770836
0.07411888986825943, 0.03671874478459358
0.048112232238054276, 0.03290442004799843
0.019975434988737106, 0.014955491758883
0.042178619652986526, 0.025897737592458725
0.04224863648414612, 0.024688905104994774
0.039326261729002, 0.024473777040839195
0.04894466698169708, 0.02768002636730671
0.037236858159303665, 0.02785545587539673
0.027982966974377632, 0.018510833382606506
0.027698369696736336, 0.018575375899672508
0.06176089122891426, 0.03189223259687424
0.05908556655049324, 0.03235706686973572
0.036895494908094406, 0.026538530364632607
0.036247141659259796, 0.02046196348965168
0.03726525232195854, 0.020094064995646477
0.04246746376156807, 0.03435254842042923
0.043861616402864456, 0.03355676680803299
0.056353192776441574, 0.03198912739753723
0.05130011588335037, 0.03029954805970192
0.042976804077625275, 0.02944422885775566
0.041815292090177536, 0.02974289283156395
0.03351152688264847, 0.025175249204039574
0.028111359104514122, 0.02004382200539112
0.033883243799209595, 0.025944076478481293
0.050043512135744095, 0.03954671695828438
0.06250984966754913, 0.04027481749653816
0.04926401376724243, 0.027396198362112045
0.0350288562476635, 0.03041985258460045
0.02960529923439026, 0.022089585661888123
0.03819606453180313, 0.02660190872848034
0.04997609555721283, 0.031673528254032135
0.060765307396650314, 0.04673846438527107
0.051180075854063034, 0.02542419731616974
0.02967699058353901, 0.01793735660612583
0.03744034096598625, 0.027906401082873344
0.03976994752883911, 0.028225217014551163
0.06435644626617432, 0.039317529648542404
0.06074714660644531, 0.03875410929322243
0.05271342769265175, 0.029728980734944344
0.039503876119852066, 0.03327449411153793
0.053994070738554, 0.02945234440267086
0.05922745540738106, 0.04259764030575752
0.05651284009218216, 0.035332124680280685
0.051012348383665085, 0.034956783056259155
0.03502332419157028, 0.024695269763469696
0.049563515931367874, 0.03300884738564491
0.04886557161808014, 0.03404032811522484
0.06239073723554611, 0.03797702118754387
0.0438464879989624, 0.027546653524041176
0.03378276899456978, 0.028642691671848297
0.034793104976415634, 0.030584614723920822
0.05497131869196892, 0.031025446951389313
0.038728076964616776, 0.02393760345876217
0.03785401210188866, 0.02574508637189865
0.03932006657123566, 0.0293942391872406
0.039705682545900345, 0.02957991696894169
0.04803593084216118, 0.030378133058547974
0.028183605521917343, 0.017232658341526985
0.03730817884206772, 0.02901945263147354
0.02483481727540493, 0.015224983915686607
0.038495488464832306, 0.027405964210629463
0.031151380389928818, 0.022045746445655823
0.06024846062064171, 0.0308733731508255
0.034955814480781555, 0.028579900041222572
0.027529550716280937, 0.019897617399692535
0.0373687744140625, 0.03254285827279091
0.06902460008859634, 0.04700097814202309
0.025067847222089767, 0.01862478256225586
0.03315639868378639, 0.019129326567053795
0.038920819759368896, 0.028966708108782768
0.03413506597280502, 0.022900793701410294
0.05452914908528328, 0.037810634821653366
0.038270752876996994, 0.024681465700268745
0.05205129459500313, 0.035469792783260345
0.05899977684020996, 0.034203045070171356
0.03611696511507034, 0.024871964007616043
0.03896477073431015, 0.03189512714743614
0.052700359374284744, 0.0322827585041523
0.0361669659614563, 0.028638141229748726
0.04269919544458389, 0.03230329975485802
0.07663316279649734, 0.051087990403175354
0.028709223493933678, 0.029054656624794006
0.02132599614560604, 0.01379361841827631
0.031114429235458374, 0.02344953455030918
0.025465356186032295, 0.01677350327372551
0.027651453390717506, 0.020424900576472282
0.03563316538929939, 0.022854186594486237
0.04814298823475838, 0.031462252140045166
0.04677751287817955, 0.030989358201622963
0.030181732028722763, 0.025583889335393906
0.04232523590326309, 0.03143943473696709
0.044625479727983475, 0.028980771079659462
0.06264152377843857, 0.045854952186346054
0.0448429211974144, 0.023856839165091515
0.04262310639023781, 0.03270038962364197
0.03130495175719261, 0.026562709361314774
0.03456563875079155, 0.030645867809653282
0.02850143425166607, 0.018934262916445732
0.04529962316155434, 0.023784924298524857
0.05128471925854683, 0.035571303218603134
0.06338401138782501, 0.03973851352930069
0.05654098466038704, 0.03760708123445511
0.059565220028162, 0.037551503628492355
0.06075749918818474, 0.04567557945847511
0.03753035515546799, 0.027186939492821693
0.06299658119678497, 0.04316046088933945
0.0343913659453392, 0.021058818325400352
0.07534988224506378, 0.04472564905881882
0.04131900146603584, 0.033590879291296005
0.04865264147520065, 0.029805904254317284
0.042073775082826614, 0.03366871178150177
0.04560314491391182, 0.02468220144510269
0.04904435575008392, 0.028995247557759285
0.058957021683454514, 0.04289742931723595
0.048089008778333664, 0.02350185252726078
0.061764493584632874, 0.036080729216337204
0.05426080524921417, 0.036141734570264816
0.03594125807285309, 0.0333082415163517
0.02310829795897007, 0.017546959221363068
0.0357888825237751, 0.0258651040494442
0.05412670969963074, 0.03475525602698326
0.06846888363361359, 0.04872359335422516
0.03665702044963837, 0.0221631471067667
0.05156051740050316, 0.030330108478665352
0.0332307405769825, 0.021025585010647774
0.03935195505619049, 0.02371382527053356
0.058878976851701736, 0.03268643841147423
0.037585124373435974, 0.01962464116513729
0.04793694242835045, 0.027811316773295403
0.04631096124649048, 0.024609211832284927
0.03714386746287346, 0.024628663435578346
0.03563693165779114, 0.027301449328660965
0.03288160637021065, 0.019354786723852158
0.03598736971616745, 0.03271489217877388
0.02315673604607582, 0.019496355205774307
0.04903864115476608, 0.02061535231769085
0.04165467992424965, 0.02965082786977291
0.046057116240262985, 0.024291107431054115
0.036831799894571304, 0.02844974584877491
0.05052627623081207, 0.028270702809095383
0.036856479942798615, 0.024353737011551857
0.04644438624382019, 0.02897661179304123
0.06431090086698532, 0.0411231555044651
0.04420603811740875, 0.02703276462852955
0.04738427698612213, 0.030067123472690582
0.034072890877723694, 0.026543578132987022
0.044330112636089325, 0.04001002758741379
0.049087632447481155, 0.033701326698064804
0.05952824652194977, 0.03936663642525673
0.03377281501889229, 0.025418024510145187
0.046641577035188675, 0.028469739481806755
0.05235176533460617, 0.03694852814078331
0.04783700779080391, 0.02340182475745678
0.04011726751923561, 0.02237352915108204
0.0396830253303051, 0.040283333510160446
0.03712642192840576, 0.018718600273132324
0.04418708011507988, 0.03379428759217262
0.04900674521923065, 0.03521079570055008
0.04293990880250931, 0.03828180208802223
0.042989056557416916, 0.023626552894711494
0.05953342467546463, 0.03397444635629654
0.048620160669088364, 0.03822144493460655
0.06476929038763046, 0.048357754945755005
0.04242075979709625, 0.040556639432907104
0.03933696076273918, 0.025232072919607162
0.05301666632294655, 0.03703203797340393
0.03442122042179108, 0.022745858877897263
0.02481461502611637, 0.019059956073760986
0.024797428399324417, 0.02701793797314167
0.0340983085334301, 0.01809234544634819
0.043206412345170975, 0.031887948513031006
0.026831429451704025, 0.021980106830596924
0.029548240825533867, 0.027705233544111252
0.05851170793175697, 0.04163907840847969
0.04662131518125534, 0.03395090624690056
0.06056516617536545, 0.03861313685774803
0.09806354343891144, 0.05908600613474846
0.044549182057380676, 0.026237785816192627
0.04364592954516411, 0.02320084162056446
0.04964218661189079, 0.039048030972480774
0.03214471414685249, 0.01854989305138588
0.04633370414376259, 0.029305947944521904
0.06686672568321228, 0.03308677300810814
0.05210511013865471, 0.03522910922765732
0.04125787690281868, 0.023652376607060432
0.038305457681417465, 0.03390301391482353
0.07278648018836975, 0.039486661553382874
0.05708073824644089, 0.026705637574195862
0.0382726714015007, 0.028114214539527893
0.05029343441128731, 0.021811161190271378
0.04187346249818802, 0.027598394080996513
0.03008527308702469, 0.0216047503054142
0.033438634127378464, 0.024951143190264702
0.031297653913497925, 0.01952844299376011
0.039007652550935745, 0.02260470576584339
0.043172288686037064, 0.023360485211014748
0.03343132138252258, 0.024474147707223892
0.03784579783678055, 0.03703306242823601
0.050327565521001816, 0.02959204651415348
0.026547053828835487, 0.019308751448988914
0.020325010642409325, 0.014017249457538128
0.06545771658420563, 0.03105749934911728
0.045014236122369766, 0.03127460554242134
0.05663294345140457, 0.034900963306427
0.037119537591934204, 0.023876981809735298
0.03394269570708275, 0.018942590802907944
0.04673647880554199, 0.03476652875542641
0.0679202452301979, 0.04795600846409798
0.05043301358819008, 0.03006472811102867
0.03680368512868881, 0.021806521341204643
0.029660407453775406, 0.02429722063243389
0.041277606040239334, 0.030273450538516045
0.0374070480465889, 0.025293169543147087
0.03943072259426117, 0.019131522625684738
0.024567879736423492, 0.013932122848927975
0.03808977082371712, 0.01884588412940502
0.02875419519841671, 0.026054296642541885
0.03157028928399086, 0.020108792930841446
0.033881690353155136, 0.020903879776597023
0.0361761637032032, 0.02323470450937748
0.027525944635272026, 0.018699955195188522
0.03189252316951752, 0.024829596281051636
0.02410956285893917, 0.023627297952771187
0.042060643434524536, 0.026790358126163483
0.03827739506959915, 0.031124193221330643
0.053845662623643875, 0.028529252856969833
0.05386931449174881, 0.03186473250389099
0.05114280432462692, 0.04429735615849495
0.045628342777490616, 0.028781196102499962
0.031147871166467667, 0.026961475610733032
0.04295815899968147, 0.028853559866547585
0.03528701141476631, 0.024080118164420128
0.04169692471623421, 0.026808910071849823
0.03778054937720299, 0.030008681118488312
0.04324439540505409, 0.03189901262521744
0.04122621938586235, 0.025308882817626
0.03665618225932121, 0.020894672721624374
0.04497253894805908, 0.03721367567777634
0.03420105576515198, 0.028981242328882217
0.02932814136147499, 0.019858788698911667
0.05264757201075554, 0.03784264251589775
0.03788769245147705, 0.021523308008909225
0.04249219968914986, 0.03405073657631874
0.029289865866303444, 0.01854492537677288
0.026550883427262306, 0.019827380776405334
0.04457564651966095, 0.026290543377399445
0.029119091108441353, 0.020891882479190826
0.026388045400381088, 0.01654493249952793
0.03924129903316498, 0.028377918526530266
0.036523379385471344, 0.02575041353702545
0.0432087667286396, 0.0357951857149601
0.03402983024716377, 0.023570522665977478
0.03066137805581093, 0.017870234325528145
0.03869935870170593, 0.0313580222427845
0.03450122848153114, 0.025575628504157066
0.035476863384246826, 0.022997727617621422
0.03997461125254631, 0.03355412185192108
0.03362740948796272, 0.02893865294754505
0.034588564187288284, 0.01738503947854042
0.03534911200404167, 0.021796269342303276
0.040211278945207596, 0.02878410555422306
0.04658025503158569, 0.03895033895969391
0.04047086834907532, 0.032214291393756866
0.040110766887664795, 0.027069777250289917
0.05224592983722687, 0.026194613426923752
0.04035535082221031, 0.02392854541540146
0.05506878346204758, 0.032521624118089676
0.041474808007478714, 0.041158277541399
0.0295373797416687, 0.029024122282862663
0.04607667028903961, 0.0373554490506649
0.03407704457640648, 0.031188281252980232
0.028541965410113335, 0.020425360649824142
0.028609702363610268, 0.020527057349681854
0.036560844630002975, 0.01873968541622162
0.043464161455631256, 0.02692689187824726
0.04939984530210495, 0.034840457141399384
0.03761366382241249, 0.025692960247397423
0.04685039818286896, 0.03665352985262871
0.029585616663098335, 0.018101144582033157
0.06794682890176773, 0.038196198642253876
0.0665411427617073, 0.052639950066804886
0.03846565634012222, 0.035673968493938446
0.04473467171192169, 0.03934106230735779
0.04200877994298935, 0.029780399054288864
0.03273463621735573, 0.023921571671962738
0.051607150584459305, 0.04033057019114494
0.06835822016000748, 0.040768757462501526
0.061000604182481766, 0.035691529512405396
0.038731709122657776, 0.02395797334611416
0.028829816728830338, 0.02259768918156624
0.016716521233320236, 0.012698473408818245
0.03284122422337532, 0.021377336233854294
0.03936370089650154, 0.028820952400565147
0.040047015994787216, 0.03839767724275589
0.03500138595700264, 0.02044655755162239
0.03441870957612991, 0.020449288189411163
0.0516701377928257, 0.03440822288393974
0.04579548165202141, 0.019413284957408905
0.028918111696839333, 0.016676176339387894
0.03475837782025337, 0.023654047399759293
0.07273027300834656, 0.04283326491713524
0.07839527726173401, 0.049858227372169495
0.08096630871295929, 0.04144492372870445
0.11574576795101166, 0.0690135583281517
0.10074678808450699, 0.04621985927224159
0.04253843426704407, 0.02696238085627556
0.03594551235437393, 0.034929197281599045
0.04315878823399544, 0.0301494300365448
0.05831494554877281, 0.025193654000759125
0.04474876448512077, 0.03578145056962967
0.02776331827044487, 0.017376549541950226
0.03921259567141533, 0.025425955653190613
0.038753408938646317, 0.021095240488648415
0.024607175961136818, 0.02212880551815033
0.025703677907586098, 0.021126780658960342
0.02789512276649475, 0.022825611755251884
0.04087987169623375, 0.02688741683959961
0.05398353189229965, 0.032151639461517334
0.04221204295754433, 0.027656856924295425
0.044925060123205185, 0.02210370823740959
0.04111098870635033, 0.02873680554330349
0.05422181263566017, 0.030452148988842964
0.0463109090924263, 0.03115198016166687
0.03827286139130592, 0.02181650698184967
0.04623595252633095, 0.03554916009306908
0.023613089695572853, 0.01944080740213394
0.027456071227788925, 0.02254146710038185
0.03074575774371624, 0.027110766619443893
0.05203728750348091, 0.03901080787181854
0.05527583137154579, 0.03237523138523102
0.040158480405807495, 0.03062848001718521
0.03848661854863167, 0.026200301945209503
0.06781915575265884, 0.044835083186626434
0.05914335325360298, 0.04269085079431534
0.06756481528282166, 0.050420526415109634
0.04460595175623894, 0.01994217000901699
0.061170127242803574, 0.040894340723752975
0.06123525649309158, 0.0448286198079586
0.06356380134820938, 0.051316555589437485
0.02678772062063217, 0.026366671547293663
0.02972632646560669, 0.024940159171819687
0.03791392594575882, 0.03375639393925667
0.02972639910876751, 0.027106720954179764
0.04745939001441002, 0.030780548229813576
0.04567330703139305, 0.024698255583643913
0.03530490770936012, 0.027564480900764465
0.04011576250195503, 0.03458710014820099
0.03664610907435417, 0.027729801833629608
0.035479605197906494, 0.02190072275698185
0.038755424320697784, 0.022388940677046776
0.03488074615597725, 0.02355857752263546
0.03473949432373047, 0.02889396622776985
0.06320566684007645, 0.03617062419652939
0.031170597299933434, 0.01610969752073288
0.04924726113677025, 0.0284245777875185
0.05760892853140831, 0.036030955612659454
0.045274410396814346, 0.026778165251016617
0.04260695353150368, 0.025659998878836632
0.05311744287610054, 0.029366858303546906
0.04365234449505806, 0.03323076665401459
0.05730218440294266, 0.03896202892065048
0.04980938881635666, 0.031952276825904846
0.04243018850684166, 0.031487222760915756
0.05037951469421387, 0.029705310240387917
0.04518483951687813, 0.031334083527326584
0.03738243877887726, 0.026042118668556213
0.04965151101350784, 0.037319671362638474
0.030882451683282852, 0.022468745708465576
0.041024841368198395, 0.024097759276628494
0.044520359486341476, 0.023499809205532074
0.025558551773428917, 0.01623208448290825
0.051838602870702744, 0.03685689717531204
0.03693421185016632, 0.03326576203107834
0.039800845086574554, 0.02203979715704918
0.057325635105371475, 0.03737356886267662
0.035439036786556244, 0.02262849174439907
0.03983699157834053, 0.024484355002641678
0.03946727514266968, 0.027803543955087662
0.0607762411236763, 0.028031840920448303
0.049319617450237274, 0.03720707818865776
0.03339875862002373, 0.03498620539903641
0.03411470726132393, 0.032104022800922394
0.02693204954266548, 0.025456491857767105
0.04464950039982796, 0.027507903054356575
0.04993348941206932, 0.04394117742776871
0.05838455259799957, 0.037193819880485535
0.031285591423511505, 0.024481669068336487
0.05125598981976509, 0.02311723120510578
0.05972916632890701, 0.04469045251607895
0.049673743546009064, 0.030313614755868912
0.024539867416024208, 0.026656288653612137
0.07295528799295425, 0.04403291642665863
0.029161997139453888, 0.031623322516679764
0.02541845105588436, 0.018385987728834152
0.03596413508057594, 0.024965934455394745
0.029169049113988876, 0.025664635002613068
0.04798431694507599, 0.03169039636850357
0.032345954328775406, 0.0206250362098217
0.061341192573308945, 0.035756681114435196
0.05643407627940178, 0.03886157274246216
0.0695461556315422, 0.03799748420715332
0.03990311548113823, 0.03065907396376133
0.03840751200914383, 0.02582552842795849
0.02682805247604847, 0.01765916496515274
0.031826723366975784, 0.01894238591194153
0.035815756767988205, 0.020763345062732697
0.03664245083928108, 0.02633434720337391
0.02926103211939335, 0.025623390451073647
0.0389435775578022, 0.020655618980526924
0.03373708575963974, 0.027535956352949142
0.03839867562055588, 0.027854589745402336
0.035964906215667725, 0.0418129600584507
0.040463075041770935, 0.030143430456519127
0.03492040932178497, 0.015137668699026108
0.026915380731225014, 0.017977586016058922
0.03940940648317337, 0.02559409849345684
0.05856751650571823, 0.04156014695763588
0.052206218242645264, 0.03576409071683884
0.04697138071060181, 0.028164202347397804
0.03288160637021065, 0.02591741643846035
0.04790814593434334, 0.03005237691104412
0.037123799324035645, 0.024887658655643463
0.03662305697798729, 0.03134911134839058
0.059919197112321854, 0.03233209252357483
0.06377089023590088, 0.03811151906847954
0.04098597168922424, 0.028532924130558968
0.028119375929236412, 0.01999809965491295
0.08278527110815048, 0.04554513841867447
0.08243285864591599, 0.0491863377392292
0.041146423667669296, 0.03126581385731697
0.035568397492170334, 0.024172930046916008
0.03783033788204193, 0.025116166099905968
0.04011781886219978, 0.022277632728219032
0.06342871487140656, 0.04063430801033974
0.078764408826828, 0.03604168817400932
0.06632611155509949, 0.03844752907752991
0.04465364292263985, 0.029305610805749893
0.032282549887895584, 0.01958581618964672
0.0358213372528553, 0.026135386899113655
0.04124089330434799, 0.02765124849975109
0.05056842043995857, 0.032242897897958755
0.06227691471576691, 0.02142624743282795
0.031620774418115616, 0.028387051075696945
0.04685834050178528, 0.027843400835990906
0.03760730102658272, 0.022001272067427635
0.0406540147960186, 0.026481131091713905
0.06175083667039871, 0.034699514508247375
0.05858208239078522, 0.0347200371325016
0.037951160222291946, 0.02657345123589039
0.05718160420656204, 0.030747562646865845
0.05538273602724075, 0.030228842049837112
0.04775769263505936, 0.030445078387856483
0.042273759841918945, 0.03739503398537636
0.0567469596862793, 0.03574972599744797
0.0331491157412529, 0.02938202954828739
0.0350942499935627, 0.02088303305208683
0.03216024115681648, 0.03690497204661369
0.045377157628536224, 0.03220553323626518
0.03126521036028862, 0.022313710302114487
0.03494639694690704, 0.029939575120806694
0.02718491293489933, 0.018778612837195396
0.024203181266784668, 0.017657004296779633
0.057320620864629745, 0.030075382441282272
0.03334953635931015, 0.024066166952252388
0.04020143672823906, 0.027391497045755386
0.06464976072311401, 0.027229001745581627
0.029660651460289955, 0.027161411941051483
0.03781099244952202, 0.025469519197940826
0.051242802292108536, 0.030408214777708054
0.06831702589988708, 0.04083060473203659
0.067915178835392, 0.039192598313093185
0.07196301966905594, 0.03825283795595169
0.04928412288427353, 0.029912777245044708
0.02753923088312149, 0.013093975372612476
0.028398288413882256, 0.018072742968797684
0.058972086757421494, 0.025497863069176674
0.062449146062135696, 0.03942393511533737
0.06542636454105377, 0.02473776414990425
0.05605494976043701, 0.027287017554044724
0.04427796229720116, 0.02655312791466713
0.06000638008117676, 0.040442775934934616
0.031119802966713905, 0.02587268315255642
0.043009400367736816, 0.03786172717809677
0.03362562134861946, 0.02454758808016777
0.042668092995882034, 0.026703154668211937
0.050344932824373245, 0.033282116055488586
0.05601014196872711, 0.04635051265358925
0.07338188588619232, 0.05033407732844353
0.04307327792048454, 0.031145276501774788
0.03573593869805336, 0.021840279921889305
0.031074443832039833, 0.031231235712766647
0.054887011647224426, 0.02583943121135235
0.047714248299598694, 0.02733418345451355
0.023572612553834915, 0.016797665506601334
0.03934232145547867, 0.027883190661668777
0.04870359227061272, 0.03235257416963577
0.033281952142715454, 0.020488504320383072
0.04826699569821358, 0.03127077966928482
0.05698437988758087, 0.03998444974422455
0.039874929934740067, 0.030733687803149223
0.049753300845623016, 0.03741006180644035
0.04592428356409073, 0.022539587691426277
0.03434139862656593, 0.019969921559095383
0.03812813386321068, 0.030287031084299088
0.05514179915189743, 0.03235925734043121
0.06090914458036423, 0.03486304730176926
0.05860712006688118, 0.03722168505191803
0.05334934964776039, 0.03546156734228134
0.065625861287117, 0.029922574758529663
0.0355243980884552, 0.024768231436610222
0.03365117684006691, 0.028146004304289818
0.04180033877491951, 0.03386934474110603
0.033468570560216904, 0.02193070948123932
0.03537215664982796, 0.025055943056941032
0.05805138126015663, 0.02923652157187462
0.05488359183073044, 0.02847554162144661
0.07307962328195572, 0.03559301048517227
0.05598596855998039, 0.03165683522820473
0.05917239934206009, 0.041603121906518936
0.05384854972362518, 0.036240674555301666
0.039699751883745193, 0.035605136305093765
0.035562530159950256, 0.028878625482320786
0.05290907248854637, 0.028717463836073875
0.05583576485514641, 0.03626454249024391
0.04588101804256439, 0.029411446303129196
0.029466377571225166, 0.018305908888578415
0.047765523195266724, 0.023890992626547813
0.04279637709259987, 0.036360468715429306
0.0511581115424633, 0.03614918515086174
0.04423375800251961, 0.027787096798419952
0.04849417507648468, 0.03836527094244957
0.04644561558961868, 0.029256649315357208
0.0655253604054451, 0.0383031852543354
0.04480905830860138, 0.034420739859342575
0.04779160022735596, 0.035023801028728485
0.024487830698490143, 0.02471187710762024
0.053974103182554245, 0.03069465607404709
0.025350477546453476, 0.024089666083455086
0.020994070917367935, 0.01654846780002117
0.039316415786743164, 0.019517209380865097
0.02877284772694111, 0.021541908383369446
0.035568967461586, 0.02675970457494259
0.043016377836465836, 0.035116951912641525
0.026526080444455147, 0.02058805152773857
0.03372927010059357, 0.024373918771743774
0.034434303641319275, 0.019563306123018265
0.030865758657455444, 0.023356512188911438
0.045708104968070984, 0.028145158663392067
0.08149969577789307, 0.06665369868278503
0.0861697718501091, 0.0496504083275795
0.06579805910587311, 0.0441671758890152
0.03563905879855156, 0.023359864950180054
0.050140731036663055, 0.02636667899787426
0.044852886348962784, 0.032382749021053314
0.0402308851480484, 0.031075740233063698
0.03498763218522072, 0.02773253247141838
0.04349248856306076, 0.028477339074015617
0.03962717950344086, 0.028811536729335785
0.035773806273937225, 0.02764982543885708
0.02145572565495968, 0.020311027765274048
0.04183320701122284, 0.036458246409893036
0.026774996891617775, 0.015664968639612198
0.05712413042783737, 0.03149500489234924
0.03924247622489929, 0.03313596919178963
0.04098163917660713, 0.03345388546586037
0.03882136568427086, 0.029502389952540398
0.037938158959150314, 0.030998246744275093
0.03708852082490921, 0.02886050194501877
0.05413341149687767, 0.04071794077754021
0.06495855003595352, 0.0439460314810276
0.050115663558244705, 0.030575349926948547
