mean, std
0.19416780769824982, 0.05202125757932663
0.15796393156051636, 0.026134785264730453
0.16016729176044464, 0.04614652693271637
0.07931104302406311, 0.024905579164624214
0.049298860132694244, 0.01638534665107727
0.036938294768333435, 0.015514975413680077
0.03737208619713783, 0.01596016064286232
0.02576238103210926, 0.013064350932836533
0.02515113539993763, 0.009751370176672935
0.023723477497696877, 0.009269828908145428
0.02852659486234188, 0.008892346173524857
0.02326877973973751, 0.007295290008187294
0.024760663509368896, 0.008206061087548733
0.023158786818385124, 0.007657553534954786
0.026201926171779633, 0.008757967501878738
0.024439608678221703, 0.007399711757898331
0.019937386736273766, 0.005560770630836487
0.019455034285783768, 0.005238624755293131
0.02746785245835781, 0.010269366204738617
0.024706164374947548, 0.0058649019338190556
0.02531522698700428, 0.007531203795224428
0.02908998355269432, 0.005050200037658215
0.031203819438815117, 0.008225565776228905
0.032896269112825394, 0.010198702104389668
0.03204157575964928, 0.009074638597667217
0.02998453751206398, 0.008462573401629925
0.032270397990942, 0.009079125709831715
0.035638779401779175, 0.010875677689909935
0.04397662356495857, 0.01314319483935833
0.04518647864460945, 0.014678683131933212
0.04435493424534798, 0.01147065032273531
0.03859797865152359, 0.01459845807403326
0.05088719725608826, 0.014961917884647846
0.05729237571358681, 0.02486403100192547
0.052304644137620926, 0.01925738714635372
0.04966859146952629, 0.013491526246070862
0.06264464557170868, 0.022907303646206856
0.08866656571626663, 0.026468217372894287
0.10616854578256607, 0.0427493155002594
0.06806845963001251, 0.02671772986650467
0.06885206699371338, 0.02785564586520195
0.08530508726835251, 0.029845334589481354
0.0843154564499855, 0.028977354988455772
0.1081911101937294, 0.029644906520843506
0.09775511920452118, 0.023378103971481323
0.09363122284412384, 0.030909651890397072
0.0950123518705368, 0.03302028402686119
0.11063775420188904, 0.041736990213394165
0.09451238065958023, 0.04077577963471413
0.10150251537561417, 0.03043532185256481
0.11070328950881958, 0.027878034859895706
0.1299883872270584, 0.03571009635925293
0.11863924562931061, 0.026846541091799736
0.12141702324151993, 0.032121434807777405
0.13801978528499603, 0.03628884628415108
0.14731819927692413, 0.03135964274406433
0.14964179694652557, 0.05307824909687042
0.1405930072069168, 0.04366264492273331
0.17193709313869476, 0.06262165307998657
0.15988287329673767, 0.05827704071998596
0.13825340569019318, 0.05782916769385338
0.16713474690914154, 0.06647507846355438
0.1403079777956009, 0.031929198652505875
0.14056672155857086, 0.04108076170086861
0.16252757608890533, 0.06947539746761322
0.1560208946466446, 0.03690792992711067
0.17501796782016754, 0.07005547732114792
0.1421406865119934, 0.058169763535261154
0.10700535029172897, 0.03375283256173134
0.11644492298364639, 0.035091299563646317
0.12248597294092178, 0.038646649569272995
0.1321081817150116, 0.03797509893774986
0.11600180715322495, 0.03252824768424034
0.11441269516944885, 0.024350931867957115
0.12568683922290802, 0.031991977244615555
0.11404289305210114, 0.022510390728712082
0.1485780030488968, 0.045139130204916
0.17517459392547607, 0.08622871339321136
0.1358756124973297, 0.048696357756853104
0.1227409616112709, 0.043549541383981705
0.12860670685768127, 0.041414227336645126
0.14975133538246155, 0.05339999869465828
0.1344185471534729, 0.026038143783807755
0.12973512709140778, 0.04305626451969147
0.12022276967763901, 0.034939300268888474
0.13422183692455292, 0.05006643012166023
0.11834406852722168, 0.028978336602449417
0.12246257811784744, 0.049345772713422775
0.12032946199178696, 0.04160267114639282
0.12040405720472336, 0.03669463098049164
0.1066199541091919, 0.030076010152697563
0.12254750728607178, 0.03211502730846405
0.11661985516548157, 0.04315418750047684
0.11770752817392349, 0.0551847480237484
0.14681410789489746, 0.06538532674312592
0.13145101070404053, 0.04376848042011261
0.12516801059246063, 0.03840060904622078
0.12965762615203857, 0.032355811446905136
0.13931293785572052, 0.04668580740690231
0.12606918811798096, 0.036905281245708466
0.1257430613040924, 0.04515473544597626
0.10035068541765213, 0.020575912669301033
0.13942375779151917, 0.06221131607890129
0.11384717375040054, 0.029163029044866562
0.13479633629322052, 0.047418057918548584
0.14639626443386078, 0.037348486483097076
0.11958716064691544, 0.03970940038561821
0.12842504680156708, 0.05368199199438095
0.1749543398618698, 0.055692318826913834
0.15810509026050568, 0.05117669701576233
0.12156069278717041, 0.03702985495328903
0.12815499305725098, 0.03809649497270584
0.13336089253425598, 0.03142183646559715
0.14727911353111267, 0.04498269036412239
0.12488619238138199, 0.0347830094397068
0.13115860521793365, 0.05870960280299187
0.11974778771400452, 0.03655628487467766
0.1255328357219696, 0.03490908443927765
0.10571401566267014, 0.027819382026791573
0.12753130495548248, 0.029969993978738785
0.12313948571681976, 0.05056845769286156
0.09931586682796478, 0.025572214275598526
0.1290714591741562, 0.036209702491760254
0.10133609175682068, 0.023128053173422813
0.0918237641453743, 0.028941307216882706
0.1344621628522873, 0.04375624284148216
0.13084734976291656, 0.03381067514419556
0.11481551080942154, 0.029491592198610306
0.1105773001909256, 0.029013732448220253
0.1250925213098526, 0.04382934421300888
0.13830764591693878, 0.04528926685452461
0.11940119415521622, 0.04012751579284668
0.11147214472293854, 0.04360814392566681
0.116154246032238, 0.0359642319381237
0.13792820274829865, 0.04610444977879524
0.11960414052009583, 0.03261381760239601
0.10685596615076065, 0.02633955329656601
0.1138799712061882, 0.040330126881599426
0.12799978256225586, 0.045251525938510895
0.16410763561725616, 0.05655979365110397
0.09978215396404266, 0.03314949944615364
0.1021043062210083, 0.03598505258560181
0.10517231374979019, 0.023553919047117233
0.11141572147607803, 0.03940237686038017
0.09685802459716797, 0.031146397814154625
0.11444739252328873, 0.031147025525569916
0.09956907480955124, 0.034070324152708054
0.13521917164325714, 0.04083801060914993
0.13009105622768402, 0.03303591534495354
0.13259907066822052, 0.03912058472633362
0.1332615613937378, 0.021634938195347786
0.13257434964179993, 0.041833605617284775
0.11345098912715912, 0.03477078303694725
0.12562422454357147, 0.04159767925739288
0.11168359220027924, 0.03175578638911247
0.10393014550209045, 0.03196902573108673
0.12161741405725479, 0.033070776611566544
0.0941409096121788, 0.021498441696166992
0.10742911696434021, 0.02024749293923378
0.12067677080631256, 0.03639233857393265
0.13107585906982422, 0.04057614132761955
0.0936814397573471, 0.017716800794005394
0.12297575920820236, 0.025828231126070023
0.12341104447841644, 0.030320217832922935
0.1670593023300171, 0.051120907068252563
0.12874054908752441, 0.03500374034047127
0.0979149341583252, 0.035386014729738235
0.10755864530801773, 0.03268124535679817
0.10026637464761734, 0.029399842023849487
0.10831061005592346, 0.02557888627052307
0.09073114395141602, 0.022806065157055855
0.1210642009973526, 0.041735660284757614
0.11632765829563141, 0.032280076295137405
0.0949430987238884, 0.021730976179242134
0.10450847446918488, 0.01755261979997158
0.13171949982643127, 0.04166131839156151
0.1534722000360489, 0.044473011046648026
0.13190099596977234, 0.0437876395881176
0.12836483120918274, 0.04315754398703575
0.12014380097389221, 0.036288369446992874
0.12324980646371841, 0.03279219940304756
0.11934411525726318, 0.04077184200286865
0.12119327485561371, 0.026111161336302757
0.12410736083984375, 0.05121247097849846
0.12505578994750977, 0.03913670778274536
0.09973043948411942, 0.0240873321890831
0.10329394787549973, 0.036819588392972946
0.09741951525211334, 0.03375251963734627
0.09601478278636932, 0.023738952353596687
0.11188323050737381, 0.03466000780463219
0.1240953579545021, 0.03301764279603958
0.11645056307315826, 0.02999226376414299
0.11583755165338516, 0.03614833950996399
0.11429665237665176, 0.03897493705153465
0.1070212572813034, 0.029086682945489883
0.0973869040608406, 0.020411808043718338
0.10832087695598602, 0.022773075848817825
0.10792747884988785, 0.035307951271533966
0.09945309162139893, 0.02436657063663006
0.10998932272195816, 0.021710749715566635
0.132634699344635, 0.05026407167315483
0.10785938054323196, 0.028663719072937965
0.11049395054578781, 0.03699101135134697
0.12086500227451324, 0.03232679143548012
0.11315669119358063, 0.03459426760673523
0.11508629471063614, 0.03543750196695328
0.09123354405164719, 0.02697340026497841
0.09636799246072769, 0.030315343290567398
0.10092305392026901, 0.03772074729204178
0.10558999329805374, 0.020209264010190964
0.0948786810040474, 0.02713119238615036
0.09976475685834885, 0.03167266771197319
0.12772297859191895, 0.0324823223054409
0.11697488278150558, 0.03854335844516754
0.12044604867696762, 0.03432566672563553
0.15188148617744446, 0.05093039572238922
0.14704927802085876, 0.04264760762453079
0.11319611221551895, 0.034337274730205536
0.10643915086984634, 0.029455553740262985
0.10954843461513519, 0.03264221176505089
0.12194304913282394, 0.03566448763012886
0.09670580923557281, 0.01856529712677002
0.09115864336490631, 0.02273775264620781
0.09369175881147385, 0.02346147410571575
0.10880870372056961, 0.037435922771692276
0.0991266742348671, 0.03063358925282955
0.10035080462694168, 0.02672896534204483
0.11534585058689117, 0.02854272723197937
0.10449519753456116, 0.03136907145380974
0.11584842205047607, 0.03956635668873787
0.10751243680715561, 0.03755057975649834
0.10198120027780533, 0.01739346608519554
0.09190241247415543, 0.0387069508433342
0.14485542476177216, 0.07411627471446991
0.10155991464853287, 0.034771379083395004
0.1087275892496109, 0.03171629458665848
0.0866926982998848, 0.02597161941230297
0.09727859497070312, 0.01917271316051483
0.10886763036251068, 0.03123128041625023
0.10995683073997498, 0.03132576495409012
0.09887280315160751, 0.01855955272912979
0.11892054975032806, 0.03295839950442314
0.1188657283782959, 0.044238533824682236
0.10638917237520218, 0.026549655944108963
0.10260029882192612, 0.03375398740172386
0.09473532438278198, 0.020454853773117065
0.11859849095344543, 0.03148116171360016
0.11507084965705872, 0.035390667617321014
0.11852715909481049, 0.0428413487970829
0.11335112154483795, 0.02666259929537773
0.12512776255607605, 0.036702729761600494
0.10184019804000854, 0.03430740907788277
0.12206203490495682, 0.034626588225364685
0.1162269115447998, 0.0394434854388237
0.12796005606651306, 0.05240652710199356
0.14713846147060394, 0.05436857044696808
0.1221446618437767, 0.05478820204734802
0.11532667279243469, 0.028043923899531364
0.13939550518989563, 0.040370311588048935
0.13413238525390625, 0.04211857542395592
0.1465386003255844, 0.04665507376194
0.12583379447460175, 0.0413375049829483
0.16584524512290955, 0.06758853048086166
0.14994437992572784, 0.06542801111936569
0.10474248230457306, 0.025150422006845474
0.12094090133905411, 0.03838353604078293
0.11988738179206848, 0.039606958627700806
0.13737235963344574, 0.0493127815425396
0.09912119060754776, 0.025910310447216034
0.10307039320468903, 0.027002761140465736
0.10349392145872116, 0.038303691893815994
0.14182405173778534, 0.048810992389917374
0.13893058896064758, 0.05364925414323807
0.104426309466362, 0.028802994638681412
0.10983976721763611, 0.04050258547067642
0.11472830921411514, 0.04013809189200401
0.09479697793722153, 0.025583548471331596
0.10338429361581802, 0.021027056500315666
0.10652760416269302, 0.04521763697266579
0.10945142805576324, 0.038453273475170135
0.08840633183717728, 0.029670918360352516
0.16088731586933136, 0.056052666157484055
0.14149104058742523, 0.050914183259010315
0.13572587072849274, 0.03498191013932228
0.1312544047832489, 0.04633978009223938
0.12140337377786636, 0.04233487322926521
0.11909559369087219, 0.02932632900774479
0.13035710155963898, 0.03777686879038811
0.11820973455905914, 0.037249136716127396
0.12518227100372314, 0.05689089372754097
0.1339375525712967, 0.04963064193725586
0.1283903419971466, 0.027928700670599937
0.14580339193344116, 0.04819893464446068
0.13023027777671814, 0.027008943259716034
0.11869031935930252, 0.04646199196577072
0.1315876990556717, 0.03778203949332237
0.11290738731622696, 0.04246506839990616
0.11761587113142014, 0.037701815366744995
0.11618338525295258, 0.04497380554676056
0.1264660656452179, 0.045710161328315735
0.15232126414775848, 0.04810580983757973
0.16455569863319397, 0.05204014107584953
0.14686830341815948, 0.0613824762403965
0.1262088119983673, 0.047577280551195145
0.11966897547245026, 0.030513238161802292
0.13094429671764374, 0.04588117077946663
0.14146360754966736, 0.045665446668863297
0.12258696556091309, 0.04919135943055153
0.11432865262031555, 0.03437900170683861
0.14072902500629425, 0.05858201906085014
0.1133781149983406, 0.029423562809824944
0.11432298272848129, 0.028145020827651024
0.12199650704860687, 0.041269198060035706
0.12552028894424438, 0.03271494060754776
0.15983445942401886, 0.07085270434617996
0.09865859150886536, 0.02284524030983448
0.1337689757347107, 0.05221852660179138
0.12934640049934387, 0.046364862471818924
0.15040679275989532, 0.04318597912788391
0.10164116322994232, 0.02397901937365532
0.15539909899234772, 0.05713335797190666
0.14311912655830383, 0.030589427798986435
0.16885323822498322, 0.056005340069532394
0.1391274482011795, 0.031049346551299095
0.15337230265140533, 0.06293869763612747
0.10953658074140549, 0.033577654510736465
0.11200407892465591, 0.033651623874902725
0.11565400660037994, 0.030863121151924133
0.15655936300754547, 0.055678028613328934
0.18118436634540558, 0.06507572531700134
0.14013847708702087, 0.04140700399875641
0.14955222606658936, 0.05270753428339958
0.18836557865142822, 0.06661204993724823
0.1626863330602646, 0.08508321642875671
0.14015616476535797, 0.03357906639575958
0.16711249947547913, 0.04051799699664116
0.14458662271499634, 0.04156264662742615
0.12308667600154877, 0.034388549625873566
0.14744311571121216, 0.04893173277378082
0.12654176354408264, 0.04863211512565613
0.15153023600578308, 0.04359577223658562
0.1488509476184845, 0.05083242803812027
0.12555724382400513, 0.04712541773915291
0.14856499433517456, 0.050427526235580444
0.1254437118768692, 0.027846163138747215
0.12927459180355072, 0.0442243292927742
0.1423908919095993, 0.04697275534272194
0.12284362316131592, 0.032347939908504486
0.11983397603034973, 0.03432869166135788
0.15118783712387085, 0.0693885087966919
0.17787481844425201, 0.05126866698265076
0.19120727479457855, 0.0657791942358017
0.15233275294303894, 0.0493566170334816
0.13445782661437988, 0.045017093420028687
0.13909021019935608, 0.03404180333018303
0.13375134766101837, 0.05374046787619591
0.1583506464958191, 0.05367713421583176
0.13257990777492523, 0.04228748381137848
0.13195833563804626, 0.036496132612228394
0.11960289627313614, 0.03775139898061752
0.15110719203948975, 0.04502153769135475
0.11351057142019272, 0.02173391357064247
0.13316889107227325, 0.03235311433672905
0.12845921516418457, 0.035693082958459854
0.12102750688791275, 0.031814493238925934
0.12509627640247345, 0.02784912660717964
0.1637151539325714, 0.057047583162784576
0.12698376178741455, 0.020277343690395355
0.1371701955795288, 0.044527243822813034
0.16704602539539337, 0.05349380522966385
0.13069504499435425, 0.035588108003139496
0.1441473364830017, 0.05122755095362663
0.12326756864786148, 0.03953322395682335
0.12686771154403687, 0.029504286125302315
0.11791087687015533, 0.03154362738132477
0.13304880261421204, 0.039930932223796844
0.12574125826358795, 0.03758303448557854
0.13251172006130219, 0.05149022489786148
0.13042964041233063, 0.06697145849466324
0.1126495897769928, 0.0330304354429245
0.13620424270629883, 0.045063186436891556
0.13890238106250763, 0.02843027375638485
0.12989915907382965, 0.050571613013744354
0.12918712198734283, 0.02934500388801098
0.16800649464130402, 0.041584573686122894
0.12995846569538116, 0.033247727900743484
0.12776069343090057, 0.04269199073314667
0.13940158486366272, 0.04820876196026802
0.1353558748960495, 0.03162007033824921
0.10794590413570404, 0.0238457340747118
0.14032383263111115, 0.04111512377858162
0.1925245225429535, 0.0714094489812851
0.16503173112869263, 0.05931597948074341
0.12259617447853088, 0.03684714809060097
0.11856407672166824, 0.025327421724796295
0.12757086753845215, 0.03926585614681244
0.12493625283241272, 0.030246246606111526
0.13051676750183105, 0.04335611313581467
0.12530949711799622, 0.031233519315719604
0.14571799337863922, 0.05272051692008972
0.12272294610738754, 0.04008853808045387
0.1439955085515976, 0.039211902767419815
0.12831491231918335, 0.045902907848358154
0.14032965898513794, 0.05408714339137077
0.11499100178480148, 0.025248343124985695
0.14012223482131958, 0.03649719059467316
0.12172077596187592, 0.03360157459974289
0.15603719651699066, 0.06572476029396057
0.14032891392707825, 0.053613174706697464
0.12332156300544739, 0.03317740187048912
0.12895213067531586, 0.04199179261922836
0.15400353074073792, 0.04696422815322876
0.1494607776403427, 0.03249116986989975
0.14547616243362427, 0.028786854818463326
0.12625890970230103, 0.03306930139660835
0.14064693450927734, 0.042300913482904434
0.1273992657661438, 0.03652944415807724
0.14216870069503784, 0.04511129483580589
0.11526215076446533, 0.030896270647644997
0.13382931053638458, 0.04628104344010353
0.14135730266571045, 0.0430380217730999
0.17943084239959717, 0.05119047313928604
0.13714082539081573, 0.043686408549547195
0.15246520936489105, 0.06938900053501129
0.13880784809589386, 0.054368700832128525
0.14580771327018738, 0.05341614410281181
0.1458515226840973, 0.04510892927646637
0.133369579911232, 0.03406689316034317
0.13723215460777283, 0.0376647487282753
0.20841079950332642, 0.06909864395856857
0.13930638134479523, 0.03486046940088272
0.1218397244811058, 0.03554803878068924
0.12594488263130188, 0.037689171731472015
0.15756233036518097, 0.043642476201057434
0.11178844422101974, 0.027163643389940262
0.12387175112962723, 0.05350513011217117
0.14035458862781525, 0.04968028888106346
0.15043170750141144, 0.07349150627851486
0.15155775845050812, 0.04037695750594139
0.14221492409706116, 0.02701517567038536
0.13431620597839355, 0.027955355122685432
0.11955572664737701, 0.04142894595861435
0.14878585934638977, 0.03738430142402649
0.13518068194389343, 0.05146412178874016
0.12177010625600815, 0.028061335906386375
0.11682432144880295, 0.039541665464639664
0.12457317858934402, 0.03458856791257858
0.12429315596818924, 0.0343090258538723
0.16143672168254852, 0.05757772922515869
0.13214737176895142, 0.036458536982536316
0.18623512983322144, 0.07015371322631836
0.13122491538524628, 0.04853309318423271
0.16883665323257446, 0.07220418751239777
0.1322222501039505, 0.04986221715807915
0.13814832270145416, 0.037280526012182236
0.14879046380519867, 0.049228403717279434
0.13649612665176392, 0.03909049928188324
0.11764860153198242, 0.03581612929701805
0.1353258341550827, 0.05687470734119415
0.12667758762836456, 0.033749472349882126
0.12533940374851227, 0.03488636389374733
0.13742829859256744, 0.04603542387485504
0.16193710267543793, 0.05614890530705452
0.17419619858264923, 0.07877393811941147
0.16335976123809814, 0.05442497506737709
0.14805343747138977, 0.03861381486058235
0.12931975722312927, 0.030643105506896973
0.13415147364139557, 0.04261251166462898
0.15471000969409943, 0.05218750983476639
0.15550626814365387, 0.04038242623209953
0.13846835494041443, 0.055308952927589417
0.15728339552879333, 0.06178693100810051
0.1741374135017395, 0.05558442324399948
0.16169841587543488, 0.045255403965711594
0.17231054604053497, 0.07451654970645905
0.14597967267036438, 0.06284298002719879
0.16031557321548462, 0.07182858884334564
0.15821094810962677, 0.04931828752160072
0.13198120892047882, 0.0386919230222702
0.11324412375688553, 0.03299100697040558
0.1279039829969406, 0.039004676043987274
0.17633794248104095, 0.09418509155511856
0.17732633650302887, 0.07117659598588943
0.18548648059368134, 0.07094661891460419
0.16472607851028442, 0.04364828020334244
0.15966834127902985, 0.053623851388692856
0.15719063580036163, 0.037575166672468185
0.14213383197784424, 0.03803156316280365
0.13995155692100525, 0.042706795036792755
0.13699224591255188, 0.047482676804065704
0.1426725685596466, 0.04772864654660225
0.1517668515443802, 0.06063993647694588
0.15946924686431885, 0.047300104051828384
0.14767144620418549, 0.049245938658714294
0.1411922127008438, 0.04487502574920654
0.14999161660671234, 0.03836542367935181
0.11983487755060196, 0.04074668511748314
0.13171370327472687, 0.0433867983520031
0.13796228170394897, 0.037407729774713516
0.13539697229862213, 0.0370899923145771
0.12771064043045044, 0.04603005573153496
0.15207023918628693, 0.053726471960544586
0.13770534098148346, 0.049975309520959854
0.1320641189813614, 0.031379375606775284
0.12327507883310318, 0.03035261109471321
0.14138619601726532, 0.053071387112140656
0.1765323430299759, 0.06335367262363434
0.15874020755290985, 0.05600077658891678
0.1843230128288269, 0.05388883873820305
0.13531453907489777, 0.03259796276688576
0.13382109999656677, 0.03312176465988159
0.1487218141555786, 0.03764212131500244
0.1494557112455368, 0.033822569996118546
0.12422088533639908, 0.03820931911468506
0.14457936584949493, 0.05254261940717697
0.1325904279947281, 0.04216308146715164
0.1406017541885376, 0.03614453598856926
0.1269984245300293, 0.04008197784423828
0.13084854185581207, 0.04040730744600296
0.1342686265707016, 0.039623238146305084
0.14215782284736633, 0.04366033524274826
0.12506359815597534, 0.03799329325556755
0.15921606123447418, 0.056014999747276306
0.15032817423343658, 0.0401061475276947
0.1353793442249298, 0.039646364748477936
0.157822385430336, 0.0604107566177845
0.15445956587791443, 0.04602395370602608
0.14502950012683868, 0.042952634394168854
0.1819077432155609, 0.06851109862327576
0.1594342738389969, 0.04458167031407356
0.14449773728847504, 0.060799043625593185
0.17069393396377563, 0.059150971472263336
0.13234968483448029, 0.026755761355161667
0.14466169476509094, 0.04164567589759827
0.15803153812885284, 0.05285556614398956
0.17357799410820007, 0.05912116542458534
0.13869866728782654, 0.048871103674173355
0.1253691464662552, 0.035255081951618195
0.1451265960931778, 0.052859921008348465
0.13746102154254913, 0.029417116194963455
0.14720895886421204, 0.0400175116956234
0.14174161851406097, 0.041855715215206146
0.13603636622428894, 0.0537361241877079
0.18547463417053223, 0.07597436755895615
0.19235028326511383, 0.05770013853907585
0.16142511367797852, 0.05281113088130951
0.1598450392484665, 0.03962964564561844
0.18034225702285767, 0.04810916259884834
0.1892363280057907, 0.05591046065092087
0.1561000943183899, 0.06346599757671356
0.14911840856075287, 0.03719933703541756
0.1701129525899887, 0.07849869132041931
0.14439330995082855, 0.035777218639850616
0.13346898555755615, 0.045354682952165604
0.16853919625282288, 0.05364580824971199
0.14228947460651398, 0.02841571532189846
0.12789343297481537, 0.042356688529253006
0.13808223605155945, 0.05016609653830528
0.15045413374900818, 0.04655328392982483
0.14941054582595825, 0.04597963020205498
0.14901617169380188, 0.040186986327171326
0.15743966400623322, 0.04611234366893768
0.136873260140419, 0.03330383077263832
0.14003320038318634, 0.04774188622832298
0.14092518389225006, 0.048467572778463364
0.15174132585525513, 0.05344647541642189
0.14793242514133453, 0.05330870673060417
0.1542130410671234, 0.05271104350686073
0.17021672427654266, 0.04811445251107216
0.1595190316438675, 0.03618738800287247
0.11882999539375305, 0.023479776456952095
0.13287711143493652, 0.06013471633195877
0.14087823033332825, 0.03530886024236679
0.15344293415546417, 0.04731723666191101
0.14588485658168793, 0.038719505071640015
0.11865145713090897, 0.031933512538671494
0.13554853200912476, 0.03980771824717522
0.15605853497982025, 0.048276372253894806
0.12121818959712982, 0.032812152057886124
0.14504176378250122, 0.04889605566859245
0.13690246641635895, 0.04070740193128586
0.12784281373023987, 0.0296773724257946
0.16279336810112, 0.04995955154299736
0.12381196022033691, 0.023578422144055367
0.20617344975471497, 0.07171875983476639
0.20225927233695984, 0.0795990377664566
0.17927567660808563, 0.05571383982896805
0.16729892790317535, 0.07667829841375351
0.1400333195924759, 0.039563342928886414
0.15759773552417755, 0.052591387182474136
0.15224118530750275, 0.03988894820213318
0.1704583764076233, 0.05233887955546379
0.1753494143486023, 0.039951324462890625
0.16618214547634125, 0.0442177951335907
0.17604149878025055, 0.0701148509979248
0.16965757310390472, 0.08332394063472748
0.1726631224155426, 0.05039296671748161
0.16849862039089203, 0.04948129877448082
0.16018250584602356, 0.041093386709690094
0.14062537252902985, 0.04273988679051399
0.1394769251346588, 0.029571685940027237
0.14140518009662628, 0.05474765971302986
0.15233881771564484, 0.04298833757638931
0.14356070756912231, 0.039046481251716614
0.1558399200439453, 0.0420980378985405
0.1709931641817093, 0.061260487884283066
0.14504975080490112, 0.036084555089473724
0.1276368647813797, 0.03167524188756943
0.16411490738391876, 0.06388600915670395
0.16750790178775787, 0.054827235639095306
0.17747855186462402, 0.05846525356173515
0.1367243081331253, 0.0298901479691267
0.16461005806922913, 0.03466290235519409
0.15260374546051025, 0.05357828363776207
0.12873947620391846, 0.03488784655928612
0.15010309219360352, 0.059920333325862885
0.2166835367679596, 0.08538313210010529
0.16225750744342804, 0.04792941361665726
0.18629558384418488, 0.07190845906734467
0.18519198894500732, 0.0671674907207489
0.18797455728054047, 0.06012704223394394
0.14917802810668945, 0.029078299179673195
0.15931876003742218, 0.032000429928302765
0.16437865793704987, 0.03720175847411156
0.15002237260341644, 0.03319939970970154
0.16005489230155945, 0.03936295956373215
0.1868797391653061, 0.05790569260716438
0.13332109153270721, 0.03228658065199852
0.16909566521644592, 0.051488086581230164
0.15596596896648407, 0.05020657181739807
0.12792469561100006, 0.040431227535009384
0.13530609011650085, 0.040737785398960114
0.13539624214172363, 0.03678867965936661
0.1507776975631714, 0.054031118750572205
0.14532780647277832, 0.030769547447562218
0.13660599291324615, 0.04318903014063835
0.16289754211902618, 0.05207369476556778
0.22506186366081238, 0.1001952514052391
0.15792448818683624, 0.05342897027730942
0.156161829829216, 0.042142052203416824
0.14244364202022552, 0.027355754747986794
0.1567247360944748, 0.036787357181310654
0.16894932091236115, 0.06754249334335327
0.18663454055786133, 0.05496155843138695
0.1545936018228531, 0.045274585485458374
0.15098559856414795, 0.03748215362429619
0.14719410240650177, 0.03915761783719063
0.1734207719564438, 0.07444671541452408
0.14656555652618408, 0.042220376431941986
0.12562359869480133, 0.029425786808133125
0.16065986454486847, 0.04997512698173523
0.15929359197616577, 0.06716880947351456
0.14517280459403992, 0.045976560562849045
0.20119260251522064, 0.06599459797143936
0.20558643341064453, 0.07444693148136139
0.21067318320274353, 0.0629359558224678
0.17476330697536469, 0.04725119471549988
0.1486799567937851, 0.04918339103460312
0.17498965561389923, 0.052364639937877655
0.1616990715265274, 0.047076281160116196
0.14775246381759644, 0.03915175423026085
0.16487376391887665, 0.06166345253586769
0.16771335899829865, 0.053634677082300186
0.18267293274402618, 0.055154550820589066
0.17805033922195435, 0.06232462823390961
0.17037463188171387, 0.04574156925082207
0.15192314982414246, 0.053423210978507996
0.16993437707424164, 0.06305030733346939
0.15601643919944763, 0.052125390619039536
0.15138207376003265, 0.05441846325993538
0.15531189739704132, 0.039045605808496475
0.16498753428459167, 0.03718068450689316
0.15739907324314117, 0.0760556012392044
0.18429207801818848, 0.0577363558113575
0.18847502768039703, 0.0607810914516449
0.1379438191652298, 0.04229908064007759
0.12585395574569702, 0.02604496479034424
0.15678857266902924, 0.056104034185409546
0.16069002449512482, 0.06461538374423981
0.13982510566711426, 0.03775489330291748
0.17427298426628113, 0.06173130124807358
0.15121205151081085, 0.03716396167874336
0.16884799301624298, 0.06514564901590347
0.2105199545621872, 0.08675990998744965
0.19367000460624695, 0.06368472427129745
0.15565209090709686, 0.03772993013262749
0.16078922152519226, 0.06611812114715576
0.17263849079608917, 0.05552833899855614
0.14612500369548798, 0.05286591127514839
0.15343299508094788, 0.04756857082247734
0.14694975316524506, 0.05149403586983681
0.16815216839313507, 0.04884834960103035
0.14431233704090118, 0.04661749303340912
0.14909519255161285, 0.04479996860027313
0.15884625911712646, 0.06061767414212227
0.15197406709194183, 0.042034491896629333
0.1765294224023819, 0.06089700385928154
0.16587819159030914, 0.06301755458116531
0.15285877883434296, 0.04645929113030434
0.15623964369297028, 0.04058564454317093
0.1555069386959076, 0.03824622556567192
0.23237037658691406, 0.10018648952245712
0.18731345236301422, 0.06558430194854736
0.16025106608867645, 0.06050455942749977
0.1635943353176117, 0.061848580837249756
0.16662456095218658, 0.04781416431069374
0.18026356399059296, 0.0670740157365799
0.17605897784233093, 0.0558219812810421
0.16333909332752228, 0.03518025577068329
0.18562981486320496, 0.08295048773288727
0.15972037613391876, 0.048876285552978516
0.17265602946281433, 0.04605958238244057
0.1649915874004364, 0.04854970797896385
0.15592198073863983, 0.03689657896757126
0.16358070075511932, 0.028781037777662277
0.17458629608154297, 0.04950851574540138
0.1751326322555542, 0.06276609003543854
0.20717544853687286, 0.0725640133023262
0.20275266468524933, 0.06939641386270523
0.16613256931304932, 0.053695157170295715
0.16575294733047485, 0.05578980967402458
0.19395990669727325, 0.04105733707547188
0.19432929158210754, 0.056486427783966064
0.17895202338695526, 0.04288036748766899
0.1715894490480423, 0.06265880167484283
0.1657145768404007, 0.03816558048129082
0.16351135075092316, 0.044688768684864044
0.16040094196796417, 0.04327711462974548
0.1563429981470108, 0.04623749479651451
0.19980186223983765, 0.07285964488983154
0.16656677424907684, 0.059141963720321655
0.1916159987449646, 0.04519195854663849
0.1748305708169937, 0.06330951303243637
0.158710777759552, 0.04285639896988869
0.14320389926433563, 0.031087609007954597
0.15174859762191772, 0.046711426228284836
0.1677515059709549, 0.04557019844651222
0.1521577090024948, 0.04611781984567642
0.17067793011665344, 0.06884117424488068
0.17006736993789673, 0.07286790758371353
0.1764761507511139, 0.06115465983748436
0.15691983699798584, 0.04786229133605957
0.15737177431583405, 0.03478388115763664
0.1742616593837738, 0.060201533138751984
0.15630395710468292, 0.05514858290553093
0.17267675697803497, 0.06612438708543777
0.13831524550914764, 0.03561372309923172
0.17506535351276398, 0.03976520150899887
0.1837572455406189, 0.057715579867362976
0.21066012978553772, 0.06377054750919342
0.19173312187194824, 0.07619346678256989
0.1571824699640274, 0.03177100419998169
0.17978449165821075, 0.05208675563335419
0.18584230542182922, 0.04918945953249931
0.17442429065704346, 0.05377314239740372
0.1608716994524002, 0.04323337972164154
0.15280838310718536, 0.03473988175392151
0.16764263808727264, 0.055020589381456375
0.14468148350715637, 0.059051141142845154
0.13779357075691223, 0.02954779751598835
0.14246109127998352, 0.042816538363695145
0.18532127141952515, 0.05544421076774597
0.16951504349708557, 0.05301714688539505
0.1570097655057907, 0.0367823988199234
0.1696021556854248, 0.05131630226969719
0.17018496990203857, 0.04352664574980736
0.17100442945957184, 0.04551459848880768
0.16039694845676422, 0.03393955156207085
0.15901753306388855, 0.03772339969873428
0.15793953835964203, 0.04132785648107529
0.17981256544589996, 0.07146239280700684
0.21618889272212982, 0.0796479731798172
0.22314204275608063, 0.05932532250881195
0.1750883162021637, 0.04313775897026062
0.1652643382549286, 0.0416039377450943
0.18515349924564362, 0.05164870247244835
0.16056759655475616, 0.04281482845544815
0.15045464038848877, 0.05535920709371567
0.15346118807792664, 0.0475013442337513
0.20523430407047272, 0.06802966445684433
0.1848645955324173, 0.06758490949869156
0.13363033533096313, 0.03413396328687668
0.14057372510433197, 0.04268932715058327
0.15621042251586914, 0.06501739472150803
0.17350968718528748, 0.06073639914393425
0.1715002804994583, 0.06383474171161652
0.19532510638237, 0.0670110434293747
0.22570647299289703, 0.10586711019277573
0.20530499517917633, 0.07906939834356308
0.15370449423789978, 0.03842201083898544
0.18132981657981873, 0.04901578277349472
0.16503946483135223, 0.06039148196578026
0.15781988203525543, 0.04679247364401817
0.15726260840892792, 0.04110216721892357
0.18704257905483246, 0.08789079636335373
0.15687847137451172, 0.030327385291457176
0.15877877175807953, 0.04267582669854164
0.16848380863666534, 0.057202599942684174
0.15615132451057434, 0.0568687804043293
0.15088991820812225, 0.05709168314933777
0.15415231883525848, 0.05357498303055763
0.1633518785238266, 0.05864771455526352
0.15531952679157257, 0.03986610472202301
0.14945775270462036, 0.041747063398361206
0.18199941515922546, 0.0460205115377903
0.17224067449569702, 0.040340546518564224
0.20656199753284454, 0.0721903070807457
0.19388659298419952, 0.060585398226976395
0.16314303874969482, 0.04285106435418129
0.19318802654743195, 0.06055830419063568
0.1634470373392105, 0.047349248081445694
0.1655576527118683, 0.06497490406036377
0.20126624405384064, 0.059734560549259186
0.1537567377090454, 0.046913210302591324
0.1932450532913208, 0.08302672207355499
0.22619332373142242, 0.08582644164562225
0.20157156884670258, 0.0762258991599083
0.18609486520290375, 0.0580877885222435
0.17125289142131805, 0.05635403096675873
0.17698955535888672, 0.054979097098112106
0.13668176531791687, 0.037631429731845856
0.15856732428073883, 0.05277470499277115
0.15181870758533478, 0.06532402336597443
0.17226918041706085, 0.05860721692442894
0.14318989217281342, 0.045168835669755936
0.1674627810716629, 0.041409920901060104
0.1713297814130783, 0.053108394145965576
0.14232130348682404, 0.03095150738954544
0.15208497643470764, 0.05052398517727852
0.14470456540584564, 0.034528378397226334
0.167226180434227, 0.05259973555803299
0.1597031205892563, 0.038748033344745636
0.17312587797641754, 0.07680393755435944
0.17755810916423798, 0.07819538563489914
0.1866486817598343, 0.05961858853697777
0.2179969996213913, 0.08539839088916779
0.17494018375873566, 0.051921725273132324
0.17689017951488495, 0.060541991144418716
0.17331679165363312, 0.06873509287834167
0.14638200402259827, 0.02688487432897091
0.21933451294898987, 0.09184199571609497
0.15698525309562683, 0.05277850478887558
0.16916988790035248, 0.06048741936683655
0.1712782084941864, 0.07340186089277267
0.17554225027561188, 0.062028754502534866
0.18523116409778595, 0.06849958002567291
0.15917657315731049, 0.03814097121357918
0.15500108897686005, 0.04948370158672333
0.15462401509284973, 0.03959689661860466
0.15149082243442535, 0.05044455826282501
0.20312923192977905, 0.07831437885761261
0.18223419785499573, 0.058298997581005096
0.16431166231632233, 0.05229697749018669
0.15868547558784485, 0.04463972896337509
0.20597730576992035, 0.08663966506719589
0.17574188113212585, 0.053564272820949554
0.18091611564159393, 0.07958371937274933
0.16840186715126038, 0.05361045151948929
0.18166117370128632, 0.08078180253505707
0.15840016305446625, 0.051767658442258835
0.1555853635072708, 0.048132941126823425
0.19679170846939087, 0.04330221563577652
0.2095590978860855, 0.07179725170135498
0.18559089303016663, 0.0743599534034729
0.19151818752288818, 0.07230804860591888
0.17386868596076965, 0.07265696674585342
0.1618155539035797, 0.04808089882135391
0.15225522220134735, 0.051180399954319
0.1576191633939743, 0.043408915400505066
0.17318494617938995, 0.06794147193431854
0.18591277301311493, 0.05580103024840355
0.15802323818206787, 0.054775770753622055
0.1786521077156067, 0.03226977586746216
0.174727201461792, 0.07356736809015274
0.16718097031116486, 0.06804478913545609
0.2753102779388428, 0.10864613205194473
0.20240922272205353, 0.05424347519874573
0.16264626383781433, 0.056505609303712845
0.16030344367027283, 0.0662473514676094
0.15615789592266083, 0.048961468040943146
0.214400053024292, 0.07804904133081436
0.21285957098007202, 0.07788137346506119
0.16288895905017853, 0.05687923729419708
0.1765361875295639, 0.052061960101127625
0.1975482553243637, 0.09864116460084915
0.16846713423728943, 0.05722012370824814
0.16876189410686493, 0.053521689027547836
0.16186363995075226, 0.04367552325129509
0.15789099037647247, 0.03725085407495499
0.14314526319503784, 0.042386338114738464
0.15073896944522858, 0.028487185016274452
0.17445898056030273, 0.03938039392232895
0.17893539369106293, 0.04410373792052269
0.1594288945198059, 0.03718964010477066
0.1961197406053543, 0.06856033951044083
0.19215838611125946, 0.07719969004392624
0.2098831683397293, 0.09131650626659393
0.19177067279815674, 0.06009768322110176
0.19572563469409943, 0.07886844128370285
0.16125109791755676, 0.05121161416172981
0.202272430062294, 0.06545393168926239
0.18221481144428253, 0.056583911180496216
0.1529979705810547, 0.030050408095121384
0.16201408207416534, 0.04488644003868103
0.1586744338274002, 0.05968688055872917
0.168671116232872, 0.0465291365981102
0.22365930676460266, 0.07436887919902802
0.20222866535186768, 0.0955633893609047
0.19649389386177063, 0.07833544164896011
0.1650732457637787, 0.048704683780670166
0.1638803780078888, 0.06322243064641953
0.16036538779735565, 0.03964582830667496
0.16533353924751282, 0.05855594202876091
0.1655675321817398, 0.043905600905418396
0.17384721338748932, 0.08098440617322922
0.19957830011844635, 0.08276058733463287
0.18303091824054718, 0.08796911686658859
0.17999622225761414, 0.06892331689596176
0.2175302505493164, 0.07515846937894821
0.16106756031513214, 0.04040486365556717
0.1717260479927063, 0.055408939719200134
0.18031398952007294, 0.0508061982691288
0.17231926321983337, 0.05540657043457031
0.15929974615573883, 0.034735891968011856
0.1494261771440506, 0.0453038290143013
0.16612209379673004, 0.038580186665058136
0.1762647181749344, 0.0482841432094574
0.1814335137605667, 0.07120353728532791
0.21731291711330414, 0.0779254287481308
0.17834629118442535, 0.052681054919958115
0.17208494246006012, 0.06036263704299927
0.16905084252357483, 0.058766864240169525
0.1489923745393753, 0.042338643223047256
0.20936410129070282, 0.08144516497850418
0.1995876282453537, 0.0869857594370842
0.17027558386325836, 0.040673550218343735
0.16573961079120636, 0.04138476774096489
0.16790397465229034, 0.06012779474258423
0.1774458885192871, 0.047134801745414734
0.12491977214813232, 0.028491811826825142
0.15705019235610962, 0.03859990835189819
0.18864229321479797, 0.08982060849666595
0.1636180430650711, 0.05325331538915634
0.14332006871700287, 0.037780869752168655
0.1856280118227005, 0.06369022279977798
0.17458659410476685, 0.05060582980513573
0.15750017762184143, 0.04533620551228523
0.16297781467437744, 0.05315560847520828
0.1740138977766037, 0.09525873512029648
0.1843736469745636, 0.10244722664356232
0.162235826253891, 0.026057152077555656
0.15776124596595764, 0.051274754106998444
0.1528332382440567, 0.04113844782114029
0.16089916229248047, 0.05692601203918457
0.1753370463848114, 0.04946957901120186
0.20995865762233734, 0.05746817961335182
0.1562158316373825, 0.03568868339061737
0.18255434930324554, 0.08046986907720566
0.1655328869819641, 0.04947587102651596
0.1954842209815979, 0.05839896947145462
0.16994522511959076, 0.055857181549072266
0.16291862726211548, 0.03919558972120285
0.18233783543109894, 0.0618605762720108
0.1964356154203415, 0.12776987254619598
0.16749104857444763, 0.05751825496554375
0.16455121338367462, 0.04716372489929199
0.1691715568304062, 0.03847069293260574
0.1720222383737564, 0.0545576773583889
0.1739562302827835, 0.07195378094911575
0.1974899023771286, 0.0861130878329277
0.15264612436294556, 0.037939514964818954
0.19179029762744904, 0.06284317374229431
0.18307094275951385, 0.06074322760105133
0.17543238401412964, 0.057846587151288986
0.18078169226646423, 0.05596385896205902
0.18288150429725647, 0.0470697246491909
0.1848297417163849, 0.05042026564478874
0.18345390260219574, 0.039792101830244064
0.16807378828525543, 0.05045253783464432
0.15198391675949097, 0.05734110623598099
0.14739587903022766, 0.0385049544274807
0.18376275897026062, 0.054650336503982544
0.16071216762065887, 0.04893771931529045
0.16286200284957886, 0.0702163577079773
0.18612715601921082, 0.060395825654268265
0.1759985238313675, 0.0802919939160347
0.16380658745765686, 0.05309494212269783
0.16037020087242126, 0.03596324846148491
0.14146235585212708, 0.04413095489144325
0.1563151478767395, 0.04140131175518036
0.15097498893737793, 0.038631126284599304
0.17220477759838104, 0.05293314903974533
0.19791007041931152, 0.07849868386983871
0.20882028341293335, 0.08628977090120316
0.1517043262720108, 0.0751739889383316
0.1832427829504013, 0.05306917428970337
0.1313972920179367, 0.03101855143904686
0.1435532122850418, 0.04415082186460495
0.1431095451116562, 0.034988101571798325
0.19943761825561523, 0.05938125029206276
0.1567419022321701, 0.03621402755379677
0.17838406562805176, 0.056954868137836456
0.17211265861988068, 0.06165989860892296
0.17289826273918152, 0.0483962707221508
0.14637377858161926, 0.03747255355119705
0.16283616423606873, 0.07077990472316742
0.1473006010055542, 0.037203919142484665
0.1527753472328186, 0.06223684176802635
0.15531879663467407, 0.06046256795525551
0.2151174545288086, 0.06677591055631638
0.1914932280778885, 0.06246379390358925
0.17740292847156525, 0.06520375609397888
0.1963956207036972, 0.06394194811582565
0.15189892053604126, 0.04344591125845909
0.16669458150863647, 0.058810342103242874
0.14070239663124084, 0.038993287831544876
0.13716809451580048, 0.037995584309101105
0.1594531387090683, 0.04607538506388664
0.15325869619846344, 0.04296382516622543
0.229997456073761, 0.0953134298324585
0.22487637400627136, 0.06399273127317429
0.1690262109041214, 0.041525278240442276
0.19021901488304138, 0.06352934241294861
0.15680420398712158, 0.04369566962122917
0.17336787283420563, 0.03285050019621849
0.16700021922588348, 0.04481011629104614
0.15518468618392944, 0.0394807830452919
0.16324900090694427, 0.055272627621889114
0.16748037934303284, 0.10238029062747955
0.18695998191833496, 0.06568251550197601
0.1583203226327896, 0.044937971979379654
0.1839238554239273, 0.0811716690659523
0.2737058997154236, 0.12584134936332703
0.17845888435840607, 0.0752938762307167
0.1540711224079132, 0.05163281038403511
0.14582444727420807, 0.04399291053414345
0.1826789677143097, 0.038475312292575836
0.1671275645494461, 0.04336368292570114
0.16748692095279694, 0.05004628375172615
0.15143664181232452, 0.050269536674022675
0.2106689065694809, 0.09141061455011368
0.16077500581741333, 0.04918147623538971
0.16997861862182617, 0.04905974864959717
0.17317573726177216, 0.056062962859869
0.16225457191467285, 0.03660474717617035
0.1650300770998001, 0.054039377719163895
0.15530723333358765, 0.04208004102110863
0.16503280401229858, 0.05668692663311958
0.16068841516971588, 0.03495979681611061
0.19150574505329132, 0.1035962775349617
0.20819030702114105, 0.042857520282268524
0.1874244660139084, 0.0717531144618988
0.19091568887233734, 0.07234730571508408
0.15078936517238617, 0.04787396267056465
0.18099331855773926, 0.03772725909948349
0.16482192277908325, 0.05587092787027359
0.14410808682441711, 0.03472372516989708
0.15380260348320007, 0.04554537311196327
0.1697532683610916, 0.07923469692468643
0.14534206688404083, 0.050662510097026825
0.15457378327846527, 0.03811541199684143
0.15450628101825714, 0.04405704885721207
0.16100485622882843, 0.046041540801525116
0.16595079004764557, 0.04606451839208603
0.18012282252311707, 0.06809869408607483
0.20447489619255066, 0.08091850578784943
0.17257057130336761, 0.06112195923924446
0.21346095204353333, 0.07130130380392075
0.19614167511463165, 0.05482524633407593
0.1872788816690445, 0.07382913678884506
0.14718510210514069, 0.04248722270131111
0.17996208369731903, 0.02748798578977585
0.17016220092773438, 0.05704047158360481
0.1710924506187439, 0.052087537944316864
0.15554460883140564, 0.05566184222698212
0.19581657648086548, 0.06736370921134949
0.20259733498096466, 0.06768615543842316
0.20427808165550232, 0.06578877568244934
0.23916716873645782, 0.09105122089385986
0.2200356125831604, 0.09567085653543472
0.1942819058895111, 0.08181394636631012
0.168539896607399, 0.04168635979294777
0.13904979825019836, 0.039292752742767334
0.1735607236623764, 0.05569087341427803
0.15850384533405304, 0.05149463191628456
0.19062840938568115, 0.07580797374248505
0.17268158495426178, 0.055105697363615036
0.1708756685256958, 0.04436906799674034
0.21750879287719727, 0.08402494341135025
0.17489059269428253, 0.05733555182814598
0.19666796922683716, 0.05955475568771362
0.16791194677352905, 0.026029646396636963
0.18340972065925598, 0.04477747529745102
0.1653701812028885, 0.04836535081267357
0.18658791482448578, 0.05213671550154686
0.18260489404201508, 0.07869967818260193
0.14203262329101562, 0.039783917367458344
0.18376488983631134, 0.05266194045543671
0.14683188498020172, 0.060379840433597565
0.18134859204292297, 0.06652211397886276
0.17484800517559052, 0.07188431918621063
0.17357377707958221, 0.037551432847976685
0.21032491326332092, 0.06392733007669449
0.19702212512493134, 0.06226656958460808
0.18017514050006866, 0.056014902889728546
0.16314472258090973, 0.05216306820511818
0.18498936295509338, 0.07225985825061798
0.1535453349351883, 0.03163095936179161
0.15697313845157623, 0.029672948643565178
0.1547202318906784, 0.03193027153611183
0.19488990306854248, 0.04697063937783241
0.19400523602962494, 0.05563397705554962
0.24166175723075867, 0.09888804703950882
0.17002072930335999, 0.06735910475254059
0.16696958243846893, 0.05521797761321068
0.17839844524860382, 0.06039189547300339
0.15070843696594238, 0.05094027519226074
0.17598845064640045, 0.05874153599143028
0.14888952672481537, 0.0386989489197731
0.14927102625370026, 0.03369159623980522
0.1543099284172058, 0.03946590796113014
0.1760534644126892, 0.05885716527700424
0.1678750216960907, 0.06148363649845123
0.15482677519321442, 0.03891076147556305
0.1483718901872635, 0.03249512240290642
0.17221876978874207, 0.06046967953443527
0.14183969795703888, 0.02988956682384014
0.1725730150938034, 0.05627543851733208
0.16351880133152008, 0.04221383109688759
0.21407237648963928, 0.07866407930850983
0.2374943345785141, 0.1090107262134552
0.16775865852832794, 0.04256271570920944
0.21050305664539337, 0.08117198199033737
0.17038953304290771, 0.07503608614206314
0.18804703652858734, 0.0703115463256836
0.1910945177078247, 0.07721253484487534
0.21932163834571838, 0.06875482201576233
0.18440158665180206, 0.07360828667879105
0.14558951556682587, 0.029126545414328575
0.1963474005460739, 0.08116050064563751
0.2670052945613861, 0.13197900354862213
0.18985167145729065, 0.0587012879550457
0.14524348080158234, 0.05184967815876007
0.1806102693080902, 0.05755690112709999
0.17995624244213104, 0.06345279514789581
0.1721799373626709, 0.05820599943399429
0.15438435971736908, 0.041657954454422
0.15717491507530212, 0.05622081086039543
0.16387028992176056, 0.09183479845523834
0.16976308822631836, 0.054506029933691025
0.16381528973579407, 0.055680420249700546
0.17044655978679657, 0.06209837645292282
0.14787741005420685, 0.04258648306131363
0.14984311163425446, 0.038562532514333725
0.15120656788349152, 0.03369354456663132
0.20555007457733154, 0.10712118446826935
0.2660652697086334, 0.08723780512809753
0.23223137855529785, 0.09586504101753235
0.178111270070076, 0.0695384219288826
0.17994478344917297, 0.06553387641906738
0.17186664044857025, 0.056843485683202744
0.2276047319173813, 0.08609495311975479
0.15512917935848236, 0.04733159393072128
0.16741998493671417, 0.04336298629641533
0.16359315812587738, 0.06375408917665482
0.16558605432510376, 0.040345095098018646
0.18228483200073242, 0.05665215104818344
0.1444092094898224, 0.03985191136598587
0.15699926018714905, 0.035353392362594604
0.17287680506706238, 0.03904462978243828
0.1622864156961441, 0.04833509027957916
0.15703094005584717, 0.06431329250335693
0.182252898812294, 0.06341422349214554
0.15783017873764038, 0.052559446543455124
0.14619506895542145, 0.04484965279698372
0.1883774995803833, 0.05188990756869316
0.15037241578102112, 0.04980338737368584
0.185281902551651, 0.05867408215999603
0.1650109589099884, 0.06908686459064484
0.13616561889648438, 0.030293799936771393
0.17139391601085663, 0.04676772654056549
0.1660332977771759, 0.05385299399495125
0.19423730671405792, 0.07147372514009476
0.1923437863588333, 0.07346343994140625
0.16522321105003357, 0.062102336436510086
0.2334490865468979, 0.1048925518989563
0.18902115523815155, 0.07058887928724289
0.16605180501937866, 0.049060624092817307
0.15182915329933167, 0.033694878220558167
0.16847312450408936, 0.06402769684791565
0.1621280461549759, 0.032213903963565826
0.16888746619224548, 0.0472627617418766
0.16429920494556427, 0.03704971820116043
0.1781531423330307, 0.05166122317314148
0.1825903356075287, 0.06217918172478676
0.16978968679904938, 0.03876979649066925
0.18465881049633026, 0.04764904826879501
0.23230525851249695, 0.09315570443868637
0.2345721423625946, 0.09943599998950958
0.2374439537525177, 0.10827703028917313
0.16773046553134918, 0.0621829554438591
0.1619933396577835, 0.042855165898799896
0.17575915157794952, 0.06553025543689728
0.18993934988975525, 0.061292994767427444
0.16171376407146454, 0.046055588871240616
0.1646544486284256, 0.05642210319638252
0.1567942202091217, 0.07351576536893845
0.1851835995912552, 0.06314916163682938
0.15811243653297424, 0.03745357319712639
0.1719653606414795, 0.04398822784423828
0.180489644408226, 0.08485446870326996
0.2158418744802475, 0.09185488522052765
0.17598934471607208, 0.047097232192754745
0.16516314446926117, 0.063675656914711
0.13599608838558197, 0.03356104716658592
0.18714331090450287, 0.0780959352850914
0.16170640289783478, 0.05095795914530754
0.18868809938430786, 0.05194734036922455
0.15243850648403168, 0.037218090146780014
0.14950837194919586, 0.03378378227353096
0.15105468034744263, 0.03789520636200905
0.1621461659669876, 0.049909256398677826
0.16198071837425232, 0.05749400332570076
0.17308838665485382, 0.0456964485347271
0.18391814827919006, 0.056822769343853
0.25285112857818604, 0.11270871013402939
0.1731870025396347, 0.06574119627475739
0.13743934035301208, 0.02346218004822731
0.14918167889118195, 0.030500827357172966
0.161649689078331, 0.05165909230709076
0.16654027998447418, 0.04422960430383682
0.17279191315174103, 0.04701969772577286
0.21288616955280304, 0.06914690881967545
0.20273709297180176, 0.06482890248298645
0.1735808253288269, 0.06708839535713196
0.19426637887954712, 0.06754790991544724
0.20610007643699646, 0.05152900889515877
0.18014051020145416, 0.0672379657626152
0.1562960296869278, 0.039032306522130966
0.1578022837638855, 0.0509176105260849
0.1344079077243805, 0.038061875849962234
0.14297668635845184, 0.04793589189648628
0.1642572432756424, 0.04945085570216179
0.17200560867786407, 0.05233364552259445
0.17118006944656372, 0.051154974848032
0.1503717452287674, 0.05198052152991295
0.18104475736618042, 0.06463168561458588
0.18751828372478485, 0.07345655560493469
0.1893073469400406, 0.07139486819505692
0.1451040804386139, 0.04148082062602043
0.16576382517814636, 0.03749324753880501
0.15783806145191193, 0.05512270703911781
0.20162129402160645, 0.09931494295597076
0.2269599437713623, 0.08704148977994919
0.1861240714788437, 0.05677639693021774
0.1984819918870926, 0.07311069965362549
0.15264375507831573, 0.03907608613371849
0.17607632279396057, 0.06133054196834564
0.22703157365322113, 0.07351576536893845
0.14501017332077026, 0.03631799668073654
0.16696664690971375, 0.043335407972335815
0.17653080821037292, 0.05048419535160065
0.17572347819805145, 0.05804962292313576
0.20157283544540405, 0.06914600729942322
0.1897713541984558, 0.10049876570701599
0.15310145914554596, 0.04477553814649582
0.16896267235279083, 0.04027228429913521
0.18764445185661316, 0.05228763073682785
0.1692379266023636, 0.05921810120344162
0.1734137088060379, 0.0479905866086483
0.16067355871200562, 0.029959477484226227
0.1756148487329483, 0.07615288347005844
0.1670108437538147, 0.06196295842528343
0.15948787331581116, 0.029076674953103065
0.17585571110248566, 0.042248450219631195
0.19490735232830048, 0.07204483449459076
0.2113952338695526, 0.09100759029388428
0.23967862129211426, 0.10513658076524734
0.20199498534202576, 0.053879860788583755
0.17227371037006378, 0.04765934869647026
0.22500473260879517, 0.07654761523008347
0.16251957416534424, 0.05700666829943657
0.17621581256389618, 0.04224716126918793
0.2374863624572754, 0.09396029263734818
0.18984811007976532, 0.05673889070749283
0.17950285971164703, 0.049884818494319916
0.15322346985340118, 0.03661886230111122
0.13453301787376404, 0.03165782615542412
0.14234240353107452, 0.03711722418665886
0.16307206451892853, 0.043156515806913376
0.18296337127685547, 0.05406149849295616
0.15031351149082184, 0.04982641339302063
0.16245266795158386, 0.05467896908521652
0.17634746432304382, 0.055939726531505585
0.17912407219409943, 0.05462728440761566
0.17086127400398254, 0.04064549505710602
0.19978244602680206, 0.05992119014263153
0.15824973583221436, 0.06921466439962387
0.15036721527576447, 0.04161981865763664
0.16656732559204102, 0.06502992659807205
0.16616672277450562, 0.052819278091192245
0.15698157250881195, 0.047402523458004
0.16004008054733276, 0.05700206011533737
0.178446963429451, 0.062269825488328934
0.16547687351703644, 0.057634636759757996
0.19841782748699188, 0.0750158354640007
0.1401030570268631, 0.04001520201563835
0.15593838691711426, 0.06556832045316696
0.1645331084728241, 0.05316122993826866
0.15623094141483307, 0.03618594631552696
0.1666543334722519, 0.05990426987409592
0.17049799859523773, 0.08356709778308868
0.16295884549617767, 0.042730916291475296
0.1582004725933075, 0.03763321787118912
0.18350118398666382, 0.052546605467796326
0.1985141634941101, 0.0761779248714447
0.19926781952381134, 0.059944018721580505
0.1797780692577362, 0.06724445521831512
0.18982858955860138, 0.06277338415384293
0.16333062946796417, 0.034219902008771896
0.1895962655544281, 0.059155598282814026
0.2006857842206955, 0.08410844206809998
0.1421513557434082, 0.03769713267683983
0.15059222280979156, 0.06006632372736931
0.20842526853084564, 0.0771450474858284
0.20162998139858246, 0.056788913905620575
0.18878670036792755, 0.0820908322930336
0.17170099914073944, 0.05995585024356842
0.17965643107891083, 0.04162343963980675
0.17595726251602173, 0.05346965044736862
0.1513097584247589, 0.039189036935567856
0.1537695676088333, 0.0573759600520134
0.14504879713058472, 0.038062311708927155
0.14187699556350708, 0.04264778271317482
0.14325954020023346, 0.03422514721751213
0.14730925858020782, 0.05442330986261368
0.17959639430046082, 0.06324197351932526
0.21169249713420868, 0.050699394196271896
0.1972026377916336, 0.058867331594228745
0.1907501369714737, 0.05901138484477997
0.14504766464233398, 0.037188850343227386
0.1680835634469986, 0.053470902144908905
0.14580313861370087, 0.03829452395439148
0.17840369045734406, 0.053301852196455
0.17807899415493011, 0.04232635349035263
0.1763981729745865, 0.041841309517621994
0.14692819118499756, 0.030352577567100525
0.19514144957065582, 0.07717812061309814
0.1725064069032669, 0.049074701964855194
0.1591888815164566, 0.03974682837724686
0.1633726805448532, 0.055983565747737885
0.16925759613513947, 0.08795154094696045
0.2131825089454651, 0.08881676197052002
0.16561801731586456, 0.04550258070230484
0.15569636225700378, 0.042537834495306015
0.1480894833803177, 0.044901128858327866
0.18073348701000214, 0.056245848536491394
0.18448269367218018, 0.049609240144491196
0.15827220678329468, 0.037922464311122894
0.16377544403076172, 0.04814327880740166
0.15994374454021454, 0.04006226360797882
0.15072567760944366, 0.052511006593704224
0.2132290154695511, 0.07128972560167313
0.1813250333070755, 0.04111768305301666
0.15945875644683838, 0.044454365968704224
0.15487678349018097, 0.04965991899371147
0.17074313759803772, 0.047504276037216187
0.17261791229248047, 0.04709973558783531
0.180222287774086, 0.05523798242211342
0.19564764201641083, 0.09320085495710373
0.19602033495903015, 0.08819759637117386
0.2061079889535904, 0.08923118561506271
0.1660652905702591, 0.06087462976574898
0.1499781459569931, 0.04526481404900551
0.15670271217823029, 0.049472663551568985
0.1768057644367218, 0.06920124590396881
0.16851015388965607, 0.04106173664331436
0.19411782920360565, 0.08516356348991394
0.15920200943946838, 0.04529569670557976
0.15552709996700287, 0.04147466644644737
0.15068048238754272, 0.04869901388883591
0.17977891862392426, 0.054670050740242004
0.20283140242099762, 0.06663120537996292
0.16546282172203064, 0.04671492055058479
0.15608665347099304, 0.05642556771636009
0.1611902117729187, 0.053705159574747086
0.15033936500549316, 0.03421086445450783
0.18402385711669922, 0.06565297394990921
0.15391822159290314, 0.03715227171778679
0.154059499502182, 0.0338139533996582
0.15621258318424225, 0.03993430733680725
0.16851726174354553, 0.041524022817611694
0.14241300523281097, 0.03767815977334976
0.16260690987110138, 0.046300213783979416
0.1999940723180771, 0.05057961866259575
0.15451720356941223, 0.03957406431436539
0.13965025544166565, 0.03778531402349472
0.1415838599205017, 0.04369048774242401
0.1365448534488678, 0.0294019915163517
0.16942140460014343, 0.0665375366806984
0.214913010597229, 0.09772585332393646
0.16094255447387695, 0.06219705939292908
0.14911486208438873, 0.04658990725874901
0.16480450332164764, 0.06133948266506195
0.22996622323989868, 0.09099767357110977
0.1714838445186615, 0.06375622749328613
0.1922418624162674, 0.06571584194898605
0.16017760336399078, 0.043367527425289154
0.17378975450992584, 0.05466680973768234
0.19354510307312012, 0.07306491583585739
0.1877431869506836, 0.06396553665399551
0.2567165493965149, 0.12319493293762207
0.20580238103866577, 0.07488302141427994
0.17204253375530243, 0.03839834779500961
0.19618400931358337, 0.08130889385938644
0.19297435879707336, 0.05504380539059639
0.17477495968341827, 0.06413651257753372
0.15741752088069916, 0.03785063698887825
0.14572963118553162, 0.04151033237576485
0.17879840731620789, 0.047356463968753815
0.17382057011127472, 0.049657389521598816
0.1503881812095642, 0.041130248457193375
0.16062140464782715, 0.03503173962235451
0.13696694374084473, 0.03140775114297867
0.14724032580852509, 0.047574955970048904
0.18066664040088654, 0.08458960801362991
0.16044223308563232, 0.038813184946775436
0.15200918912887573, 0.03244589641690254
0.16220954060554504, 0.05149836838245392
0.17511442303657532, 0.05233054608106613
0.14911939203739166, 0.037161607295274734
0.17864038050174713, 0.05455939099192619
0.16135308146476746, 0.04869375377893448
0.1753031462430954, 0.06052962690591812
0.1720699816942215, 0.048003941774368286
0.17447322607040405, 0.05752885341644287
0.17094969749450684, 0.03339275345206261
0.16693207621574402, 0.02431725710630417
0.16036880016326904, 0.037033211439847946
0.17240644991397858, 0.04920943081378937
0.20926184952259064, 0.0831420049071312
0.15498289465904236, 0.04702145606279373
0.14686232805252075, 0.0315772108733654
0.16400806605815887, 0.03615514561533928
0.16878466308116913, 0.04318622127175331
0.17695944011211395, 0.0793549194931984
0.18075035512447357, 0.04616405814886093
0.18678371608257294, 0.06600850820541382
0.17443500459194183, 0.059847477823495865
0.1734815239906311, 0.0570831261575222
0.15402254462242126, 0.052267998456954956
0.16714295744895935, 0.052451249212026596
0.17137940227985382, 0.058808308094739914
0.17232568562030792, 0.04965682700276375
0.17185570299625397, 0.06315567344427109
0.15356609225273132, 0.04723181203007698
0.18270210921764374, 0.07666665315628052
0.17001080513000488, 0.038729820400476456
0.1503656953573227, 0.03436591848731041
0.1753832995891571, 0.07564616203308105
0.1660814881324768, 0.052747927606105804
0.154435396194458, 0.037392549216747284
0.1391051560640335, 0.038005802780389786
0.15348751842975616, 0.058446913957595825
0.15349748730659485, 0.04357673600316048
0.17003373801708221, 0.04400289058685303
0.16294820606708527, 0.042616475373506546
0.15085063874721527, 0.038353197276592255
0.18204160034656525, 0.06687872856855392
0.18619896471500397, 0.0517035536468029
0.16355019807815552, 0.03668241947889328
0.1543378382921219, 0.04424870386719704
0.16909517347812653, 0.05123577266931534
0.175618514418602, 0.06279854476451874
0.21592627465724945, 0.0862165316939354
0.2270359992980957, 0.08113996684551239
0.19683608412742615, 0.06348645687103271
0.21765826642513275, 0.053512465208768845
0.21766971051692963, 0.042175158858299255
0.1723521500825882, 0.06062997505068779
0.16228961944580078, 0.043488021939992905
0.15924949944019318, 0.05090291053056717
0.17099663615226746, 0.058321308344602585
0.14819544553756714, 0.04488971084356308
0.16585597395896912, 0.04581161215901375
0.16923274099826813, 0.057833317667245865
0.1966501921415329, 0.08668525516986847
0.15799209475517273, 0.06846710294485092
0.19110918045043945, 0.07324809581041336
0.19742749631404877, 0.0803869366645813
0.1646955907344818, 0.060304366052150726
0.14699192345142365, 0.031167179346084595
0.17868325114250183, 0.07236046344041824
0.1535709649324417, 0.049399785697460175
0.16986367106437683, 0.03767911717295647
0.16105718910694122, 0.04780156537890434
0.1482512205839157, 0.050608620047569275
0.23271778225898743, 0.089354008436203
0.1806304007768631, 0.07985355705022812
0.17771613597869873, 0.056277964264154434
