mean, std
0.3363543748855591, 0.02531859464943409
0.2831735908985138, 0.02576076053082943
0.21167118847370148, 0.025916142389178276
0.18198834359645844, 0.010114786215126514
0.17310170829296112, 0.011133220978081226
0.17088977992534637, 0.007648716680705547
0.16899053752422333, 0.01186998002231121
0.16732145845890045, 0.015517180785536766
0.1653197705745697, 0.009968831203877926
0.16528019309043884, 0.011742649599909782
0.16574306786060333, 0.014422709122300148
0.16504748165607452, 0.0102994404733181
0.16446582973003387, 0.010045839473605156
0.16385674476623535, 0.01390839833766222
0.16385680437088013, 0.01292522344738245
0.1627839058637619, 0.010364598594605923
0.162878155708313, 0.012783038429915905
0.16190162301063538, 0.011407042853534222
0.16134150326251984, 0.016216564923524857
0.1595429927110672, 0.011319214478135109
0.1569138765335083, 0.01275939866900444
0.15395493805408478, 0.011168159544467926
0.1492704302072525, 0.011566713452339172
0.1475573033094406, 0.010710562579333782
0.14643652737140656, 0.010613709688186646
0.14509785175323486, 0.009901062585413456
0.14378304779529572, 0.011066528968513012
0.1411762833595276, 0.010466587729752064
0.1404486447572708, 0.012499533593654633
0.13706724345684052, 0.014555854722857475
0.13607175648212433, 0.01009095087647438
0.13280706107616425, 0.014638639986515045
0.12954336404800415, 0.009440855123102665
0.12700839340686798, 0.013766385614871979
0.124059297144413, 0.011686548590660095
0.12153718620538712, 0.014950430952012539
0.12115269154310226, 0.01215600036084652
0.11903270334005356, 0.012164004147052765
0.1189812570810318, 0.0114037049934268
0.11714658886194229, 0.00968917552381754
0.11601701378822327, 0.00780292646959424
0.11195562034845352, 0.0092795230448246
0.10579300671815872, 0.012914557941257954
0.0982091873884201, 0.008461001329123974
0.09573958814144135, 0.009278709068894386
0.09224028885364532, 0.01060587540268898
0.0913325697183609, 0.008540056645870209
0.08864114433526993, 0.008262221701443195
0.08564356714487076, 0.008202636614441872
0.08286643028259277, 0.00659817922860384
0.08018023520708084, 0.0074094561859965324
0.07749800384044647, 0.00813542865216732
0.07492414861917496, 0.008034568279981613
0.07383283227682114, 0.006907836068421602
0.07246330380439758, 0.006672489922493696
0.07186765968799591, 0.006302324589341879
0.0705743208527565, 0.0042923251166939735
0.06908873468637466, 0.006955360062420368
0.06956710666418076, 0.0055570174008607864
0.06820440292358398, 0.006719907745718956
0.06784788519144058, 0.005623131524771452
0.06797657907009125, 0.005590843502432108
0.06732385605573654, 0.006340683437883854
0.06704286485910416, 0.004903729073703289
0.06711713969707489, 0.0053097959607839584
0.06679799407720566, 0.006541406735777855
0.06642504036426544, 0.005316791590303183
0.06558772176504135, 0.007538525853306055
0.06536958366632462, 0.0042503345757722855
0.0649750605225563, 0.005263372790068388
0.06477529555559158, 0.007141354028135538
0.06515855342149734, 0.004835132043808699
0.06519307941198349, 0.006107230670750141
0.06393735110759735, 0.005039365962147713
0.0649571344256401, 0.005188988521695137
0.06425994634628296, 0.005240185186266899
0.06461552530527115, 0.004400523379445076
0.06442426890134811, 0.005073444452136755
0.06397687643766403, 0.006467687431722879
0.06414350867271423, 0.00526938121765852
0.06349024921655655, 0.004147609695792198
0.06372334808111191, 0.0061857206746935844
0.06281319260597229, 0.005565466824918985
0.06279018521308899, 0.006524174939841032
0.0631788820028305, 0.006729946471750736
0.06293465197086334, 0.005955125670880079
0.06295976042747498, 0.007539089769124985
0.0624174140393734, 0.006803545635193586
0.06323868781328201, 0.005975118838250637
0.06316359341144562, 0.005363198928534985
0.06259527057409286, 0.004822590388357639
0.06283191591501236, 0.005689701996743679
0.06268145143985748, 0.005854498594999313
0.0620858259499073, 0.00526938121765852
0.061941929161548615, 0.007541035767644644
0.06289379298686981, 0.003985185641795397
0.062263648957014084, 0.005390933249145746
0.06268240511417389, 0.004476663190871477
0.062189627438783646, 0.005648854188621044
0.06218448653817177, 0.004858415573835373
0.06204802542924881, 0.004819571506232023
0.06134543940424919, 0.005032279063016176
0.0621400810778141, 0.0062048183754086494
0.06163550913333893, 0.00456111179664731
0.061660103499889374, 0.004882311914116144
0.061835069209337234, 0.007254825439304113
0.06154174357652664, 0.005919700488448143
0.06156260520219803, 0.0040369415655732155
0.06102115660905838, 0.004591026809066534
0.06152339279651642, 0.0056227208115160465
0.061168212443590164, 0.00566638819873333
0.06082228943705559, 0.006970183923840523
0.060783471912145615, 0.005148084834218025
0.06106545403599739, 0.0052291410975158215
0.06094382330775261, 0.006813205312937498
0.06121345981955528, 0.007463195826858282
0.06100260093808174, 0.006073370575904846
0.06074502691626549, 0.006876984145492315
0.06153018772602081, 0.006062714848667383
0.061328187584877014, 0.00706597650423646
0.06070905923843384, 0.004847201518714428
0.06106119230389595, 0.006901508662849665
0.060832858085632324, 0.006906820926815271
0.0604090690612793, 0.006487155333161354
0.06041377782821655, 0.005472861230373383
0.060581523925065994, 0.005214607808738947
0.060935575515031815, 0.004995143972337246
0.06003880500793457, 0.005248137284070253
0.060312312096357346, 0.006624200846999884
0.060250479727983475, 0.005506199784576893
0.060667503625154495, 0.004947004374116659
0.06055614724755287, 0.005762014072388411
0.06073683500289917, 0.005689077079296112
0.060589127242565155, 0.0046983868815004826
0.060664739459753036, 0.005132222082465887
0.06050682067871094, 0.0059910486452281475
0.06019412353634834, 0.00704557029530406
0.06008400022983551, 0.005919151473790407
0.05993690714240074, 0.005090222228318453
0.06087261438369751, 0.003500749124214053
0.06000884249806404, 0.0058341664262115955
0.05989370867609978, 0.007877682335674763
0.059836480766534805, 0.005019199103116989
0.06028642877936363, 0.004524466581642628
0.060064155608415604, 0.00595299806445837
0.06009388715028763, 0.004934471100568771
0.059858210384845734, 0.005362489726394415
0.06009248271584511, 0.0065206503495574
0.06015555188059807, 0.005843381863087416
0.060030121356248856, 0.006811668165028095
0.05958198755979538, 0.007090471684932709
0.05991686135530472, 0.005906622391194105
0.060028839856386185, 0.005656484514474869
0.060264162719249725, 0.004203502554446459
0.059356026351451874, 0.006348148919641972
0.0602385476231575, 0.006088406313210726
0.059761397540569305, 0.006496819667518139
0.060059063136577606, 0.0063015250489115715
0.05911862850189209, 0.006986955646425486
0.06013684719800949, 0.003308469895273447
0.059431858360767365, 0.0062746708281338215
0.05922176316380501, 0.005910014268010855
0.06014452502131462, 0.0051078274846076965
0.05934200808405876, 0.006095025222748518
0.06014609336853027, 0.005457201041281223
0.059596844017505646, 0.007346013560891151
0.059244103729724884, 0.005551506765186787
0.0587981753051281, 0.00594355771318078
0.05898858606815338, 0.0072534107603132725
0.05925050750374794, 0.005758675280958414
0.05971618369221687, 0.006359793245792389
0.05961300805211067, 0.006952343508601189
0.05933108553290367, 0.004822124727070332
0.05895295366644859, 0.005948225036263466
0.05938883498311043, 0.00510679604485631
0.059780705720186234, 0.006415168754756451
0.05968165397644043, 0.006985372863709927
0.05891800671815872, 0.005528269801288843
0.0593094564974308, 0.0057254391722381115
0.05883381888270378, 0.004123061429709196
0.059337157756090164, 0.004837179556488991
0.0590401366353035, 0.006157655734568834
0.05914950370788574, 0.006322525907307863
0.058590445667505264, 0.006460725329816341
0.059939682483673096, 0.003842154750600457
0.05869323015213013, 0.005398542620241642
0.0584447905421257, 0.00556353572756052
0.059216488152742386, 0.005798693746328354
0.05931409075856209, 0.004828816279768944
0.05937005579471588, 0.003657296532765031
0.05903678014874458, 0.005211994517594576
0.05962328985333443, 0.006033412180840969
0.05927964672446251, 0.004696503281593323
0.058765869587659836, 0.005089038982987404
0.05938289687037468, 0.006195139139890671
0.05922055244445801, 0.0050687058828771114
0.059184856712818146, 0.005327147431671619
0.058848608285188675, 0.005217338912189007
0.05948534980416298, 0.006127083208411932
0.05899424850940704, 0.005676580592989922
0.0590217188000679, 0.005939216818660498
0.05867471918463707, 0.004825390409678221
0.05888528376817703, 0.004763960372656584
0.05863257125020027, 0.0055976370349526405
0.05918555334210396, 0.004564217291772366
0.05918072536587715, 0.004817649256438017
0.05858772248029709, 0.005221654195338488
0.05894790217280388, 0.00643380219116807
0.05894247815012932, 0.006076151039451361
0.058575503528118134, 0.00690125860273838
0.05871974676847458, 0.005758751183748245
0.05884925648570061, 0.004971974529325962
0.05828915908932686, 0.007450356148183346
0.05885997787117958, 0.0043866573832929134
0.058161571621894836, 0.005710403434932232
0.057905230671167374, 0.004361577797681093
0.058828022330999374, 0.0065148198045790195
0.058216094970703125, 0.0065224869176745415
0.0583592914044857, 0.005277690477669239
0.05872272327542305, 0.004943369422107935
0.05823461338877678, 0.00658334419131279
0.058103229850530624, 0.006536225322633982
0.058237891644239426, 0.0034737486857920885
0.058446917682886124, 0.004074054770171642
0.05790913105010986, 0.0036742708180099726
0.058673959225416183, 0.005560568068176508
0.05888656899333, 0.006274338811635971
0.05798214673995972, 0.006439834833145142
0.0582418367266655, 0.004998315591365099
0.0578460693359375, 0.00584847666323185
0.05834372341632843, 0.003536398056894541
0.057784318923950195, 0.007262867875397205
0.058250460773706436, 0.006177117116749287
0.058075837790966034, 0.004964643623679876
0.05843057855963707, 0.004473170265555382
0.057939331978559494, 0.0064118956215679646
0.05795462429523468, 0.005327373743057251
0.05809110403060913, 0.003913645166903734
0.05803962051868439, 0.005276941228657961
0.05820722132921219, 0.003982471767812967
0.05833839625120163, 0.004765483550727367
0.057838745415210724, 0.004944176413118839
0.0580296516418457, 0.005492692347615957
0.057588960975408554, 0.005790628492832184
0.0585600808262825, 0.0049522677436470985
0.05818682909011841, 0.004826696589589119
0.05790652707219124, 0.005141166970133781
0.05778246000409126, 0.005726689472794533
0.057845890522003174, 0.005982846021652222
0.057623665779829025, 0.005435451399534941
0.05801153928041458, 0.006178388837724924
0.05786745622754097, 0.005087795201689005
0.0578889325261116, 0.003936049062758684
0.05783180519938469, 0.006932508200407028
0.05794423818588257, 0.006073384545743465
0.057889070361852646, 0.0052659292705357075
0.05771111324429512, 0.004078719764947891
0.057467807084321976, 0.00690658250823617
0.05753330513834953, 0.005220309365540743
0.0570637509226799, 0.005985919386148453
0.05740265175700188, 0.004218180663883686
0.05768890678882599, 0.006126608233898878
0.057403989136219025, 0.005272007547318935
0.056866008788347244, 0.004296564497053623
0.05705485865473747, 0.00560995377600193
0.05693686753511429, 0.005663941614329815
0.057080548256635666, 0.0048636989668011665
0.057583894580602646, 0.005854850169271231
0.057242248207330704, 0.005115692503750324
0.05709923058748245, 0.0060816011391580105
0.05673106387257576, 0.0067406450398266315
0.0568118616938591, 0.004899634514003992
0.05615603178739548, 0.006673492956906557
0.056659068912267685, 0.005595996510237455
0.056669507175683975, 0.005594891030341387
0.05645744875073433, 0.005326821468770504
0.05667401850223541, 0.003930042497813702
0.056378237903118134, 0.004970185458660126
0.0565452054142952, 0.005273464135825634
0.05670436844229698, 0.00534646725282073
0.056423213332891464, 0.006569538731127977
0.05647905543446541, 0.006138686090707779
0.056479666382074356, 0.004086894914507866
0.05610135570168495, 0.006375903729349375
0.05627405643463135, 0.004635331686586142
0.056176502257585526, 0.005538311321288347
0.055561430752277374, 0.004787404090166092
0.055948544293642044, 0.005447967443615198
0.055722516030073166, 0.0050954208709299564
0.05552665516734123, 0.006303148809820414
0.05579390004277229, 0.004867635201662779
0.055604226887226105, 0.0056818095035851
0.05567518249154091, 0.0037060563918203115
0.05538468062877655, 0.007170909084379673
0.05547063425183296, 0.004468850791454315
0.055529430508613586, 0.0048347702249884605
0.05554782599210739, 0.005597454961389303
0.05477486923336983, 0.004713679198175669
0.05512561276555061, 0.005088459700345993
0.05456002429127693, 0.005669350735843182
0.05543199181556702, 0.0033573841210454702
0.05512116104364395, 0.005168928299099207
0.0543232336640358, 0.0038214523810893297
0.05481961369514465, 0.006113158073276281
0.05445173382759094, 0.005549092311412096
0.054697081446647644, 0.004492541309446096
0.05461772903800011, 0.006173658650368452
0.05462535843253136, 0.003595234826207161
0.05439826101064682, 0.005726982373744249
0.05443567782640457, 0.00504639558494091
0.05376029759645462, 0.004576574079692364
0.05354434251785278, 0.004897172097116709
0.0533410869538784, 0.007344190496951342
0.05358155444264412, 0.003646519500762224
0.05335613712668419, 0.0066483584232628345
0.053482186049222946, 0.0042506433092057705
0.05303959548473358, 0.005654350854456425
0.05289437249302864, 0.004848898854106665
0.05282671004533768, 0.00478343153372407
0.0525442510843277, 0.0051635135896503925
0.052706845104694366, 0.004944765008985996
0.052443839609622955, 0.005125817377120256
0.05236791446805, 0.006564968265593052
0.05220290273427963, 0.0053892289288342
0.05211967974901199, 0.004942203871905804
0.05192398279905319, 0.004514926113188267
0.05154392868280411, 0.00559570686891675
0.05134730413556099, 0.004736507777124643
0.05139591544866562, 0.00437273969873786
0.05184619501233101, 0.00400215620175004
0.05133974924683571, 0.005947668571025133
0.050650231540203094, 0.004676896147429943
0.051433462649583817, 0.004057140089571476
0.05075358226895332, 0.00384305277839303
0.05047910287976265, 0.0048516117967665195
0.05100487917661667, 0.005212319083511829
0.050249069929122925, 0.005715615581721067
0.050511494278907776, 0.004663069732487202
0.05022765323519707, 0.006717661861330271
0.05008033663034439, 0.004820584319531918
0.04996594786643982, 0.00486280070617795
0.05026521533727646, 0.004831936210393906
0.049809277057647705, 0.004260535351932049
0.04940996319055557, 0.004376083612442017
0.04986201226711273, 0.005439498461782932
0.049835365265607834, 0.004811807069927454
0.049699343740940094, 0.005382142495363951
0.04971647262573242, 0.004204224795103073
0.04941984638571739, 0.005268866661936045
0.049303244799375534, 0.004882547073066235
0.04997644200921059, 0.003320456715300679
0.04938879236578941, 0.005098618566989899
0.04948045685887337, 0.005088733974844217
0.04918494448065758, 0.0050850845873355865
0.049291227012872696, 0.005732264835387468
0.04904520884156227, 0.005071807187050581
0.04901963099837303, 0.0056611294858157635
0.049279261380434036, 0.005614676978439093
0.0488070510327816, 0.00492125516757369
0.04867067188024521, 0.005081179551780224
0.0488622784614563, 0.0028529998380690813
0.048214275389909744, 0.005250083282589912
0.04864943027496338, 0.005699368193745613
0.04867173358798027, 0.004258137196302414
0.04882814735174179, 0.004683902021497488
0.04812558740377426, 0.005089082755148411
0.048887260258197784, 0.004531852900981903
0.04837720841169357, 0.004339441657066345
0.04843774065375328, 0.004562516696751118
0.04855163022875786, 0.00385558744892478
0.049047425389289856, 0.005377175286412239
0.04851875826716423, 0.005789766553789377
0.04881126433610916, 0.004985542967915535
0.048637837171554565, 0.0036360740195959806
0.04842056706547737, 0.00404380215331912
0.04859907925128937, 0.005280911456793547
0.04772230237722397, 0.004173961468040943
0.048051804304122925, 0.004782856907695532
0.04791959002614021, 0.004900431726127863
0.04799700900912285, 0.006394365802407265
0.04839592054486275, 0.004578342195600271
0.04804852977395058, 0.005466793663799763
0.04849742725491524, 0.0036325836554169655
0.047961145639419556, 0.004607479088008404
0.04809091240167618, 0.0057416935451328754
0.04838676005601883, 0.004716701339930296
0.04789748042821884, 0.0035940322559326887
0.04842701554298401, 0.004064529202878475
0.04806320741772652, 0.004916012287139893
0.04787774384021759, 0.004001101013273001
0.04793165996670723, 0.00450517563149333
0.048202015459537506, 0.005481090862303972
0.04807678610086441, 0.005641640163958073
0.04757267236709595, 0.006313727702945471
0.04761871322989464, 0.004464291501790285
0.0472538061439991, 0.004998494405299425
0.04728328809142113, 0.005224511492997408
0.04790344089269638, 0.005951278377324343
0.047931086272001266, 0.0031356671825051308
0.0476444847881794, 0.004183738026767969
0.04784604534506798, 0.006105500273406506
0.0474216490983963, 0.004400942008942366
0.047822508960962296, 0.004697025753557682
0.047670040279626846, 0.00554786529392004
0.04739493876695633, 0.004319243598729372
0.047168392688035965, 0.007315609138458967
0.04731869697570801, 0.004776893183588982
0.04732462763786316, 0.0043523479253053665
0.04751686379313469, 0.005400150083005428
0.04733039811253548, 0.0062887659296393394
0.04620641842484474, 0.0047748517245054245
0.04747548699378967, 0.0036211665719747543
0.047804176807403564, 0.004198266658931971
0.04729734733700752, 0.005327840801328421
0.04730086401104927, 0.0034157487098127604
0.046446334570646286, 0.004562940448522568
0.04728198051452637, 0.005750224459916353
0.04727889969944954, 0.004682824946939945
0.046955179423093796, 0.004679965320974588
0.04696233198046684, 0.0045497533865273
0.0470094233751297, 0.006112823728471994
0.04748763144016266, 0.004258619621396065
0.046963561326265335, 0.006709203124046326
0.046776462346315384, 0.0038491799496114254
0.04708878695964813, 0.004003492183983326
0.046737153083086014, 0.00402842927724123
0.046885956078767776, 0.004509969148784876
0.046497493982315063, 0.004347299691289663
0.04682840779423714, 0.004854298196732998
0.047156255692243576, 0.004507988225668669
0.04688875377178192, 0.004495793953537941
0.04661446809768677, 0.00507134385406971
0.046464160084724426, 0.005129944533109665
0.04731866344809532, 0.0037355059757828712
0.04666995257139206, 0.0038765326607972383
0.04661749675869942, 0.0041721658781170845
0.046716101467609406, 0.0036900665145367384
0.04685216024518013, 0.004542191978543997
0.04701611027121544, 0.003516221884638071
0.046669695526361465, 0.004440424498170614
0.046603500843048096, 0.0041978079825639725
0.04630958288908005, 0.003989827819168568
0.04656517505645752, 0.0042513227090239525
0.046219099313020706, 0.004555813502520323
0.04628574103116989, 0.004176200367510319
0.04655951261520386, 0.005285190884023905
0.046692244708538055, 0.00445477245375514
0.04681871458888054, 0.003806622698903084
0.046565208584070206, 0.0048445663414895535
0.04607270658016205, 0.0046543520875275135
0.046793948858976364, 0.003744675312191248
0.04642097279429436, 0.005713310558348894
0.04591618478298187, 0.005399503745138645
0.04613593593239784, 0.0053848461247980595
0.046375710517168045, 0.003897734684869647
0.04589248448610306, 0.0051818303763866425
0.046157922595739365, 0.004456527065485716
0.04648624360561371, 0.004417335148900747
0.045710835605859756, 0.005228327587246895
0.045730020850896835, 0.004057570826262236
0.04542170464992523, 0.0034660198725759983
0.045873016119003296, 0.0035233397502452135
0.0465521402657032, 0.003777227597311139
0.04617737978696823, 0.0046263705007731915
0.04563569650053978, 0.004961516708135605
0.04620641469955444, 0.004658086691051722
0.04595235362648964, 0.0037606896366924047
0.04584648087620735, 0.004295357037335634
0.04540901258587837, 0.005611310712993145
0.04593230038881302, 0.005242456216365099
0.04588042572140694, 0.0047157155349850655
0.04569622874259949, 0.004177516791969538
0.04540395736694336, 0.0026452636811882257
0.045138824731111526, 0.006172006484121084
0.04577413201332092, 0.00370147917419672
0.04512720927596092, 0.004899538122117519
0.04579538479447365, 0.006839157547801733
0.045749686658382416, 0.004083859734237194
0.045350365340709686, 0.005054259207099676
0.04519415274262428, 0.003953910432755947
0.04523911327123642, 0.005163122899830341
0.045565683394670486, 0.004914834164083004
0.045696474611759186, 0.0038346578367054462
0.04571963846683502, 0.004610858391970396
0.045568838715553284, 0.0042946189641952515
0.045175835490226746, 0.005942681338638067
0.04556679725646973, 0.005588651169091463
0.04503988102078438, 0.005720644723623991
0.04514956474304199, 0.004225487820804119
0.04495249688625336, 0.004073328338563442
0.04517800733447075, 0.005455768667161465
0.04498089849948883, 0.004474595654755831
0.04493289440870285, 0.004571977537125349
0.04537542536854744, 0.004873727448284626
0.04538238048553467, 0.0033111313823610544
0.045191697776317596, 0.005503869149833918
0.044693879783153534, 0.004649761598557234
0.045363329350948334, 0.004007035866379738
0.045062627643346786, 0.004462829791009426
0.04525509104132652, 0.003685331204906106
0.04484562203288078, 0.003977835178375244
0.04500128701329231, 0.004997604992240667
0.044901810586452484, 0.003927817568182945
0.044911954551935196, 0.004628624301403761
0.044837210327386856, 0.0042784023098647594
0.04457976296544075, 0.004875776823610067
0.04484080895781517, 0.00335745164193213
0.04504719004034996, 0.004228681325912476
0.044980522245168686, 0.0032708891667425632
0.04479994997382164, 0.003989943768829107
0.04455045983195305, 0.004918455146253109
0.04425092414021492, 0.004805394448339939
0.044604137539863586, 0.004614954348653555
0.04483002796769142, 0.0037603043019771576
0.04434690251946449, 0.005244633182883263
0.043789517134428024, 0.004902093205600977
0.04417496174573898, 0.005886460654437542
0.04473554715514183, 0.003889049869030714
0.04397043213248253, 0.00434131221845746
0.04403505474328995, 0.005615932866930962
0.044379908591508865, 0.005431964993476868
0.04400020092725754, 0.0048020025715231895
0.044570840895175934, 0.00327839027158916
0.044269029051065445, 0.0046736104413867
0.04412107542157173, 0.004921911749988794
0.04417828842997551, 0.004975746385753155
0.04428919404745102, 0.0050697955302894115
0.04359479621052742, 0.004617640748620033
0.04407776892185211, 0.004374097567051649
0.04416755214333534, 0.0040779211558401585
0.04415329918265343, 0.004471748135983944
0.04396287724375725, 0.003560322104021907
0.04370977357029915, 0.004842075053602457
0.04424144700169563, 0.003739961190149188
0.0444861464202404, 0.0031281679403036833
0.043784916400909424, 0.004796815570443869
0.0437789261341095, 0.0045745777897536755
0.04391089826822281, 0.004476738162338734
0.04356035962700844, 0.006135357078164816
0.04368014261126518, 0.004128606524318457
0.043792299926280975, 0.004754688590764999
0.04389302432537079, 0.004246990662068129
0.043578147888183594, 0.004001916386187077
0.043314047157764435, 0.006130922120064497
0.04389923810958862, 0.004653364885598421
0.04404018074274063, 0.0034750441554933786
0.043971043080091476, 0.0038149801548570395
0.04368429630994797, 0.003638745751231909
0.043434251099824905, 0.004729673266410828
0.043510012328624725, 0.0025261258706450462
0.043576668947935104, 0.0037613932508975267
0.04318704456090927, 0.004606809467077255
0.04310377687215805, 0.004654312506318092
0.04306245967745781, 0.003046283731237054
0.043243031948804855, 0.0029817153699696064
0.04256867244839668, 0.0049526807852089405
0.04278853163123131, 0.005332414526492357
0.042961616069078445, 0.005140835884958506
0.042795367538928986, 0.004257540684193373
0.04289134219288826, 0.003686364507302642
0.04321097210049629, 0.0040686181746423244
0.0429099015891552, 0.003590210573747754
0.04250529408454895, 0.004231926519423723
0.04274468123912811, 0.0044142622500658035
0.042918357998132706, 0.003269284265115857
0.04256132245063782, 0.004785699304193258
0.04241595044732094, 0.004212663508951664
0.04246576875448227, 0.005515991244465113
0.04250514507293701, 0.0033206020016223192
0.0428491085767746, 0.004421181045472622
0.04233545437455177, 0.004624590277671814
0.04221378639340401, 0.003830231726169586
0.04278503730893135, 0.0038585402071475983
0.0425453744828701, 0.003863673424348235
0.04242141917347908, 0.0038407945539802313
0.0424489788711071, 0.004072884097695351
0.04206995293498039, 0.004421161953359842
0.04228496924042702, 0.004275148268789053
0.0420805849134922, 0.0038941889069974422
0.04184289276599884, 0.003919788636267185
0.04236914590001106, 0.0038623858708888292
0.04200051352381706, 0.0027474183589220047
0.04203091561794281, 0.0036497984547168016
0.04202001541852951, 0.0034473384730517864
0.04214102029800415, 0.002704908838495612
0.04187588766217232, 0.0032466056291013956
0.042203743010759354, 0.0035222391597926617
0.0416707880795002, 0.004006813280284405
0.04188885912299156, 0.00483067287132144
0.04159524664282799, 0.004789700265973806
0.04169246181845665, 0.003926527686417103
0.04161219671368599, 0.003511301474645734
0.04170355200767517, 0.003478254657238722
0.04168761149048805, 0.0036031559575349092
0.04182202368974686, 0.0033614840358495712
0.04173852875828743, 0.004552864003926516
0.041430696845054626, 0.0038144702557474375
0.041412826627492905, 0.0056043509393930435
0.0414995439350605, 0.0035361440386623144
0.04135710000991821, 0.003199176862835884
0.04133664816617966, 0.004269628785550594
0.04103129357099533, 0.005112429615110159
0.041290927678346634, 0.004159457050263882
0.04130597785115242, 0.0029062728863209486
0.04118936136364937, 0.0021587596274912357
0.041810519993305206, 0.0048341597430408
0.041228998452425, 0.0036764631513506174
0.041010841727256775, 0.0036879240069538355
0.04117131605744362, 0.0038166060112416744
0.041178200393915176, 0.004417388699948788
0.04094650596380234, 0.004503409843891859
0.04090176895260811, 0.004025868605822325
0.04074500501155853, 0.00457901693880558
0.04049378260970116, 0.004708935506641865
0.04064031317830086, 0.003531966358423233
0.04093834385275841, 0.004604010377079248
0.04094943776726723, 0.003162998938933015
0.04034700617194176, 0.004674867726862431
0.04100741446018219, 0.003569117048755288
0.04066585376858711, 0.00355316954664886
0.04052155837416649, 0.002540101995691657
0.04068680852651596, 0.00456886226311326
0.04073856770992279, 0.0044465139508247375
0.040300287306308746, 0.005339606199413538
0.04005997255444527, 0.00446416437625885
0.04021846875548363, 0.004074230324476957
0.04076594486832619, 0.003987889736890793
0.040494006127119064, 0.0043028779327869415
0.040362488478422165, 0.0027959486469626427
0.03988459333777428, 0.00396876223385334
0.0398942232131958, 0.004668293986469507
0.040101323276758194, 0.0038299881853163242
0.040253374725580215, 0.004061996005475521
0.040097493678331375, 0.0040864660404622555
0.04025048762559891, 0.003089725039899349
0.04010762646794319, 0.002889629453420639
0.039554163813591, 0.004258733242750168
0.04000111669301987, 0.004257549066096544
0.040101874619722366, 0.003829350695014
0.03986472263932228, 0.003653091611340642
0.03933156654238701, 0.004605007357895374
0.03997056558728218, 0.004338305909186602
0.03984677046537399, 0.00485850777477026
0.03991731256246567, 0.0048962063156068325
0.04014976695179939, 0.002882236149162054
0.039666201919317245, 0.003094407729804516
0.03957171365618706, 0.0037821929436177015
0.039760179817676544, 0.003102661110460758
0.0397174172103405, 0.004456448368728161
0.039657507091760635, 0.003939265385270119
0.03969545662403107, 0.0035531152971088886
0.03892643004655838, 0.00498358067125082
0.03961609676480293, 0.004045961424708366
0.03973890095949173, 0.0034255683422088623
0.03949990123510361, 0.004239806439727545
0.03934808075428009, 0.004298978019505739
0.039636850357055664, 0.0037802024744451046
0.03970487788319588, 0.0030664524529129267
0.03937001898884773, 0.0037680440582334995
0.03932115435600281, 0.0033579422160983086
0.03936703875660896, 0.00443847244605422
0.03914019465446472, 0.003230712842196226
0.039341412484645844, 0.004104056395590305
0.03878575935959816, 0.004237798973917961
0.03931284323334694, 0.003018127754330635
0.03882643207907677, 0.004598886240273714
0.038631621748209, 0.004215773660689592
0.03906445950269699, 0.0032971659675240517
0.03897131234407425, 0.0035786484368145466
0.03890092298388481, 0.00316033186390996
0.038807544857263565, 0.003177278209477663
0.03822573646903038, 0.0034097707830369473
0.038469042629003525, 0.0037082938943058252
0.03889699652791023, 0.003463191445916891
0.03862091153860092, 0.0041532935574650764
0.03823964670300484, 0.0027749156579375267
0.038438305258750916, 0.0031925158109515905
0.03860459849238396, 0.0031999077182263136
0.03802013024687767, 0.004342072643339634
0.037904880940914154, 0.004292668774724007
0.03856155648827553, 0.0042699407786130905
0.03826724737882614, 0.003649128833785653
0.03866349533200264, 0.0034291103947907686
0.038379572331905365, 0.003537610173225403
0.03863857686519623, 0.0029077103827148676
0.0376150906085968, 0.003828105516731739
0.03811482712626457, 0.0032397208269685507
0.03816847503185272, 0.0034927534870803356
0.037857573479413986, 0.003507708664983511
0.03769640251994133, 0.0038540740497410297
0.038162700831890106, 0.0027835702057927847
0.037670448422431946, 0.004744024481624365
0.03770023211836815, 0.005226678680628538
0.03763651102781296, 0.003946015611290932
0.03809301182627678, 0.0030639113392680883
0.03817053884267807, 0.0030412450432777405
0.03760182857513428, 0.0028483052738010883
0.03785405308008194, 0.0028739592526108027
0.037820003926754, 0.0037875135894864798
0.03745987266302109, 0.004026208538562059
0.037774067372083664, 0.002890172181650996
0.0379803366959095, 0.003430070821195841
0.03754222020506859, 0.002778023947030306
0.037797581404447556, 0.0038932906463742256
0.03761119022965431, 0.00321722193621099
0.037433914840221405, 0.004271569661796093
0.03777506574988365, 0.00469620805233717
0.03701550513505936, 0.0055224536918103695
0.03745432198047638, 0.003127012401819229
0.037361662834882736, 0.0029254856053739786
0.036851752549409866, 0.004555984865874052
0.03731786087155342, 0.004138126038014889
0.037574414163827896, 0.0034596321638673544
0.03690629079937935, 0.002960583195090294
0.03751178830862045, 0.002999478718265891
0.03749172016978264, 0.003787573194131255
0.037384163588285446, 0.003613524604588747
0.03706536442041397, 0.005309741012752056
0.03727378323674202, 0.0035877246409654617
0.03731008246541023, 0.002953050658106804
0.03721502423286438, 0.004701994825154543
0.03726038336753845, 0.004150536842644215
0.037040431052446365, 0.0039832210168242455
0.03684912621974945, 0.004942361265420914
0.03699265792965889, 0.004468603525310755
0.03694520145654678, 0.0034948643296957016
0.03695853427052498, 0.003198461839929223
0.036817677319049835, 0.003192377043887973
0.037109002470970154, 0.003339614486321807
0.03705628588795662, 0.0029826206155121326
0.03703149035573006, 0.004096360877156258
0.037601783871650696, 0.003553577931597829
0.03727748990058899, 0.003450472839176655
0.036809977144002914, 0.003979999106377363
0.03668331727385521, 0.004508100915700197
0.03656535968184471, 0.004735007882118225
0.03657272085547447, 0.0038193040527403355
0.03681838884949684, 0.0034020303282886744
0.0368812121450901, 0.0034263383131474257
0.036950964480638504, 0.0029334479477256536
0.03693198412656784, 0.0036083029117435217
0.03644396364688873, 0.00370655651204288
0.03670770674943924, 0.0034687495790421963
0.036437954753637314, 0.002715464448556304
0.03619416803121567, 0.0035278289578855038
0.036685604602098465, 0.002871586475521326
0.03672973811626434, 0.0031912107951939106
0.03683463856577873, 0.004204853903502226
0.03676159307360649, 0.003746770555153489
0.03687836974859238, 0.0026065539568662643
0.03654371201992035, 0.003563633654266596
0.03656335547566414, 0.003240490099415183
0.03633346036076546, 0.0055200704373419285
0.03638249635696411, 0.004182527307420969
0.0365886315703392, 0.003941831178963184
0.03692075237631798, 0.003533527022227645
0.03675501421093941, 0.0036832646001130342
0.03642831742763519, 0.003530047833919525
0.036781053990125656, 0.003369102021679282
0.0364946648478508, 0.0024946907069534063
0.03661432862281799, 0.003007868304848671
0.03622087836265564, 0.004109751433134079
0.03620794042944908, 0.003785541746765375
0.03652197867631912, 0.002740577096119523
0.036555707454681396, 0.002917343284934759
0.036308180540800095, 0.0037562616635113955
0.03621281683444977, 0.0029622302390635014
0.03643356263637543, 0.004464199300855398
0.036287542432546616, 0.004518562462180853
0.036222945898771286, 0.0029181702993810177
0.03650785982608795, 0.0035939766094088554
0.03643927723169327, 0.004545312374830246
0.037116993218660355, 0.0029032810125499964
0.03646118938922882, 0.004167454782873392
0.03587823361158371, 0.003660363843664527
0.036411043256521225, 0.0031552929431200027
0.035975947976112366, 0.0034222553949803114
0.03604971617460251, 0.004902379587292671
0.036229874938726425, 0.00301467627286911
0.03631804883480072, 0.0034433144610375166
0.0360657274723053, 0.003451083553954959
0.035660307854413986, 0.002796059474349022
0.03615768253803253, 0.002190473722293973
0.036178238689899445, 0.0031817553099244833
0.03623943403363228, 0.0038887732662260532
0.03592797741293907, 0.0030025227461010218
0.03654707595705986, 0.0023801391944289207
0.03658252954483032, 0.0037397947162389755
0.03629563748836517, 0.0037857452407479286
0.03582814335823059, 0.003321470692753792
0.03593817725777626, 0.004146833438426256
0.03590327501296997, 0.0026241715531796217
0.035940494388341904, 0.0031587963458150625
0.03603612259030342, 0.0028322406578809023
0.03616120666265488, 0.0042106411419808865
0.03602271527051926, 0.004396156873553991
0.03551112487912178, 0.005152511410415173
0.03597385063767433, 0.004382745828479528
0.03597905486822128, 0.003325828118249774
0.036111608147621155, 0.0027102709282189608
0.03529683127999306, 0.0041937134228646755
0.03577801212668419, 0.0033111232332885265
0.0360586978495121, 0.0022623881231993437
0.0357256755232811, 0.0032729196827858686
0.03564399480819702, 0.004608722869306803
0.036188967525959015, 0.003099658526480198
0.035721976310014725, 0.003276050789281726
0.03595263883471489, 0.0038708525244146585
0.035621993243694305, 0.0036779793445020914
0.03566943109035492, 0.0034263150300830603
0.03582663834095001, 0.003664763644337654
0.03578648716211319, 0.004919448401778936
0.03567146509885788, 0.004245159216225147
0.035445380955934525, 0.004345512017607689
0.035495225340127945, 0.003724662819877267
0.03593434765934944, 0.003969385288655758
0.03598038852214813, 0.00417062733322382
0.036158978939056396, 0.0030412240885198116
0.035856425762176514, 0.0030300195794552565
0.035917483270168304, 0.0027061516884714365
0.03525622561573982, 0.004371320363134146
0.03575799614191055, 0.0028495679143816233
0.035843610763549805, 0.004049878101795912
0.03558054193854332, 0.0038113202899694443
0.035618189722299576, 0.001803061575628817
0.03561973571777344, 0.002963829319924116
0.035637639462947845, 0.0033860239200294018
0.035677362233400345, 0.0029330996330827475
0.03581368550658226, 0.0030424364376813173
0.0356609933078289, 0.003866109997034073
0.03588080406188965, 0.0038567325100302696
0.03560519963502884, 0.0032916583586484194
0.03513146936893463, 0.003461073851212859
0.03568922355771065, 0.003154007252305746
0.03569604828953743, 0.0034116015303879976
0.035807494074106216, 0.0042719789780676365
0.03550435230135918, 0.0030611364636570215
0.03590526059269905, 0.0024005977902561426
0.035348910838365555, 0.0037524322979152203
0.035617418587207794, 0.0024443860165774822
0.03582101687788963, 0.003230402944609523
0.03523438423871994, 0.003033232409507036
0.035552799701690674, 0.003048468381166458
0.03547441214323044, 0.003971322439610958
0.03538808226585388, 0.0032268466893583536
0.03580883890390396, 0.002587228314951062
0.035523153841495514, 0.002614788245409727
0.03544872999191284, 0.0022594991605728865
0.0357356034219265, 0.003189303446561098
0.035128381103277206, 0.004024131689220667
0.035471852868795395, 0.0030332389287650585
0.03555221110582352, 0.0024908657651394606
0.03520754352211952, 0.003040201496332884
0.03551534190773964, 0.002910866402089596
0.03575031831860542, 0.0037689926102757454
0.03542915731668472, 0.0032969294115900993
0.035663802176713943, 0.0043016946874558926
0.03578297793865204, 0.002717238385230303
0.03556288406252861, 0.0045164767652750015
0.0355122908949852, 0.003086037700995803
0.03538886830210686, 0.0039666881784796715
0.035255659371614456, 0.003246499225497246
0.035718001425266266, 0.004017577040940523
0.035446297377347946, 0.0034876917488873005
0.03566013649106026, 0.004537614993751049
0.03527754545211792, 0.003635236993432045
0.03499143570661545, 0.004278222098946571
0.03528808429837227, 0.002809983678162098
0.03535977378487587, 0.0029738103039562702
0.03517211973667145, 0.0029326193034648895
0.03555919602513313, 0.0039017763920128345
0.03533899039030075, 0.0026598034892231226
0.03556530550122261, 0.002978443168103695
0.035227611660957336, 0.003449469804763794
0.035276710987091064, 0.004325987305492163
0.0350867323577404, 0.003977766260504723
0.035414062440395355, 0.003626677207648754
0.03528256714344025, 0.0038487494457513094
0.035246409475803375, 0.0029334654100239277
0.0351836271584034, 0.0042482465505599976
0.03565079718828201, 0.0028047373052686453
0.03565330430865288, 0.0025893133133649826
0.03530442342162132, 0.003111555939540267
0.03526683524250984, 0.0027131345123052597
0.03521706536412239, 0.004035809077322483
0.03522384539246559, 0.003507158951833844
0.035050686448812485, 0.0030323697719722986
0.03508882224559784, 0.00367799773812294
0.03548446670174599, 0.0032744575291872025
0.035034388303756714, 0.002488515106961131
0.03524839133024216, 0.003932164050638676
0.0354267954826355, 0.003209615359082818
0.03520253300666809, 0.003221309743821621
0.03539487347006798, 0.0038295062258839607
0.03492821753025055, 0.002897585742175579
0.03552398830652237, 0.0034771731588989496
0.0352184921503067, 0.003166290931403637
0.035760894417762756, 0.0036209311801940203
0.035541974008083344, 0.003837310243397951
0.035571351647377014, 0.0033570947125554085
0.035688746720552444, 0.002803617622703314
0.03559095412492752, 0.0035967223811894655
0.03500446677207947, 0.0035565351136028767
0.03490457311272621, 0.004438967909663916
0.03508320823311806, 0.0036997648421674967
0.035085439682006836, 0.0026911748573184013
0.03535837680101395, 0.0031997254118323326
0.03576255589723587, 0.0031734996009618044
0.035271815955638885, 0.003429430304095149
0.035049375146627426, 0.0026522274129092693
0.03532182797789574, 0.003797497134655714
0.035251736640930176, 0.0042821504175662994
0.03523669391870499, 0.0038541960529983044
0.03527998551726341, 0.0029779435135424137
0.03528884798288345, 0.0029912146274000406
0.03530675172805786, 0.003199338912963867
0.035046301782131195, 0.003148001851513982
0.03523369878530502, 0.0031887011136859655
0.03543630987405777, 0.002522285794839263
0.03560507670044899, 0.003403197741135955
0.03559507802128792, 0.003589975880458951
0.035009000450372696, 0.003625700483098626
0.03527618572115898, 0.003677243599668145
0.03512613847851753, 0.004112992435693741
0.03521552309393883, 0.0020004112739115953
0.03514353558421135, 0.0037187966518104076
0.035107746720314026, 0.00314806099049747
0.03525402024388313, 0.0045260232873260975
0.03562188893556595, 0.00398986367508769
0.035216186195611954, 0.004181323107331991
0.035404104739427567, 0.003153293626382947
0.03490346297621727, 0.0029632439836859703
0.034964606165885925, 0.003853333881124854
0.03527490422129631, 0.003956034313887358
0.03491152822971344, 0.004156529437750578
0.03532104566693306, 0.0030644081998616457
0.03504686430096626, 0.0034507703967392445
0.03542537987232208, 0.0026753025595098734
0.035138268023729324, 0.002696390962228179
0.035335853695869446, 0.003364532021805644
0.035235483199357986, 0.0029073876794427633
0.03533254936337471, 0.002475799061357975
0.034753262996673584, 0.004773653578013182
0.035340361297130585, 0.0029511379543691874
0.03495533764362335, 0.0034130457788705826
0.035169247537851334, 0.0035197725519537926
0.03448837623000145, 0.002971856389194727
0.034932658076286316, 0.0025879081804305315
0.0351833701133728, 0.003148553194478154
0.035213250666856766, 0.0037894740235060453
0.034987304359674454, 0.0035260154400020838
0.03522992134094238, 0.0031569150742143393
0.03500114753842354, 0.003526957705616951
0.03526093065738678, 0.00271071819588542
0.035208772867918015, 0.002867728006094694
0.03485896438360214, 0.004463254474103451
0.035332631319761276, 0.003223730018362403
0.03482793644070625, 0.003017019247636199
0.03521385043859482, 0.0020089612808078527
0.035314951092004776, 0.0032753522973507643
0.03507112339138985, 0.0035223017912358046
0.03537226468324661, 0.004085286520421505
0.034876272082328796, 0.0036809027660638094
0.03536045178771019, 0.0032217581756412983
0.034891169518232346, 0.0039024155121296644
0.03492216393351555, 0.003280502511188388
0.0349314846098423, 0.003518015844747424
0.035336486995220184, 0.002712932648137212
0.034962523728609085, 0.0037114208098500967
0.03519870713353157, 0.004003531765192747
0.03502350673079491, 0.0025413352996110916
0.035019081085920334, 0.0025340442080050707
0.0353754460811615, 0.0036068293265998363
0.03460421413183212, 0.0043771094642579556
0.035097379237413406, 0.0033009846229106188
0.035131651908159256, 0.0050211576744914055
0.0351206511259079, 0.004035866819322109
0.03501828759908676, 0.004039479419589043
0.03500629588961601, 0.003027962753549218
0.03471307083964348, 0.0035957300569862127
0.03531217575073242, 0.003326793434098363
0.03487667068839073, 0.0025045014917850494
0.03470074385404587, 0.0034524507354944944
0.0348406583070755, 0.0025030013639479876
0.034913018345832825, 0.0033317580819129944
0.035051342099905014, 0.003085199510678649
0.0349600613117218, 0.003527288790792227
0.03493747487664223, 0.003236684249714017
0.03513292968273163, 0.0028591202571988106
0.034840818494558334, 0.002784470096230507
0.034885164350271225, 0.0025659503880888224
0.03531411662697792, 0.0024480754509568214
0.03494086489081383, 0.002925056964159012
0.03475258871912956, 0.0035015104804188013
0.03474770858883858, 0.003245733445510268
0.035268206149339676, 0.0037775554228574038
0.03461000695824623, 0.004658665508031845
0.035004932433366776, 0.002848000731319189
0.03472326695919037, 0.0030216705054044724
0.03496657311916351, 0.0031418839935213327
0.03507252037525177, 0.0041343411430716515
0.035275764763355255, 0.0030918826814740896
0.034869320690631866, 0.00290130777284503
0.035011839121580124, 0.00358887342736125
0.0347166545689106, 0.0034631683956831694
0.03468894585967064, 0.003162433160468936
0.03468853607773781, 0.003268788568675518
0.03486330062150955, 0.0027595211286097765
0.03479299321770668, 0.003019357332959771
0.03522581234574318, 0.002917166566476226
0.035068221390247345, 0.0034111959394067526
0.035022567957639694, 0.003386886790394783
0.03506048396229744, 0.0028089494444429874
0.035195719450712204, 0.0024320625234395266
0.03492291271686554, 0.0032688938081264496
0.03486353158950806, 0.003104261588305235
0.035016462206840515, 0.004482895601540804
0.035108692944049835, 0.004107271321117878
0.034709300845861435, 0.0034698257222771645
0.03483651205897331, 0.003208690322935581
0.03473450616002083, 0.004328164737671614
0.03493812680244446, 0.004011828452348709
0.03501509502530098, 0.00323298922739923
0.03502865508198738, 0.0035585726145654917
0.03493170440196991, 0.004382676910609007
0.035240523517131805, 0.0027084306348115206
0.03488472104072571, 0.0042668236419558525
0.03459760919213295, 0.002651209942996502
0.03486229479312897, 0.003632856300100684
0.03474180027842522, 0.002466669073328376
0.03494538739323616, 0.002840303350239992
0.035097312182188034, 0.0032643030863255262
0.03558189049363136, 0.004383021499961615
0.03499385714530945, 0.0036736431065946817
0.03502437472343445, 0.004167964216321707
0.0349510982632637, 0.0033148599322885275
0.03494735434651375, 0.0036845174618065357
0.03504681587219238, 0.0032202880829572678
0.03487618640065193, 0.0035586527083069086
0.03467598557472229, 0.003911538515239954
0.03525194153189659, 0.0032802855130285025
0.03501897677779198, 0.004109158646315336
0.03504078462719917, 0.0030332852620631456
0.03483007475733757, 0.0030481573194265366
0.03480340540409088, 0.004059226717799902
0.03509574010968208, 0.0033287364058196545
0.034569308161735535, 0.003855218878015876
0.03491859883069992, 0.0026877853088080883
0.03496759384870529, 0.0033083187881857157
0.03527844697237015, 0.002136214869096875
0.03515418618917465, 0.0034850931260734797
0.035001084208488464, 0.002444740617647767
0.035009611397981644, 0.0034968452528119087
0.03468073904514313, 0.003960021305829287
0.03457331284880638, 0.0036222459748387337
0.03451836109161377, 0.0038331104442477226
0.03420107439160347, 0.003462128574028611
0.03472953662276268, 0.00341850146651268
0.034549519419670105, 0.0035916143096983433
0.03464940935373306, 0.0037286365404725075
0.034893013536930084, 0.0033709409181028605
0.034702613949775696, 0.0035530726891011
0.03478663042187691, 0.0033542828168720007
0.03496459499001503, 0.0034080224577337503
0.034696344286203384, 0.0037784918677061796
0.034987855702638626, 0.0031867423094809055
0.03497699648141861, 0.0030175154097378254
0.03488282486796379, 0.0045501855202019215
0.03493081405758858, 0.004048560280352831
0.034895237535238266, 0.0025830361992120743
0.03459266200661659, 0.004112802911549807
0.03515235707163811, 0.002356742275878787
0.034376952797174454, 0.003392375772818923
0.03467375040054321, 0.003669918980449438
0.03481103852391243, 0.003718171501532197
0.03490854799747467, 0.003960456233471632
0.03501427546143532, 0.0035636003594845533
0.03489086031913757, 0.0032375999726355076
0.035116080194711685, 0.003176782513037324
0.034726787358522415, 0.0034094532020390034
0.035232044756412506, 0.0031935537699609995
0.035185735672712326, 0.0037737928796559572
0.034589461982250214, 0.0034596871118992567
0.03492274507880211, 0.002758418908342719
0.03492430970072746, 0.0037683802656829357
0.03473297134041786, 0.003111103782430291
0.03485012799501419, 0.0028174794279038906
0.03449619188904762, 0.0031817101407796144
0.03512467443943024, 0.0027645474765449762
0.03462454304099083, 0.0035852277651429176
0.034857094287872314, 0.0038480397779494524
0.03459971025586128, 0.002796751447021961
0.03478052094578743, 0.0024081196170300245
0.03478274121880531, 0.003569069318473339
0.034882593899965286, 0.003642656607553363
0.03466446325182915, 0.002891483949497342
0.0350009985268116, 0.002428589155897498
0.03454636409878731, 0.0033075539395213127
0.03474842384457588, 0.0029456077609211206
0.034804631024599075, 0.004020365886390209
0.03481847047805786, 0.0026594148948788643
0.03474312275648117, 0.003941916860640049
0.03501700982451439, 0.0029050158336758614
0.03461496904492378, 0.0037947569508105516
0.03507281839847565, 0.003313230350613594
0.03509430214762688, 0.0033888474572449923
0.0350753590464592, 0.004050669260323048
0.034643203020095825, 0.003758698934689164
0.03477984294295311, 0.0029813949950039387
0.03479654714465141, 0.004608821123838425
0.03510627895593643, 0.0029815942980349064
0.0342118926346302, 0.004193547181785107
0.03501041606068611, 0.0035254834219813347
0.034455541521310806, 0.004116855561733246
0.03437737748026848, 0.004224213305860758
0.03460805490612984, 0.003441654145717621
0.03474624454975128, 0.0025830420199781656
0.034319330006837845, 0.00322292884811759
0.03475236892700195, 0.0029751050751656294
0.0346330925822258, 0.004031182266771793
0.03446940705180168, 0.003230071859434247
0.03482041880488396, 0.0028930979315191507
0.03501089662313461, 0.003077430184930563
0.034782979637384415, 0.0032923612743616104
0.03492533043026924, 0.0033031865023076534
0.03494099900126457, 0.004109456203877926
0.03470742329955101, 0.002558884909376502
0.0345841720700264, 0.003125099465250969
0.03436701372265816, 0.003289289539679885
0.03467021510004997, 0.003369248006492853
0.03497426584362984, 0.0034637274220585823
0.03493340685963631, 0.002995910821482539
0.03483542427420616, 0.002794051542878151
0.03440665081143379, 0.00286542228423059
0.034934911876916885, 0.0033698275219649076
0.0348874107003212, 0.0036838657688349485
0.034828074276447296, 0.0038880896754562855
0.034802887588739395, 0.004591336008161306
0.03453700989484787, 0.0032633976079523563
0.034734684973955154, 0.0032833884470164776
0.03492337092757225, 0.0034562870860099792
0.03496500849723816, 0.0035429385025054216
0.03505491837859154, 0.002565212082117796
0.03475438430905342, 0.003280035685747862
0.03495342284440994, 0.0026552421040832996
0.034352969378232956, 0.003769872011616826
0.03459429740905762, 0.003166720736771822
0.034374888986349106, 0.0036867493763566017
0.03452302888035774, 0.002866392256692052
0.03461277484893799, 0.0037486713845282793
0.0342877097427845, 0.0024866322055459023
0.03454520180821419, 0.0034467317163944244
0.03458695486187935, 0.003511001355946064
0.034586936235427856, 0.004304277710616589
0.03480059653520584, 0.0035895633045583963
0.03468264639377594, 0.0034569669514894485
0.03494321554899216, 0.002633493160828948
0.03498000279068947, 0.002729736967012286
0.03465895727276802, 0.003489104565232992
0.034188300371170044, 0.0030198378954082727
0.03492369130253792, 0.002905624220147729
0.03472982347011566, 0.0033019385300576687
0.03453441336750984, 0.002232168335467577
0.03442355990409851, 0.0030718171037733555
0.03492145240306854, 0.0029880311340093613
0.0344802625477314, 0.002419613068923354
0.0345434844493866, 0.003940319176763296
0.03448669984936714, 0.0025905112270265818
0.03437047451734543, 0.003566890489310026
0.034622929990291595, 0.0028629975859075785
0.03446567803621292, 0.003965241834521294
0.0344819612801075, 0.0035648003686219454
0.034962330013513565, 0.0021001934073865414
0.034588757902383804, 0.003881512675434351
0.03472237288951874, 0.002985590836033225
0.03460337594151497, 0.003869948908686638
0.03464807942509651, 0.0042622145265340805
0.034566730260849, 0.004388424102216959
0.03447343781590462, 0.003730776021257043
0.034601807594299316, 0.0036022101994603872
0.03478042408823967, 0.0032651249784976244
0.03478166088461876, 0.002120817080140114
0.03503355756402016, 0.0034680890385061502
0.03487532213330269, 0.002837302628904581
0.0349196195602417, 0.003266804851591587
0.034420326352119446, 0.00344180129468441
0.034486323595047, 0.003247995162382722
0.03491233289241791, 0.002898588078096509
0.034868720918893814, 0.0035670900251716375
0.03453407064080238, 0.0036827782168984413
0.03431760519742966, 0.00402376614511013
0.03506246581673622, 0.003735436126589775
0.0344671830534935, 0.003413693979382515
0.034668050706386566, 0.0040338425897061825
0.03481666371226311, 0.0033474371302872896
0.03473556041717529, 0.0023909544106572866
0.03475194424390793, 0.0038113088812679052
0.03460351750254631, 0.00239057675935328
0.03436475992202759, 0.0037146115209907293
0.03510551527142525, 0.002640946302562952
0.03466564416885376, 0.0033621976617723703
0.034607596695423126, 0.0030326589476317167
0.03466985747218132, 0.0029236162081360817
0.034626554697752, 0.004016804974526167
0.03444778919219971, 0.003905744291841984
0.03452455252408981, 0.004257633350789547
0.03432420268654823, 0.0037117900792509317
0.03487731143832207, 0.002789807738736272
0.034397024661302567, 0.003089176258072257
0.03433442488312721, 0.004347311798483133
0.03462585061788559, 0.00397912785410881
0.03464018180966377, 0.003979858942329884
0.03465217351913452, 0.003174350131303072
0.03438364714384079, 0.004373057745397091
0.0343220978975296, 0.0026999686378985643
0.03479897230863571, 0.002899940824136138
0.03452117368578911, 0.002718644216656685
0.03432812914252281, 0.003741448512300849
0.0345892496407032, 0.003084412543103099
0.034776926040649414, 0.0033162436448037624
0.03457294777035713, 0.00290499534457922
0.03448865935206413, 0.0026681579183787107
0.03402044251561165, 0.0028008536901324987
0.034429993480443954, 0.002433148678392172
0.03460055589675903, 0.003888924838975072
0.034683071076869965, 0.002925060922279954
0.03446212410926819, 0.0030480697751045227
0.034398216754198074, 0.0033257247414439917
0.034253209829330444, 0.004321246407926083
0.034517962485551834, 0.0029429527930915356
0.03444986417889595, 0.003534459974616766
0.03456202521920204, 0.0026490504387766123
0.034949298948049545, 0.003472078125923872
0.034805502742528915, 0.002929073292762041
0.034480173140764236, 0.0037180292420089245
0.03482193127274513, 0.0032977978698909283
0.034881655126810074, 0.00372006231918931
0.03439531475305557, 0.0045786635018885136
0.03448568657040596, 0.003446678863838315
0.03425688296556473, 0.0035674087703227997
0.03466250002384186, 0.0026050822343677282
0.03444194793701172, 0.0030240050982683897
0.03458339348435402, 0.0026588630862534046
0.034417666494846344, 0.003478850005194545
0.03453235700726509, 0.004097375553101301
0.034726858139038086, 0.0029146901797503233
0.034451741725206375, 0.0037347411271184683
0.034298669546842575, 0.00277869519777596
0.03467177599668503, 0.0031047468073666096
0.03436170518398285, 0.0030179328750818968
0.03400318697094917, 0.0026761512272059917
0.03477373719215393, 0.0025103597436100245
0.034260720014572144, 0.003166672307997942
0.034637272357940674, 0.003954041749238968
0.034420985728502274, 0.003587024752050638
0.034101396799087524, 0.002856750739738345
0.034359563142061234, 0.0028985964599996805
0.03444293141365051, 0.0038296421989798546
0.0347743034362793, 0.0032352523412555456
0.034557171165943146, 0.0037171063013374805
0.03461841866374016, 0.0029642153531312943
0.034617796540260315, 0.0035057151690125465
0.034468647092580795, 0.0031955684535205364
0.034827351570129395, 0.004183938726782799
0.03432726860046387, 0.003381284885108471
0.034454990178346634, 0.002724524587392807
0.034341976046562195, 0.003977849148213863
0.034499768167734146, 0.0038086832500994205
0.034547049552202225, 0.0036545798648148775
0.03430234268307686, 0.0035932038445025682
0.03455515578389168, 0.004821504466235638
0.03435062617063522, 0.003833039663732052
0.034655045717954636, 0.002845117822289467
0.034768108278512955, 0.0030437144450843334
0.034763116389513016, 0.003445447189733386
0.03433777391910553, 0.0035034054890275
0.034554559737443924, 0.003587451297789812
0.034394968301057816, 0.0031973086297512054
0.034770864993333817, 0.0025501239579170942
0.03462202847003937, 0.0035951093304902315
0.03479477018117905, 0.00436814920976758
0.03435202315449715, 0.001803835155442357
0.03452150151133537, 0.0026267783250659704
0.03432619571685791, 0.0032866126857697964
0.03453226387500763, 0.004314431454986334
0.0343799851834774, 0.003280616831034422
0.03458324447274208, 0.003570709377527237
0.034255798906087875, 0.003520866157487035
0.03439129889011383, 0.003139069303870201
0.03471376374363899, 0.0032441578805446625
0.03444578871130943, 0.0026330186519771814
0.03492152690887451, 0.0031249013263732195
0.03446264564990997, 0.003507989924401045
0.034559037536382675, 0.003378883469849825
0.034628767520189285, 0.0027322995010763407
0.03425409272313118, 0.0028135934844613075
0.034538935869932175, 0.0035409252159297466
0.03420185670256615, 0.003381941467523575
0.03421059995889664, 0.0033207093365490437
0.03451618179678917, 0.0029535291250795126
0.034551769495010376, 0.0035807217936962843
0.034437213093042374, 0.0023136825766414404
0.03430204093456268, 0.003803598927333951
0.03464890643954277, 0.0023900633677840233
0.03427555039525032, 0.0032117541413754225
0.03438370302319527, 0.003961336798965931
0.03383021801710129, 0.005087810102850199
0.03445126861333847, 0.0028829905204474926
0.03467320278286934, 0.002231480088084936
0.034367263317108154, 0.004674048628658056
0.034382544457912445, 0.0026756655424833298
0.03483671694993973, 0.003071277169510722
0.03440442308783531, 0.0036539698485285044
0.034736864268779755, 0.003913277760148048
0.03469816595315933, 0.003225690918043256
0.03438584506511688, 0.004180056042969227
0.034495461732149124, 0.0031305004376918077
0.03446400910615921, 0.0026335734874010086
0.034550637006759644, 0.003960905596613884
0.03439025580883026, 0.0036132284440100193
0.03456323221325874, 0.0037307811435312033
0.034751418977975845, 0.0025910567492246628
0.034658581018447876, 0.0019222571281716228
0.03425021469593048, 0.003721803892403841
0.03455694019794464, 0.00365618197247386
0.034914493560791016, 0.002974417759105563
0.0347512885928154, 0.001897091744467616
0.034020621329545975, 0.005006682593375444
0.03416634723544121, 0.0023348149843513966
0.0345989353954792, 0.0033583519980311394
0.03426261618733406, 0.0038179829716682434
0.034324754029512405, 0.0022581247612833977
0.034576572477817535, 0.0030142702162265778
0.0345253050327301, 0.0031241688411682844
0.034370727837085724, 0.0036365322303026915
0.03440140187740326, 0.0033513004891574383
0.03414147347211838, 0.004263528157025576
0.03443098068237305, 0.0030775712803006172
0.03456851467490196, 0.0043860552832484245
0.03463573381304741, 0.0027547883801162243
0.034207623451948166, 0.0044719865545630455
0.034738846123218536, 0.0018648545956239104
0.034144483506679535, 0.003301524557173252
0.03446695953607559, 0.0028381161391735077
0.034616220742464066, 0.0029946183785796165
0.03481043130159378, 0.003485795808956027
0.03434603288769722, 0.0030228067189455032
0.03422824293375015, 0.004113794770091772
0.034408435225486755, 0.0028920553158968687
0.034321147948503494, 0.0040328362956643105
0.03409084305167198, 0.0031806526239961386
0.03447026014328003, 0.002859422005712986
0.03483602777123451, 0.003307155566290021
0.03427011892199516, 0.004036991391330957
0.03458399325609207, 0.0029168673790991306
0.03426836431026459, 0.0033299128990620375
0.03472891449928284, 0.0035331849940121174
0.034656133502721786, 0.0033556476701050997
0.03456931933760643, 0.003896410809829831
0.03436589241027832, 0.0032274441327899694
0.03423851728439331, 0.0032922886312007904
0.0343547947704792, 0.004958398640155792
0.03421406075358391, 0.0034992042928934097
0.03480321168899536, 0.003188575617969036
0.03442426398396492, 0.003117368556559086
0.03426452726125717, 0.0023201534058898687
0.034584227949380875, 0.0033975858241319656
0.034496333450078964, 0.0029680952429771423
0.0341610349714756, 0.003967830911278725
0.034527167677879333, 0.0031146134715527296
0.034142494201660156, 0.004243684932589531
0.03416592255234718, 0.003400842659175396
0.034303564578294754, 0.00390809727832675
0.03435403108596802, 0.0038679928984493017
0.03450941666960716, 0.003941880539059639
0.034738656133413315, 0.0026677176356315613
0.03451024368405342, 0.002315595280379057
0.03437172621488571, 0.0034781740978360176
0.034409090876579285, 0.003398451255634427
0.0344453901052475, 0.0022417656145989895
0.034302301704883575, 0.0038303902838379145
0.03430430218577385, 0.003649311838671565
0.03432349115610123, 0.004568999167531729
0.03432577848434448, 0.0026578635443001986
0.03430480509996414, 0.0024608904495835304
0.0339704230427742, 0.003917430527508259
0.03424442932009697, 0.0038521781098097563
0.03426225110888481, 0.0037506967782974243
0.034390997141599655, 0.002679221099242568
0.03423408046364784, 0.0037120720371603966
0.03441197797656059, 0.002954274881631136
0.034368403255939484, 0.003239469137042761
0.034258171916007996, 0.0031613700557500124
0.034367818385362625, 0.004817180335521698
0.03400048986077309, 0.00328481150791049
0.03429470211267471, 0.0034964466467499733
0.03412509709596634, 0.0031211699824780226
0.03451405093073845, 0.0029890055302530527
0.03432289510965347, 0.0031528945546597242
0.033840153366327286, 0.0040792739018797874
0.034554917365312576, 0.002773712622001767
0.03406227380037308, 0.003009848529472947
0.03423333168029785, 0.0028813802637159824
0.033885154873132706, 0.0026616526301950216
0.03435517102479935, 0.003369313897565007
0.034132007509469986, 0.00323602301068604
0.034400440752506256, 0.0037305187433958054
0.03429388254880905, 0.00312058231793344
0.034693725407123566, 0.003210467752069235
0.03474809601902962, 0.0032268862705677748
0.0343366339802742, 0.003484009299427271
0.034323882311582565, 0.004004646558314562
0.034186240285634995, 0.004776519723236561
0.034617386758327484, 0.003510367823764682
0.03451244533061981, 0.0035901139490306377
0.034612368792295456, 0.003039722563698888
0.03447019308805466, 0.0030765978153795004
0.03399362042546272, 0.004673004150390625
0.03447502478957176, 0.003852425143122673
0.03430233895778656, 0.0023828751873224974
0.034127283841371536, 0.003355539869517088
0.0342109277844429, 0.0027750441804528236
0.03443773463368416, 0.0035731953103095293
0.034104734659194946, 0.003607723396271467
0.03445615991950035, 0.002929534064605832
0.03424106165766716, 0.00309760426171124
0.034671004861593246, 0.004168673884123564
0.034491151571273804, 0.0037341052666306496
0.03428373858332634, 0.0026725507341325283
0.03443296626210213, 0.004595485515892506
0.034237705171108246, 0.002358024474233389
0.03439771384000778, 0.0022198380902409554
0.03412439674139023, 0.0029978002421557903
0.03455282747745514, 0.002219214104115963
0.034144338220357895, 0.0038020769134163857
0.03430788218975067, 0.0030168057419359684
0.03410317748785019, 0.0029819412156939507
0.034287188202142715, 0.0027262913063168526
0.03421681001782417, 0.0027484516613185406
0.03428066149353981, 0.0036583004985004663
0.03440006449818611, 0.0032527076546102762
0.034150827676057816, 0.003682623617351055
0.03433830291032791, 0.004332436714321375
0.03431875258684158, 0.003178589977324009
0.034280914813280106, 0.0030856949742883444
0.0347137413918972, 0.0032018846832215786
0.03436895087361336, 0.003821313614025712
0.034607917070388794, 0.003942581824958324
0.03424864262342453, 0.00439277570694685
0.034544918686151505, 0.002856446197256446
0.034194860607385635, 0.003919217735528946
0.034002840518951416, 0.003836254822090268
0.03425402194261551, 0.0036046782042831182
0.03399205952882767, 0.0029775830917060375
0.03417433053255081, 0.003537436481565237
0.034037429839372635, 0.004495098255574703
0.03469610959291458, 0.002944102743640542
0.034338220953941345, 0.0024152612313628197
0.03435085341334343, 0.0034570696298033
0.03408839553594589, 0.0027229697443544865
0.03432580083608627, 0.0035629370249807835
0.034752652049064636, 0.0032575170043855906
0.03440525010228157, 0.002918944926932454
0.03408857062458992, 0.003821940626949072
0.03413581848144531, 0.0028511877171695232
0.0342482253909111, 0.004692475311458111
0.03414171561598778, 0.003238820005208254
0.03425828740000725, 0.003061973489820957
0.03418364003300667, 0.0026763095520436764
0.033935390412807465, 0.003890760475769639
0.034270890057086945, 0.003719218075275421
0.03438398987054825, 0.00284259719774127
0.034429267048835754, 0.0028873514384031296
0.033938217908144, 0.0032217749394476414
0.03437603637576103, 0.0037037418223917484
0.034196652472019196, 0.0031874554697424173
0.03456263616681099, 0.002939245430752635
0.03475642576813698, 0.0041869222186505795
0.03468778356909752, 0.0035249521024525166
0.034587617963552475, 0.0038828616961836815
0.034251850098371506, 0.0035592038184404373
0.03396543115377426, 0.002638972830027342
0.03396068885922432, 0.0037283794954419136
0.034132033586502075, 0.002790686208754778
0.03426789492368698, 0.003443173598498106
0.033999912440776825, 0.0033458955585956573
0.0338086374104023, 0.003499359358102083
0.034194111824035645, 0.004423814360052347
0.034329988062381744, 0.003384455107152462
0.03431960567831993, 0.0036855684593319893
0.0339917317032814, 0.004204044118523598
0.03379015997052193, 0.00340460566803813
0.03421381115913391, 0.002959105186164379
0.0342274084687233, 0.0022461600601673126
0.034405697137117386, 0.003068452002480626
0.03428143635392189, 0.003271674970164895
0.03391804173588753, 0.0037798199336975813
0.03476570174098015, 0.0016085964161902666
0.03442441299557686, 0.003819773206487298
0.03433351591229439, 0.003662179922685027
