mean, std
0.13029338419437408, 0.09396464377641678
0.09526652842760086, 0.04526889696717262
0.08686554431915283, 0.06438499689102173
0.12030322104692459, 0.08900414407253265
0.10458985716104507, 0.07097609341144562
0.13263699412345886, 0.08157183974981308
0.09241824597120285, 0.06282095611095428
0.059172384440898895, 0.044498953968286514
0.058926716446876526, 0.05013558268547058
0.04779669642448425, 0.03272337466478348
0.057433467358350754, 0.04481247439980507
0.05051283538341522, 0.033056922256946564
0.03619494289159775, 0.03282827138900757
0.040460504591464996, 0.023966794833540916
0.062146056443452835, 0.03921316936612129
0.039001643657684326, 0.036245327442884445
0.04116122052073479, 0.03412807360291481
0.0394490584731102, 0.023306135088205338
0.04571741446852684, 0.031047752127051353
0.04095885530114174, 0.033086877316236496
0.05212382599711418, 0.03907129168510437
0.04203827306628227, 0.03231282904744148
0.040518298745155334, 0.020828045904636383
0.041473738849163055, 0.029625099152326584
0.04026877135038376, 0.0274973027408123
0.0575907900929451, 0.03971240669488907
0.053014934062957764, 0.03401591256260872
0.038284555077552795, 0.026145270094275475
0.047363847494125366, 0.03718793764710426
0.042042382061481476, 0.03334576636552811
0.03430868312716484, 0.021559452638030052
0.05576641857624054, 0.036945149302482605
0.054263483732938766, 0.03846311196684837
0.06121958792209625, 0.02895921654999256
0.04677638038992882, 0.037610482424497604
0.0481584407389164, 0.03992532566189766
0.04851940646767616, 0.026027534157037735
0.06381163746118546, 0.05874669551849365
0.04755081236362457, 0.038285959511995316
0.037286426872015, 0.030202871188521385
0.06172119453549385, 0.04640210419893265
0.06882355362176895, 0.04137095808982849
0.07634367793798447, 0.05037470906972885
0.07883445173501968, 0.05688858404755592
0.043299779295921326, 0.031214388087391853
0.06897680461406708, 0.04471420496702194
0.050857871770858765, 0.04544632136821747
0.05035528168082237, 0.03929952532052994
0.05019618943333626, 0.04537473991513252
0.02933672070503235, 0.026627659797668457
0.09126988053321838, 0.03953867405653
0.06267044693231583, 0.03455042093992233
0.061801519244909286, 0.041104283183813095
0.04939757660031319, 0.04180194064974785
0.05925770103931427, 0.04308770224452019
0.07224038988351822, 0.03459310531616211
0.06133502721786499, 0.04451482370495796
0.04831087216734886, 0.03216293454170227
0.08182137459516525, 0.03867059573531151
0.07117311656475067, 0.04186028987169266
0.07255817949771881, 0.05886321887373924
0.05966058745980263, 0.041878778487443924
0.07668516784906387, 0.04146500304341316
0.05497298762202263, 0.04111646115779877
0.07500690966844559, 0.04204404726624489
0.05814001336693764, 0.04159265756607056
0.06677699834108353, 0.05524042993783951
0.07869923114776611, 0.045517854392528534
0.0569145493209362, 0.03875316306948662
0.08002618700265884, 0.061784807592630386
0.08392239362001419, 0.058229174464941025
0.06279643625020981, 0.04294215515255928
0.059413228183984756, 0.03647986799478531
0.04712926968932152, 0.04857557639479637
0.05629735067486763, 0.03870495781302452
0.07638058811426163, 0.05328292399644852
0.06335955858230591, 0.038425296545028687
0.0700887069106102, 0.048786818981170654
0.05972200632095337, 0.044063519686460495
0.05990682169795036, 0.03710773587226868
0.0503518283367157, 0.039203282445669174
0.06599394232034683, 0.060226134955883026
0.05550350621342659, 0.04175914078950882
0.06607678532600403, 0.04343229904770851
0.05793929845094681, 0.036565884947776794
0.07410100102424622, 0.06821147352457047
0.0702715665102005, 0.04528781399130821
0.07185614854097366, 0.05158667266368866
0.057262394577264786, 0.04099474847316742
0.08335192501544952, 0.05332488566637039
0.07060898095369339, 0.048531558364629745
0.06819990277290344, 0.051607705652713776
0.05454397201538086, 0.03854341059923172
0.06659501791000366, 0.04644419252872467
0.11713932454586029, 0.07400833815336227
0.10114110261201859, 0.049178533256053925
0.07583023607730865, 0.04778337851166725
0.037128087133169174, 0.02740950882434845
0.05906748026609421, 0.04602222889661789
0.06546645611524582, 0.05471445247530937
0.056939005851745605, 0.04184463992714882
0.09241803735494614, 0.05206211283802986
0.0699336975812912, 0.06720830500125885
0.07038871943950653, 0.052113283425569534
0.054034505039453506, 0.04219706729054451
0.057666879147291183, 0.035217028111219406
0.07838895171880722, 0.050337255001068115
0.05387001112103462, 0.04250981658697128
0.07538477331399918, 0.051105838268995285
0.07822219282388687, 0.04840466380119324
0.0868171826004982, 0.05510306730866432
0.05465835705399513, 0.033069077879190445
0.06626400351524353, 0.042722076177597046
0.05765998363494873, 0.04390396550297737
0.05033639445900917, 0.03398885950446129
0.06377359479665756, 0.04551004618406296
0.07607273757457733, 0.04028235375881195
0.09385572373867035, 0.050213396549224854
0.0822315588593483, 0.057072728872299194
0.09148361533880234, 0.057195279747247696
0.07183730602264404, 0.06138024479150772
0.053923968225717545, 0.03720361739397049
0.05784063786268234, 0.038594067096710205
0.061338119208812714, 0.05317593365907669
0.0849175825715065, 0.05435185879468918
0.05736741051077843, 0.03837616741657257
0.0651213526725769, 0.03584534674882889
0.0601639486849308, 0.04748334735631943
0.07072635740041733, 0.054941464215517044
0.07033497840166092, 0.05944937840104103
0.0765724778175354, 0.058469679206609726
0.05239405855536461, 0.041022684425115585
0.10250113904476166, 0.061307135969400406
0.05342914164066315, 0.0389440543949604
0.07475178688764572, 0.04879156872630119
0.05595117062330246, 0.052438884973526
0.05605312064290047, 0.04035080596804619
0.06445834785699844, 0.0489397794008255
0.10686846077442169, 0.07152652740478516
0.09820482134819031, 0.04194521903991699
0.0646304339170456, 0.04563430696725845
0.0986737310886383, 0.054796911776065826
0.08849731832742691, 0.058987267315387726
0.07324159145355225, 0.05324173718690872
0.07548268884420395, 0.06186988577246666
0.06516437232494354, 0.043424323201179504
0.06837014108896255, 0.04610288888216019
0.07025108486413956, 0.044196318835020065
0.05449394881725311, 0.03295865282416344
0.060703445225954056, 0.034175630658864975
0.06415760517120361, 0.03978040814399719
0.057967834174633026, 0.03396252170205116
0.05734751746058464, 0.03210969641804695
0.06095230579376221, 0.04511616751551628
0.10230955481529236, 0.06727872788906097
0.07901279628276825, 0.06402900815010071
0.05560048297047615, 0.04014534503221512
0.0712985023856163, 0.044686395674943924
0.06689180433750153, 0.054812878370285034
0.060757286846637726, 0.04039912298321724
0.06407070904970169, 0.04172937572002411
0.053373247385025024, 0.04993480443954468
0.06904958933591843, 0.050723712891340256
0.05427469685673714, 0.03919345512986183
0.08386482298374176, 0.05652486905455589
0.057157840579748154, 0.03851248323917389
0.08220632374286652, 0.059851981699466705
0.07889440655708313, 0.06273676455020905
0.05978484824299812, 0.06708734482526779
0.0520426481962204, 0.051126930862665176
0.045997072011232376, 0.02777770720422268
0.039429519325494766, 0.030516833066940308
0.059378139674663544, 0.03943164274096489
0.05348055437207222, 0.046282317489385605
0.05115991830825806, 0.033184248954057693
0.05545419454574585, 0.041612427681684494
0.04920748993754387, 0.03685027360916138
0.06437479704618454, 0.04587429389357567
0.06427223980426788, 0.051273271441459656
0.06363062560558319, 0.043700698763132095
0.05612883344292641, 0.03802138939499855
0.05453025549650192, 0.0449800044298172
0.05424869805574417, 0.06169111281633377
0.07552161067724228, 0.0448896624147892
0.05288836732506752, 0.045397594571113586
0.059042658656835556, 0.045678768306970596
0.07644565403461456, 0.03638004511594772
0.09175048023462296, 0.06573808938264847
0.10796692222356796, 0.06935647130012512
0.05995415896177292, 0.04482138901948929
0.05726393684744835, 0.046841274946928024
0.0729275569319725, 0.05614176765084267
0.0504625029861927, 0.02963131293654442
0.06713245064020157, 0.03371226787567139
0.05379099026322365, 0.047270480543375015
0.07741912454366684, 0.04636404663324356
0.06243467330932617, 0.04391659051179886
0.05776403471827507, 0.03353191167116165
0.0669950470328331, 0.03580708056688309
0.06127167493104935, 0.05223153904080391
0.057541120797395706, 0.04733842611312866
0.0650964081287384, 0.05836237967014313
0.06025877222418785, 0.027828313410282135
0.09524789452552795, 0.054618097841739655
0.059172697365283966, 0.049541495740413666
0.04325151816010475, 0.028712278231978416
0.08917241543531418, 0.056906234472990036
0.07532070577144623, 0.06208628788590431
0.07573629170656204, 0.05986109748482704
0.06774350255727768, 0.0496230386197567
0.0638250783085823, 0.06023835018277168
0.06116253137588501, 0.05467061325907707
0.06595464050769806, 0.040126509964466095
0.08180789649486542, 0.052539803087711334
0.08094194531440735, 0.04726948216557503
0.05803992971777916, 0.03964102268218994
0.058601897209882736, 0.04493604227900505
0.0846746563911438, 0.0631195530295372
0.05736551061272621, 0.05481812357902527
0.04184483364224434, 0.03639274463057518
0.05903793126344681, 0.042131781578063965
0.08010830730199814, 0.043252430856227875
0.06383320689201355, 0.042532239109277725
0.06433258205652237, 0.0372890867292881
0.06100274622440338, 0.046731021255254745
0.042393047362565994, 0.032008349895477295
0.048174500465393066, 0.04573986679315567
0.05621202290058136, 0.03722872957587242
0.07519638538360596, 0.0507642924785614
0.04568346589803696, 0.03491588309407234
0.042228177189826965, 0.032392315566539764
0.0640094131231308, 0.050557464361190796
0.09870743751525879, 0.0547029972076416
0.05831164866685867, 0.046789973974227905
0.05407677963376045, 0.033066052943468094
0.06912807375192642, 0.05171716585755348
0.0705898180603981, 0.049269597977399826
0.06805358082056046, 0.04620624706149101
0.06902673840522766, 0.05369630455970764
0.06802744418382645, 0.057614605873823166
0.05040509253740311, 0.041552383452653885
0.05216396600008011, 0.044358767569065094
0.06796784698963165, 0.04927964508533478
0.051394615322351456, 0.033891886472702026
0.05805228278040886, 0.04951252415776253
0.05012337490916252, 0.038979701697826385
0.06636814773082733, 0.05056997761130333
0.07181455194950104, 0.03874528035521507
0.06360118091106415, 0.06212984025478363
0.08624756336212158, 0.06364628672599792
0.05897008627653122, 0.046152740716934204
0.07117543369531631, 0.03759755566716194
0.06844141334295273, 0.04912567138671875
0.0680786743760109, 0.05901263281702995
0.059931159019470215, 0.046433281153440475
0.053652744740247726, 0.04104696214199066
0.03933817148208618, 0.0266629159450531
0.05878305435180664, 0.04562215134501457
0.07370531558990479, 0.051743168383836746
0.046725478023290634, 0.03233352303504944
0.04436372593045235, 0.040499038994312286
0.0582207590341568, 0.04194039851427078
0.07924137264490128, 0.0533452145755291
0.07485829293727875, 0.05225692316889763
0.07503314316272736, 0.05705538019537926
0.10028529912233353, 0.052930206060409546
0.05525627359747887, 0.036161743104457855
0.046448688954114914, 0.03778607025742531
0.05533500760793686, 0.032953958958387375
0.04972521588206291, 0.04815395921468735
0.057859648019075394, 0.037102971225976944
0.07397810369729996, 0.06184465065598488
0.0884544625878334, 0.05103706195950508
0.05798476189374924, 0.04251624643802643
0.05384565889835358, 0.03646277263760567
0.05074670910835266, 0.0324450321495533
0.07493161410093307, 0.05774294212460518
0.08177464455366135, 0.052862126380205154
0.042546119540929794, 0.03842281550168991
0.05166170746088028, 0.04870425909757614
0.05092779919505119, 0.031112827360630035
0.04184463620185852, 0.02687334455549717
0.04058467224240303, 0.037387486547231674
0.05683811381459236, 0.030386462807655334
0.07044856250286102, 0.06133090332150459
0.06983868032693863, 0.047399602830410004
0.07813790440559387, 0.050774987787008286
0.061362214386463165, 0.04279552027583122
0.05977852642536163, 0.04930057004094124
0.06976001709699631, 0.03247397765517235
0.06494031846523285, 0.04224482551217079
0.045339543372392654, 0.04238063469529152
0.07343030720949173, 0.05624913424253464
0.07687584310770035, 0.061296068131923676
0.06783250719308853, 0.04962654784321785
0.06166430190205574, 0.04611443728208542
0.04744534566998482, 0.0382559634745121
0.050010889768600464, 0.04687679186463356
0.04393409192562103, 0.03577258065342903
0.06799369305372238, 0.0520128533244133
0.056308794766664505, 0.04204205796122551
0.046001456677913666, 0.029034733772277832
0.04806319996714592, 0.04529271647334099
0.06822126358747482, 0.06846801191568375
0.07381973415613174, 0.05689191818237305
0.047831885516643524, 0.036283984780311584
0.03761979565024376, 0.030225113034248352
0.053703662008047104, 0.0388275608420372
0.05179304629564285, 0.03480616584420204
0.07042256742715836, 0.05896064639091492
0.04874935746192932, 0.036691389977931976
0.06730806082487106, 0.04487723112106323
0.06963007897138596, 0.03810281306505203
0.08631966263055801, 0.062461402267217636
0.0634394958615303, 0.04600398615002632
0.04423259571194649, 0.04089799150824547
0.05533214285969734, 0.04388429597020149
0.04238326847553253, 0.033589091151952744
0.07392382621765137, 0.04968957602977753
0.06297583878040314, 0.049048490822315216
0.0824359729886055, 0.05595321208238602
0.07478519529104233, 0.0542997382581234
0.0730309709906578, 0.0422067753970623
0.058032434433698654, 0.04286051541566849
0.07715080678462982, 0.05067211017012596
0.04954221844673157, 0.025937296450138092
0.05777277052402496, 0.031039338558912277
0.052887000143527985, 0.03734368458390236
0.05190502479672432, 0.04264187440276146
0.06184747442603111, 0.042049478739500046
0.04603981971740723, 0.031207550317049026
0.06681950390338898, 0.04713553562760353
0.04438462480902672, 0.03359508141875267
0.0332736037671566, 0.025336498394608498
0.06517962366342545, 0.03573678433895111
0.07485148310661316, 0.05622900649905205
0.05402890965342522, 0.03787889704108238
0.06980624049901962, 0.03386802598834038
0.04877181351184845, 0.04413282126188278
0.09311039745807648, 0.06661976873874664
0.06368370354175568, 0.041442785412073135
0.049046941101551056, 0.0353492833673954
0.07154634594917297, 0.044837452471256256
0.04469912499189377, 0.028103549033403397
0.04072104021906853, 0.02768566459417343
0.047124337404966354, 0.04397767037153244
0.05892504006624222, 0.037686895579099655
0.06279869377613068, 0.030503464862704277
0.05335769057273865, 0.031589068472385406
0.05603204295039177, 0.040087584406137466
0.051259204745292664, 0.041283849626779556
0.05502413958311081, 0.03883325308561325
0.07434988766908646, 0.07001321017742157
0.04974845424294472, 0.03013474866747856
0.04856463894248009, 0.032877881079912186
0.0520007349550724, 0.04185166954994202
0.05056600272655487, 0.030931487679481506
0.0581803135573864, 0.048041652888059616
0.10694178938865662, 0.05313340947031975
0.06171950325369835, 0.048776742070913315
0.058577775955200195, 0.04584032669663429
0.077883280813694, 0.05970514938235283
0.07627081871032715, 0.056075286120176315
0.06497924774885178, 0.04917772114276886
0.03430148959159851, 0.029880261048674583
0.07126253843307495, 0.03324149176478386
0.09218206256628036, 0.05498824268579483
0.04276689141988754, 0.03735598549246788
0.06919381767511368, 0.05017201229929924
0.053534217178821564, 0.045772485435009
0.0643245279788971, 0.0348290391266346
0.06103254109621048, 0.03409891948103905
0.06497795134782791, 0.03914513811469078
0.07621043920516968, 0.05097033083438873
0.043407365679740906, 0.033322446048259735
0.06299765408039093, 0.04167553782463074
0.05570531636476517, 0.04477211460471153
0.09094145894050598, 0.043673042207956314
0.07972374558448792, 0.06186297535896301
0.09146729856729507, 0.06339342147111893
0.07508591562509537, 0.05421657860279083
0.07979463040828705, 0.04341598600149155
0.07725875079631805, 0.04675678536295891
0.04892991483211517, 0.03805791586637497
0.07133032381534576, 0.05116190016269684
0.11659985035657883, 0.061323992908000946
0.05941283702850342, 0.051414888352155685
0.07171860337257385, 0.04398327320814133
0.09772727638483047, 0.06083831191062927
0.05758622661232948, 0.03616992011666298
0.05044477432966232, 0.04430791735649109
0.09394515305757523, 0.059664782136678696
0.06644028425216675, 0.0537264384329319
0.05995631963014603, 0.026581980288028717
0.10941749066114426, 0.0711202472448349
0.10601450502872467, 0.05656031519174576
0.06243636831641197, 0.04983852058649063
0.05909839645028114, 0.04683288186788559
0.06475232541561127, 0.05166561156511307
0.0552632100880146, 0.027883945032954216
0.09119104593992233, 0.03829079493880272
0.05600447207689285, 0.042602408677339554
0.05026873201131821, 0.026087980717420578
0.047385234385728836, 0.03189315274357796
0.06661190837621689, 0.04554355517029762
0.0599340945482254, 0.04439639672636986
0.0793888196349144, 0.04736409708857536
0.04646443575620651, 0.04185909032821655
0.05180143192410469, 0.04651951044797897
0.05433228611946106, 0.05076856538653374
0.06927508860826492, 0.04806843400001526
0.07604768127202988, 0.07413886487483978
0.0628834068775177, 0.04956178739666939
0.05420590192079544, 0.03159847483038902
0.061740174889564514, 0.05805768445134163
0.08707686513662338, 0.058858223259449005
0.05980277061462402, 0.04044967144727707
0.057277970016002655, 0.029334887862205505
0.04125301167368889, 0.0309595987200737
0.07829876244068146, 0.04947242885828018
0.04680788889527321, 0.02904169075191021
0.04024351388216019, 0.03020405024290085
0.06205283850431442, 0.046133529394865036
0.03939687833189964, 0.03630582615733147
0.0442165732383728, 0.029288476333022118
0.06736691296100616, 0.04699330776929855
0.06070135906338692, 0.04545678198337555
0.08350013196468353, 0.04335946962237358
0.08255524933338165, 0.04340112581849098
0.07238589972257614, 0.05613604560494423
0.039688680320978165, 0.032162658870220184
0.05754010006785393, 0.04360509291291237
0.09874915331602097, 0.06645754724740982
0.061803869903087616, 0.0389498807489872
0.052486199885606766, 0.03480735048651695
0.05401680991053581, 0.0396447591483593
0.04265052080154419, 0.03194151073694229
0.04444621503353119, 0.03273027762770653
0.03987232595682144, 0.033688705414533615
0.06736890971660614, 0.046412691473960876
0.05389733985066414, 0.02543935365974903
0.039408087730407715, 0.03542986139655113
0.06305265426635742, 0.04959278926253319
0.07771606743335724, 0.0557631179690361
0.06590051203966141, 0.05373982712626457
0.04798649251461029, 0.03290814161300659
0.048586778342723846, 0.027661120519042015
0.04578894004225731, 0.023829156532883644
0.07424281537532806, 0.052900202572345734
0.05310773104429245, 0.037323806434869766
0.07081678509712219, 0.03996594250202179
0.05772079899907112, 0.04313640296459198
0.05079309642314911, 0.04401237145066261
0.053165990859270096, 0.037104178220033646
0.04804898425936699, 0.030012113973498344
0.058174993842840195, 0.03450511395931244
0.05822643265128136, 0.032057587057352066
0.05106997862458229, 0.03828537091612816
0.05543716624379158, 0.049554191529750824
0.09654250741004944, 0.0628301352262497
0.050386786460876465, 0.0439457893371582
0.07696767151355743, 0.055676139891147614
0.06337358057498932, 0.03617006540298462
0.06854482740163803, 0.04885101318359375
0.040704987943172455, 0.03802204132080078
0.04941992834210396, 0.02553660422563553
0.043330464512109756, 0.027974484488368034
0.06764540821313858, 0.036699019372463226
0.059417836368083954, 0.04117302596569061
0.06893201917409897, 0.06160583719611168
0.0782027468085289, 0.061483971774578094
0.07180186361074448, 0.032921358942985535
0.05976906791329384, 0.03449668362736702
0.05743847414851189, 0.04174153879284859
0.05983246862888336, 0.02996724285185337
0.03548280522227287, 0.024052802473306656
0.04543900862336159, 0.03961290419101715
0.042588841170072556, 0.03358122706413269
0.06265632063150406, 0.03854293376207352
0.06240977719426155, 0.06406163424253464
0.04117815941572189, 0.039219439029693604
0.060967445373535156, 0.05407598987221718
0.07432645559310913, 0.04494432359933853
0.05606693774461746, 0.035527076572179794
0.06552218645811081, 0.04103325307369232
0.05543603375554085, 0.03173265978693962
0.07617375999689102, 0.04136103019118309
0.06141931563615799, 0.040592409670352936
0.060479335486888885, 0.04412480816245079
0.04167933017015457, 0.03231397271156311
0.05833600088953972, 0.03963607922196388
0.05048282444477081, 0.03172830492258072
0.05782555788755417, 0.04511408135294914
0.04823150113224983, 0.03937961533665657
0.0522424690425396, 0.040914203971624374
0.07109767943620682, 0.03983958065509796
0.05547903850674629, 0.03916538134217262
0.07588169723749161, 0.04642161726951599
0.056888774037361145, 0.0409945473074913
0.08556369692087173, 0.04785577207803726
0.0741610899567604, 0.05078659579157829
0.0720675140619278, 0.05584026500582695
0.03663171827793121, 0.025291984900832176
0.06369202584028244, 0.046837564557790756
0.048043567687273026, 0.032136596739292145
0.060444336384534836, 0.04053284600377083
0.07093355804681778, 0.04404010623693466
0.06065019592642784, 0.029107658192515373
0.051021602004766464, 0.02918892912566662
0.05774641036987305, 0.046601567417383194
0.03970300406217575, 0.032629482448101044
0.03929511085152626, 0.026238970458507538
0.055499352514743805, 0.034653786569833755
0.0594133660197258, 0.0456114262342453
0.03856755048036575, 0.03814614936709404
0.06226089969277382, 0.05396436154842377
0.05655720457434654, 0.03794024512171745
0.05676312744617462, 0.038028061389923096
0.055759795010089874, 0.04146144166588783
0.04294472560286522, 0.03554346784949303
0.05097821354866028, 0.032428089529275894
0.07012464106082916, 0.05314306169748306
0.06185317039489746, 0.04461817443370819
0.07890799641609192, 0.04881232976913452
0.08879333734512329, 0.07016798108816147
0.054954107850790024, 0.03327997401356697
0.04881570488214493, 0.0347718708217144
0.041299257427453995, 0.038855914026498795
0.054446443915367126, 0.04324715957045555
0.05281774327158928, 0.0472901277244091
0.07315842807292938, 0.04546283185482025
0.041996125131845474, 0.027306383475661278
0.07721671462059021, 0.044027093797922134
0.054205093532800674, 0.031195007264614105
0.04541062191128731, 0.03846358880400658
0.06286362558603287, 0.035457808524370193
0.06374767422676086, 0.0474320687353611
0.06400643289089203, 0.05525773763656616
0.05326050892472267, 0.03612607717514038
0.06641168147325516, 0.06121927499771118
0.04809720441699028, 0.025217944756150246
0.04763835296034813, 0.020357271656394005
0.047330815345048904, 0.043390702456235886
0.05772868171334267, 0.04527423903346062
0.07544010132551193, 0.04367190971970558
0.036610353738069534, 0.02494817040860653
0.05713474750518799, 0.03456322103738785
0.07758322358131409, 0.034257519990205765
0.06818818300962448, 0.048942092806100845
0.045658666640520096, 0.039893828332424164
0.0658019408583641, 0.04037348926067352
0.062328968197107315, 0.033677488565444946
0.061206620186567307, 0.05152589827775955
0.09509728848934174, 0.052743103355169296
0.07023008912801743, 0.0360015444457531
0.06352014094591141, 0.040447965264320374
0.04951963573694229, 0.04303644225001335
0.04366353154182434, 0.027435483410954475
0.05130651965737343, 0.037407148629426956
0.04692181572318077, 0.03601894527673721
0.05973269045352936, 0.03612379729747772
0.05549827963113785, 0.039639540016651154
0.07932163774967194, 0.04177934303879738
0.06959614157676697, 0.06276258081197739
0.057625241577625275, 0.04127887263894081
0.05954531207680702, 0.039805322885513306
0.0578572079539299, 0.03795527294278145
0.05039748549461365, 0.030436113476753235
0.05218448117375374, 0.044443950057029724
0.04466721788048744, 0.0470217801630497
0.05066967383027077, 0.02718392014503479
0.04178386181592941, 0.03816528245806694
0.05800722911953926, 0.031666986644268036
0.04990999773144722, 0.03845381736755371
0.044986214488744736, 0.03276433050632477
0.04533832147717476, 0.0410793237388134
0.06467093527317047, 0.04867887869477272
0.06817354261875153, 0.05482007563114166
0.061910126358270645, 0.04106808453798294
0.0477043054997921, 0.0341096892952919
0.04710502177476883, 0.03616892546415329
0.0554247684776783, 0.03557028993964195
0.044441819190979004, 0.03677389770746231
0.05121372267603874, 0.035038042813539505
0.0456005223095417, 0.04090462997555733
0.06624601036310196, 0.041492678225040436
0.062367994338274, 0.03969774395227432
0.04849620908498764, 0.029929693788290024
0.04251785948872566, 0.029039887711405754
0.06404249370098114, 0.05123213306069374
0.05798383057117462, 0.035699646919965744
0.06343654543161392, 0.041286155581474304
0.06676531583070755, 0.04641670361161232
0.05879370495676994, 0.04855029657483101
0.049300048500299454, 0.02750289812684059
0.06208772957324982, 0.04935063421726227
0.05286099761724472, 0.03455935791134834
0.03820323571562767, 0.03170139715075493
0.04996860772371292, 0.031494904309511185
0.042454950511455536, 0.026464542374014854
0.05389199033379555, 0.03245052695274353
0.04430912062525749, 0.03221218287944794
0.05528208985924721, 0.04675392806529999
0.06621597707271576, 0.05028915777802467
0.06068062782287598, 0.041789665818214417
0.10972018539905548, 0.0685335248708725
0.09229949116706848, 0.06409667432308197
0.03294007107615471, 0.018877986818552017
0.06071960926055908, 0.06756377965211868
0.058851029723882675, 0.05585698038339615
0.05916791409254074, 0.03397803753614426
0.057095903903245926, 0.03165303170681
0.04836898297071457, 0.03988238424062729
0.040773093700408936, 0.038562238216400146
0.04945550113916397, 0.030707333236932755
0.06544819474220276, 0.04168057441711426
0.05632906034588814, 0.046777889132499695
0.05366075038909912, 0.048577792942523956
0.058090586215257645, 0.029614686965942383
0.05565708875656128, 0.04614008963108063
0.04713273420929909, 0.03196796774864197
0.06493373960256577, 0.04759153723716736
0.05678123980760574, 0.04318257421255112
0.07359680533409119, 0.051381777971982956
0.07641474157571793, 0.03847210854291916
0.07848852872848511, 0.0426030308008194
0.05760158598423004, 0.040526941418647766
0.06798376888036728, 0.042529959231615067
0.09370548278093338, 0.04604069143533707
0.06568428128957748, 0.04147199168801308
0.045895177870988846, 0.039913397282361984
0.047626521438360214, 0.0333038866519928
0.09620621055364609, 0.06603401154279709
0.07019934803247452, 0.05300965532660484
0.05257948115468025, 0.040706947445869446
0.05011684447526932, 0.034340713173151016
0.03795787692070007, 0.02914833091199398
0.04611654207110405, 0.029950948432087898
0.05564235523343086, 0.04066729545593262
0.06852228194475174, 0.05029257759451866
0.07728984951972961, 0.06466246396303177
0.06816869229078293, 0.044239651411771774
0.060920290648937225, 0.03436007723212242
0.05337778478860855, 0.03601113334298134
0.06541402637958527, 0.0422745943069458
0.07631225138902664, 0.03802049532532692
0.08070006966590881, 0.04671822488307953
0.04583112150430679, 0.032565996050834656
0.04301631450653076, 0.016383405774831772
0.06444407999515533, 0.03534257784485817
0.07682555913925171, 0.05526508390903473
0.06522759795188904, 0.033642273396253586
0.04544098675251007, 0.03131463751196861
0.03383644297719002, 0.030531948432326317
0.05125777795910835, 0.03814077749848366
0.05718424543738365, 0.03947566822171211
0.0675523653626442, 0.04060795158147812
0.05277349427342415, 0.047531548887491226
0.05861561745405197, 0.043913304805755615
0.06400664895772934, 0.04820987582206726
0.07282453030347824, 0.04863278567790985
0.08038979023694992, 0.055980876088142395
0.0556194931268692, 0.04771700128912926
0.05508630722761154, 0.03015005588531494
0.0312369242310524, 0.019705258309841156
0.06330256164073944, 0.036273278295993805
0.06524572521448135, 0.03162882849574089
0.05560453608632088, 0.03156592324376106
0.0662141814827919, 0.04811866581439972
0.09862611442804337, 0.05360746011137962
0.04442312568426132, 0.041262898594141006
0.05162984877824783, 0.03485037386417389
0.06235348433256149, 0.04544506594538689
0.05261971428990364, 0.03530248627066612
0.04149889945983887, 0.026257406920194626
0.07488492876291275, 0.041124746203422546
0.04613329842686653, 0.04678649455308914
0.05130814015865326, 0.037233058363199234
0.044879138469696045, 0.03555545210838318
0.07144973427057266, 0.04012204334139824
0.057998258620500565, 0.038473233580589294
0.06040647253394127, 0.048683252185583115
0.06317878514528275, 0.05815991759300232
0.05349469184875488, 0.03896905854344368
0.047845643013715744, 0.031059473752975464
0.06082318350672722, 0.04478857293725014
0.0324234701693058, 0.028782188892364502
0.057005975395441055, 0.03793783485889435
0.08009836822748184, 0.058142077177762985
0.06221405789256096, 0.03670193627476692
0.040432222187519073, 0.03339816629886627
0.06433048844337463, 0.039593350142240524
0.05722740665078163, 0.05758875608444214
0.04878976568579674, 0.04057934880256653
0.048299793154001236, 0.03263105824589729
0.041631512343883514, 0.03403516113758087
0.03891819342970848, 0.02682548761367798
0.05455107241868973, 0.040063221007585526
0.0500197596848011, 0.03058682195842266
0.06741508096456528, 0.04296218231320381
0.053090620785951614, 0.0318061038851738
0.036644961684942245, 0.02705320157110691
0.04987844079732895, 0.032473865896463394
0.051399439573287964, 0.03276832029223442
0.07128682732582092, 0.04066142439842224
0.05130438506603241, 0.027923978865146637
0.04815470799803734, 0.042685527354478836
0.06166358292102814, 0.03653233125805855
0.04796130582690239, 0.033173054456710815
0.05257772281765938, 0.04828798025846481
0.04968952760100365, 0.042063623666763306
0.0617714449763298, 0.048882901668548584
0.03649242967367172, 0.02424090914428234
0.05868430808186531, 0.03605610877275467
0.0546724870800972, 0.03412899374961853
0.046844061464071274, 0.0446464866399765
0.03660164400935173, 0.03594176098704338
0.07122572511434555, 0.0463847890496254
0.0398678332567215, 0.02869516797363758
0.05220521613955498, 0.03725361451506615
0.0602734349668026, 0.04513752833008766
0.07340352237224579, 0.03448500111699104
0.036897461861371994, 0.031482450664043427
0.0654921606183052, 0.05059805512428284
0.046661779284477234, 0.03901853784918785
0.043889280408620834, 0.03699616715312004
0.05343811586499214, 0.038248248398303986
0.08452440798282623, 0.04764623939990997
0.06968297809362411, 0.04664568230509758
0.034442950040102005, 0.023655273020267487
0.0686149075627327, 0.04481349140405655
0.03759150952100754, 0.03660966828465462
0.06798875331878662, 0.04935820400714874
0.056259382516145706, 0.03870931267738342
0.07229211181402206, 0.03802183270454407
0.049532800912857056, 0.037963513284921646
0.0555475689470768, 0.03815775737166405
0.03949998319149017, 0.036528151482343674
0.04201894998550415, 0.03481215238571167
0.07067680358886719, 0.04736781120300293
0.06481967866420746, 0.0435728020966053
0.06249367445707321, 0.04575385898351669
0.05852286145091057, 0.03909395635128021
0.06867817789316177, 0.07680714875459671
0.06298403441905975, 0.052181556820869446
0.031726349145174026, 0.021273082122206688
0.04903656989336014, 0.03594397008419037
0.06227478012442589, 0.0335155725479126
0.041616469621658325, 0.027678746730089188
0.04964079335331917, 0.05139044672250748
0.05638846382498741, 0.031106574460864067
0.05328395590186119, 0.05293573439121246
0.03804830461740494, 0.033484283834695816
0.03629978746175766, 0.028874211013317108
0.060600750148296356, 0.038205139338970184
0.039643868803977966, 0.021594271063804626
0.04349891096353531, 0.02962006814777851
0.06781370937824249, 0.037361036986112595
0.0749017670750618, 0.04181290790438652
0.0656280592083931, 0.03459712490439415
0.05895105376839638, 0.04102439805865288
0.06384255737066269, 0.0355818085372448
0.04490496218204498, 0.0273886788636446
0.05483308434486389, 0.03960133343935013
0.05453311279416084, 0.039782583713531494
0.04086212441325188, 0.025969143956899643
0.06122475862503052, 0.04770778864622116
0.06302222609519958, 0.029719525948166847
0.05982743576169014, 0.03591984510421753
0.049220677465200424, 0.04384288191795349
0.0851941704750061, 0.04970194771885872
0.0576912946999073, 0.03844229504466057
0.05433075502514839, 0.04227006062865257
0.0513966828584671, 0.032713633030653
0.061848290264606476, 0.04481150954961777
0.0504792220890522, 0.03770134970545769
0.06627468764781952, 0.03270365297794342
0.0709143579006195, 0.046631820499897
0.03994563966989517, 0.026049157604575157
0.06068555638194084, 0.03193662688136101
0.04859321564435959, 0.03172631561756134
0.036771126091480255, 0.04000875726342201
0.04421675205230713, 0.036165472120046616
0.03956415504217148, 0.03887467831373215
0.06038007512688637, 0.03980406001210213
0.06865185499191284, 0.055695127695798874
0.06341537088155746, 0.04861709475517273
0.05434848740696907, 0.039672624319791794
0.056476347148418427, 0.04203921556472778
0.06505779176950455, 0.04451131820678711
0.04696296527981758, 0.026432624086737633
0.08383263647556305, 0.05653417855501175
0.05218227207660675, 0.038890689611434937
0.040753647685050964, 0.03126530721783638
0.042207080870866776, 0.041395995765924454
0.056257911026477814, 0.04415974020957947
0.05480681359767914, 0.037903450429439545
0.04874793067574501, 0.04600941762328148
0.06406658887863159, 0.04140978679060936
0.0550793819129467, 0.04274525120854378
0.0405898280441761, 0.0324748232960701
0.06596999615430832, 0.04422159120440483
0.050596337765455246, 0.03552689403295517
0.03799774497747421, 0.03984401002526283
0.04271387308835983, 0.024391161277890205
0.07144326716661453, 0.05324694141745567
0.05326293781399727, 0.03460788354277611
0.06521312147378922, 0.04321103170514107
0.06416980177164078, 0.04922154173254967
0.07184925675392151, 0.034654561430215836
0.08707160502672195, 0.05852486193180084
0.04855971783399582, 0.040972571820020676
0.04210025072097778, 0.034039437770843506
0.04019039124250412, 0.030082734301686287
0.039477892220020294, 0.02423231489956379
0.05804339423775673, 0.03794059902429581
0.06155049800872803, 0.040551651269197464
0.04648227617144585, 0.023120075464248657
0.05058297887444496, 0.04691586643457413
0.06107272580265999, 0.03330705314874649
0.04898988455533981, 0.03773565962910652
0.06396321207284927, 0.04273369535803795
0.05118165537714958, 0.03641898185014725
0.06529766321182251, 0.05381105840206146
0.05118372663855553, 0.03129763901233673
0.079495370388031, 0.05420795828104019
0.059496719390153885, 0.039286836981773376
0.0520654171705246, 0.04004669934511185
0.058578602969646454, 0.03133061155676842
0.056908924132585526, 0.05291687324643135
0.05290177837014198, 0.03796973079442978
0.07099182158708572, 0.048812560737133026
0.04759220778942108, 0.04025678336620331
0.0701526552438736, 0.03985994681715965
0.0692228153347969, 0.06442999839782715
0.042480770498514175, 0.025617452338337898
0.05232369154691696, 0.030324812978506088
0.07582378387451172, 0.03767053410410881
0.046152953058481216, 0.0337444469332695
0.04551220312714577, 0.04607744142413139
0.04294535145163536, 0.03216692432761192
0.05484820529818535, 0.038768161088228226
0.04177669435739517, 0.04145771265029907
0.03797956928610802, 0.028111079707741737
0.05778013542294502, 0.03426985442638397
0.06400195509195328, 0.030113667249679565
0.0476042814552784, 0.027043435722589493
0.049839217215776443, 0.036580462008714676
0.06774837523698807, 0.04112066701054573
0.057103030383586884, 0.03233297914266586
0.059989381581544876, 0.04155507683753967
0.05396503955125809, 0.04147398844361305
0.06138807535171509, 0.033226028084754944
0.049553971737623215, 0.03333755210042
0.06220201775431633, 0.032915711402893066
0.043132588267326355, 0.02441254071891308
0.047113556414842606, 0.04414565488696098
0.06786741316318512, 0.04160779342055321
0.05659927800297737, 0.04685329273343086
0.07355425506830215, 0.059339411556720734
0.03946923464536667, 0.02853751927614212
0.050493717193603516, 0.0356200747191906
0.05182046815752983, 0.03414471447467804
0.047807727009058, 0.046977076679468155
0.06324876099824905, 0.0404292531311512
0.05506863817572594, 0.029892629012465477
0.051684435456991196, 0.03000151552259922
0.04230697825551033, 0.026717964559793472
0.07213788479566574, 0.04834407567977905
0.06566575914621353, 0.03733963519334793
0.05217265337705612, 0.03327798843383789
0.0461285300552845, 0.024261588230729103
0.04552443325519562, 0.03637029603123665
0.04006992280483246, 0.03142329305410385
0.07504775375127792, 0.05095257610082626
0.0711074024438858, 0.05087332800030708
0.05854983627796173, 0.05244510993361473
0.06178896874189377, 0.04428369924426079
0.05603690817952156, 0.037500880658626556
0.0765409991145134, 0.03228847309947014
0.053914204239845276, 0.04712345823645592
0.039686210453510284, 0.03486412763595581
0.0513019897043705, 0.043759968131780624
0.058192040771245956, 0.038668010383844376
0.047229401767253876, 0.04184563830494881
0.0563959963619709, 0.04170512408018112
0.0684228241443634, 0.03894257918000221
0.06268277764320374, 0.034144263714551926
0.05472768470644951, 0.02665703184902668
0.03754418343305588, 0.022767523303627968
0.053003259003162384, 0.026527592912316322
0.05762266367673874, 0.047627873718738556
0.046706970781087875, 0.03653673455119133
0.0518568754196167, 0.04073599353432655
0.03925067186355591, 0.030683420598506927
0.03771603852510452, 0.030611775815486908
0.06950900703668594, 0.04322175309062004
0.04118283465504646, 0.025407060980796814
0.04473558068275452, 0.028553038835525513
0.037644900381565094, 0.03025588020682335
0.06277598440647125, 0.05170528218150139
0.055904190987348557, 0.0418723002076149
0.0481748953461647, 0.035790398716926575
0.04801959916949272, 0.027740558609366417
0.057779550552368164, 0.038247156888246536
0.08236942440271378, 0.05154116079211235
0.07195470482110977, 0.05109003558754921
0.049631260335445404, 0.04111676290631294
0.06119987741112709, 0.041276369243860245
0.07964348047971725, 0.04613127186894417
0.0494278259575367, 0.03912406414747238
0.05480280891060829, 0.0387868769466877
0.05980365723371506, 0.05457659065723419
0.06933732330799103, 0.04205678403377533
0.046205032616853714, 0.04290704056620598
0.07045011967420578, 0.035040874034166336
0.049107689410448074, 0.027671972289681435
0.06313297897577286, 0.041315849870443344
0.039804089814424515, 0.027523178607225418
0.044106174260377884, 0.030298931524157524
0.057996850460767746, 0.03192003816366196
0.06666523218154907, 0.040793176740407944
0.0752110704779625, 0.04983370006084442
0.06113753840327263, 0.04522383585572243
0.0583944134414196, 0.045889146625995636
0.06087711080908775, 0.04169294238090515
0.10457286983728409, 0.033536043018102646
0.045021507889032364, 0.03814207762479782
0.06320958584547043, 0.03827385976910591
0.05821020156145096, 0.04356135427951813
0.040189918130636215, 0.03663383424282074
0.04679885134100914, 0.0331275574862957
0.04130607843399048, 0.02453392557799816
0.059072475880384445, 0.037432197481393814
0.05717955902218819, 0.03179669380187988
0.04368869215250015, 0.03212737292051315
0.06003362685441971, 0.03201623260974884
0.049325671046972275, 0.037645306438207626
0.055170781910419464, 0.044919539242982864
0.04474424570798874, 0.02252664603292942
0.046560999006032944, 0.029810918495059013
0.054250698536634445, 0.043020110577344894
0.045582059770822525, 0.03370193392038345
0.03780834749341011, 0.03182796761393547
0.05894218757748604, 0.03350506350398064
0.04653044417500496, 0.027709340676665306
0.05548693612217903, 0.037972208112478256
0.04493585228919983, 0.03383919596672058
0.048632845282554626, 0.02944173663854599
0.045249346643686295, 0.03670160844922066
0.04373710975050926, 0.027203897014260292
0.05156625434756279, 0.04476179927587509
0.060632865875959396, 0.04313451051712036
0.04823419079184532, 0.031119415536522865
0.05403094366192818, 0.042887695133686066
0.052560217678546906, 0.030797474086284637
0.06741950660943985, 0.054201968014240265
0.04907366633415222, 0.032725367695093155
0.0501391775906086, 0.05383307486772537
0.06832627207040787, 0.04511227831244469
0.05094945803284645, 0.028221504762768745
0.06502371281385422, 0.029124515131115913
0.05848219618201256, 0.04743547737598419
0.07981053739786148, 0.05244143307209015
0.06467178463935852, 0.038918979465961456
0.04383891448378563, 0.026029638946056366
0.05449144169688225, 0.03486629202961922
0.0628480389714241, 0.04591245576739311
0.0501951165497303, 0.03317432850599289
0.0506986603140831, 0.030496960505843163
0.04919268190860748, 0.03791416063904762
0.04323698207736015, 0.03267529234290123
0.04559524729847908, 0.03163108974695206
0.05886901915073395, 0.053169816732406616
0.06378980726003647, 0.039267685264348984
0.05433224141597748, 0.03651726618409157
0.057008545845746994, 0.037761490792036057
0.08000005781650543, 0.052031077444553375
0.0491752028465271, 0.036893267184495926
0.08544575423002243, 0.04817523434758186
0.08047288656234741, 0.04095346853137016
0.06189010664820671, 0.05212094634771347
0.04277162626385689, 0.03510668873786926
0.07098136097192764, 0.04791339859366417
0.07710223644971848, 0.05651075020432472
0.08720013499259949, 0.055229946970939636
0.09518761187791824, 0.06942026317119598
0.09977010637521744, 0.06539899110794067
0.050994981080293655, 0.043606650084257126
0.0518888458609581, 0.03905202075839043
0.06299348920583725, 0.037777550518512726
0.0505719892680645, 0.03756813704967499
0.04093010723590851, 0.03324105590581894
0.04804550111293793, 0.027150031179189682
0.036902040243148804, 0.02719702757894993
0.04347747564315796, 0.029870962724089622
0.03999501094222069, 0.033613186329603195
0.04949111491441727, 0.040260542184114456
0.0422377772629261, 0.03103400394320488
0.04898862913250923, 0.02945875935256481
0.04469534754753113, 0.04179387912154198
0.05408859997987747, 0.03233754262328148
0.053925130516290665, 0.03651753067970276
0.07838220149278641, 0.043605297803878784
0.056604284793138504, 0.03766773268580437
0.041073400527238846, 0.020958727225661278
0.05282001569867134, 0.034112393856048584
0.04779680445790291, 0.02685624733567238
0.06223999708890915, 0.051680248230695724
0.0661049336194992, 0.04209687560796738
0.033226825296878815, 0.02305818349123001
0.04157446324825287, 0.03778902068734169
0.047846999019384384, 0.0376395508646965
0.05419255793094635, 0.03254716098308563
0.06062500551342964, 0.04407963529229164
0.03270387649536133, 0.030044449493288994
0.04801034927368164, 0.03566281124949455
0.05944822356104851, 0.0316772535443306
0.03978261351585388, 0.03126726672053337
0.0678236186504364, 0.03501485660672188
0.05470731481909752, 0.03582862764596939
0.0417422391474247, 0.028464704751968384
0.0549851730465889, 0.035384345799684525
0.048910122364759445, 0.042631592601537704
0.06999603658914566, 0.042161937803030014
0.08560530096292496, 0.0443832166492939
0.05015432462096214, 0.03869377821683884
0.045917440205812454, 0.03563430532813072
0.04943638667464256, 0.03218885138630867
0.03634346276521683, 0.03382488712668419
0.0572594553232193, 0.03928745910525322
0.0648103579878807, 0.038496166467666626
0.07185767590999603, 0.04826679825782776
0.04321644455194473, 0.030774207785725594
0.0546724796295166, 0.03520593047142029
0.06778950244188309, 0.03793169558048248
0.06225103884935379, 0.04421615973114967
0.05387597531080246, 0.036287035793066025
0.0617583729326725, 0.04618653655052185
0.04337548092007637, 0.02979482337832451
0.04720054194331169, 0.04547794163227081
0.05059021711349487, 0.0327024944126606
0.051130786538124084, 0.041771236807107925
0.0463181734085083, 0.029741695150732994
0.053936030715703964, 0.04490062966942787
0.06025952100753784, 0.038859862834215164
0.04838483780622482, 0.03096698969602585
0.05167814716696739, 0.029512641951441765
0.05211261287331581, 0.03591477498412132
0.047164078801870346, 0.03477122634649277
0.05346887186169624, 0.035487886518239975
0.07899057120084763, 0.04327438026666641
0.051562000066041946, 0.03886222466826439
0.05061108246445656, 0.031453926116228104
0.04816756770014763, 0.035503167659044266
0.07018182426691055, 0.05008547380566597
0.06287992745637894, 0.05166500434279442
0.05577464774250984, 0.03703290969133377
0.06387259811162949, 0.03025788627564907
0.049764614552259445, 0.04292599484324455
0.041838761419057846, 0.03539185971021652
0.055434450507164, 0.02759922668337822
0.04982764273881912, 0.03995979204773903
0.040964145213365555, 0.038056109100580215
0.05832900479435921, 0.027443211525678635
0.09391327202320099, 0.05215875804424286
0.059573881328105927, 0.05547245591878891
0.06626562774181366, 0.049450647085905075
0.06023793667554855, 0.03394842520356178
0.07593686878681183, 0.04659198224544525
0.04558335617184639, 0.03633420169353485
0.05676110461354256, 0.04129588231444359
0.04535355046391487, 0.039520248770713806
0.034425608813762665, 0.026062458753585815
0.04110021889209747, 0.02813366800546646
0.05052168667316437, 0.04437367245554924
0.05162767320871353, 0.03704994171857834
0.07038706541061401, 0.04597869887948036
0.061284925788640976, 0.03320322185754776
0.039450693875551224, 0.025857163593173027
0.043675001710653305, 0.0330057330429554
0.040472496300935745, 0.02765781432390213
0.07491866499185562, 0.047282759100198746
0.0654364675283432, 0.0508611723780632
0.05004699528217316, 0.033615849912166595
0.03764476254582405, 0.02338477410376072
0.06076774373650551, 0.03865789994597435
0.04376111924648285, 0.03213825821876526
0.07489893585443497, 0.038034286350011826
0.03532171621918678, 0.027448561042547226
0.04485970735549927, 0.03915386646986008
0.046612657606601715, 0.035064347088336945
0.050486207008361816, 0.035950180143117905
0.05084963142871857, 0.039366211742162704
0.04391627386212349, 0.048348892480134964
0.05376918986439705, 0.03152119368314743
0.03904486075043678, 0.03449925407767296
0.05366845801472664, 0.030030112713575363
0.0601247139275074, 0.04355194792151451
0.051655471324920654, 0.044015005230903625
0.05589710548520088, 0.033876724541187286
0.05724164471030235, 0.03999806568026543
0.0512026809155941, 0.027654344215989113
0.06310094892978668, 0.04663019999861717
0.06359802186489105, 0.03940680995583534
0.0751170739531517, 0.03393947333097458
0.06688424944877625, 0.03737473487854004
0.056326668709516525, 0.039641812443733215
0.05596517398953438, 0.04236239939928055
0.052246127277612686, 0.03240800276398659
0.057259056717157364, 0.0326685793697834
0.061161477118730545, 0.039243850857019424
0.046455636620521545, 0.039513055235147476
0.060408540070056915, 0.03812411427497864
0.05725935474038124, 0.028145577758550644
0.046740684658288956, 0.023100994527339935
0.05549592152237892, 0.04259032383561134
0.06173313409090042, 0.03742401674389839
0.09041352570056915, 0.06732700765132904
0.08781930059194565, 0.05481550097465515
0.06804274767637253, 0.047483958303928375
0.057783160358667374, 0.027187539264559746
0.06783311814069748, 0.04913093522191048
0.06301254779100418, 0.04141060262918472
0.04376138746738434, 0.02838410809636116
0.06247039511799812, 0.04300948977470398
0.06027320399880409, 0.03626066818833351
0.04797216132283211, 0.043886054307222366
0.04551741108298302, 0.03241670876741409
0.04339507594704628, 0.026337144896388054
0.053992047905921936, 0.044191326946020126
0.036195386201143265, 0.024326786398887634
0.03864409029483795, 0.030464911833405495
0.05636703968048096, 0.04413117468357086
0.06536535173654556, 0.03119688667356968
0.05525512993335724, 0.04030280187726021
0.07257737219333649, 0.04188472777605057
0.06414363533258438, 0.03420650586485863
0.07612429559230804, 0.05076330900192261
0.04649899899959564, 0.025334665551781654
0.04772191494703293, 0.035701997578144073
0.05358538776636124, 0.037787966430187225
0.05541638284921646, 0.03966104984283447
0.03860810026526451, 0.03009721077978611
0.05549345165491104, 0.03658657521009445
0.04365179315209389, 0.03691711276769638
0.048188794404268265, 0.03601012006402016
0.07317162305116653, 0.049256887286901474
0.05032248795032501, 0.030650725588202477
0.04891163110733032, 0.03823766112327576
0.06053375452756882, 0.04737715795636177
0.0471714586019516, 0.04265037924051285
0.07045260816812515, 0.04638371989130974
0.06448369473218918, 0.04936397075653076
0.06256572902202606, 0.03764326125383377
0.07232987880706787, 0.04829579219222069
0.05260928347706795, 0.04439893737435341
0.06618484109640121, 0.04365541785955429
0.06310068070888519, 0.03671594709157944
0.06086190044879913, 0.02705356664955616
0.04823625460267067, 0.03859052434563637
0.04850567504763603, 0.0319460928440094
0.04789626598358154, 0.02797083742916584
0.04774004966020584, 0.036152735352516174
0.10364387929439545, 0.05851922184228897
0.057197775691747665, 0.04484928399324417
0.06269656866788864, 0.04147930443286896
0.05377447232604027, 0.03518896549940109
0.04213349521160126, 0.02765417844057083
0.03826868161559105, 0.019583387300372124
0.047269556671381, 0.034595366567373276
0.03688095882534981, 0.023386668413877487
0.04513426125049591, 0.031728435307741165
0.0832723081111908, 0.05266175419092178
0.05458047613501549, 0.04006148502230644
0.05092991515994072, 0.03826584666967392
0.04569335654377937, 0.028949430212378502
0.05093401297926903, 0.037674494087696075
0.055022116750478745, 0.03268733248114586
0.05882744863629341, 0.04552055522799492
0.0521814301609993, 0.0471678227186203
0.05237966403365135, 0.04294521361589432
0.08195272088050842, 0.05003952607512474
0.04289375990629196, 0.036918412894010544
0.03927643224596977, 0.034349676221609116
0.053784891963005066, 0.04466924071311951
0.04772082716226578, 0.029447278007864952
0.04311351478099823, 0.033637259155511856
0.03033527173101902, 0.02372192032635212
0.07734806090593338, 0.04123770818114281
0.06675712019205093, 0.037345364689826965
0.043489471077919006, 0.030037904158234596
0.03382488340139389, 0.03238941729068756
0.041980043053627014, 0.03043050318956375
0.06436469405889511, 0.045458897948265076
0.06271274387836456, 0.03915257379412651
0.04980756342411041, 0.04678330197930336
0.05397692695260048, 0.02997983992099762
0.07629799097776413, 0.04172411561012268
0.048118311911821365, 0.03355402499437332
0.06039532646536827, 0.03216215968132019
0.05267713963985443, 0.05340149626135826
0.05127369612455368, 0.04121829941868782
0.05178908631205559, 0.031045008450746536
0.052525606006383896, 0.026409972459077835
0.07136464864015579, 0.04203511402010918
0.04769890755414963, 0.020632069557905197
0.06744187325239182, 0.04843510314822197
0.05032128840684891, 0.027758918702602386
0.06654901802539825, 0.046179406344890594
0.04757504165172577, 0.03373205289244652
0.06731468439102173, 0.036671895533800125
0.04426884651184082, 0.035887859761714935
0.04132400080561638, 0.02803955227136612
0.04918539524078369, 0.029397999867796898
0.062257662415504456, 0.04272628203034401
0.050577957183122635, 0.029973149299621582
0.06317707151174545, 0.04024365916848183
0.06584969907999039, 0.04361673444509506
0.0431077741086483, 0.02277064137160778
0.04303351789712906, 0.03326835483312607
0.048020824790000916, 0.03071025386452675
0.04738437756896019, 0.03430997580289841
0.04404851049184799, 0.02573452517390251
0.058442581444978714, 0.03555230796337128
0.05722342059016228, 0.042883262038230896
0.05662870407104492, 0.03081868775188923
0.04363294318318367, 0.029918765649199486
0.05861283838748932, 0.03518306463956833
0.042407818138599396, 0.02629266120493412
0.06430356204509735, 0.04162833094596863
0.037359435111284256, 0.03281168267130852
0.07342737168073654, 0.04567073658108711
0.0468129999935627, 0.033761702477931976
0.05741230025887489, 0.034611500799655914
0.06168239191174507, 0.0364571250975132
0.05944107100367546, 0.0482451394200325
0.0659886822104454, 0.04568680375814438
0.04564567282795906, 0.03620698302984238
0.07496107369661331, 0.043271489441394806
0.062251973897218704, 0.044718582183122635
0.058769095689058304, 0.04352305829524994
0.054156024008989334, 0.02976895123720169
0.0656338632106781, 0.0417700856924057
0.07136406004428864, 0.04488953575491905
0.05276741832494736, 0.0387161485850811
0.04040398821234703, 0.024667298421263695
0.04637781158089638, 0.027531839907169342
0.06033586338162422, 0.04751967266201973
0.0804687887430191, 0.053868796676397324
0.05851507931947708, 0.03221999481320381
0.05963216349482536, 0.03518706560134888
0.04590694606304169, 0.029127173125743866
0.054435379803180695, 0.04338733106851578
0.042905911803245544, 0.024466954171657562
0.06221862509846687, 0.039159469306468964
0.04057132080197334, 0.036786336451768875
0.04742598906159401, 0.032945141196250916
0.08278658986091614, 0.05267128720879555
0.060615334659814835, 0.054700929671525955
0.09365655481815338, 0.04518323391675949
0.041257888078689575, 0.02935074456036091
0.04430549964308739, 0.027361901476979256
0.054949451237916946, 0.03843791037797928
0.06287100911140442, 0.037478670477867126
0.04297161102294922, 0.0335262157022953
0.062231652438640594, 0.04976554214954376
0.05018208548426628, 0.03201460838317871
0.04075276851654053, 0.03558382764458656
0.05834087356925011, 0.048967041075229645
0.05445504188537598, 0.030103541910648346
0.08612082153558731, 0.04329665005207062
0.07496217638254166, 0.05542151257395744
0.06467710435390472, 0.04181934893131256
0.04653904214501381, 0.0279106292873621
0.0780908539891243, 0.060191184282302856
0.057335395365953445, 0.04224472865462303
0.07695017009973526, 0.03955526649951935
0.06356915086507797, 0.0559660866856575
0.057420458644628525, 0.03826184198260307
0.07592454552650452, 0.04218507930636406
0.05706266686320305, 0.04313186556100845
0.04899318143725395, 0.03365766257047653
0.08221974223852158, 0.04693722724914551
0.05105607584118843, 0.05020265281200409
0.06282741576433182, 0.05166027322411537
0.05484281852841377, 0.03951893746852875
0.047843772917985916, 0.04058554396033287
0.04143789783120155, 0.024327773600816727
0.08197033405303955, 0.0482097826898098
0.05646759271621704, 0.05344362184405327
0.04989594966173172, 0.03886483237147331
0.05015355721116066, 0.03223187476396561
0.0395364910364151, 0.026104532182216644
0.05416595935821533, 0.04334706813097
0.046619582921266556, 0.03772711008787155
0.035578954964876175, 0.027469772845506668
0.046330858021974564, 0.03222273662686348
0.05162729322910309, 0.03051653876900673
0.061031367629766464, 0.040872033685445786
0.06324005872011185, 0.04453120008111
0.05284499004483223, 0.04151705279946327
0.04111521691083908, 0.029269136488437653
0.054020289331674576, 0.03886246308684349
0.04940561205148697, 0.034863073378801346
0.06433612108230591, 0.04434863477945328
0.04918109253048897, 0.03343094885349274
0.05504804104566574, 0.027866225689649582
0.05670268088579178, 0.03444482386112213
0.05095776915550232, 0.036394957453012466
0.05601655691862106, 0.03581931069493294
0.04309286177158356, 0.03474433720111847
0.03992791473865509, 0.028601981699466705
0.036206502467393875, 0.01794903166592121
0.06742318719625473, 0.03876907378435135
0.04983450472354889, 0.03801015019416809
0.08539356291294098, 0.053405921906232834
0.06656826287508011, 0.047059282660484314
0.0751127079129219, 0.03840501606464386
0.06056630611419678, 0.05892699584364891
0.047605905681848526, 0.026334919035434723
0.05757738649845123, 0.04361654072999954
0.050001394003629684, 0.04467061534523964
0.0516822412610054, 0.04381479695439339
0.05709283426403999, 0.04418644681572914
0.045588813722133636, 0.034867122769355774
0.06861965358257294, 0.05291968584060669
0.045697372406721115, 0.02978130616247654
0.052681077271699905, 0.03173986077308655
0.051364243030548096, 0.04658769816160202
0.047864846885204315, 0.04084749519824982
0.04983215034008026, 0.041325218975543976
0.05868326872587204, 0.022312700748443604
0.041961122304201126, 0.02303079515695572
0.06672665476799011, 0.03585261479020119
0.07116887718439102, 0.04077592492103577
0.0424593910574913, 0.03687206655740738
0.03538082540035248, 0.03377486765384674
0.041364528238773346, 0.02207411825656891
0.03538431599736214, 0.02835008129477501
0.04012278467416763, 0.03659316524863243
0.044641077518463135, 0.026996437460184097
0.04653714969754219, 0.030044149607419968
0.07833652198314667, 0.0431477352976799
0.03854059427976608, 0.02821531519293785
0.07150078564882278, 0.05340583994984627
0.06713036447763443, 0.0410437136888504
0.05483635142445564, 0.035132355988025665
0.06697890907526016, 0.036884065717458725
0.06965383142232895, 0.05265669897198677
0.06177353858947754, 0.03258882090449333
0.050063446164131165, 0.02883770689368248
0.05260484293103218, 0.03297828137874603
0.055827345699071884, 0.046413812786340714
0.04215660318732262, 0.027501480653882027
0.05976922810077667, 0.040473081171512604
0.04697743430733681, 0.027025535702705383
0.04103921353816986, 0.03233954310417175
0.06195651367306709, 0.04640873521566391
0.058224327862262726, 0.036481890827417374
0.05036470666527748, 0.041638489812612534
0.048940666019916534, 0.02926625870168209
0.050975997000932693, 0.035740990191698074
0.0578833632171154, 0.04083048552274704
0.052810799330472946, 0.040199801325798035
0.04187268763780594, 0.034155286848545074
0.05403895676136017, 0.03495839983224869
0.04473291337490082, 0.03186246380209923
0.042973071336746216, 0.03410424292087555
0.046581145375967026, 0.03840654343366623
0.055536918342113495, 0.03451009839773178
0.04742715135216713, 0.04018979147076607
0.04439322277903557, 0.0293018389493227
0.04394187405705452, 0.032933108508586884
0.05050668120384216, 0.03876258805394173
0.05696200579404831, 0.03657052293419838
0.08177626878023148, 0.04706642031669617
0.0659627690911293, 0.047341302037239075
0.03515678644180298, 0.03260686993598938
0.04004605859518051, 0.03065444901585579
0.06361089646816254, 0.048623066395521164
0.03728026524186134, 0.03369426354765892
0.05101045221090317, 0.02632049098610878
0.09048789739608765, 0.057097457349300385
0.08103931695222855, 0.051563810557127
0.05943428352475166, 0.03738114982843399
0.06392255425453186, 0.043138839304447174
0.04562203958630562, 0.026294708251953125
0.0408862829208374, 0.04335523769259453
0.04107941687107086, 0.026807362213730812
0.0387052446603775, 0.034330036491155624
0.02821260131895542, 0.028449000790715218
0.04528159648180008, 0.0352785550057888
0.04872791841626167, 0.030433496460318565
0.06215987727046013, 0.03068453259766102
0.04578094929456711, 0.04213236644864082
0.06132551655173302, 0.04087987542152405
0.04332767799496651, 0.035875141620635986
0.05250600725412369, 0.02896745316684246
0.04943784698843956, 0.036079101264476776
0.05080990493297577, 0.03246810659766197
0.07382085174322128, 0.051044706255197525
0.10187289118766785, 0.0620134137570858
0.051690202206373215, 0.02881334349513054
0.05479828268289566, 0.037890344858169556
0.07528501003980637, 0.05059834197163582
0.04259687289595604, 0.036771003156900406
0.07435255497694016, 0.039991747587919235
0.05335964262485504, 0.026377340778708458
0.08251722157001495, 0.050544269382953644
0.08564133197069168, 0.04310574382543564
0.04886980354785919, 0.04964044690132141
0.05064456909894943, 0.040878064930438995
0.06802232563495636, 0.041331540793180466
0.05910542979836464, 0.030345750972628593
0.04108984023332596, 0.032295744866132736
0.05854196101427078, 0.04926420748233795
0.059684861451387405, 0.0401337556540966
0.06425568461418152, 0.0437399297952652
0.06929455697536469, 0.052569761872291565
0.06959656625986099, 0.05135950818657875
0.09280707687139511, 0.046612922102212906
0.067937932908535, 0.05180682986974716
0.0627257376909256, 0.04591963812708855
0.06424431502819061, 0.045120567083358765
0.050908785313367844, 0.045998990535736084
0.050424475222826004, 0.041869569569826126
0.062748484313488, 0.045186229050159454
0.060634758323431015, 0.046040479093790054
0.05377237871289253, 0.04573073983192444
0.042942482978105545, 0.027711594477295876
0.06960396468639374, 0.04167100787162781
0.05119013041257858, 0.03854658082127571
0.05905326083302498, 0.04607747122645378
0.08198850601911545, 0.051275819540023804
0.050163738429546356, 0.05022785812616348
0.033370666205883026, 0.024066977202892303
0.04727168381214142, 0.03774990141391754
0.040268439799547195, 0.028344087302684784
0.06417615711688995, 0.05556165799498558
0.05861535295844078, 0.03976507484912872
0.05375553295016289, 0.046184975653886795
0.053427934646606445, 0.03317033872008324
0.03916382044553757, 0.02849459834396839
0.05632902681827545, 0.051547154784202576
0.052309550344944, 0.04017459601163864
0.05465363338589668, 0.037479836493730545
0.05035888031125069, 0.04461506009101868
0.05910380184650421, 0.04397251084446907
0.07142528146505356, 0.05111533775925636
0.05721106007695198, 0.03138158097863197
0.03278963640332222, 0.025798005983233452
0.029813554137945175, 0.033971428871154785
0.05147956684231758, 0.035777267068624496
0.055018991231918335, 0.037773434072732925
0.06626484543085098, 0.05683565139770508
0.029280556365847588, 0.025080015882849693
0.04185052216053009, 0.03398292139172554
0.06733362376689911, 0.04698877036571503
0.06513804197311401, 0.045422669500112534
0.08686166256666183, 0.049675822257995605
0.058398399502038956, 0.0516292043030262
0.04640985652804375, 0.026334775611758232
0.0518636517226696, 0.03421163931488991
0.03536432981491089, 0.02318420447409153
0.04302471876144409, 0.028403516858816147
0.04856488108634949, 0.03300967067480087
0.059751205146312714, 0.03634718433022499
0.04787144809961319, 0.041371285915374756
0.05760547146201134, 0.03972914442420006
0.05963271111249924, 0.03918922692537308
0.04656653478741646, 0.03221901133656502
0.05878397449851036, 0.033559877425432205
0.039725761860609055, 0.019944988191127777
0.028029462322592735, 0.013154805637896061
0.05929945036768913, 0.03835894167423248
0.07064849138259888, 0.04867159575223923
0.07005868852138519, 0.056085728108882904
0.07015199214220047, 0.05299791693687439
0.05041138082742691, 0.0383811816573143
0.07524283230304718, 0.05914181098341942
0.04413152486085892, 0.03520677983760834
0.053086888045072556, 0.03361130505800247
0.06340377777814865, 0.04476693645119667
0.053409378975629807, 0.03772886469960213
0.029684778302907944, 0.023093562573194504
0.058602578938007355, 0.029713749885559082
0.056832484900951385, 0.03942803665995598
0.03232916444540024, 0.022789649665355682
0.053004343062639236, 0.04013175889849663
0.06319504231214523, 0.037247978150844574
0.04875366762280464, 0.030991042032837868
0.06682433187961578, 0.05222466215491295
0.0457451157271862, 0.028942370787262917
0.03991759568452835, 0.0257546566426754
0.0635637417435646, 0.04183482006192207
0.036314450204372406, 0.023927191272377968
0.043494705110788345, 0.031101765111088753
0.061766982078552246, 0.057115588337183
0.060120854526758194, 0.052577272057533264
