mean, std
0.22835373878479004, 0.033630628138780594
0.19795869290828705, 0.02525177039206028
0.18780262768268585, 0.02457033284008503
0.18343372642993927, 0.019502490758895874
0.18858452141284943, 0.0176264438778162
0.1883857697248459, 0.017977235838770866
0.17249873280525208, 0.016064180061221123
0.14170075953006744, 0.022114349529147148
0.1055360808968544, 0.010387415066361427
0.10283438116312027, 0.01709970459342003
0.08730006963014603, 0.017145905643701553
0.0874907523393631, 0.02399330772459507
0.08468197286128998, 0.02321336232125759
0.07446721941232681, 0.01607557386159897
0.07788063585758209, 0.018239816650748253
0.07847512513399124, 0.015302631072700024
0.0738963782787323, 0.013786577619612217
0.06804940104484558, 0.013009469956159592
0.07498778402805328, 0.01778063178062439
0.06623950600624084, 0.012318585067987442
0.07204992324113846, 0.017233939841389656
0.06778809428215027, 0.014465559273958206
0.06997086852788925, 0.014112982898950577
0.06829772889614105, 0.01957833208143711
0.07784269005060196, 0.01864450052380562
0.07233752310276031, 0.0248261671513319
0.07795586436986923, 0.022826973348855972
0.06663542240858078, 0.014307843521237373
0.0752333551645279, 0.016673125326633453
0.06614848226308823, 0.014239492826163769
0.06679940968751907, 0.015349130146205425
0.07292202115058899, 0.01714659109711647
0.07294636964797974, 0.01830206997692585
0.06332040578126907, 0.010099655948579311
0.07210762798786163, 0.013968019746243954
0.06347356736660004, 0.011428906582295895
0.06275344640016556, 0.024281946942210197
0.06154423952102661, 0.013090686872601509
0.06638997048139572, 0.01689080335199833
0.05924256518483162, 0.01054063718765974
0.06135706230998039, 0.00999538879841566
0.0636698380112648, 0.01522417925298214
0.06594379991292953, 0.017987778410315514
0.06144309788942337, 0.01660943403840065
0.059117693454027176, 0.015216868370771408
0.05627656728029251, 0.014206843450665474
0.06492282450199127, 0.016305530443787575
0.06503498554229736, 0.015096104703843594
0.05769537761807442, 0.015642132610082626
0.06036693602800369, 0.014354847371578217
0.0648428276181221, 0.01264981273561716
0.05976690724492073, 0.01142823789268732
0.05067728832364082, 0.008754405193030834
0.061683543026447296, 0.0170612595975399
0.05850360170006752, 0.012462446466088295
0.05463240295648575, 0.011823812499642372
0.05670813098549843, 0.01463381852954626
0.055005695670843124, 0.010992073453962803
0.05752473324537277, 0.010563863441348076
0.058560702949762344, 0.017344975844025612
0.05663033202290535, 0.008491086773574352
0.05322112888097763, 0.013101743534207344
0.057353630661964417, 0.014981799758970737
0.04936255142092705, 0.011426187120378017
0.056097883731126785, 0.011142768897116184
0.0591045506298542, 0.009500252082943916
0.057007789611816406, 0.011832954362034798
0.05619143694639206, 0.016257330775260925
0.057432871311903, 0.01574695110321045
0.057055551558732986, 0.016112761572003365
0.05655067041516304, 0.012423439882695675
0.0577482171356678, 0.019560556858778
0.06170455738902092, 0.018957095220685005
0.055855054408311844, 0.013942299410700798
0.05776040628552437, 0.01241297647356987
0.058067116886377335, 0.014822814613580704
0.05763303115963936, 0.015602439641952515
0.058666057884693146, 0.01681487075984478
0.055488768965005875, 0.018748585134744644
0.057916972786188126, 0.012744363397359848
0.0531945526599884, 0.010193669237196445
0.05752066150307655, 0.012972472235560417
0.05944298580288887, 0.018344368785619736
0.05751844123005867, 0.008338131941854954
0.06071189418435097, 0.014992129057645798
0.0595129020512104, 0.016598138958215714
0.059109319001436234, 0.013834315352141857
0.05589593946933746, 0.01318295393139124
0.0571046881377697, 0.015009920112788677
0.06108183413743973, 0.01867305114865303
0.05440076068043709, 0.00793525855988264
0.056433651596307755, 0.016283879056572914
0.05626841261982918, 0.016162095591425896
0.06036300212144852, 0.014662199653685093
0.06449246406555176, 0.012787762098014355
0.05580874904990196, 0.016759058460593224
0.05795770883560181, 0.01398466620594263
0.05543932691216469, 0.01847485452890396
0.05620768293738365, 0.01336339395493269
0.06754563748836517, 0.017699599266052246
0.05706290528178215, 0.016217421740293503
0.0594872310757637, 0.013708238489925861
0.05294184014201164, 0.010870569385588169
0.05842414125800133, 0.01349714957177639
0.05837409570813179, 0.0171042550355196
0.05823873355984688, 0.011667140759527683
0.05681147798895836, 0.011839332990348339
0.05411936715245247, 0.012484276667237282
0.055328089743852615, 0.016990652307868004
0.05269048362970352, 0.01175607182085514
0.0627954974770546, 0.017886854708194733
0.05460765212774277, 0.013768081553280354
0.05563502758741379, 0.01780153252184391
0.05579686164855957, 0.016722887754440308
0.05923140048980713, 0.01730624958872795
0.063543900847435, 0.01366336364299059
0.05605322867631912, 0.01444666925817728
0.060676753520965576, 0.015748489648103714
0.05367104336619377, 0.013780086301267147
0.06198810786008835, 0.01113945059478283
0.05771353468298912, 0.014315035194158554
0.0555485375225544, 0.011599715799093246
0.05508359149098396, 0.018063513562083244
0.05514463037252426, 0.011784655973315239
0.05715245008468628, 0.015584942884743214
0.056385524570941925, 0.014918585307896137
0.056320954114198685, 0.00937021803110838
0.05537824705243111, 0.01423981785774231
0.059759367257356644, 0.02121036872267723
0.05557629093527794, 0.012477938085794449
0.059320058673620224, 0.010610847733914852
0.05197881534695625, 0.013658152893185616
0.05545257404446602, 0.016293389722704887
0.06163697689771652, 0.008910097181797028
0.05508076027035713, 0.011112297885119915
0.053891804069280624, 0.012795159593224525
0.049347296357154846, 0.01012006588280201
0.05599702149629593, 0.012955143116414547
0.05355928838253021, 0.0142668467015028
0.05943234637379646, 0.01433535199612379
0.060409970581531525, 0.013576232828199863
0.0495353527367115, 0.008999122306704521
0.06198979169130325, 0.016859011724591255
0.06190897524356842, 0.019873764365911484
0.06290968507528305, 0.01727866753935814
0.0524974949657917, 0.010956953279674053
0.05469862371683121, 0.010882027447223663
0.058672674000263214, 0.011972976848483086
0.05608265846967697, 0.011330247856676579
0.05932087451219559, 0.014491366222500801
0.062339942902326584, 0.015464958734810352
0.05715005844831467, 0.013397884555161
0.05573147535324097, 0.013173687271773815
0.05615127831697464, 0.010953713208436966
0.057931482791900635, 0.01676321215927601
0.06080896407365799, 0.0095855463296175
0.05585936829447746, 0.014289816841483116
0.0657641664147377, 0.015438348986208439
0.05958286300301552, 0.011788357980549335
0.05763977766036987, 0.013769781216979027
0.05735475569963455, 0.014009139500558376
0.057676639407873154, 0.015468704514205456
0.05783271789550781, 0.01618492789566517
0.06493225693702698, 0.013559413142502308
0.060266342014074326, 0.019105426967144012
0.05683159828186035, 0.010033234022557735
0.054292723536491394, 0.013112322427332401
0.06590091437101364, 0.016057321801781654
0.05415352061390877, 0.009670586325228214
0.05498471111059189, 0.01245924737304449
0.06380211561918259, 0.011923941783607006
0.06324312835931778, 0.01676410809159279
0.06370871514081955, 0.01571049913764
0.05395757034420967, 0.01345803216099739
0.05631067976355553, 0.009248794987797737
0.06454957276582718, 0.011647495441138744
0.06181253865361214, 0.014775840565562248
0.05962873995304108, 0.01234064158052206
0.0624551959335804, 0.012699288316071033
0.056285254657268524, 0.012040438130497932
0.058036692440509796, 0.012537936680018902
0.06789025664329529, 0.0190206840634346
0.062072064727544785, 0.013302057050168514
0.05919622629880905, 0.007490872405469418
0.061249468475580215, 0.015948008745908737
0.06497719883918762, 0.012068922631442547
0.05768270045518875, 0.010851996019482613
0.06394579261541367, 0.017357291653752327
0.06537479162216187, 0.015181858092546463
0.06203814223408699, 0.010549058206379414
0.07256365567445755, 0.014754426665604115
0.06946229934692383, 0.020520120859146118
0.06612589955329895, 0.015705257654190063
0.056049149483442307, 0.011409735307097435
0.06845027953386307, 0.015902623534202576
0.06430123746395111, 0.013172970153391361
0.06904105097055435, 0.020211322233080864
0.05798480287194252, 0.016680946573615074
0.06978051364421844, 0.01840038225054741
0.06431268155574799, 0.014837872236967087
0.06823337078094482, 0.015006031841039658
0.06343816220760345, 0.013519665226340294
0.061816852539777756, 0.013133801519870758
0.0623733289539814, 0.00893180351704359
0.06200440600514412, 0.012691846117377281
0.06191202625632286, 0.014606903307139874
0.05909635126590729, 0.017207229509949684
0.07189037650823593, 0.017486298456788063
0.0692400187253952, 0.014793360605835915
0.06605132669210434, 0.016846701502799988
0.06072992831468582, 0.011684354394674301
0.06735137104988098, 0.01452517881989479
0.06146739050745964, 0.007265747524797916
0.06210513785481453, 0.016742167994379997
0.06431497633457184, 0.012908492237329483
0.07376763224601746, 0.011627755127847195
0.06644844263792038, 0.010855662636458874
0.06512819230556488, 0.012352889403700829
0.06645262241363525, 0.015952924266457558
0.06780680269002914, 0.012770462781190872
0.059836436063051224, 0.014218609780073166
0.06106381490826607, 0.012924805283546448
0.06320812553167343, 0.019397063180804253
0.06114837899804115, 0.01198083721101284
0.06853113323450089, 0.01449438277631998
0.06126454845070839, 0.012794549576938152
0.05836443975567818, 0.01507701724767685
0.06711677461862564, 0.015815764665603638
0.0645192340016365, 0.016319401562213898
0.06580597162246704, 0.01609303243458271
0.06810784339904785, 0.016427259892225266
0.06679113954305649, 0.014220006763935089
0.07365862280130386, 0.014402128756046295
0.07356885075569153, 0.02425169013440609
0.06021612137556076, 0.008976259268820286
0.06430353969335556, 0.012745768763124943
0.06550893932580948, 0.01890072040259838
0.06961226463317871, 0.016349388286471367
0.06280464679002762, 0.016935240477323532
0.060477834194898605, 0.015141887590289116
0.06459645926952362, 0.01461595855653286
0.06201683357357979, 0.010553795844316483
0.07330828905105591, 0.01784770004451275
0.06457991153001785, 0.016024965792894363
0.06566952913999557, 0.013145592994987965
0.06392434984445572, 0.014224651269614697
0.06417946517467499, 0.014668318443000317
0.06481851637363434, 0.016856444999575615
0.06653609871864319, 0.01798230968415737
0.0742616057395935, 0.014161593280732632
0.06882089376449585, 0.017155081033706665
0.06935293972492218, 0.015715057030320168
0.060121119022369385, 0.01874174177646637
0.06686823815107346, 0.01588546484708786
0.06247029826045036, 0.012487572617828846
0.062090497463941574, 0.01046914141625166
0.061776772141456604, 0.014061350375413895
0.060460880398750305, 0.011808332055807114
0.058664627373218536, 0.012591972015798092
0.06577642261981964, 0.017581453546881676
0.0560237318277359, 0.013933632522821426
0.05912482738494873, 0.013861156068742275
0.06512890756130219, 0.010660743340849876
0.0696578174829483, 0.020725099369883537
0.06729932874441147, 0.016588225960731506
0.0676596537232399, 0.009961845353245735
0.06671199947595596, 0.016548046842217445
0.06449846178293228, 0.0090257553383708
0.06493755429983139, 0.013858211226761341
0.06911167502403259, 0.013808359391987324
0.06683988124132156, 0.018103115260601044
0.06763896346092224, 0.01081222202628851
0.06969020515680313, 0.013738728128373623
0.06006365269422531, 0.011167105287313461
0.05888243392109871, 0.01266417931765318
0.06015097349882126, 0.012364696711301804
0.06929752230644226, 0.014779140241444111
0.06474540382623672, 0.016359863802790642
0.06137636676430702, 0.01357252337038517
0.06114707514643669, 0.012566731311380863
0.06308872252702713, 0.011871651746332645
0.06398952007293701, 0.011287969537079334
0.06680621951818466, 0.016950679942965508
0.0633658915758133, 0.015008289366960526
0.0652560368180275, 0.01460868027061224
0.06252642720937729, 0.010874723084270954
0.06503816694021225, 0.018131040036678314
0.0670766830444336, 0.01284385472536087
0.06021498888731003, 0.014885647222399712
0.06708534061908722, 0.008359572850167751
0.06108576059341431, 0.018540935590863228
0.06576777249574661, 0.013139750808477402
0.06387781351804733, 0.010296047665178776
0.06075521931052208, 0.012026484124362469
0.05851325765252113, 0.01619594916701317
0.06979686766862869, 0.01631932705640793
0.0658639669418335, 0.010382440872490406
0.06714687496423721, 0.0123670045286417
0.06384352594614029, 0.013257852755486965
0.060728609561920166, 0.010976315476000309
0.06512247025966644, 0.01648305356502533
0.06826090812683105, 0.013513362035155296
0.06317958980798721, 0.016330180689692497
0.06799144297838211, 0.009526833891868591
0.07269953936338425, 0.01203222293406725
0.07093246281147003, 0.01996239461004734
0.06459451466798782, 0.019399991258978844
0.07005186378955841, 0.01028631255030632
0.06583563983440399, 0.012135624885559082
0.06552344560623169, 0.01698688417673111
0.06414055079221725, 0.009091963991522789
0.06327469646930695, 0.013921461999416351
0.059712912887334824, 0.014950068667531013
0.0704687088727951, 0.014019791968166828
0.06686500459909439, 0.010029499419033527
0.06363194435834885, 0.014352991245687008
0.06109823286533356, 0.017584359273314476
0.05866440758109093, 0.009438778273761272
0.05886903032660484, 0.009777456521987915
0.06860357522964478, 0.018032902851700783
0.0666952058672905, 0.016924969851970673
0.06460170447826385, 0.012635176070034504
0.06565342098474503, 0.014896824955940247
0.06711714714765549, 0.016117550432682037
0.06585346907377243, 0.015474267303943634
0.06495951861143112, 0.012950797565281391
0.06497523933649063, 0.01896807737648487
0.0648864135146141, 0.015497233718633652
0.05997559055685997, 0.00967828556895256
0.06403038650751114, 0.014991620555520058
0.059190306812524796, 0.011734066531062126
0.06698453426361084, 0.014910724945366383
0.06236105412244797, 0.013081208802759647
0.06027985364198685, 0.015270392410457134
0.06949008256196976, 0.010932904668152332
0.06871239840984344, 0.017157526686787605
0.06056861951947212, 0.008983991108834743
0.0652092695236206, 0.010049926117062569
0.06682538241147995, 0.014722079038619995
0.06625180691480637, 0.016093242913484573
0.06921891868114471, 0.016131732612848282
0.06355924904346466, 0.014427435584366322
0.06164529547095299, 0.012076403945684433
0.07201366871595383, 0.01684209145605564
0.05883455276489258, 0.013001905754208565
0.058425672352313995, 0.010915806517004967
0.06221068650484085, 0.01636401377618313
0.062042370438575745, 0.01650053635239601
0.06256196647882462, 0.014036532491445541
0.06332098692655563, 0.014465680345892906
0.06190472096204758, 0.016638724133372307
0.0665752962231636, 0.010613394901156425
0.06690116971731186, 0.015014475211501122
0.06337381154298782, 0.011907843872904778
0.0608745738863945, 0.01602868176996708
0.06270772963762283, 0.013152370229363441
0.058858443051576614, 0.011616986244916916
0.06596599519252777, 0.008606557734310627
0.06691741198301315, 0.019217004999518394
0.0602852962911129, 0.012025733478367329
0.06357574462890625, 0.01410665549337864
0.061881083995103836, 0.016920069232583046
0.06214965879917145, 0.01138955820351839
0.07227994501590729, 0.012554137036204338
0.058432646095752716, 0.01126390602439642
0.06450074166059494, 0.018157025799155235
0.06588772684335709, 0.016865763813257217
0.06095045804977417, 0.010459547862410545
0.06723076850175858, 0.017601875588297844
0.06441733986139297, 0.015647247433662415
0.06448948383331299, 0.009573687799274921
0.06287302821874619, 0.01318376138806343
0.06356117874383926, 0.015124710276722908
0.06074659898877144, 0.014664952643215656
0.06246178224682808, 0.017465807497501373
0.05989750102162361, 0.01189609244465828
0.06137849763035774, 0.01343021634966135
0.06363161653280258, 0.01788967289030552
0.06001266464591026, 0.011747973039746284
0.06735114008188248, 0.015697095543146133
0.060615889728069305, 0.011716308072209358
0.06876637786626816, 0.011788688600063324
0.061768461018800735, 0.013471763581037521
0.06606312841176987, 0.015522751025855541
0.0636363998055458, 0.01441641990095377
0.06796920299530029, 0.013390879146754742
0.06266151368618011, 0.011762931011617184
0.07074777036905289, 0.021545324474573135
0.06519435346126556, 0.014943626709282398
0.05936274304986, 0.0101965656504035
0.06429494172334671, 0.013041130267083645
0.0725707858800888, 0.021130302920937538
0.0650649294257164, 0.02404911071062088
0.06760338693857193, 0.014472546055912971
0.0683244839310646, 0.011361001059412956
0.07299292087554932, 0.019123045727610588
0.06080944091081619, 0.01380458939820528
0.06414397060871124, 0.013143561780452728
0.06132322549819946, 0.012385223060846329
0.0604245588183403, 0.01099358033388853
0.05873708799481392, 0.014585757628083229
0.06745723634958267, 0.018178872764110565
0.06652969866991043, 0.015594772063195705
0.06464097648859024, 0.015598447993397713
0.06629069149494171, 0.01886192336678505
0.06096988916397095, 0.012005241587758064
0.06342107057571411, 0.011986269615590572
0.05932443588972092, 0.012953889556229115
0.07105687260627747, 0.015627635642886162
0.06593141704797745, 0.013078627176582813
0.06076957657933235, 0.011154130101203918
0.06312775611877441, 0.015458108857274055
0.06647103279829025, 0.01387360692024231
0.06678144633769989, 0.022101256996393204
0.06385720521211624, 0.00976924505084753
0.06823679059743881, 0.021023405715823174
0.06359297037124634, 0.012061995454132557
0.06149256229400635, 0.014729139395058155
0.06497828662395477, 0.014534137211740017
0.058663614094257355, 0.012030095793306828
0.05943453311920166, 0.011779766529798508
0.06783308833837509, 0.013716322369873524
0.0626724436879158, 0.016604464501142502
0.0684886947274208, 0.012509862892329693
0.061475224792957306, 0.013963346369564533
0.06670626252889633, 0.01239091344177723
0.06268999725580215, 0.01627414859831333
0.06357656419277191, 0.01151280663907528
0.06511326134204865, 0.013570655137300491
0.06403892487287521, 0.014676113612949848
0.07162340730428696, 0.011823837645351887
0.06504616886377335, 0.014688520692288876
0.06832138448953629, 0.011722717434167862
0.07088235765695572, 0.01848430372774601
0.062247831374406815, 0.01626981608569622
0.06542473286390305, 0.015189331024885178
0.06966272741556168, 0.016328400000929832
0.0668247640132904, 0.019243333488702774
0.06529388576745987, 0.012400810606777668
0.06600486487150192, 0.01589752733707428
0.06323800981044769, 0.013502626679837704
0.06350228190422058, 0.01266326755285263
0.06291062384843826, 0.015274563804268837
0.06479042023420334, 0.01769598014652729
0.06455205380916595, 0.015141543000936508
0.062362074851989746, 0.017196394503116608
0.07311078161001205, 0.010142950341105461
0.06387356668710709, 0.008509187027812004
0.062294311821460724, 0.016694359481334686
0.05799708142876625, 0.01158621720969677
0.06147721782326698, 0.017289167270064354
0.06342408806085587, 0.01526834350079298
0.055533088743686676, 0.012192696332931519
0.0702567845582962, 0.017133144661784172
0.06465963274240494, 0.009532762691378593
0.06447942554950714, 0.011471550911664963
0.06010289490222931, 0.013731627725064754
0.05978764593601227, 0.013240497559309006
0.07223615795373917, 0.02195487916469574
0.05975337699055672, 0.014644121751189232
0.054942984133958817, 0.013015519827604294
0.06580720096826553, 0.016702033579349518
0.06286068260669708, 0.01258204597979784
0.07240159064531326, 0.02057291753590107
0.05985220894217491, 0.013616949319839478
0.06986124068498611, 0.017490345984697342
0.06457948684692383, 0.015282189473509789
0.06381984800100327, 0.011968596838414669
0.06747156381607056, 0.014534448273479939
0.06516966223716736, 0.009648782201111317
0.06672699004411697, 0.011253207921981812
0.07679720222949982, 0.018687356263399124
0.06461750715970993, 0.016587311401963234
0.0673627182841301, 0.013305854052305222
0.06824424117803574, 0.015009098686277866
0.07583532482385635, 0.018976029008626938
0.06051651015877724, 0.014383945614099503
0.05623281002044678, 0.009865554980933666
0.0627305805683136, 0.013873450458049774
0.0653807669878006, 0.014480821788311005
0.06390386819839478, 0.019359104335308075
0.07055940479040146, 0.013041317462921143
0.0623762346804142, 0.013405258767306805
0.060434818267822266, 0.013482180424034595
0.061783645302057266, 0.012499738484621048
0.06562906503677368, 0.013354337774217129
0.06778887659311295, 0.01486352737993002
0.06092536449432373, 0.014212004840373993
0.07512189447879791, 0.019775427877902985
0.05715719982981682, 0.011342646554112434
0.06167322397232056, 0.011450916528701782
0.06338520348072052, 0.01253435481339693
0.06185116246342659, 0.01686246320605278
0.06488815695047379, 0.01451827585697174
0.060556069016456604, 0.014208434149622917
0.06895863264799118, 0.014952048659324646
0.06738696247339249, 0.015565932728350163
0.06298241764307022, 0.01338726095855236
0.06420838087797165, 0.014280103147029877
0.06481228023767471, 0.013335729017853737
0.06496386975049973, 0.012714107520878315
0.07109443843364716, 0.020625416189432144
0.06403591483831406, 0.011905842460691929
0.06235645338892937, 0.013162865303456783
0.05967985838651657, 0.010640239343047142
0.06530098617076874, 0.019279368221759796
0.06742506474256516, 0.016726091504096985
0.06985640525817871, 0.01980121061205864
0.05976830795407295, 0.013113029301166534
0.058920927345752716, 0.011842367239296436
0.062101203948259354, 0.011712110601365566
0.062289196997880936, 0.0123126907274127
0.06831256300210953, 0.01270714495331049
0.06713347882032394, 0.014992671087384224
0.06666377931833267, 0.01442573219537735
0.061119429767131805, 0.009992236271500587
0.06861907988786697, 0.016967806965112686
0.05936839058995247, 0.018472818657755852
0.06368543952703476, 0.013412448577582836
0.06350858509540558, 0.012222811579704285
0.06309043616056442, 0.01499206479638815
0.06715193390846252, 0.01338209118694067
0.06458853930234909, 0.0146927610039711
0.0692066177725792, 0.018509168177843094
0.06580928713083267, 0.013583618216216564
0.06589911133050919, 0.016490744426846504
0.07526995241641998, 0.017924420535564423
0.0638321116566658, 0.008711133152246475
0.05579899623990059, 0.009844997897744179
0.06451800465583801, 0.016249606385827065
0.06259498000144958, 0.01569567807018757
0.054687757045030594, 0.012333717197179794
0.06018790975213051, 0.012840290553867817
0.06412670016288757, 0.013672762550413609
0.06208410486578941, 0.01627461612224579
0.06528417021036148, 0.01492701843380928
0.061453837901353836, 0.014336597174406052
0.05893263593316078, 0.011138875968754292
0.06639248132705688, 0.01723545230925083
0.05865763872861862, 0.012625818140804768
0.05600550398230553, 0.01186299417167902
0.056360457092523575, 0.015351553447544575
0.06554492563009262, 0.014315432868897915
0.06844872981309891, 0.017396027222275734
0.07043909281492233, 0.019200801849365234
0.05922308191657066, 0.011552926152944565
0.06361827999353409, 0.015347188338637352
0.06819472461938858, 0.02189265564084053
0.059756603091955185, 0.01421143114566803
0.06116917356848717, 0.01574552059173584
0.06154695525765419, 0.010626942850649357
0.06017755717039108, 0.012459027580916882
0.061703238636255264, 0.01518613938242197
0.06934723258018494, 0.015814129263162613
0.05720229819417, 0.01303703710436821
0.060912344604730606, 0.014717613346874714
0.07070186734199524, 0.01522284746170044
0.06066139414906502, 0.011002191342413425
0.060846056789159775, 0.017823494970798492
0.06353782117366791, 0.008916391991078854
0.060471270233392715, 0.016461865976452827
0.06301961094141006, 0.014110768213868141
0.06364721804857254, 0.013054238632321358
0.06243198364973068, 0.013044752180576324
0.06085789203643799, 0.013691388070583344
0.06156749278306961, 0.0138353006914258
0.06458082795143127, 0.014877618290483952
0.059612639248371124, 0.01589171402156353
0.06734974682331085, 0.013869700022041798
0.060723356902599335, 0.01168740727007389
0.05627559497952461, 0.009507162496447563
0.05590454861521721, 0.007891406305134296
0.06280408799648285, 0.01733318716287613
0.06258588284254074, 0.012519573792815208
0.06035563722252846, 0.0160298403352499
0.06149549037218094, 0.014412875287234783
0.06724504381418228, 0.01964968629181385
0.06424418836832047, 0.014631194062530994
0.06133120507001877, 0.01368088647723198
0.06365174055099487, 0.014297358691692352
0.06211162358522415, 0.017500989139080048
0.06340939551591873, 0.012804625555872917
0.05997448042035103, 0.012151334434747696
0.060292020440101624, 0.013004874810576439
0.06655768305063248, 0.01972147822380066
0.06146456301212311, 0.012054634280502796
0.06402366608381271, 0.01646762527525425
0.0578843429684639, 0.00964625645428896
0.06512846052646637, 0.01179830264300108
0.07099169492721558, 0.013628518208861351
0.06500408053398132, 0.008941492065787315
0.06388252228498459, 0.00995863601565361
0.06298463046550751, 0.01579265296459198
0.060248248279094696, 0.010940959677100182
0.06347344070672989, 0.015059233643114567
0.06523936986923218, 0.01873762533068657
0.06435815989971161, 0.016499225050210953
0.06875530630350113, 0.01659172587096691
0.06156236678361893, 0.012439871206879616
0.06350001692771912, 0.010793686844408512
0.07156729698181152, 0.017225507646799088
0.059788480401039124, 0.016291573643684387
0.06257175654172897, 0.012729411944746971
0.06588616222143173, 0.016584200784564018
0.06470504403114319, 0.011139572598040104
0.06478283554315567, 0.015334567986428738
0.06749209761619568, 0.01255629863590002
0.0609939843416214, 0.0131946736946702
0.06552708894014359, 0.012179241515696049
0.06684037297964096, 0.014869408681988716
0.06411761790513992, 0.01602211967110634
0.06700550019741058, 0.01798422634601593
0.06353580951690674, 0.014241831377148628
0.06199240684509277, 0.013733919709920883
0.06341537833213806, 0.015454762615263462
0.06584662944078445, 0.016882404685020447
0.06375270336866379, 0.01694807969033718
0.0640832781791687, 0.018399648368358612
0.06347444653511047, 0.016599833965301514
0.06860502064228058, 0.013508210889995098
0.054652947932481766, 0.008869701065123081
0.056536927819252014, 0.010252820327877998
0.06171967089176178, 0.01675155572593212
0.06716971844434738, 0.013695760630071163
0.061498165130615234, 0.012099457904696465
0.06024410203099251, 0.00979610625654459
0.06519822031259537, 0.018252961337566376
0.07044658809900284, 0.017667291685938835
0.060282330960035324, 0.015223080292344093
0.06539836525917053, 0.011502986773848534
0.05990501120686531, 0.015393861569464207
0.06137772276997566, 0.012715525925159454
0.0582742877304554, 0.012141249142587185
0.06231868267059326, 0.012199069373309612
0.06463727355003357, 0.013199592009186745
0.06280951201915741, 0.019800733774900436
0.05972188711166382, 0.01469372771680355
0.05796389654278755, 0.012968453578650951
0.05970369651913643, 0.012467735446989536
0.05971532315015793, 0.014628789387643337
0.06796536594629288, 0.02105643041431904
0.0678708627820015, 0.017085088416934013
0.059864893555641174, 0.011106417514383793
0.06103547289967537, 0.012953882105648518
0.05992564186453819, 0.010700253769755363
0.0637325569987297, 0.018355989828705788
0.06685107946395874, 0.018586808815598488
0.06473077833652496, 0.01414111815392971
0.06050986051559448, 0.009565522894263268
0.06701936572790146, 0.01673200912773609
0.062436606734991074, 0.017257042229175568
0.06776973605155945, 0.014168557710945606
0.05850395932793617, 0.011018265038728714
0.06335459649562836, 0.01704428344964981
0.055269669741392136, 0.012282440438866615
0.059584591537714005, 0.018077325075864792
0.06660044193267822, 0.011296924203634262
0.06593076884746552, 0.017192145809531212
0.06529267877340317, 0.014938251115381718
0.06049484759569168, 0.015625350177288055
0.06613645702600479, 0.01463815663009882
0.060028064996004105, 0.01083837915211916
0.06547687202692032, 0.013723799027502537
0.06618891656398773, 0.011746125295758247
0.06127484142780304, 0.014723493717610836
0.060347072780132294, 0.01266500074416399
0.058474600315093994, 0.013734213076531887
0.058251142501831055, 0.010815484449267387
0.0692393034696579, 0.0190667062997818
0.06321342289447784, 0.014902194030582905
0.06401176005601883, 0.012502701953053474
0.06350813806056976, 0.014276454225182533
0.060826752334833145, 0.016878169029951096
0.05722079798579216, 0.0188670065253973
0.05907423794269562, 0.013982460834085941
0.07167918235063553, 0.012708294205367565
0.061846356838941574, 0.01465457770973444
0.062146175652742386, 0.014045057818293571
0.06480516493320465, 0.012289261445403099
0.0641365796327591, 0.013665647245943546
0.06644657999277115, 0.01690521277487278
0.06030348315834999, 0.013952359557151794
0.05827300623059273, 0.013709244318306446
0.06063081696629524, 0.014350302517414093
0.053060468286275864, 0.010174122639000416
0.05900033935904503, 0.013682130724191666
0.05629328265786171, 0.010964243672788143
0.05714884027838707, 0.012149292975664139
0.06182534247636795, 0.01424340158700943
0.06731100380420685, 0.014531994238495827
0.0556197315454483, 0.014822205528616905
0.06048900634050369, 0.01455237902700901
0.06491240113973618, 0.012301582843065262
0.0709853246808052, 0.02005423605442047
0.06059698387980461, 0.009271764196455479
0.05902950093150139, 0.019972410053014755
0.06288251280784607, 0.01006945502012968
0.07271862775087357, 0.017096269875764847
0.06614299863576889, 0.017338119447231293
0.0660296380519867, 0.021991468966007233
0.058002401143312454, 0.01186978630721569
0.057450804859399796, 0.012611339800059795
0.06404222548007965, 0.012371229007840157
0.05534610524773598, 0.011004836298525333
0.061306681483983994, 0.010852234438061714
0.0611649826169014, 0.015043947845697403
0.06391915678977966, 0.014731339178979397
0.06284529715776443, 0.01903422735631466
0.05977319926023483, 0.013381751254200935
0.05688329413533211, 0.010501552373170853
0.06554538756608963, 0.02152087353169918
0.06132102757692337, 0.01310784462839365
0.06564858555793762, 0.016925275325775146
0.05815337970852852, 0.013706600293517113
0.0625409260392189, 0.010141745209693909
0.06144345551729202, 0.015336405485868454
0.06375885754823685, 0.013462778180837631
0.06149201840162277, 0.011678407900035381
0.05986636132001877, 0.01391578745096922
0.06664346158504486, 0.013032997027039528
0.06155262514948845, 0.015224460512399673
0.06585081666707993, 0.014280292205512524
0.061640892177820206, 0.009686101227998734
0.06431684643030167, 0.014584019780158997
0.057063937187194824, 0.014090616255998611
0.06530282646417618, 0.011785591952502728
0.06283668428659439, 0.011355727910995483
0.060129232704639435, 0.013117998838424683
0.06028464809060097, 0.010017860680818558
0.056945715099573135, 0.01310670655220747
0.06510664522647858, 0.014596831053495407
0.05972772836685181, 0.012834051623940468
0.05775025859475136, 0.016142042353749275
0.06152297556400299, 0.015252545475959778
0.059606850147247314, 0.011988279409706593
0.060502782464027405, 0.017586451023817062
0.0636969655752182, 0.016031334176659584
0.059442952275276184, 0.009208403527736664
0.05969136208295822, 0.012081979773938656
0.060881342738866806, 0.011913725174963474
0.056450970470905304, 0.013933757320046425
0.056747034192085266, 0.010345350950956345
0.05966799706220627, 0.012398924678564072
0.05979754030704498, 0.012700223363935947
0.0648089349269867, 0.015695268288254738
0.06317166984081268, 0.014730759896337986
0.06077905371785164, 0.01022854819893837
0.06586389243602753, 0.016218064352869987
0.05873940512537956, 0.011152672581374645
0.0583282969892025, 0.014548842795193195
0.06310168653726578, 0.01690816879272461
0.06506028026342392, 0.011694039218127728
0.05761432647705078, 0.01069347932934761
0.05613245442509651, 0.011472887359559536
0.06031987443566322, 0.012995650991797447
0.05989238992333412, 0.012114165350794792
0.061235461384058, 0.017731452360749245
0.05568784475326538, 0.011636012233793736
0.057788629084825516, 0.014667456038296223
0.06332390755414963, 0.013699187897145748
0.06301568448543549, 0.01735815592110157
0.05964963883161545, 0.013074245303869247
0.05670320987701416, 0.011347183957695961
0.06310419738292694, 0.012565198354423046
0.06785786151885986, 0.01875809021294117
0.059594206511974335, 0.01503380574285984
0.06538157910108566, 0.013931799679994583
0.06482638418674469, 0.018374884501099586
0.06884229928255081, 0.012089152820408344
0.06694576144218445, 0.01704544387757778
0.060357559472322464, 0.012075903825461864
0.059217460453510284, 0.009083014912903309
0.06591884791851044, 0.013031602837145329
0.06171313300728798, 0.015637435019016266
0.06386668235063553, 0.011582323350012302
0.0574210099875927, 0.008984946645796299
0.062757708132267, 0.014838500879704952
0.060002584010362625, 0.012579036876559258
0.05947769433259964, 0.012417283840477467
0.06408906728029251, 0.016072094440460205
0.061710458248853683, 0.011765825562179089
0.06216726824641228, 0.012705033645033836
0.058916933834552765, 0.010089443065226078
0.05617980286478996, 0.016425684094429016
0.06342828273773193, 0.014413755387067795
0.06601587682962418, 0.012125805020332336
0.06257561594247818, 0.012506560422480106
0.05521298944950104, 0.007642625365406275
0.06777428090572357, 0.01700487546622753
0.06542371213436127, 0.012418358586728573
0.05705322325229645, 0.010018832050263882
0.0612633116543293, 0.015412228181958199
0.06026715785264969, 0.0130735719576478
0.05817798897624016, 0.012511447072029114
0.06264954060316086, 0.016390489414334297
0.06432701647281647, 0.012870050966739655
0.06779565662145615, 0.012908781878650188
0.058817557990550995, 0.012865003198385239
0.05908595398068428, 0.01316517312079668
0.0626523345708847, 0.013857584446668625
0.05912768095731735, 0.01382983848452568
0.057475704699754715, 0.01339001301676035
0.06649473309516907, 0.012464386411011219
0.06240476667881012, 0.009978778660297394
0.06274531036615372, 0.013413949869573116
0.06584785878658295, 0.012062243185937405
0.05569726973772049, 0.013944882899522781
0.0677528977394104, 0.0177498497068882
0.06473640352487564, 0.016461890190839767
0.06952573359012604, 0.013250908814370632
0.06478209793567657, 0.016721056774258614
0.06715724617242813, 0.01677555777132511
0.06361117213964462, 0.012442371807992458
0.05953866243362427, 0.012571588158607483
0.056282103061676025, 0.01174125075340271
0.06420516222715378, 0.01688023842871189
0.06422900408506393, 0.01646956242620945
0.0567450113594532, 0.012314582243561745
0.06345481425523758, 0.012787825427949429
0.05767068639397621, 0.012193138711154461
0.056026458740234375, 0.014578464441001415
0.06300994753837585, 0.01765325292944908
0.05904945358633995, 0.013286472298204899
0.062689870595932, 0.010612073354423046
0.06194083020091057, 0.015496650710701942
0.0625234842300415, 0.020063115283846855
0.05896129831671715, 0.010394508019089699
0.06045994535088539, 0.015984924510121346
0.059881217777729034, 0.013146980665624142
0.05528384447097778, 0.011479576118290424
0.060498014092445374, 0.01059949304908514
0.05931534990668297, 0.013790017925202847
0.06658371537923813, 0.011857385747134686
0.059743452817201614, 0.01649313233792782
0.06790976226329803, 0.013031167909502983
0.05936034396290779, 0.014456139877438545
0.05791397765278816, 0.01548502966761589
0.0582091398537159, 0.010725066065788269
0.06062048673629761, 0.015172319486737251
0.06368505209684372, 0.013952636159956455
0.0575806088745594, 0.015040050260722637
0.06185172125697136, 0.013371124863624573
0.05617498606443405, 0.017374642193317413
0.06408490240573883, 0.017778273671865463
0.05762127414345741, 0.014401543885469437
0.06576389074325562, 0.01821027509868145
0.05942220240831375, 0.011201207526028156
0.06410612165927887, 0.013905415311455727
0.06277260929346085, 0.014584353193640709
0.05342325568199158, 0.013184231705963612
0.05453985929489136, 0.01016742642968893
0.05736401304602623, 0.011477944441139698
0.0641627386212349, 0.01601470448076725
0.05829038843512535, 0.020733501762151718
0.05753828585147858, 0.009985445067286491
0.05715470761060715, 0.013412846252322197
0.06641063839197159, 0.01555394846946001
0.05850310996174812, 0.014788891188800335
0.06951871514320374, 0.01624269410967827
0.06335406005382538, 0.012903692200779915
0.060905635356903076, 0.013444934040307999
0.06605451554059982, 0.013300821185112
0.06356967240571976, 0.012689011171460152
0.056925322860479355, 0.017923520877957344
0.05762460455298424, 0.013189335353672504
0.06541099399328232, 0.017020681872963905
0.059540171176195145, 0.012360353954136372
0.05573197826743126, 0.013304724358022213
0.05359616503119469, 0.010736703872680664
0.059732913970947266, 0.01180536299943924
0.057560376822948456, 0.013643529266119003
0.06522034108638763, 0.009374621324241161
0.05793357640504837, 0.012188764289021492
0.0593331940472126, 0.01517130434513092
0.06593248248100281, 0.015715695917606354
0.057452764362096786, 0.014891254715621471
0.060607340186834335, 0.015488515608012676
0.059569861739873886, 0.014479215256869793
0.06070945784449577, 0.01782257668673992
0.06463406980037689, 0.016063962131738663
0.057320673018693924, 0.011640491895377636
0.05756734684109688, 0.014244496822357178
0.05711758881807327, 0.01306353509426117
0.05815928056836128, 0.012389903888106346
0.05787113681435585, 0.012307689525187016
0.05500258132815361, 0.012075402773916721
0.059145987033843994, 0.011883571743965149
0.05811499431729317, 0.014086931012570858
0.05846501886844635, 0.010192704387009144
0.06017642095685005, 0.018760478124022484
0.06340869516134262, 0.015841731801629066
0.05767707899212837, 0.007083169650286436
0.059949737042188644, 0.016657760366797447
0.06155851110816002, 0.01461983285844326
0.06291268020868301, 0.012732169590890408
0.06172725930809975, 0.011711080558598042
0.05789468064904213, 0.016154976561665535
0.06385833770036697, 0.015229655429720879
0.06323716789484024, 0.015148160979151726
0.06167116388678551, 0.013230636715888977
0.06311219930648804, 0.010034536011517048
0.0649898424744606, 0.011756914667785168
0.058263130486011505, 0.010187260806560516
0.05777757242321968, 0.010487474501132965
0.05880390852689743, 0.01414323877543211
0.053523994982242584, 0.014451125636696815
0.060699257999658585, 0.009790519252419472
0.05750735104084015, 0.013149353675544262
0.06558438390493393, 0.012426831759512424
0.060196518898010254, 0.013152631931006908
0.05889983847737312, 0.014160958118736744
0.060832250863313675, 0.014895129948854446
0.05597515404224396, 0.01147795096039772
0.06360234320163727, 0.012383894063532352
0.05396018922328949, 0.011458736844360828
0.06089092046022415, 0.01110554113984108
0.06502844393253326, 0.014893192797899246
0.06386027485132217, 0.017870595678687096
0.05649077147245407, 0.01570543274283409
0.05770408362150192, 0.0127505948767066
0.05796737223863602, 0.01131563913077116
0.06223621591925621, 0.016506468877196312
0.05945103242993355, 0.013685174286365509
0.060542959719896317, 0.013395745307207108
0.06433582305908203, 0.01966416835784912
0.06347796320915222, 0.011749288998544216
0.05908935144543648, 0.0123527180403471
0.06323722749948502, 0.016846705228090286
0.06111151725053787, 0.01348563376814127
0.059440117329359055, 0.012143999338150024
0.06627602875232697, 0.012794745154678822
0.0629906952381134, 0.012021456845104694
0.06434664130210876, 0.015611924231052399
0.06588573753833771, 0.016023969277739525
0.06133557856082916, 0.013582972809672356
0.05943569913506508, 0.01271312776952982
0.06140242889523506, 0.02061883546411991
0.06367593258619308, 0.012967311777174473
0.06165905296802521, 0.009971018880605698
0.06319695711135864, 0.017684277147054672
0.06181859225034714, 0.016303127631545067
0.05987536907196045, 0.015016120858490467
0.06447740644216537, 0.01282690092921257
0.06117384880781174, 0.013681238517165184
0.06148209050297737, 0.011847560293972492
0.06009497120976448, 0.02185896970331669
0.06285694986581802, 0.012546299025416374
0.061502132564783096, 0.012946429662406445
0.060086045414209366, 0.014369192533195019
0.06502700597047806, 0.019761595875024796
0.06651429086923599, 0.015973325818777084
0.061419565230607986, 0.011755556799471378
0.06503169983625412, 0.017799505963921547
0.05906542018055916, 0.013308604247868061
0.05705161765217781, 0.01627468690276146
0.056917622685432434, 0.011859436519443989
0.06630955636501312, 0.01653972826898098
0.07291632890701294, 0.021776700392365456
0.06546691805124283, 0.01801304705440998
0.0684037134051323, 0.01904883235692978
0.06184634938836098, 0.014129944145679474
0.06103367358446121, 0.01294669322669506
0.05964262783527374, 0.012562135234475136
0.06071192026138306, 0.017202747985720634
0.057008612900972366, 0.012014857493340969
0.06597103178501129, 0.01739516854286194
0.06727675348520279, 0.018818223848938942
0.058707695454359055, 0.0159778855741024
0.06684251129627228, 0.013844761997461319
0.05607840046286583, 0.015028756111860275
0.05445043742656708, 0.014723150059580803
0.05512630194425583, 0.013713054358959198
0.05699750408530235, 0.011291446164250374
0.06481855362653732, 0.01771492324769497
0.057012319564819336, 0.012697388418018818
0.05574311688542366, 0.009347083978354931
0.05728353559970856, 0.00790609885007143
0.0591631717979908, 0.014197839424014091
0.0599651001393795, 0.015009799972176552
0.06135597452521324, 0.012081851251423359
0.054195791482925415, 0.013849109411239624
0.05922438204288483, 0.014529390260577202
0.06414607912302017, 0.010503748431801796
0.06303847581148148, 0.01310032233595848
0.06677358597517014, 0.010869101621210575
0.06541361659765244, 0.016070811077952385
0.06343518942594528, 0.01507580652832985
0.06530298292636871, 0.010625714436173439
0.06617812067270279, 0.012334070168435574
0.058966830372810364, 0.012196650728583336
0.060522180050611496, 0.012279413640499115
0.06557649374008179, 0.01334990281611681
0.056804120540618896, 0.01143636368215084
0.06150338426232338, 0.019510235637426376
0.057898588478565216, 0.008290017955005169
0.059953201562166214, 0.01067151315510273
0.056422822177410126, 0.011233783327043056
0.0604204460978508, 0.013678735122084618
0.05805293098092079, 0.013202764093875885
0.05804716423153877, 0.013525146059691906
0.057134468108415604, 0.016912363469600677
0.06291361153125763, 0.013657690025866032
0.053986482322216034, 0.014373444952070713
0.06369577348232269, 0.017608270049095154
0.05830223858356476, 0.01351455319672823
0.05212026834487915, 0.015589659102261066
0.06143106520175934, 0.013398358598351479
0.06173335760831833, 0.018530113622546196
0.058841366320848465, 0.013224264606833458
0.05544349178671837, 0.01220452506095171
0.060304541140794754, 0.01897755078971386
0.06341714411973953, 0.014074398204684258
0.06226189434528351, 0.013139750808477402
0.0549297109246254, 0.009764524176716805
0.060714054852724075, 0.011777786538004875
0.06549092382192612, 0.01672779582440853
0.06860366463661194, 0.014588132500648499
0.06265191733837128, 0.015173796564340591
0.05480228364467621, 0.011212731711566448
0.059137310832738876, 0.011482457630336285
0.060498371720314026, 0.012038648128509521
0.06069358065724373, 0.015272567048668861
0.06413093954324722, 0.018337180837988853
0.06108685955405235, 0.014263637363910675
0.05700408294796944, 0.014072002843022346
0.06286987662315369, 0.014457396231591702
0.06861475110054016, 0.01833817921578884
0.05371370166540146, 0.01186382956802845
0.054648786783218384, 0.011732648126780987
0.05979445204138756, 0.008988205343484879
0.06234896183013916, 0.01509581133723259
0.0617593452334404, 0.017407137900590897
0.05934946611523628, 0.013784038834273815
0.06310731172561646, 0.01267124991863966
0.06089070066809654, 0.01654297113418579
0.060373056679964066, 0.01503262110054493
0.056394245475530624, 0.010482228361070156
0.05465816333889961, 0.013547382317483425
0.06606832146644592, 0.019211024045944214
0.062041688710451126, 0.01601818948984146
0.05977959185838699, 0.014938302338123322
0.05483239144086838, 0.013611510396003723
0.05687401816248894, 0.013398027047514915
0.06097257137298584, 0.014917680062353611
0.06060712784528732, 0.015767257660627365
0.06925865262746811, 0.017978133633732796
0.061407797038555145, 0.011903539299964905
0.060372140258550644, 0.013517584651708603
0.05858542025089264, 0.009917608462274075
0.058333225548267365, 0.01288636401295662
0.05965783819556236, 0.008353245444595814
0.05783549323678017, 0.014446311630308628
0.06280767172574997, 0.01667443849146366
0.0622493214905262, 0.013965259306132793
0.061921171844005585, 0.015076280571520329
0.05214769393205643, 0.015231955796480179
0.05910211801528931, 0.011837147176265717
0.05505412071943283, 0.01774424873292446
0.06249018386006355, 0.013167288154363632
0.059985313564538956, 0.01205006055533886
0.06149448826909065, 0.012060686945915222
0.06219541281461716, 0.013910636305809021
0.05562968924641609, 0.010724538937211037
0.06258731335401535, 0.013451791368424892
0.057454247027635574, 0.014376681298017502
0.060063958168029785, 0.013914879411458969
0.06410524249076843, 0.01709691993892193
0.05833499878644943, 0.019327478483319283
0.05651721730828285, 0.013094359077513218
0.05630188062787056, 0.010783589445054531
0.05914302170276642, 0.013977556489408016
0.060528457164764404, 0.01608763262629509
0.05595774203538895, 0.011225968599319458
0.05733303353190422, 0.015795772895216942
0.05344286188483238, 0.010421358980238438
0.055390648543834686, 0.012746729888021946
0.060594022274017334, 0.01747274585068226
0.05630675330758095, 0.01539860013872385
0.059347350150346756, 0.01414721179753542
0.05708467215299606, 0.011670825071632862
0.06253073364496231, 0.012484443373978138
0.06356672197580338, 0.019204694777727127
0.06181446835398674, 0.01101334486156702
0.05802776291966438, 0.01366821862757206
0.06171125918626785, 0.013010292313992977
0.05178042873740196, 0.014595470391213894
0.05701874941587448, 0.01740429922938347
0.05933810770511627, 0.014369629323482513
0.05822689086198807, 0.01258788350969553
0.056421320885419846, 0.012570807710289955
0.06476263701915741, 0.013943235389888287
0.06119631975889206, 0.0127214090898633
0.062168188393116, 0.012177005410194397
0.058258526027202606, 0.010641365312039852
0.06347612291574478, 0.012057562358677387
0.06461086124181747, 0.01871095411479473
0.06830421090126038, 0.017856132239103317
0.06058405712246895, 0.011710141785442829
0.0645606517791748, 0.018650181591510773
0.06008681282401085, 0.015284540131688118
0.06071542575955391, 0.013028488494455814
0.06522289663553238, 0.01781495101749897
0.05684414878487587, 0.012807127088308334
0.059570807963609695, 0.01522105559706688
0.0543130598962307, 0.007980549708008766
0.05892317369580269, 0.015220500528812408
0.06094847992062569, 0.013541984371840954
0.058374106884002686, 0.010368953458964825
0.059719569981098175, 0.013079158030450344
0.05772683396935463, 0.010593597777187824
0.061718691140413284, 0.010516265407204628
0.06473663449287415, 0.012134975753724575
0.058456916362047195, 0.011598232202231884
0.06348799914121628, 0.015327336266636848
0.06056157127022743, 0.01178052555769682
0.06463824212551117, 0.012073151767253876
0.0610773041844368, 0.008385426364839077
0.06018310785293579, 0.012867272831499577
0.05785765126347542, 0.010524781420826912
0.06043778732419014, 0.016583509743213654
0.05970953777432442, 0.013229944743216038
0.06190105900168419, 0.0207330584526062
0.06729317456483841, 0.016713805496692657
0.05489971488714218, 0.010974721051752567
0.05642504245042801, 0.011698398739099503
0.061079416424036026, 0.013884696178138256
0.061816733330488205, 0.015425656922161579
0.05879436805844307, 0.009714744985103607
0.05731332302093506, 0.013468967750668526
0.05796089395880699, 0.01229249406605959
0.0610528327524662, 0.01681796833872795
0.061829108744859695, 0.009986328892409801
0.060052480548620224, 0.010573597624897957
0.05670642852783203, 0.015097995288670063
0.062452152371406555, 0.012774314731359482
0.060468997806310654, 0.01384784560650587
0.06024777889251709, 0.012159911915659904
0.058597445487976074, 0.015981772914528847
0.05711597949266434, 0.013600587844848633
0.056347232311964035, 0.011812732554972172
0.05902814865112305, 0.014425228349864483
0.06040973961353302, 0.01543316151946783
0.05621185526251793, 0.01025793980807066
0.05592690035700798, 0.016964588314294815
0.05667224898934364, 0.008717108517885208
0.05785425379872322, 0.012348484247922897
0.05903144180774689, 0.013825373724102974
0.059320319443941116, 0.012391903437674046
0.059792354702949524, 0.01288606133311987
0.057517655193805695, 0.01229493971914053
0.05523787811398506, 0.011820622719824314
0.06115921214222908, 0.015854060649871826
0.05776473507285118, 0.014808609150350094
0.062428124248981476, 0.01679208129644394
0.062416721135377884, 0.014087771065533161
0.05946548655629158, 0.01066986471414566
0.06311652809381485, 0.010048550553619862
0.0568663626909256, 0.012013588100671768
0.05963807553052902, 0.013752494007349014
0.06151941046118736, 0.019854556769132614
0.05803883075714111, 0.016401400789618492
0.05491076782345772, 0.012832902371883392
0.05573095753788948, 0.011765824630856514
0.05843014270067215, 0.015093915164470673
0.05840708687901497, 0.01196280773729086
0.06043550744652748, 0.01584741473197937
0.05962836742401123, 0.011442313902080059
0.06170843169093132, 0.01237695012241602
0.05927582457661629, 0.025076212361454964
0.05623914301395416, 0.012583454139530659
0.0606541633605957, 0.018106741830706596
0.06399878859519958, 0.013675927184522152
0.06391406059265137, 0.020545197650790215
0.06510033458471298, 0.01404330413788557
0.06133256480097771, 0.014710460789501667
0.06715378910303116, 0.014441399835050106
0.06108637526631355, 0.013824181631207466
0.05160759016871452, 0.008833974599838257
0.058718230575323105, 0.011651131324470043
0.061928510665893555, 0.0158956591039896
0.060169804841279984, 0.011590542271733284
0.06490079313516617, 0.01675264723598957
0.06056710705161095, 0.01770816184580326
0.0613233782351017, 0.011138031259179115
0.06352732330560684, 0.018519384786486626
0.06803347170352936, 0.017074719071388245
0.06266336888074875, 0.013044723309576511
0.06684765964746475, 0.01425121258944273
0.057739127427339554, 0.012637682259082794
0.0611526183784008, 0.015581885352730751
0.06035538390278816, 0.014609872363507748
0.06304939091205597, 0.018422994762659073
0.0552344024181366, 0.015552451834082603
0.061918675899505615, 0.011098363436758518
0.06061296910047531, 0.015847105532884598
0.07218948751688004, 0.02486441284418106
0.06401395797729492, 0.021267201751470566
0.05779818072915077, 0.010960145853459835
0.05686328187584877, 0.009669596329331398
0.059191007167100906, 0.011992405168712139
0.05876370146870613, 0.010101466439664364
0.057854846119880676, 0.010180347599089146
0.05863725021481514, 0.01083106268197298
0.06402752548456192, 0.019360700622200966
0.06135347858071327, 0.01659909449517727
0.06425180286169052, 0.01610616035759449
0.06201638653874397, 0.010762078687548637
0.06206727772951126, 0.013339761644601822
0.056882593780756, 0.012163535691797733
0.0559227280318737, 0.017650198191404343
0.053419020026922226, 0.015300448052585125
0.05849776044487953, 0.014330827631056309
0.05878469720482826, 0.01688559167087078
0.0626942366361618, 0.01309545524418354
0.0626254752278328, 0.010418168269097805
0.059772465378046036, 0.012136699631810188
0.06978514790534973, 0.02112649194896221
0.06251715868711472, 0.019254596903920174
0.06357621401548386, 0.012721234001219273
0.06498522311449051, 0.02016543783247471
0.06022760644555092, 0.010945292189717293
0.056890666484832764, 0.012530719861388206
0.05397356301546097, 0.013309158384799957
0.06111633777618408, 0.01006644032895565
0.05745597183704376, 0.013325828127563
0.06375661492347717, 0.014749603345990181
0.0572902113199234, 0.011997510679066181
0.05931095406413078, 0.01279922854155302
0.060053400695323944, 0.013587565161287785
0.056277599185705185, 0.015891607850790024
0.0644640102982521, 0.015567518770694733
0.059207525104284286, 0.015202347189188004
0.06018536537885666, 0.014932418242096901
0.06149105355143547, 0.015926368534564972
0.06610120832920074, 0.021520812064409256
0.06506440788507462, 0.018925178796052933
0.05782593786716461, 0.014844264835119247
0.06265917420387268, 0.015301021747291088
0.06789539009332657, 0.020921414718031883
0.059680111706256866, 0.013670082204043865
0.06352278590202332, 0.016440648585557938
0.06019220128655434, 0.012395896017551422
0.058374326676130295, 0.010988177731633186
0.06214994192123413, 0.014353550039231777
0.057274360209703445, 0.015748072415590286
0.05772027000784874, 0.011590838432312012
0.064560167491436, 0.014726662077009678
0.061246633529663086, 0.018039273098111153
0.06027285382151604, 0.011744838207960129
0.05512653663754463, 0.009361823089420795
0.054406702518463135, 0.012507429346442223
0.05548836663365364, 0.013149209320545197
0.06220381334424019, 0.012137544341385365
0.060833513736724854, 0.0196946132928133
0.06258706003427505, 0.014769187197089195
0.06273716688156128, 0.012073047459125519
0.06448865681886673, 0.014955928549170494
0.06248920410871506, 0.013020639307796955
0.05689564719796181, 0.009140749461948872
0.05566250532865524, 0.01455720141530037
0.05810029059648514, 0.013702435418963432
0.06366167217493057, 0.014682000502943993
0.05879902094602585, 0.010257852263748646
0.06374221295118332, 0.01795235462486744
0.05652392655611038, 0.012702887877821922
0.05578811839222908, 0.011871364898979664
0.05361271649599075, 0.011195655912160873
0.061443030834198, 0.011551153846085072
0.06454583257436752, 0.015417835675179958
0.06258227676153183, 0.015621677041053772
0.05691884085536003, 0.009577504359185696
0.059163741767406464, 0.01341718528419733
0.06291504204273224, 0.017223024740815163
0.0640225037932396, 0.01496385782957077
0.05803322046995163, 0.01190727949142456
0.060227420181035995, 0.012294979766011238
0.05628068745136261, 0.011663724668323994
0.06271348148584366, 0.02020067162811756
0.06143171340227127, 0.010419205762445927
0.057474758476018906, 0.011790263466536999
0.05994385480880737, 0.0149913989007473
0.05540091171860695, 0.017820661887526512
0.05896192044019699, 0.015778372064232826
0.06086482107639313, 0.0148556437343359
0.06722310930490494, 0.013458448462188244
0.0583440400660038, 0.013615046627819538
0.0594358928501606, 0.018862737342715263
0.06212841719388962, 0.018753500655293465
0.058622147887945175, 0.014456314966082573
0.05680615454912186, 0.01449967548251152
0.06514783948659897, 0.015478748828172684
0.060273367911577225, 0.013663881458342075
0.06020273268222809, 0.014683731831610203
0.05999783053994179, 0.011803427711129189
0.05571872740983963, 0.015931149944663048
0.06389818340539932, 0.016665242612361908
0.06079381704330444, 0.012252582237124443
0.05536323040723801, 0.013565553352236748
0.05802936851978302, 0.0160482507199049
0.06257626414299011, 0.014261261560022831
0.06217716261744499, 0.015644393861293793
0.055376775562763214, 0.009337485767900944
0.05922253802418709, 0.01069615688174963
0.05779736489057541, 0.015948887914419174
0.05162268131971359, 0.010518877767026424
0.05667342245578766, 0.010127672925591469
0.05833381414413452, 0.014364011585712433
0.06219185143709183, 0.011805008165538311
0.059386227279901505, 0.01580343022942543
0.0602586455643177, 0.015268970280885696
0.06505691260099411, 0.012370462529361248
0.05983464792370796, 0.012292567640542984
0.05677390098571777, 0.013483311049640179
0.06189027801156044, 0.01640664041042328
0.05920944735407829, 0.015670742839574814
0.062139008194208145, 0.020150162279605865
0.061044760048389435, 0.014180452562868595
0.06335876137018204, 0.010780530981719494
0.06163715571165085, 0.014047280885279179
0.05818353220820427, 0.010882938280701637
0.057199228554964066, 0.011508328840136528
0.06486598402261734, 0.018852392211556435
0.062470488250255585, 0.011966627091169357
0.06595394760370255, 0.011957822367548943
0.06108812615275383, 0.012898765504360199
0.059885431081056595, 0.014605686068534851
0.05873912572860718, 0.014983698725700378
0.06517615169286728, 0.013091005384922028
0.057971611618995667, 0.01613474451005459
0.05711694061756134, 0.012382389977574348
0.06483057141304016, 0.012394560500979424
0.06388405710458755, 0.014634799212217331
0.060315463691949844, 0.015776164829730988
0.06237589567899704, 0.01428285427391529
0.0608278326690197, 0.012627609074115753
0.06251607835292816, 0.018891718238592148
0.06109415367245674, 0.012912682257592678
0.062398262321949005, 0.01256604865193367
0.06216400861740112, 0.020232878625392914
0.06324158608913422, 0.01853248104453087
0.06332848221063614, 0.014826067723333836
0.05778167024254799, 0.01710033230483532
0.05946609005331993, 0.01339324377477169
0.05971018597483635, 0.011524153873324394
0.0627172514796257, 0.017936524003744125
0.059587180614471436, 0.01095124613493681
0.06321077048778534, 0.01333934161812067
0.055881574749946594, 0.01485726423561573
0.060378629714250565, 0.013757586479187012
0.06266824156045914, 0.0152458306401968
0.05755459517240524, 0.012632443569600582
0.05649818852543831, 0.012763923965394497
0.05648576468229294, 0.015489951707422733
0.05729084089398384, 0.013975786045193672
0.06384948641061783, 0.015787851065397263
0.0644330233335495, 0.019682805985212326
0.05828477442264557, 0.019153611734509468
0.05777417868375778, 0.015614581294357777
0.05487499013543129, 0.014644408598542213
0.06680505722761154, 0.01456809788942337
0.0583985261619091, 0.016040265560150146
0.054103784263134, 0.01124842930585146
0.06499849259853363, 0.017000559717416763
0.06510774791240692, 0.015287169255316257
0.06063181161880493, 0.016761861741542816
0.05420619994401932, 0.00976239237934351
0.062036097049713135, 0.01218817662447691
0.061197757720947266, 0.013864077627658844
0.055504173040390015, 0.017088979482650757
0.05729630962014198, 0.014527355320751667
0.05930568650364876, 0.014778323471546173
0.06149084120988846, 0.012721879407763481
0.05865517631173134, 0.011744651012122631
0.06679963320493698, 0.016265615820884705
0.053673338145017624, 0.01136191189289093
0.058728303760290146, 0.015378374606370926
0.0581120140850544, 0.008761661127209663
0.05961792916059494, 0.010738182812929153
0.05949186533689499, 0.011675340123474598
0.05595913156867027, 0.013599945232272148
0.06067334860563278, 0.01562323234975338
0.06124815717339516, 0.016347723081707954
0.05877457931637764, 0.01254951674491167
0.06616485863924026, 0.015528633259236813
0.06281296163797379, 0.013526412658393383
0.0587155818939209, 0.013368796557188034
0.06397812068462372, 0.015760254114866257
0.06304369121789932, 0.015125294215977192
0.06380902230739594, 0.01654643751680851
0.0557669997215271, 0.014395554549992085
0.06313428282737732, 0.016294460743665695
0.056658320128917694, 0.014440242201089859
0.0598611980676651, 0.016368206590414047
0.061526067554950714, 0.014443548396229744
0.06038525328040123, 0.01506209746003151
0.0585503913462162, 0.01445760391652584
0.05672780051827431, 0.012711622752249241
0.05768480524420738, 0.016040509566664696
0.061862338334321976, 0.01411152072250843
0.05635230615735054, 0.011712508276104927
0.06189407780766487, 0.012529655359685421
0.060534410178661346, 0.010707642883062363
0.05808510258793831, 0.008286003954708576
0.06331131607294083, 0.014467540197074413
0.0656801164150238, 0.014255157671868801
0.05683409422636032, 0.014459678903222084
0.05320117622613907, 0.016732782125473022
0.05345737561583519, 0.010891813784837723
0.061226844787597656, 0.013234714977443218
0.05731384828686714, 0.00964793935418129
0.060968466103076935, 0.011794709600508213
0.061673860996961594, 0.01404658518731594
0.06167594715952873, 0.011156086809933186
0.06639263778924942, 0.016751961782574654
0.06153954938054085, 0.01545706856995821
0.06484552472829819, 0.02112852782011032
0.05806068703532219, 0.012197991833090782
0.05780331417918205, 0.01775962859392166
0.06063704937696457, 0.013650896027684212
0.05870821699500084, 0.010506121441721916
0.06779120117425919, 0.018627764657139778
0.0639515072107315, 0.015412242151796818
0.06223836913704872, 0.010493586771190166
0.0662638321518898, 0.01897561177611351
0.061641205102205276, 0.01920519769191742
0.06304557621479034, 0.014583553187549114
0.06290625780820847, 0.015218553133308887
0.061835575848817825, 0.013680790551006794
0.061195824295282364, 0.01336598675698042
0.06917063146829605, 0.017267774790525436
0.06008588522672653, 0.018190395087003708
0.06469879299402237, 0.016974084079265594
0.05990276858210564, 0.019866809248924255
0.06256593763828278, 0.013446328230202198
0.057801902294158936, 0.015224406495690346
0.0639638602733612, 0.017172589898109436
0.06283625960350037, 0.015366769395768642
0.06049162894487381, 0.013328724540770054
0.06100492551922798, 0.013671869412064552
0.0664515346288681, 0.019182352349162102
0.05739148333668709, 0.012227669358253479
0.06663499772548676, 0.0144198602065444
0.05889458954334259, 0.011014310643076897
0.0661248117685318, 0.021853815764188766
0.058444730937480927, 0.01539798453450203
0.06410418450832367, 0.017783651128411293
0.06647054105997086, 0.01544828899204731
0.062463801354169846, 0.01439952477812767
0.059270765632390976, 0.009793193079531193
0.0598766952753067, 0.012469255365431309
0.05957387760281563, 0.016008447855710983
0.06471771746873856, 0.01267402432858944
0.05632844939827919, 0.015642695128917694
0.061000753194093704, 0.021201495081186295
0.06492103636264801, 0.01286014448851347
0.06257666647434235, 0.01751353219151497
0.059647779911756516, 0.012844892218708992
0.06323505938053131, 0.016528425738215446
0.061865389347076416, 0.01683640480041504
0.06512406468391418, 0.023940986022353172
0.06090359017252922, 0.015341532416641712
0.06747794151306152, 0.020347585901618004
0.0682976096868515, 0.016248663887381554
0.06712552160024643, 0.017234621569514275
0.06443950533866882, 0.013752912171185017
0.05935840681195259, 0.011759552173316479
0.05758296325802803, 0.016892464831471443
0.05871552228927612, 0.010864252224564552
0.0517464205622673, 0.011001807637512684
0.05850883945822716, 0.009081372991204262
0.05817721411585808, 0.01520675327628851
0.06899628043174744, 0.010748034343123436
0.06289272755384445, 0.019090425223112106
0.06207394599914551, 0.016576290130615234
0.06028270721435547, 0.010751040652394295
0.05684589594602585, 0.013147829100489616
0.06049899384379387, 0.014438399113714695
0.058253008872270584, 0.0116580780595541
0.060219280421733856, 0.016822103410959244
0.05651440843939781, 0.010668293572962284
0.05573604628443718, 0.015217051841318607
0.059572380036115646, 0.017953485250473022
0.05965149402618408, 0.01652214117348194
0.05979442596435547, 0.01228686049580574
0.0593968890607357, 0.013114060275256634
0.056586019694805145, 0.013148949481546879
0.061112623661756516, 0.016421714797616005
0.0657295361161232, 0.017339222133159637
0.06014000251889229, 0.015115693211555481
0.06319785118103027, 0.01363188587129116
0.06266986578702927, 0.01984882913529873
0.059832263737916946, 0.012245181947946548
0.056957073509693146, 0.011884466744959354
0.06092458218336105, 0.01638396643102169
0.0598796084523201, 0.01219706330448389
0.06212613359093666, 0.013573577627539635
0.05900447443127632, 0.010445290245115757
0.059716708958148956, 0.013393961824476719
0.059339895844459534, 0.01669604703783989
0.05698151886463165, 0.010731125250458717
