mean, std
0.18375839293003082, 0.05311044305562973
0.10110930353403091, 0.012153792195022106
0.08571239560842514, 0.014623128809034824
0.08779725432395935, 0.01948363706469536
0.10950866341590881, 0.022300709038972855
0.13004465401172638, 0.03273620456457138
0.1326826959848404, 0.034968309104442596
0.12219683080911636, 0.028192656114697456
0.12488467246294022, 0.06826890259981155
0.14852772653102875, 0.053759656846523285
0.13385288417339325, 0.03555489331483841
0.12464320659637451, 0.056799717247486115
0.11192760616540909, 0.047373224049806595
0.11142279207706451, 0.02534085512161255
0.1182531788945198, 0.04374028742313385
0.10642372071743011, 0.03931805118918419
0.10624069720506668, 0.031597238034009933
0.09841953217983246, 0.03364906832575798
0.1266443282365799, 0.05130010470747948
0.11487236618995667, 0.038671091198921204
0.10987468808889389, 0.022119732573628426
0.113148532807827, 0.03814452886581421
0.10731350630521774, 0.03265922889113426
0.10916101187467575, 0.03411385044455528
0.11045069992542267, 0.03611140698194504
0.13232780992984772, 0.046328429132699966
0.10695958882570267, 0.03033512458205223
0.11811792850494385, 0.030960457399487495
0.11497820913791656, 0.04620015621185303
0.1102738156914711, 0.035448528826236725
0.10494792461395264, 0.033675044775009155
0.12992751598358154, 0.047400228679180145
0.12245432287454605, 0.03748687356710434
0.1159716472029686, 0.04169173911213875
0.1340881884098053, 0.05618249252438545
0.10854896903038025, 0.04084492847323418
0.10088245570659637, 0.043862536549568176
0.12305860966444016, 0.04135671630501747
0.1216152235865593, 0.04707278683781624
0.10573429614305496, 0.03407207876443863
0.12337026745080948, 0.042964570224285126
0.128378227353096, 0.041407566517591476
0.13828438520431519, 0.050208818167448044
0.13646817207336426, 0.06164954602718353
0.10908616334199905, 0.03162383288145065
0.13095073401927948, 0.04839739948511124
0.12808404862880707, 0.054774634540081024
0.1289442926645279, 0.0491633415222168
0.1110176220536232, 0.06094881892204285
0.10731005668640137, 0.030122125521302223
0.1343243420124054, 0.04022073745727539
0.12160738557577133, 0.025308597832918167
0.11922334134578705, 0.037661828100681305
0.12243660539388657, 0.0434848815202713
0.12664882838726044, 0.058813273906707764
0.14335957169532776, 0.04567422345280647
0.12500067055225372, 0.033320579677820206
0.13161849975585938, 0.052757009863853455
0.15134313702583313, 0.0534464567899704
0.1506582349538803, 0.045872971415519714
0.13558192551136017, 0.059604790061712265
0.15240032970905304, 0.054476048797369
0.1686701476573944, 0.07385358959436417
0.14164574444293976, 0.05449272319674492
0.1439466029405594, 0.043642766773700714
0.12701374292373657, 0.045675281435251236
0.1437610387802124, 0.06358543783426285
0.1437128484249115, 0.05161127820611
0.13585108518600464, 0.0469939261674881
0.13695235550403595, 0.05382014438509941
0.13395489752292633, 0.04912383854389191
0.12842680513858795, 0.02891596034169197
0.14000780880451202, 0.04152597486972809
0.13520534336566925, 0.048348695039749146
0.144113689661026, 0.047855500131845474
0.16201160848140717, 0.05021536350250244
0.13391953706741333, 0.036916766315698624
0.1742476373910904, 0.06155124306678772
0.18562549352645874, 0.0552884116768837
0.16551382839679718, 0.05605413764715195
0.1306704729795456, 0.05069360509514809
0.14215904474258423, 0.05997848138213158
0.14747793972492218, 0.05263027921319008
0.1440572738647461, 0.053351279348134995
0.131789892911911, 0.03824984282255173
0.15383349359035492, 0.06834349036216736
0.17100416123867035, 0.060239825397729874
0.173685222864151, 0.0671292394399643
0.16740359365940094, 0.05737480893731117
0.16849151253700256, 0.0805840939283371
0.14420051872730255, 0.057876382023096085
0.15879438817501068, 0.05707063525915146
0.14251168072223663, 0.05147407203912735
0.15813499689102173, 0.062051378190517426
0.21846750378608704, 0.09474281966686249
0.171641007065773, 0.0574067048728466
0.1528601497411728, 0.05461171269416809
0.1273338943719864, 0.038830991834402084
0.15621307492256165, 0.06066695228219032
0.1669355183839798, 0.06473337858915329
0.13224007189273834, 0.04308994859457016
0.1815062016248703, 0.06609940528869629
0.20421142876148224, 0.07632489502429962
0.16431806981563568, 0.073308065533638
0.13796278834342957, 0.043171197175979614
0.12740664184093475, 0.04154309630393982
0.16268789768218994, 0.05821659415960312
0.1351020187139511, 0.05569073185324669
0.16680796444416046, 0.0666852816939354
0.15211798250675201, 0.052821435034275055
0.1738280951976776, 0.07073882222175598
0.1503278762102127, 0.040137119591236115
0.1414792537689209, 0.06059078127145767
0.13857074081897736, 0.055214058607816696
0.1266522854566574, 0.04056360572576523
0.15756522119045258, 0.055152732878923416
0.17752724885940552, 0.05934872105717659
0.17410267889499664, 0.06069827824831009
0.19011372327804565, 0.05643373727798462
0.16024209558963776, 0.0642615258693695
0.14294560253620148, 0.07465154677629471
0.1411677598953247, 0.06039569526910782
0.14285238087177277, 0.06384502351284027
0.157778799533844, 0.053646642714738846
0.20697946846485138, 0.07091451436281204
0.16259384155273438, 0.04128576070070267
0.15543003380298615, 0.04258820042014122
0.16267240047454834, 0.07573287934064865
0.15375320613384247, 0.06688456237316132
0.15448027849197388, 0.05860219895839691
0.1636544167995453, 0.05583040043711662
0.15792758762836456, 0.051378775388002396
0.18037742376327515, 0.0637165904045105
0.15949013829231262, 0.06700411438941956
0.16201242804527283, 0.060814473778009415
0.157631054520607, 0.0552748367190361
0.14665532112121582, 0.06269043684005737
0.16832038760185242, 0.06457807868719101
0.17920885980129242, 0.0731561928987503
0.1733780801296234, 0.042752403765916824
0.14898380637168884, 0.05221911892294884
0.17172181606292725, 0.059767816215753555
0.18934443593025208, 0.07073503732681274
0.15270942449569702, 0.06637109071016312
0.19056957960128784, 0.07198633998632431
0.15091675519943237, 0.05313073843717575
0.1371941864490509, 0.054554443806409836
0.142191544175148, 0.056189581751823425
0.13932372629642487, 0.038536231964826584
0.14860589802265167, 0.05315489321947098
0.1591837853193283, 0.07422246783971786
0.14901164174079895, 0.04854229837656021
0.14128001034259796, 0.040303785353899
0.14742998778820038, 0.06084505096077919
0.18926942348480225, 0.06971459835767746
0.17120066285133362, 0.06548543274402618
0.14670930802822113, 0.04617825150489807
0.15988433361053467, 0.06038375943899155
0.1600685864686966, 0.07933874428272247
0.144501730799675, 0.05072440579533577
0.14094002544879913, 0.051276687532663345
0.1547563374042511, 0.07505675405263901
0.15293952822685242, 0.06695187091827393
0.14381222426891327, 0.04872531443834305
0.1760118305683136, 0.064146026968956
0.15014351904392242, 0.05415364354848862
0.1568259596824646, 0.05646961182355881
0.15921935439109802, 0.06632020324468613
0.13800938427448273, 0.07740867137908936
0.1364768147468567, 0.06126540154218674
0.1313159018754959, 0.04728524759411812
0.1315317153930664, 0.045264992862939835
0.15386900305747986, 0.05255351960659027
0.13979749381542206, 0.03812086954712868
0.13564293086528778, 0.05740632116794586
0.1335647851228714, 0.04751154035329819
0.1400901824235916, 0.05024285987019539
0.1388564556837082, 0.05428054928779602
0.1605001538991928, 0.04751023277640343
0.15910296142101288, 0.053620271384716034
0.14256246387958527, 0.036511387676000595
0.1458371877670288, 0.06404490768909454
0.12101851403713226, 0.06542845815420151
0.147843599319458, 0.058498844504356384
0.1339937299489975, 0.04757878556847572
0.1672140508890152, 0.05721672996878624
0.13654732704162598, 0.03541254997253418
0.1779767870903015, 0.07404384762048721
0.19094516336917877, 0.08557742834091187
0.17511191964149475, 0.0686730444431305
0.15252313017845154, 0.04969913512468338
0.15815061330795288, 0.051716599613428116
0.1343497484922409, 0.05712881311774254
0.14802832901477814, 0.04923250526189804
0.14974786341190338, 0.04773547872900963
0.15333136916160583, 0.054484520107507706
0.1530509740114212, 0.06293736398220062
0.13180764019489288, 0.037837959825992584
0.1743890941143036, 0.06545055657625198
0.13640683889389038, 0.05761872977018356
0.12946102023124695, 0.043554097414016724
0.1455533355474472, 0.07731052488088608
0.1525271236896515, 0.05397968366742134
0.17868387699127197, 0.05924742668867111
0.141151562333107, 0.03725678101181984
0.12580765783786774, 0.03809359669685364
0.169343501329422, 0.05751306936144829
0.19259673357009888, 0.08936091512441635
0.19899366796016693, 0.05897565186023712
0.17418131232261658, 0.060708265751600266
0.12886907160282135, 0.04664170742034912
0.14871376752853394, 0.04858161509037018
0.12933409214019775, 0.04561030492186546
0.14794734120368958, 0.05554627627134323
0.16161592304706573, 0.06457791477441788
0.1275050938129425, 0.038434263318777084
0.15431508421897888, 0.0426449328660965
0.16271403431892395, 0.07501651346683502
0.15617141127586365, 0.056455858051776886
0.12922227382659912, 0.04991772398352623
0.14071542024612427, 0.04698381945490837
0.16021214425563812, 0.0612449049949646
0.14822126924991608, 0.05973242595791817
0.12286153435707092, 0.03999461606144905
0.13506920635700226, 0.043374743312597275
0.10996668040752411, 0.03784387186169624
0.14473924040794373, 0.06941408663988113
0.15067686140537262, 0.0697939395904541
0.1435127556324005, 0.0648006796836853
0.12904836237430573, 0.0645645260810852
0.12772172689437866, 0.03197150304913521
0.14013232290744781, 0.06485570967197418
0.1740162968635559, 0.050379760563373566
0.12773454189300537, 0.05318343639373779
0.14369499683380127, 0.04087873175740242
0.13998748362064362, 0.07308042794466019
0.1455843150615692, 0.039278946816921234
0.152211531996727, 0.06182379275560379
0.13648124039173126, 0.056884218007326126
0.12773746252059937, 0.04725123569369316
0.134725883603096, 0.05338694527745247
0.11057016253471375, 0.04238627105951309
0.1262640506029129, 0.0393214225769043
0.13566942512989044, 0.05078287422657013
0.13701950013637543, 0.05585446208715439
0.13180764019489288, 0.048908673226833344
0.18178899586200714, 0.07843250781297684
0.15186850726604462, 0.04945521056652069
0.12726661562919617, 0.06119861826300621
0.15839695930480957, 0.055089399218559265
0.1639457792043686, 0.0645633265376091
0.1404944658279419, 0.048795655369758606
0.12529818713665009, 0.05142056196928024
0.1760701686143875, 0.08339846879243851
0.12077036499977112, 0.04659046232700348
0.14446765184402466, 0.03429010882973671
0.1218981072306633, 0.03848682716488838
0.1519482582807541, 0.0765686184167862
0.12976017594337463, 0.04552657902240753
0.1307656466960907, 0.05847709998488426
0.11492235213518143, 0.04756518080830574
0.1436208337545395, 0.057372819632291794
0.14626920223236084, 0.04892128333449364
0.14410345256328583, 0.05778384581208229
0.13840138912200928, 0.08084137737751007
0.20467178523540497, 0.0764847919344902
0.14217457175254822, 0.060631733387708664
0.12231151014566422, 0.04115462303161621
0.1365879774093628, 0.052830200642347336
0.16362576186656952, 0.07124420255422592
0.12112309038639069, 0.0395851768553257
0.14504870772361755, 0.07251904159784317
0.1605360209941864, 0.06676393002271652
0.14131665229797363, 0.05076507851481438
0.1287722885608673, 0.054205674678087234
0.12069346010684967, 0.02957814931869507
0.14342531561851501, 0.0699957013130188
0.16167901456356049, 0.06257206946611404
0.1075347289443016, 0.032652441412210464
0.13208866119384766, 0.04969525709748268
0.12901556491851807, 0.044226013123989105
0.12476585060358047, 0.0534832626581192
0.13059145212173462, 0.045991200953722
0.14307838678359985, 0.045685216784477234
0.17788779735565186, 0.08089582622051239
0.14448004961013794, 0.07440093904733658
0.12672287225723267, 0.04126771539449692
0.12989570200443268, 0.04177812859416008
0.14172883331775665, 0.06298282742500305
0.1735185980796814, 0.04575642570853233
0.1403178870677948, 0.053341254591941833
0.1505899727344513, 0.055601611733436584
0.14484773576259613, 0.06899024546146393
0.1370725780725479, 0.06834354996681213
0.16007235646247864, 0.05896742641925812
0.158377006649971, 0.06322626769542694
0.12731124460697174, 0.04392946884036064
0.11491754651069641, 0.05603082850575447
0.10925588011741638, 0.04053015634417534
0.1537625640630722, 0.0672336220741272
0.1113353967666626, 0.035043224692344666
0.11989196389913559, 0.04499704763293266
0.10802243649959564, 0.044234681874513626
0.1449674665927887, 0.06927866488695145
0.17762422561645508, 0.08610078692436218
0.14405539631843567, 0.047027915716171265
0.1081024780869484, 0.03383257985115051
0.12531320750713348, 0.04890195652842522
0.13970226049423218, 0.05162991210818291
0.13170933723449707, 0.0670064389705658
0.13173933327198029, 0.0661986842751503
0.15023687481880188, 0.06417693942785263
0.16833347082138062, 0.054650548845529556
0.15295198559761047, 0.05642125755548477
0.12930870056152344, 0.05831265449523926
0.12521333992481232, 0.047975458204746246
0.12957119941711426, 0.06293050199747086
0.0933978334069252, 0.03523337095975876
0.13540062308311462, 0.04968416690826416
0.13112643361091614, 0.04954567551612854
0.1337229609489441, 0.05699281394481659
0.16419869661331177, 0.06488916277885437
0.13947322964668274, 0.05624253302812576
0.12218500673770905, 0.03577319532632828
0.131917342543602, 0.05081556737422943
0.1287853717803955, 0.04705020412802696
0.12012673914432526, 0.03531302511692047
0.1151803731918335, 0.0646376833319664
0.1263427436351776, 0.05482357367873192
0.12753327190876007, 0.05052734911441803
0.10383905470371246, 0.039643071591854095
0.13509775698184967, 0.06949318945407867
0.10078827291727066, 0.03460251912474632
0.10263696312904358, 0.038940392434597015
0.13852007687091827, 0.05429578945040703
0.15960188210010529, 0.054389748722314835
0.11343476921319962, 0.044152360409498215
0.1407056599855423, 0.057227060198783875
0.13604041934013367, 0.05614299327135086
0.1523098200559616, 0.05970045179128647
0.1256665736436844, 0.03918563202023506
0.15168602764606476, 0.06377880275249481
0.1390026956796646, 0.06285715103149414
0.13905400037765503, 0.037970125675201416
0.1044800654053688, 0.03285984694957733
0.10891898721456528, 0.04268796741962433
0.1382112205028534, 0.04648027941584587
0.117302805185318, 0.04430505633354187
0.13064344227313995, 0.046710189431905746
0.13378284871578217, 0.05550534278154373
0.12550990283489227, 0.04449934884905815
0.14500536024570465, 0.05997191742062569
0.15358033776283264, 0.0724073126912117
0.1113312765955925, 0.04235224053263664
0.10730544477701187, 0.04440205171704292
0.11459968239068985, 0.03896382451057434
0.12995989620685577, 0.0447973795235157
0.16854031383991241, 0.08077851682901382
0.1751614511013031, 0.0590897835791111
0.13047786056995392, 0.058225106447935104
0.12234123796224594, 0.04692471772432327
0.1438039094209671, 0.08596910536289215
0.1482490599155426, 0.08093202114105225
0.11201945692300797, 0.042724546045064926
0.10013264417648315, 0.03575197234749794
0.12003029882907867, 0.04365767166018486
0.15246136486530304, 0.06297386437654495
0.1261424720287323, 0.045323438942432404
0.15579915046691895, 0.05888016149401665
0.1278480738401413, 0.051346782594919205
0.14839869737625122, 0.057944491505622864
0.13322603702545166, 0.05136343091726303
0.1304047852754593, 0.053492262959480286
0.14135456085205078, 0.050250425934791565
0.1200689747929573, 0.04175037518143654
0.13878656923770905, 0.05242590233683586
0.11461877822875977, 0.05200212448835373
0.1405298411846161, 0.03839419037103653
0.14812235534191132, 0.06747391074895859
0.15785735845565796, 0.07935135066509247
0.12533077597618103, 0.07022212445735931
0.15793640911579132, 0.05126217007637024
0.16164496541023254, 0.07589405030012131
0.14963892102241516, 0.07818660885095596
0.155740886926651, 0.06766766309738159
0.20909783244132996, 0.08640886843204498
0.14239932596683502, 0.06627427041530609
0.13528002798557281, 0.05658859387040138
0.1896088719367981, 0.09278693050146103
0.15638820827007294, 0.06511854380369186
0.14320869743824005, 0.07570872455835342
0.19623850286006927, 0.09250859916210175
0.1139194592833519, 0.036303188651800156
0.14213162660598755, 0.038631707429885864
0.1898379623889923, 0.09121415764093399
0.18021397292613983, 0.06522460281848907
0.1292649507522583, 0.044420674443244934
0.12616263329982758, 0.04570235311985016
0.12015847116708755, 0.05962271988391876
0.13299749791622162, 0.045857902616262436
0.15242727100849152, 0.06053003668785095
0.16221649944782257, 0.05659982189536095
0.15383431315422058, 0.07056061178445816
0.1253686398267746, 0.048126328736543655
0.15115420520305634, 0.04580340534448624
0.12722791731357574, 0.040186550468206406
0.13832630217075348, 0.061231810599565506
0.1336832344532013, 0.048065684735774994
0.1287200152873993, 0.06361812353134155
0.13474135100841522, 0.0776093378663063
0.15408360958099365, 0.0651712641119957
0.1765638291835785, 0.09458917379379272
0.1415015310049057, 0.08287741988897324
0.1380135715007782, 0.05977155640721321
0.11579082906246185, 0.051363274455070496
0.23327210545539856, 0.06944229453802109
0.15831995010375977, 0.06430625915527344
0.13654305040836334, 0.047099076211452484
0.12741203606128693, 0.05709484964609146
0.13879092037677765, 0.06791611015796661
0.11793632060289383, 0.03301793709397316
0.12207843363285065, 0.035582441836595535
0.14546549320220947, 0.051283497363328934
0.1245575100183487, 0.05232410132884979
0.10455289483070374, 0.03519437834620476
0.12044835090637207, 0.0434810109436512
0.1406344175338745, 0.06284341961145401
0.14602704346179962, 0.06336281448602676
0.14192955195903778, 0.038035281002521515
0.16074998676776886, 0.0694618672132492
0.13371379673480988, 0.047775749117136
0.14106152951717377, 0.042974915355443954
0.1560993492603302, 0.06052045524120331
0.1288030445575714, 0.043794211000204086
0.13454265892505646, 0.04818400368094444
0.1709582507610321, 0.0703398585319519
0.14421796798706055, 0.06752625107765198
0.1171841099858284, 0.04448273032903671
0.15110741555690765, 0.05770176649093628
0.1424887478351593, 0.04510176181793213
0.1204085648059845, 0.04293437302112579
0.11849109083414078, 0.0711330994963646
0.135673388838768, 0.059024080634117126
0.15297722816467285, 0.061867937445640564
0.13871392607688904, 0.0493849478662014
0.10965913534164429, 0.037223201245069504
0.15809540450572968, 0.0625080093741417
0.12229357659816742, 0.033061433583498
0.1309390664100647, 0.04381084442138672
0.11550358682870865, 0.0405767597258091
0.13217611610889435, 0.04667171463370323
0.12607426941394806, 0.05351565405726433
0.1082732304930687, 0.04415460303425789
0.14776812493801117, 0.053473878651857376
0.11145523935556412, 0.028112946078181267
0.14587150514125824, 0.04092653468251228
0.11477409303188324, 0.03529452905058861
0.11952272802591324, 0.04401101544499397
0.14296722412109375, 0.07068615406751633
0.1691565215587616, 0.06743750721216202
0.11461625248193741, 0.04631630331277847
0.1425895094871521, 0.055076975375413895
0.13033683598041534, 0.04833904281258583
0.1577446013689041, 0.06324384361505508
0.11364962160587311, 0.04700811579823494
0.11964472383260727, 0.028768882155418396
0.11239491403102875, 0.0314437672495842
0.13989530503749847, 0.046967875212430954
0.15905585885047913, 0.07154469192028046
0.14262033998966217, 0.04966770112514496
0.18275029957294464, 0.09136322885751724
0.16572871804237366, 0.05318601056933403
0.13067032396793365, 0.04362060874700546
0.12253815680742264, 0.042596615850925446
0.12093831598758698, 0.02878641150891781
0.1386694461107254, 0.04272981360554695
0.1249106228351593, 0.05396213382482529
0.11301668733358383, 0.049608927220106125
0.15115773677825928, 0.05095725879073143
0.16093242168426514, 0.07821562886238098
0.12936079502105713, 0.0547892265021801
0.13078036904335022, 0.0543120913207531
0.14411495625972748, 0.06319902092218399
0.132429838180542, 0.048224564641714096
0.14866237342357635, 0.06565801799297333
0.11717275530099869, 0.04674716293811798
0.1332239955663681, 0.05818532034754753
0.1446375548839569, 0.05717282369732857
0.15041962265968323, 0.06116895750164986
0.12373995780944824, 0.05218208581209183
0.12036347389221191, 0.04337458312511444
0.14257748425006866, 0.06106504425406456
0.14988040924072266, 0.08732949942350388
0.11331912130117416, 0.04390689730644226
0.1115630492568016, 0.04992962256073952
0.18535499274730682, 0.06548672914505005
0.1537230759859085, 0.08844519406557083
0.1394895613193512, 0.07459384948015213
0.12944653630256653, 0.053739387542009354
0.1418079286813736, 0.05555979162454605
0.12976188957691193, 0.06023429334163666
0.12117240577936172, 0.05131588503718376
0.11998803168535233, 0.03830311819911003
0.13900630176067352, 0.06303680688142776
0.13276870548725128, 0.04385500028729439
0.1377323865890503, 0.06115575507283211
0.14655034244060516, 0.0593898631632328
0.13288326561450958, 0.04858412221074104
0.1201247125864029, 0.043537650257349014
0.1284029483795166, 0.06326935440301895
0.12909455597400665, 0.056600674986839294
0.12518692016601562, 0.03917356953024864
0.1367233395576477, 0.0477503165602684
0.15442723035812378, 0.06039348617196083
0.15185005962848663, 0.06835328787565231
0.14155544340610504, 0.07103397697210312
0.14545759558677673, 0.06411747634410858
0.1343914419412613, 0.05188578739762306
0.11231992393732071, 0.02821904793381691
0.11162830889225006, 0.056870803236961365
0.13423438370227814, 0.06539212912321091
0.15235570073127747, 0.06279133260250092
0.13151293992996216, 0.05489644780755043
0.14274390041828156, 0.052822381258010864
0.18872089684009552, 0.09274294227361679
0.12948861718177795, 0.05329719930887222
0.13724640011787415, 0.04776295647025108
0.1359042227268219, 0.04271416366100311
0.14044737815856934, 0.08572348952293396
0.13565291464328766, 0.06495816260576248
0.16911281645298004, 0.08769842237234116
0.11000680923461914, 0.05373253673315048
0.15571284294128418, 0.07459747046232224
0.1394582837820053, 0.047540049999952316
0.11745923012495041, 0.06709609180688858
0.1584181785583496, 0.06489130109548569
0.15468989312648773, 0.0767674520611763
0.1399807631969452, 0.0530342198908329
0.11819007992744446, 0.052133604884147644
0.14135636389255524, 0.052575770765542984
0.12249749153852463, 0.05357006937265396
0.11947258561849594, 0.04296514764428139
0.15520846843719482, 0.09402281790971756
0.16661496460437775, 0.07247873395681381
0.15038281679153442, 0.07176431268453598
0.10034859925508499, 0.032026875764131546
0.1260194331407547, 0.05286230146884918
0.16386906802654266, 0.07380617409944534
0.11551948636770248, 0.041866712272167206
0.11327622085809708, 0.044261373579502106
0.14204736053943634, 0.0607268325984478
0.13388164341449738, 0.04388664662837982
0.16816864907741547, 0.04253802448511124
0.1624048799276352, 0.05635397136211395
0.10984649509191513, 0.0476185604929924
0.1316547691822052, 0.06037527322769165
0.10549888014793396, 0.03990781307220459
0.10624085366725922, 0.04050140827894211
0.14686419069766998, 0.05304187536239624
0.12152890115976334, 0.04156797006726265
0.1273772269487381, 0.03266742825508118
0.13736626505851746, 0.05416868254542351
0.14104554057121277, 0.05012447014451027
0.1610144078731537, 0.0661175549030304
0.13389775156974792, 0.04205571487545967
0.1165417805314064, 0.033986449241638184
0.13410690426826477, 0.05692753195762634
0.12082106620073318, 0.04809430241584778
0.1392713338136673, 0.07897854596376419
0.11717680841684341, 0.05551087111234665
0.12147801369428635, 0.04066828638315201
0.10957185178995132, 0.04060831293463707
0.11951887607574463, 0.05073017627000809
0.11948176473379135, 0.041136421263217926
0.1473308801651001, 0.05970373749732971
0.1177506297826767, 0.03850074112415314
0.12998905777931213, 0.04301510006189346
0.1309017688035965, 0.047612905502319336
0.14281611144542694, 0.05685357376933098
0.11975056678056717, 0.03572457283735275
0.12540854513645172, 0.05236561596393585
0.141323521733284, 0.037460051476955414
0.13523037731647491, 0.05029190331697464
0.12490413337945938, 0.06812708079814911
0.13627946376800537, 0.05340886116027832
0.12402529269456863, 0.032485369592905045
0.13690795004367828, 0.06089470908045769
0.1429426372051239, 0.045104559510946274
0.13103099167346954, 0.07229133695363998
0.16918349266052246, 0.0707135871052742
0.1321496218442917, 0.05696294456720352
0.1574435979127884, 0.06831435859203339
0.15844373404979706, 0.06587879359722137
0.12791354954242706, 0.05412052571773529
0.12317284196615219, 0.038686297833919525
0.12907592952251434, 0.07963406294584274
0.1271846890449524, 0.034251391887664795
0.13837160170078278, 0.05549975112080574
0.16078391671180725, 0.07228810340166092
0.13985952734947205, 0.053624529391527176
0.18421070277690887, 0.0901397168636322
0.1203172579407692, 0.03927299752831459
0.1182834729552269, 0.05991745740175247
0.1508905291557312, 0.0716160237789154
0.13883161544799805, 0.05462145060300827
0.18650928139686584, 0.07952452450990677
0.1676228791475296, 0.05707009509205818
0.12072646617889404, 0.04275975003838539
0.14721235632896423, 0.07989594340324402
0.15546567738056183, 0.07661078125238419
0.12300143390893936, 0.04164666682481766
0.12467894703149796, 0.045271214097738266
0.1243986040353775, 0.057394810020923615
0.13330206274986267, 0.060230545699596405
0.1250440776348114, 0.050126876682043076
0.17702387273311615, 0.06334290653467178
0.11544672399759293, 0.0340215303003788
0.12714830040931702, 0.05687610059976578
0.12371255457401276, 0.051860734820365906
0.11882856488227844, 0.061834920197725296
0.15219981968402863, 0.04515869542956352
0.11883485317230225, 0.028154969215393066
0.12571603059768677, 0.06481853127479553
0.1474093198776245, 0.06820477545261383
0.15179583430290222, 0.058410078287124634
0.20322448015213013, 0.07106981426477432
0.14125847816467285, 0.04956790804862976
0.14988788962364197, 0.048238497227430344
0.1702578365802765, 0.06232385337352753
0.17097052931785583, 0.08783452212810516
0.10990060120820999, 0.05673683434724808
0.1099587008357048, 0.04338834807276726
0.15792234241962433, 0.06395900994539261
0.13342687487602234, 0.04559379070997238
0.1308930367231369, 0.0635814219713211
0.1273248940706253, 0.0384264774620533
0.11138501763343811, 0.04937596246600151
0.11367682367563248, 0.05240482836961746
0.15916141867637634, 0.09098651260137558
0.1628456860780716, 0.08053798973560333
0.12924881279468536, 0.060281459242105484
0.14031964540481567, 0.05932943522930145
0.12829835712909698, 0.047044627368450165
0.1139305979013443, 0.032156337052583694
0.15291498601436615, 0.07066603004932404
0.15878795087337494, 0.08256419003009796
0.18027421832084656, 0.09784889966249466
0.12323423475027084, 0.05202168598771095
0.12949901819229126, 0.04996412247419357
0.1276521384716034, 0.04366910457611084
0.14633603394031525, 0.055765215307474136
0.11097241938114166, 0.029714155942201614
0.12315095961093903, 0.04942350834608078
0.11928968876600266, 0.03746997192502022
0.12122131884098053, 0.05580675229430199
0.12163349241018295, 0.04806727170944214
0.13804183900356293, 0.047347910702228546
0.12392307817935944, 0.04260610416531563
0.15567514300346375, 0.0609956756234169
0.15572212636470795, 0.06060989946126938
0.13370159268379211, 0.06618085503578186
0.1548105627298355, 0.06942092627286911
0.13568423688411713, 0.05926712602376938
0.11950478702783585, 0.04998932406306267
0.11529079079627991, 0.04794000834226608
0.16010232269763947, 0.05438874289393425
0.12155532836914062, 0.042893122881650925
0.1329769343137741, 0.06001342087984085
0.21769647300243378, 0.09368083626031876
0.178287535905838, 0.06864910572767258
0.12234147638082504, 0.04107539728283882
0.11411861330270767, 0.06713154911994934
0.11265125870704651, 0.054631367325782776
0.1463613063097, 0.06269478052854538
0.12045589834451675, 0.04127482697367668
0.16993167996406555, 0.06820017099380493
0.1334550380706787, 0.054360080510377884
0.12192466855049133, 0.04703801870346069
0.13057561218738556, 0.06344474107027054
0.1353233903646469, 0.055185094475746155
0.14784638583660126, 0.05849180370569229
0.11971848458051682, 0.05117291957139969
0.13223738968372345, 0.06633763760328293
0.12159480154514313, 0.048135906457901
0.13354456424713135, 0.05355587601661682
0.13976900279521942, 0.07451961934566498
0.10346358269453049, 0.03402749449014664
0.10837457329034805, 0.029791217297315598
0.13444960117340088, 0.050606321543455124
0.13952501118183136, 0.04324658215045929
0.1500212848186493, 0.0444164015352726
0.1776915341615677, 0.0970410630106926
0.15431533753871918, 0.07968656718730927
0.14841702580451965, 0.05681935325264931
0.1215725988149643, 0.038082245737314224
0.1199403628706932, 0.04864612966775894
0.1347237378358841, 0.04895038530230522
0.16481836140155792, 0.0679876059293747
0.13555344939231873, 0.04884009808301926
0.12585407495498657, 0.05705498531460762
0.12866730988025665, 0.059329234063625336
0.10901050269603729, 0.045918844640254974
0.1343534290790558, 0.05395711585879326
0.14244508743286133, 0.048290908336639404
0.15720804035663605, 0.0699639618396759
0.11016834527254105, 0.05082927644252777
0.12861096858978271, 0.05257759988307953
0.1558724194765091, 0.057122714817523956
0.12049635499715805, 0.06762587279081345
0.14123442769050598, 0.05294271558523178
0.10107316076755524, 0.033857014030218124
0.13815446197986603, 0.06319601833820343
0.12055100500583649, 0.04263626039028168
0.12691305577754974, 0.05187732353806496
0.1065753623843193, 0.04092025384306908
0.11817129701375961, 0.04269619286060333
0.11739233136177063, 0.03479219600558281
0.1518811285495758, 0.06676815450191498
0.12622280418872833, 0.05521801486611366
0.1278461366891861, 0.05264446139335632
0.12690946459770203, 0.05149122700095177
0.17026430368423462, 0.06761491298675537
0.14998812973499298, 0.08016812056303024
0.17983485758304596, 0.06614667922258377
0.10906320065259933, 0.04823360592126846
0.11307058483362198, 0.0490901954472065
0.12706050276756287, 0.0503094345331192
0.17647415399551392, 0.07473699748516083
0.14403100311756134, 0.0659731775522232
0.10890637338161469, 0.04740900173783302
0.15399391949176788, 0.05250776186585426
0.1089630275964737, 0.04973093047738075
0.1459217667579651, 0.06614505499601364
0.1121143102645874, 0.031779225915670395
0.13931535184383392, 0.05580519139766693
0.13808561861515045, 0.058803774416446686
0.13930033147335052, 0.0722590759396553
0.11736603826284409, 0.05409766733646393
0.10151869058609009, 0.03367576748132706
0.1259804517030716, 0.034181032329797745
0.13234969973564148, 0.048825133591890335
0.13135364651679993, 0.05185924097895622
0.13006216287612915, 0.043144144117832184
0.15384803712368011, 0.08132226020097733
0.15649361908435822, 0.05262228474020958
0.10203838348388672, 0.03582591935992241
0.12623177468776703, 0.04586750641465187
0.13651694357395172, 0.04535307362675667
0.10746441036462784, 0.03851843625307083
0.1332600861787796, 0.07999824732542038
0.12975232303142548, 0.041330914944410324
0.12566494941711426, 0.056842900812625885
0.11860762536525726, 0.04080326482653618
0.12260842323303223, 0.05391235649585724
0.1330147236585617, 0.057750001549720764
0.12584146857261658, 0.062017280608415604
0.12500745058059692, 0.04236619547009468
0.15852461755275726, 0.07771920412778854
0.18070551753044128, 0.07110729813575745
0.1456420123577118, 0.05085262283682823
0.1347123235464096, 0.05485771968960762
0.13308030366897583, 0.05752898007631302
0.13245297968387604, 0.04412726312875748
0.10807278007268906, 0.034797150641679764
0.13075366616249084, 0.04498324543237686
0.12182021141052246, 0.05135607346892357
0.124122753739357, 0.055756717920303345
0.13672193884849548, 0.06574898958206177
0.16576889157295227, 0.07696466147899628
0.133638396859169, 0.03818230330944061
0.13261447846889496, 0.06374260783195496
0.10988576710224152, 0.038812488317489624
0.12460608035326004, 0.04460815340280533
0.14297427237033844, 0.05724514648318291
0.11275731027126312, 0.04346904158592224
0.12219627946615219, 0.0403568334877491
0.1219407469034195, 0.0351724810898304
0.11974624544382095, 0.04906701669096947
0.11569751799106598, 0.042583923786878586
0.12595218420028687, 0.04040728881955147
0.1491466462612152, 0.050427354872226715
0.10482332855463028, 0.04267174378037453
0.1010960191488266, 0.033232998102903366
0.12683410942554474, 0.04850178211927414
0.1661074012517929, 0.07516820728778839
0.18453063070774078, 0.10655906051397324
0.14011172950267792, 0.05182855203747749
0.10295627266168594, 0.03731568157672882
0.13712242245674133, 0.042284078896045685
0.1266983151435852, 0.04827684909105301
0.12112932652235031, 0.04905632883310318
0.12919981777668, 0.043143074959516525
0.10755729675292969, 0.03519789129495621
0.1499047428369522, 0.043184928596019745
0.11899978667497635, 0.05333460494875908
0.12890657782554626, 0.04767180606722832
0.13172423839569092, 0.053573232144117355
0.1227855309844017, 0.0459173358976841
0.14195452630519867, 0.055698659271001816
0.11269528418779373, 0.0412798635661602
0.09035799652338028, 0.021937048062682152
0.12407481670379639, 0.0528557188808918
0.14017154276371002, 0.05476340651512146
0.13450579345226288, 0.04672420769929886
0.11494004726409912, 0.03939468413591385
0.14281579852104187, 0.04982434958219528
0.11465325951576233, 0.041191186755895615
0.11976642161607742, 0.05041979253292084
0.13740096986293793, 0.06989788264036179
0.13583417236804962, 0.054408542811870575
0.1567995250225067, 0.0733991488814354
0.1296815723180771, 0.05147171765565872
0.13257229328155518, 0.0514252744615078
0.11275780200958252, 0.05901210010051727
0.09949173033237457, 0.04389164596796036
0.13349536061286926, 0.06738737970590591
0.15012463927268982, 0.04828363284468651
0.13573801517486572, 0.05212229862809181
0.1498168259859085, 0.06868703663349152
0.1245209351181984, 0.06044178456068039
0.11170939356088638, 0.03628497198224068
0.15888887643814087, 0.057644929736852646
0.1195506826043129, 0.050530869513750076
0.13259579241275787, 0.06806636601686478
0.10861936956644058, 0.03155768662691116
0.13082927465438843, 0.051560159772634506
0.13352398574352264, 0.05351069197058678
0.13705916702747345, 0.05696123093366623
0.13861893117427826, 0.07150023430585861
0.14263327419757843, 0.06688939779996872
0.16326303780078888, 0.08531671017408371
0.14747118949890137, 0.06787887960672379
0.11495011299848557, 0.048871394246816635
0.12793321907520294, 0.0719299241900444
0.15606798231601715, 0.07666902244091034
0.10681628435850143, 0.046170059591531754
0.1314574033021927, 0.04841456934809685
0.14635604619979858, 0.06907361000776291
0.12916122376918793, 0.042120419442653656
0.11631510406732559, 0.04722510278224945
0.12758968770503998, 0.043140802532434464
0.1229359433054924, 0.06203598529100418
0.09733371436595917, 0.03616887703537941
0.11141163855791092, 0.04792924225330353
0.13111695647239685, 0.0534096322953701
0.12799718976020813, 0.0396144725382328
0.12246230989694595, 0.06348314136266708
0.12369770556688309, 0.05443814769387245
0.13436348736286163, 0.05028373748064041
0.13372933864593506, 0.04268728941679001
0.13263408839702606, 0.05223122984170914
0.13770435750484467, 0.05526125058531761
0.11817736178636551, 0.030551372095942497
0.11489909142255783, 0.046669941395521164
0.12236066907644272, 0.04986060783267021
0.10423056781291962, 0.043666694313287735
0.14381740987300873, 0.06927704066038132
0.13711917400360107, 0.07055436819791794
0.14828205108642578, 0.057679932564496994
0.17253457009792328, 0.06082785502076149
0.14954721927642822, 0.05259101465344429
0.11459730565547943, 0.03168656304478645
0.13284285366535187, 0.053745370358228683
0.1332577019929886, 0.05843215435743332
0.12262735515832901, 0.0360734723508358
0.1404547542333603, 0.04890982061624527
0.1359608918428421, 0.06337964534759521
0.10223586112260818, 0.03965653106570244
0.13189849257469177, 0.05380652844905853
0.15634353458881378, 0.057238124310970306
0.13437645137310028, 0.0706726536154747
0.11500758677721024, 0.04414393752813339
0.13149818778038025, 0.06598465889692307
0.12565842270851135, 0.05383802950382233
0.17234759032726288, 0.07535897940397263
0.15232689678668976, 0.060072675347328186
0.1163981482386589, 0.047016166150569916
0.12533597648143768, 0.033219918608665466
0.11202432215213776, 0.046375978738069534
0.1247057095170021, 0.04239899292588234
0.11186007410287857, 0.06138232722878456
0.09674974530935287, 0.03191819787025452
0.1322569102048874, 0.05530869960784912
0.12007202208042145, 0.062159132212400436
0.14140112698078156, 0.07511771470308304
0.1414618045091629, 0.0636831521987915
0.1315322369337082, 0.049463871866464615
0.13891856372356415, 0.05537461116909981
0.09778458625078201, 0.022297415882349014
0.12280235439538956, 0.0435294546186924
0.11721637845039368, 0.04157290607690811
0.11731607466936111, 0.05342256277799606
0.12784802913665771, 0.05703745782375336
0.11185284703969955, 0.04641677811741829
0.12250235676765442, 0.045603591948747635
0.10492932051420212, 0.033516090363264084
0.12536635994911194, 0.0494108721613884
0.13675235211849213, 0.0650530457496643
0.13036848604679108, 0.05351439490914345
0.13312050700187683, 0.03783903270959854
0.15569858253002167, 0.07171746343374252
0.13012459874153137, 0.0356363020837307
0.14496612548828125, 0.05539689585566521
0.1542840451002121, 0.07444706559181213
0.14231058955192566, 0.05268414318561554
0.18238390982151031, 0.0699230507016182
0.14909039437770844, 0.0896272361278534
0.125300794839859, 0.055415477603673935
0.13963517546653748, 0.06078134477138519
0.16055086255073547, 0.06977872550487518
0.1082332581281662, 0.04415961727499962
0.12213586270809174, 0.0570869967341423
0.11402519792318344, 0.04993991553783417
0.12331650406122208, 0.045224398374557495
0.09896646440029144, 0.04001231864094734
0.12953124940395355, 0.04224226996302605
0.167997807264328, 0.06120872125029564
0.15701667964458466, 0.07063812762498856
0.1306031495332718, 0.048680197447538376
0.11006313562393188, 0.031221969053149223
0.12119589745998383, 0.049310874193906784
0.12851913273334503, 0.059127673506736755
0.14021627604961395, 0.06207909807562828
0.13880689442157745, 0.0566127710044384
0.12902556359767914, 0.058707095682621
0.1325039267539978, 0.04434070736169815
0.1685985028743744, 0.0645480826497078
0.1281467229127884, 0.04511912167072296
0.12332872301340103, 0.037574831396341324
0.12444982677698135, 0.058803338557481766
0.11335955560207367, 0.042435359209775925
0.12388862669467926, 0.06419771164655685
0.13367101550102234, 0.06289935111999512
0.1477327048778534, 0.056439511477947235
0.12562242150306702, 0.03584158048033714
0.0981677994132042, 0.039254460483789444
0.1200183629989624, 0.03707676753401756
0.13040603697299957, 0.052497394382953644
0.140473872423172, 0.07486587017774582
0.1297880858182907, 0.05930605158209801
0.1271410882472992, 0.050958551466464996
0.12523482739925385, 0.0413391999900341
0.10051053017377853, 0.03782835230231285
0.10564631223678589, 0.05372481793165207
0.1597759872674942, 0.07249756902456284
0.11868105083703995, 0.04896970093250275
0.12409672886133194, 0.04917915165424347
0.13568361103534698, 0.05054197832942009
0.1341666877269745, 0.07138404250144958
0.1284443736076355, 0.0377875491976738
0.11577688157558441, 0.04101726412773132
0.1091097891330719, 0.036298662424087524
0.1277167648077011, 0.0337434746325016
0.1270018219947815, 0.048523515462875366
0.12058797478675842, 0.03458709269762039
0.11933256685733795, 0.035475388169288635
0.1373881846666336, 0.046140026301145554
0.13982470333576202, 0.06057092174887657
0.1376309096813202, 0.05504661053419113
0.13353651762008667, 0.054067499935626984
0.107096366584301, 0.028538569808006287
0.1424466073513031, 0.060038186609745026
0.18425635993480682, 0.0744464322924614
0.2018706500530243, 0.09967628121376038
0.13532063364982605, 0.054277461022138596
0.10933800786733627, 0.03703617677092552
0.09667230397462845, 0.026721613481640816
0.11586512625217438, 0.04372263327240944
0.11335738748311996, 0.027531621977686882
0.12891782820224762, 0.06102081388235092
0.11118481308221817, 0.04773169383406639
0.11133159697055817, 0.03444668650627136
0.1198374554514885, 0.04948359355330467
0.15100878477096558, 0.0723094642162323
0.10888013243675232, 0.03872673586010933
0.12684381008148193, 0.06502548605203629
0.15633009374141693, 0.06798925250768661
0.17133449018001556, 0.07551708072423935
0.10578523576259613, 0.04316020756959915
0.137651726603508, 0.05781438201665878
0.12771843373775482, 0.04218792915344238
0.1397763341665268, 0.03982874006032944
0.11680815368890762, 0.055871620774269104
0.13190385699272156, 0.04003862291574478
0.1323271542787552, 0.03923695161938667
0.1593460887670517, 0.05836889147758484
0.16182053089141846, 0.07865502685308456
0.16120222210884094, 0.07368283718824387
0.13784658908843994, 0.05786755308508873
0.10844463109970093, 0.028732748702168465
0.12480918318033218, 0.054432258009910583
0.1232302337884903, 0.054086990654468536
0.13755376636981964, 0.044536929577589035
0.11176587641239166, 0.04978858679533005
0.10467755049467087, 0.03674597293138504
0.14081469178199768, 0.08056751638650894
0.1132064163684845, 0.06282834708690643
0.10798453539609909, 0.03550368919968605
0.10890323668718338, 0.034704651683568954
0.11657389253377914, 0.04374171420931816
0.12893064320087433, 0.039207980036735535
0.11286132782697678, 0.036837417632341385
0.12593647837638855, 0.033924542367458344
0.16191403567790985, 0.06832785904407501
0.11496330797672272, 0.0425226204097271
0.10798979550600052, 0.029491698369383812
0.13771076500415802, 0.061051975935697556
0.09544707834720612, 0.03503766283392906
0.1552828997373581, 0.056630708277225494
0.1238866001367569, 0.05245028808712959
0.11069218069314957, 0.03911609575152397
0.09911882877349854, 0.03714670240879059
0.12297982722520828, 0.044331204146146774
0.10877940058708191, 0.047861550003290176
0.1292254626750946, 0.0395103394985199
0.15473897755146027, 0.05363481864333153
0.15643946826457977, 0.0515628457069397
0.12919151782989502, 0.03613488748669624
0.11218608915805817, 0.035384710878133774
0.14169339835643768, 0.056421298533678055
0.12145248800516129, 0.05338931083679199
0.14217109978199005, 0.05605468153953552
0.15906061232089996, 0.07133324444293976
0.11402992159128189, 0.05023664981126785
0.11988816410303116, 0.053761016577482224
0.14954334497451782, 0.062228769063949585
0.1235055923461914, 0.05046914145350456
0.13629217445850372, 0.06834334880113602
0.11910746246576309, 0.04042770713567734
0.12788210809230804, 0.04523995518684387
0.09374431520700455, 0.025740353390574455
0.13996918499469757, 0.05971250310540199
0.15742364525794983, 0.08117548376321793
0.12185680866241455, 0.05295896902680397
0.1123047024011612, 0.04922797903418541
0.1361902952194214, 0.034582581371068954
0.13377748429775238, 0.041708484292030334
0.10899185389280319, 0.03591974079608917
0.12175565212965012, 0.0451398603618145
0.13339953124523163, 0.04072345793247223
0.1265154480934143, 0.04151037335395813
0.11745712906122208, 0.06370639055967331
0.11755125969648361, 0.05303778499364853
0.1111101284623146, 0.036984920501708984
0.14507535099983215, 0.046932730823755264
0.15733057260513306, 0.08165042847394943
0.12237022072076797, 0.037733931094408035
0.16033320128917694, 0.06702929735183716
0.15198422968387604, 0.06770215928554535
0.12303373962640762, 0.054964516311883926
0.12468007951974869, 0.053291041404008865
0.12760727107524872, 0.05915015563368797
0.10818282514810562, 0.028604313731193542
0.1328856498003006, 0.05546996369957924
0.1267784833908081, 0.0665668323636055
0.15694762766361237, 0.073606938123703
0.13766126334667206, 0.06947799772024155
0.12213966995477676, 0.03419758006930351
0.12244800478219986, 0.052018534392118454
0.1175568476319313, 0.047497618943452835
0.12188279628753662, 0.04483049362897873
0.13114728033542633, 0.06097927317023277
0.1412360668182373, 0.049042992293834686
0.11902683228254318, 0.042182713747024536
0.12400204688310623, 0.04463551566004753
0.12808366119861603, 0.02570284903049469
0.12745103240013123, 0.06134183332324028
0.11829967051744461, 0.05017928406596184
0.1266627460718155, 0.05266308784484863
0.1200719028711319, 0.03907538950443268
0.1172681674361229, 0.05567895993590355
0.14812225103378296, 0.06398025900125504
0.12180747091770172, 0.0587850920855999
0.10068074613809586, 0.041004057973623276
0.11115217208862305, 0.03390742838382721
0.13008148968219757, 0.04721664637327194
0.13885672390460968, 0.02779487706720829
0.11478287726640701, 0.04673323035240173
0.12117159366607666, 0.05481851473450661
0.12129304558038712, 0.04404536634683609
0.1169726625084877, 0.03392476215958595
0.1410861313343048, 0.05829708278179169
0.14055801928043365, 0.06393373757600784
0.1629985272884369, 0.07419463247060776
0.11080971360206604, 0.035678863525390625
0.10567841678857803, 0.0422937273979187
0.13353925943374634, 0.05253336578607559
0.12673616409301758, 0.058558475226163864
0.12978895008563995, 0.05889643356204033
0.10448016971349716, 0.027847710996866226
0.12055408954620361, 0.033044613897800446
0.11119518429040909, 0.034151241183280945
0.13718228042125702, 0.03957080841064453
0.1284177005290985, 0.06160784140229225
0.1166393905878067, 0.05045134574174881
0.11592318117618561, 0.03751903399825096
0.11830925941467285, 0.04004274681210518
0.11314008384943008, 0.03269171342253685
0.14425678551197052, 0.052437953650951385
0.1337760090827942, 0.05412793904542923
0.12869690358638763, 0.053991228342056274
0.1630062609910965, 0.07209844887256622
0.10580321401357651, 0.028682561591267586
0.137448251247406, 0.04810623452067375
0.13133291900157928, 0.056710273027420044
0.13588958978652954, 0.05282113328576088
0.1304955631494522, 0.05679493024945259
0.10778532177209854, 0.0448390357196331
0.14057210087776184, 0.06687258183956146
0.11331958323717117, 0.05077959597110748
0.1359196901321411, 0.05120139941573143
0.12141793221235275, 0.0376007966697216
0.12469209730625153, 0.05278954282402992
0.1332857459783554, 0.057425227016210556
0.14755630493164062, 0.050073690712451935
0.12070310115814209, 0.054949499666690826
0.13471278548240662, 0.05730323866009712
0.12919294834136963, 0.049213957041502
0.13878233730793, 0.06176126375794411
0.14281530678272247, 0.07568183541297913
0.16247355937957764, 0.056853145360946655
0.12551270425319672, 0.058440666645765305
0.17734524607658386, 0.07026316970586777
0.14436882734298706, 0.05470845475792885
0.12858347594738007, 0.047660574316978455
0.14272327721118927, 0.0716584101319313
0.11641298234462738, 0.053853314369916916
0.10374431312084198, 0.026203550398349762
0.0926470085978508, 0.03488094359636307
0.10297754406929016, 0.0427250973880291
0.10140035301446915, 0.040663544088602066
0.09653723984956741, 0.04069555550813675
0.10085264593362808, 0.04902525991201401
0.15614166855812073, 0.0546555370092392
0.12930777668952942, 0.04767801985144615
0.1439799964427948, 0.06328034400939941
0.1544574797153473, 0.04976934939622879
0.1272888034582138, 0.04566292464733124
0.13308650255203247, 0.04527321457862854
0.11395401507616043, 0.03524456545710564
0.12349633127450943, 0.07077749818563461
0.11074785143136978, 0.03138607367873192
0.1270124465227127, 0.06623060256242752
0.12697787582874298, 0.046247996389865875
0.134043887257576, 0.0593428798019886
0.11121392250061035, 0.04286454990506172
0.14973382651805878, 0.05876873806118965
0.14106452465057373, 0.07503140717744827
0.11660920083522797, 0.03365553542971611
0.12239057570695877, 0.03993861749768257
0.17370708286762238, 0.07328204065561295
0.10874944925308228, 0.049972858279943466
0.1321127563714981, 0.068933866918087
0.16185492277145386, 0.07628444582223892
0.13011455535888672, 0.05932111665606499
0.12764163315296173, 0.04404808580875397
0.1346072107553482, 0.045353278517723083
0.12960942089557648, 0.06564028561115265
0.13905403017997742, 0.04711887612938881
0.15166552364826202, 0.06022440642118454
0.11075155436992645, 0.029714718461036682
0.12639912962913513, 0.05095868557691574
0.12772522866725922, 0.050323761999607086
0.13087141513824463, 0.03807303309440613
0.14748087525367737, 0.05569322034716606
0.12340424954891205, 0.03301019221544266
0.13479706645011902, 0.06022949889302254
0.13214464485645294, 0.05935537815093994
0.14302359521389008, 0.06608499586582184
0.12697701156139374, 0.03629431501030922
0.11010714620351791, 0.03106382116675377
0.10009562224149704, 0.034189045429229736
0.11482029408216476, 0.027651967480778694
0.1823996752500534, 0.06397437304258347
0.12117765843868256, 0.04707542806863785
0.1246207132935524, 0.06791982799768448
0.10037016123533249, 0.04729214310646057
0.12359341233968735, 0.05163819342851639
0.13651646673679352, 0.043421804904937744
0.13163788616657257, 0.04869435355067253
0.1181609109044075, 0.05371006578207016
0.1275368332862854, 0.054152924567461014
0.1402447521686554, 0.04269624501466751
0.11413709074258804, 0.04075029864907265
0.11398010700941086, 0.03471161797642708
0.1762533187866211, 0.07102698087692261
0.12086902558803558, 0.040430810302495956
0.13131558895111084, 0.048900339752435684
0.12838923931121826, 0.040962498635053635
0.13733524084091187, 0.04486159607768059
0.11163230985403061, 0.04014802724123001
0.10964912921190262, 0.040415797382593155
0.08015803247690201, 0.022458035498857498
0.09958977997303009, 0.03395005315542221
0.16973057389259338, 0.10397086292505264
0.16584327816963196, 0.07305483520030975
0.11914987117052078, 0.04889233410358429
0.13319607079029083, 0.0521271675825119
0.133219376206398, 0.04642211273312569
0.12110798805952072, 0.051264502108097076
0.14889265596866608, 0.06888847798109055
0.14088305830955505, 0.07457895576953888
0.11527194082736969, 0.0516042485833168
0.10976801067590714, 0.040578585118055344
0.0997808426618576, 0.038551487028598785
0.13928452134132385, 0.06115661561489105
0.11511402577161789, 0.03960445523262024
0.15186339616775513, 0.05482803285121918
0.09356803447008133, 0.03801483288407326
0.16007979214191437, 0.06301980465650558
0.12698344886302948, 0.05804532766342163
0.13028663396835327, 0.03774537518620491
0.10249806940555573, 0.04383326694369316
0.11295729130506516, 0.035800620913505554
0.11544929444789886, 0.04580550268292427
0.13705864548683167, 0.06254690885543823
0.1153896152973175, 0.03440636023879051
0.1108737587928772, 0.04318029060959816
0.12702549993991852, 0.0586540624499321
0.09681135416030884, 0.034499235451221466
0.12315765023231506, 0.04543805122375488
0.13248561322689056, 0.06396491825580597
0.11772143840789795, 0.055670447647571564
0.1270725131034851, 0.03625204414129257
0.11790496855974197, 0.04248986765742302
0.09680899232625961, 0.0342668741941452
0.09893935918807983, 0.03875594958662987
0.10136886686086655, 0.031165795400738716
0.12067718058824539, 0.040579404681921005
0.12706857919692993, 0.058367084711790085
0.12203399091959, 0.045001354068517685
0.1323615163564682, 0.05001145228743553
0.14452527463436127, 0.0629425197839737
0.10349879413843155, 0.037764277309179306
0.12040334194898605, 0.06550572067499161
0.15159043669700623, 0.06774414330720901
0.11294995248317719, 0.04354770481586456
0.12730176746845245, 0.05616465583443642
0.10358231514692307, 0.03159826993942261
0.12981216609477997, 0.0501091443002224
0.14395909011363983, 0.06387646496295929
0.12547166645526886, 0.04075925424695015
0.11165688186883926, 0.04605921357870102
0.12748488783836365, 0.043650928884744644
0.1363794356584549, 0.057907797396183014
0.12971220910549164, 0.038764987140893936
0.12274244427680969, 0.043940406292676926
0.12450827658176422, 0.04604319483041763
0.12594616413116455, 0.0649212971329689
0.13268500566482544, 0.050599467009305954
0.11486910283565521, 0.03587883710861206
0.10639431327581406, 0.022066611796617508
0.10139331966638565, 0.03415151685476303
0.12200155854225159, 0.05426623672246933
0.12102067470550537, 0.040386490523815155
0.14713676273822784, 0.041623324155807495
0.11892350763082504, 0.0524732768535614
0.10870528966188431, 0.04795500636100769
0.13832688331604004, 0.05202772840857506
0.13243122398853302, 0.05246676132082939
0.13984933495521545, 0.036012351512908936
0.11018293350934982, 0.03953468054533005
0.11355701833963394, 0.042533621191978455
0.1228509321808815, 0.052100129425525665
0.10851838439702988, 0.031168779358267784
0.09699252992868423, 0.046323347836732864
0.14993742108345032, 0.05293859913945198
0.10731026530265808, 0.03082350827753544
0.12647481262683868, 0.04746193811297417
0.13874104619026184, 0.04783979430794716
0.13306684792041779, 0.04950295388698578
0.15882162749767303, 0.05827317014336586
0.16095584630966187, 0.06527133285999298
0.13599427044391632, 0.041870951652526855
0.137861967086792, 0.06515852361917496
0.1507454663515091, 0.0607871413230896
0.13631801307201385, 0.06374821811914444
0.13712270557880402, 0.05652525648474693
0.11402574926614761, 0.0422787107527256
0.1128758043050766, 0.04176604375243187
0.11400444060564041, 0.037485264241695404
0.12264382839202881, 0.04274831339716911
0.12095349282026291, 0.029368717223405838
0.1334189772605896, 0.037087567150592804
0.11826194822788239, 0.06356016546487808
0.12622979283332825, 0.05363141745328903
0.1060575619339943, 0.03631756454706192
0.12895405292510986, 0.04211081191897392
0.12037726491689682, 0.04257610812783241
0.14124274253845215, 0.04458435997366905
0.1191679909825325, 0.059600330889225006
0.11278825253248215, 0.05772608518600464
0.1274493932723999, 0.048811160027980804
0.10123968869447708, 0.034541789442300797
0.10934076458215714, 0.03248222544789314
0.09799349308013916, 0.030831655487418175
0.1032852903008461, 0.034420665353536606
0.10650388151407242, 0.03808017820119858
0.11563587188720703, 0.03189931437373161
0.11619865894317627, 0.03856642171740532
0.10726861655712128, 0.0244704969227314
0.1377844512462616, 0.05592156574130058
0.14293383061885834, 0.05035298317670822
0.13504520058631897, 0.05140949413180351
0.12707120180130005, 0.05100170150399208
0.1517951637506485, 0.07568102329969406
0.1254279762506485, 0.057634104043245316
0.11362145096063614, 0.05377954989671707
0.13439127802848816, 0.039194755256175995
0.12943203747272491, 0.041917815804481506
0.12531906366348267, 0.048582687973976135
0.10995528846979141, 0.039942920207977295
0.12389138340950012, 0.05665164068341255
0.1053222194314003, 0.03419136628508568
0.13418467342853546, 0.04321473091840744
0.13799265027046204, 0.07404160499572754
0.15844684839248657, 0.06525515019893646
0.1380772590637207, 0.06805609911680222
0.11599491536617279, 0.0288845282047987
0.11467509716749191, 0.048152707517147064
0.09618113189935684, 0.03189593553543091
0.12526459991931915, 0.06024295836687088
0.11942113935947418, 0.04455133527517319
0.11467291414737701, 0.041344527155160904
0.12977221608161926, 0.03432423621416092
0.12606854736804962, 0.06392773240804672
0.12656427919864655, 0.05595497786998749
0.10338333994150162, 0.031716931611299515
0.1374993920326233, 0.06085338070988655
0.10832219570875168, 0.04915621131658554
0.12443210184574127, 0.0554271899163723
0.12140040844678879, 0.03686928749084473
0.13059505820274353, 0.059291377663612366
0.11464367806911469, 0.04820763319730759
0.13250842690467834, 0.04071313142776489
0.13479219377040863, 0.05070383474230766
0.12883850932121277, 0.057612065225839615
0.12769024074077606, 0.03924788162112236
0.09676303714513779, 0.027890989556908607
0.10100269317626953, 0.043635498732328415
0.09852264821529388, 0.03782949596643448
0.09804181009531021, 0.031024714931845665
0.10335550457239151, 0.033876605331897736
0.12568634748458862, 0.04121018573641777
0.10356592386960983, 0.04326106235384941
0.1355326771736145, 0.05370308458805084
0.11925607174634933, 0.04627342149615288
0.1316440850496292, 0.05107932165265083
0.14419250190258026, 0.06191907078027725
0.14524085819721222, 0.07433571666479111
0.12506170570850372, 0.0317353717982769
0.1297471672296524, 0.04774267226457596
0.09737583994865417, 0.03756800293922424
0.12162695825099945, 0.04538745805621147
0.1255001723766327, 0.05167866125702858
0.1401306390762329, 0.07028841972351074
0.1110023632645607, 0.04400758817791939
0.10970185697078705, 0.02948361448943615
0.11932257562875748, 0.03535556420683861
0.12015717476606369, 0.03187722712755203
0.12306466698646545, 0.0654248595237732
0.11813480406999588, 0.03842519223690033
0.13792037963867188, 0.04867018759250641
0.15579535067081451, 0.08044333755970001
0.12844426929950714, 0.050104767084121704
0.09879404306411743, 0.04114804416894913
0.1250491738319397, 0.0466892346739769
0.12352580577135086, 0.04157521203160286
0.11570366472005844, 0.045436371117830276
0.11659477651119232, 0.05570833012461662
0.1086503192782402, 0.043775733560323715
0.1054547056555748, 0.031191686168313026
0.12941229343414307, 0.06993085891008377
0.14285339415073395, 0.04923282563686371
0.0936615839600563, 0.032953083515167236
0.13230690360069275, 0.05128642916679382
0.15974751114845276, 0.0708002895116806
0.1576717048883438, 0.06756751984357834
0.11246652156114578, 0.046063750982284546
0.09736510366201401, 0.03945028781890869
0.12940840423107147, 0.05205190181732178
0.1421036273241043, 0.051824308931827545
0.1365826576948166, 0.05465672165155411
0.1342194527387619, 0.05088658630847931
0.14119933545589447, 0.04501091316342354
0.1442428082227707, 0.06706374883651733
0.14061090350151062, 0.03525128588080406
0.1038505807518959, 0.029605615884065628
0.10977286845445633, 0.04065430536866188
0.10554923862218857, 0.028432369232177734
0.10670379549264908, 0.03928099572658539
0.09535341709852219, 0.02972584031522274
0.10829412192106247, 0.033892419189214706
0.12362722307443619, 0.06774448603391647
0.11518321931362152, 0.04133288189768791
0.11353042721748352, 0.039955984801054
0.11856485903263092, 0.030791888013482094
0.1113617941737175, 0.03233707696199417
0.12263190746307373, 0.04188717529177666
0.11737533658742905, 0.0653553158044815
0.12176193296909332, 0.03913500905036926
0.13853420317173004, 0.044504862278699875
0.17592185735702515, 0.06738295406103134
0.10887115448713303, 0.04090877249836922
0.10901782661676407, 0.03735771030187607
0.11529126763343811, 0.04316087067127228
0.1096295416355133, 0.048023149371147156
0.13089998066425323, 0.043162841349840164
0.11353879421949387, 0.053674064576625824
0.1199120581150055, 0.05013652518391609
0.16316013038158417, 0.05146418511867523
0.1298784762620926, 0.06721879541873932
0.10696297138929367, 0.019381828606128693
0.1425645798444748, 0.06789050996303558
0.10942170768976212, 0.04495638236403465
0.12374869734048843, 0.04771334305405617
0.11242862790822983, 0.04947507381439209
0.1049029678106308, 0.03913048282265663
0.12754349410533905, 0.04124930873513222
0.13058312237262726, 0.04115179926156998
0.14151860773563385, 0.056465230882167816
0.13274087011814117, 0.05361739546060562
0.11516312509775162, 0.04322807118296623
0.11961253732442856, 0.039542265236377716
0.12554989755153656, 0.03816157206892967
0.11596181988716125, 0.04146747291088104
0.11017388850450516, 0.033579021692276
0.1252058744430542, 0.04270274564623833
0.12596949934959412, 0.061185870319604874
0.09813985973596573, 0.022714883089065552
0.11183097958564758, 0.03744760528206825
0.15199686586856842, 0.05185188353061676
0.11946456879377365, 0.04101988300681114
0.12668569386005402, 0.04329077526926994
0.14721229672431946, 0.05838232859969139
0.1244993507862091, 0.06035269424319267
0.13039571046829224, 0.04525841027498245
0.09641777724027634, 0.03311360254883766
0.10350888222455978, 0.029963290318846703
0.13997729122638702, 0.0610918253660202
0.12460563331842422, 0.03580036014318466
0.13256962597370148, 0.041029684245586395
0.12049233913421631, 0.04122830182313919
0.11040204018354416, 0.03431454673409462
0.12005427479743958, 0.0461704321205616
0.1114114373922348, 0.04219179227948189
0.10790259391069412, 0.0449511893093586
0.12598422169685364, 0.05298391729593277
0.12052575498819351, 0.04702125862240791
0.14897510409355164, 0.054356012493371964
0.11518640071153641, 0.030104121193289757
0.10748820751905441, 0.038094453513622284
0.09722062200307846, 0.03644450381398201
0.1122659221291542, 0.02684980072081089
0.10860864073038101, 0.02967957779765129
0.13042227923870087, 0.052023157477378845
0.10062199085950851, 0.02624291367828846
0.10537073761224747, 0.03453050181269646
0.13106253743171692, 0.06299158185720444
0.12621568143367767, 0.061321087181568146
0.14479482173919678, 0.050301987677812576
0.11195924878120422, 0.03838646411895752
0.10083949565887451, 0.032269127666950226
0.11221280694007874, 0.040822260081768036
0.10310235619544983, 0.04462796077132225
0.10579173266887665, 0.04551710933446884
0.1323133409023285, 0.07494786381721497
0.12110519409179688, 0.033941514790058136
0.10564567148685455, 0.05018730089068413
0.12731191515922546, 0.055635079741477966
0.12487956136465073, 0.053535349667072296
0.1259794980287552, 0.03774853050708771
0.13551180064678192, 0.04181838035583496
0.11594308912754059, 0.030012648552656174
0.1088905930519104, 0.05498369038105011
0.12976039946079254, 0.04115825518965721
0.13065595924854279, 0.055959444493055344
0.13245068490505219, 0.0432966947555542
0.13432905077934265, 0.0517524853348732
0.12490955740213394, 0.05423519015312195
0.13033515214920044, 0.039318591356277466
0.13552536070346832, 0.04331076145172119
0.12124892324209213, 0.047730572521686554
0.1413368582725525, 0.07503572851419449
0.1176268681883812, 0.038339123129844666
0.09206404536962509, 0.03648318350315094
0.11980412155389786, 0.04646825045347214
0.11203636229038239, 0.044772032648324966
0.10644002258777618, 0.032424308359622955
0.11689255386590958, 0.046207230538129807
0.11067279428243637, 0.025468289852142334
0.1070699691772461, 0.031320128589868546
0.14033983647823334, 0.0677010789513588
0.10177487134933472, 0.04885763302445412
0.10169657319784164, 0.03406510129570961
0.1416553556919098, 0.0730116069316864
0.11730445921421051, 0.04924648255109787
0.1185494139790535, 0.04284030571579933
0.11982957273721695, 0.05168253555893898
0.12974300980567932, 0.05010005459189415
