mean, std
0.3847390413284302, 0.02498920075595379
0.34328001737594604, 0.020158275961875916
0.3146166205406189, 0.02130279690027237
0.2847524881362915, 0.013632739894092083
0.25634732842445374, 0.014622367918491364
0.2262481302022934, 0.016286952421069145
0.19632583856582642, 0.013041063211858273
0.17169491946697235, 0.012935289181768894
0.15354563295841217, 0.010178884491324425
0.14370852708816528, 0.012582187540829182
0.13773392140865326, 0.014153831638395786
0.13251417875289917, 0.010269254446029663
0.12846755981445312, 0.011034459806978703
0.12540660798549652, 0.007920709438621998
0.12275595217943192, 0.013728346675634384
0.12048840522766113, 0.008707140572369099
0.11912108957767487, 0.010614130645990372
0.11608423292636871, 0.010424808599054813
0.11580879241228104, 0.011019092053174973
0.11368606239557266, 0.010292994789779186
0.11135406047105789, 0.011272243224084377
0.11013834178447723, 0.008652458898723125
0.10900352895259857, 0.008549773134291172
0.10742894560098648, 0.01096463855355978
0.10690700262784958, 0.010734397917985916
0.10645543038845062, 0.010965310037136078
0.10533174127340317, 0.011556590907275677
0.10434220731258392, 0.008974270895123482
0.10354659706354141, 0.009974478743970394
0.10107852518558502, 0.01184794120490551
0.10108501464128494, 0.01042375061661005
0.10093065351247787, 0.008960251696407795
0.0990070328116417, 0.009678949601948261
0.09852417558431625, 0.012385746464133263
0.09745790809392929, 0.010907977819442749
0.09656772017478943, 0.01280832290649414
0.09574782848358154, 0.01118708960711956
0.09492591768503189, 0.010638191364705563
0.09482153505086899, 0.01287904568016529
0.09342829138040543, 0.01170794665813446
0.0932965874671936, 0.009259222075343132
0.09318700432777405, 0.0056370883248746395
0.09304822981357574, 0.01228045579046011
0.09151827543973923, 0.009261392056941986
0.09130237251520157, 0.007209150120615959
0.08991730958223343, 0.012951278127729893
0.09003648906946182, 0.011654830537736416
0.08984601497650146, 0.010412805713713169
0.08869682252407074, 0.011280795559287071
0.08841078728437424, 0.009959389455616474
0.08828369528055191, 0.01069061178714037
0.08718271553516388, 0.012195649556815624
0.08601652085781097, 0.010462512262165546
0.08675258606672287, 0.01075724046677351
0.08625874668359756, 0.010363944806158543
0.08635523170232773, 0.009998884052038193
0.08459010720252991, 0.009639007039368153
0.0851728692650795, 0.01089551392942667
0.0846821591258049, 0.010988160036504269
0.08462360501289368, 0.010488130152225494
0.08410027623176575, 0.00958284456282854
0.08433548361063004, 0.005963117815554142
0.08365482836961746, 0.01109233871102333
0.08320581167936325, 0.006724379491060972
0.08284787088632584, 0.00808881875127554
0.08178678900003433, 0.009663942269980907
0.0822983831167221, 0.009535183198750019
0.08096987754106522, 0.011147022247314453
0.08072290569543839, 0.009127236902713776
0.08047334104776382, 0.008669891394674778
0.08090376853942871, 0.008697262033820152
0.08080274611711502, 0.008000770583748817
0.08094542473554611, 0.009895188733935356
0.08015675842761993, 0.007312528323382139
0.08054967224597931, 0.00877787359058857
0.07992438226938248, 0.008218715898692608
0.07970599085092545, 0.009432225488126278
0.07959122210741043, 0.0068351756781339645
0.07901223003864288, 0.010285116732120514
0.07904151827096939, 0.008917823433876038
0.07864981889724731, 0.009037147276103497
0.07848409563302994, 0.01111609023064375
0.07754277437925339, 0.009551518596708775
0.07773450762033463, 0.011030713096261024
0.07816802710294724, 0.008759529329836369
0.07736591249704361, 0.010056281462311745
0.07761862128973007, 0.009121924638748169
0.07709664851427078, 0.008723149076104164
0.0778994932770729, 0.009287681430578232
0.07731799781322479, 0.009982871823012829
0.07655983418226242, 0.007757144048810005
0.07637422531843185, 0.01033836416900158
0.07650058716535568, 0.00876348465681076
0.07533613592386246, 0.009759866632521152
0.07568663358688354, 0.011878042481839657
0.07661478966474533, 0.005414183717221022
0.07497865706682205, 0.009038778953254223
0.0756438821554184, 0.008863326162099838
0.07537124305963516, 0.007748201489448547
0.0752001702785492, 0.008844049647450447
0.07464300841093063, 0.006749927066266537
0.07420430332422256, 0.010045974515378475
0.0751926377415657, 0.01007937453687191
0.07412350922822952, 0.007751254830509424
0.07404030859470367, 0.006061729043722153
0.07359571009874344, 0.010656265541911125
0.07351963222026825, 0.00945067685097456
0.07300856709480286, 0.007938395254313946
0.07129775732755661, 0.00827077031135559
0.07288386672735214, 0.009177090600132942
0.07236317545175552, 0.007954450324177742
0.07189129292964935, 0.00998847559094429
0.0720861628651619, 0.008267088793218136
0.07168229669332504, 0.007362816948443651
0.07195214182138443, 0.007781662046909332
0.0712621733546257, 0.011334902606904507
0.0712466686964035, 0.00896547082811594
0.07091668993234634, 0.01251949742436409
0.07168695330619812, 0.008440189063549042
0.07050509750843048, 0.011048397049307823
0.07009907811880112, 0.01109908614307642
0.07041336596012115, 0.008611071854829788
0.07024546712636948, 0.010246582329273224
0.0699147880077362, 0.010140778496861458
0.06961532682180405, 0.005340423434972763
0.06896506249904633, 0.008613425306975842
0.06881041824817657, 0.006029595620930195
0.06832435727119446, 0.00747518427670002
0.06815558671951294, 0.008190474472939968
0.06784115731716156, 0.009525230154395103
0.06850140541791916, 0.008212769404053688
0.06817696243524551, 0.008178520947694778
0.06828345358371735, 0.008377890102565289
0.0675458014011383, 0.007250695955008268
0.06752932071685791, 0.00804323423653841
0.06663364171981812, 0.007925249636173248
0.0669136568903923, 0.009374774992465973
0.06690102070569992, 0.007532958406955004
0.06613989174365997, 0.008208142593502998
0.06714370101690292, 0.005120042245835066
0.0660615935921669, 0.008174744434654713
0.06624535471200943, 0.00845558475703001
0.06584548205137253, 0.008644111454486847
0.06609927862882614, 0.006375802680850029
0.0659719780087471, 0.007119720336049795
0.0655609518289566, 0.006474226247519255
0.06449662148952484, 0.007881436496973038
0.06512024253606796, 0.007127305958420038
0.06478140503168106, 0.008053191937506199
0.06446627527475357, 0.008989302441477776
0.06394203752279282, 0.008808856830000877
0.06385805457830429, 0.0072430395521223545
0.06422115862369537, 0.006354568060487509
0.06465107202529907, 0.005957464687526226
0.0640534982085228, 0.007040383759886026
0.06466954946517944, 0.007176143582910299
0.06375545263290405, 0.006955294404178858
0.06400521099567413, 0.0068070776760578156
0.0627063736319542, 0.009442673064768314
0.063689686357975, 0.005546505097299814
0.06282001733779907, 0.007603188510984182
0.06278236955404282, 0.007032675668597221
0.06375943869352341, 0.007089732214808464
0.062470052391290665, 0.006882225163280964
0.06293466687202454, 0.007746025919914246
0.062192320823669434, 0.008056411519646645
0.06228484585881233, 0.006811202969402075
0.06165999174118042, 0.008401635102927685
0.061860814690589905, 0.008220137096941471
0.06245668604969978, 0.006053105928003788
0.06271939724683762, 0.008251954801380634
0.06200016289949417, 0.007821072824299335
0.0621974803507328, 0.005806345492601395
0.06200191751122475, 0.005180091597139835
0.06193235144019127, 0.007471293676644564
0.06176648661494255, 0.006821182556450367
0.06133977696299553, 0.008430643007159233
0.060491401702165604, 0.007195453625172377
0.06160581856966019, 0.007432456128299236
0.060944344848394394, 0.006521217059344053
0.06122589856386185, 0.008441316895186901
0.06052258238196373, 0.007675776258111
0.06140049919486046, 0.007583083119243383
0.060254257172346115, 0.007234804332256317
0.061742477118968964, 0.0049089244566857815
0.06077513471245766, 0.005952662322670221
0.06031959131360054, 0.006037265062332153
0.0610632486641407, 0.007128478027880192
0.0609770305454731, 0.007502079475671053
0.06128227710723877, 0.006671085022389889
0.060901325196027756, 0.006795740686357021
0.06100856140255928, 0.00779383722692728
0.0607660673558712, 0.006060108542442322
0.05986005812883377, 0.0063663627952337265
0.06090792641043663, 0.0076677231118083
0.06059945374727249, 0.007022846024483442
0.060495905578136444, 0.006137981079518795
0.05998104065656662, 0.007545855361968279
0.06121692433953285, 0.005269258748739958
0.06017979606986046, 0.006667593494057655
0.06007499247789383, 0.006818774156272411
0.059800565242767334, 0.00667873490601778
0.05994430556893349, 0.006869844626635313
0.059612467885017395, 0.007767422124743462
0.060422878712415695, 0.005148745607584715
0.060381948947906494, 0.005862320773303509
0.05981281027197838, 0.008254226297140121
0.06019819527864456, 0.007634956389665604
0.06047290563583374, 0.0071988594718277454
0.05977043882012367, 0.006702701095491648
0.0599706768989563, 0.006937145721167326
0.06032886728644371, 0.004732729401439428
0.058971524238586426, 0.009768080897629261
0.05956469848752022, 0.006615691352635622
0.05928072705864906, 0.007614141330122948
0.05918994918465614, 0.004811589606106281
0.06019599735736847, 0.00577485840767622
0.05932890251278877, 0.0065339538268744946
0.0591355562210083, 0.005943619180470705
0.059449244290590286, 0.0060529084876179695
0.05856652557849884, 0.008457787334918976
0.058893732726573944, 0.00784702505916357
0.059123072773218155, 0.004923727363348007
0.059128232300281525, 0.006621412467211485
0.05857767537236214, 0.005933299195021391
0.0592530183494091, 0.0058118002489209175
0.059592120349407196, 0.005566154606640339
0.05871718376874924, 0.006933086551725864
0.0588420033454895, 0.007575594820082188
0.05823824182152748, 0.006941553205251694
0.05863453447818756, 0.005699633155018091
0.058141231536865234, 0.008300580084323883
0.058988697826862335, 0.007565849460661411
0.057862211018800735, 0.006162511650472879
0.058828022330999374, 0.005887540522962809
0.05872705951333046, 0.0053568254224956036
0.058252718299627304, 0.005269497167319059
0.058407459408044815, 0.00572108244523406
0.05831701308488846, 0.0071016112342476845
0.05859524756669998, 0.00469212094321847
0.058354247361421585, 0.006109364330768585
0.05746671184897423, 0.00479288212954998
0.05782794952392578, 0.005740856286138296
0.05806269124150276, 0.0062959641218185425
0.05898461118340492, 0.0051774862222373486
0.05868920311331749, 0.005400605499744415
0.0581345371901989, 0.0050538755021989346
0.05809083953499794, 0.007443900685757399
0.05795891582965851, 0.005422776099294424
0.058151643723249435, 0.005559200886636972
0.057812392711639404, 0.008699988946318626
0.05813674256205559, 0.0061912438832223415
0.05796860530972481, 0.005866247694939375
0.05819517374038696, 0.006716534029692411
0.057982999831438065, 0.00841586571186781
0.057934727519750595, 0.006753838155418634
0.057782310992479324, 0.004819396883249283
0.05723097547888756, 0.006828638259321451
0.05713136866688728, 0.006125856656581163
0.05659864470362663, 0.006577912252396345
0.05720759183168411, 0.005229468457400799
0.05789485201239586, 0.005481842905282974
0.05739346519112587, 0.0075081512331962585
0.05708944797515869, 0.006140026263892651
0.05752831697463989, 0.007156286388635635
0.057926587760448456, 0.00723906047642231
0.057198360562324524, 0.005342298187315464
0.05727538838982582, 0.005992491263896227
0.057473260909318924, 0.0061150421388447285
0.05749327689409256, 0.007269169203937054
0.05712021887302399, 0.007827432826161385
0.057159025222063065, 0.006041288375854492
0.05677318572998047, 0.006937109399586916
0.057232566177845, 0.006422114092856646
0.057126834988594055, 0.006836727727204561
0.05681006982922554, 0.005930918734520674
0.057317640632390976, 0.0058230021968483925
0.056709110736846924, 0.006325668189674616
0.05628860741853714, 0.007024403195828199
0.056700799614191055, 0.006691347807645798
0.05716286227107048, 0.006783578544855118
0.056871071457862854, 0.007433272898197174
0.05729372054338455, 0.004440620541572571
0.05682555213570595, 0.00664328271523118
0.05687567964196205, 0.0056335460394620895
0.05685072019696236, 0.007178440690040588
0.05642857775092125, 0.004500886891037226
0.05676640570163727, 0.005881589371711016
0.05643146485090256, 0.004565794952213764
0.056581590324640274, 0.007370791397988796
0.056721046566963196, 0.006013409700244665
0.05654274672269821, 0.00600610813125968
0.05667242780327797, 0.005785307381302118
0.056299857795238495, 0.0068655554205179214
0.05690823867917061, 0.00530451163649559
0.05625839903950691, 0.0072553278878331184
0.05689563229680061, 0.004870372358709574
0.05580156296491623, 0.005977126304060221
0.056068964302539825, 0.00723864184692502
0.055732179433107376, 0.008532409556210041
0.05647920444607735, 0.004730778746306896
0.05658157169818878, 0.005872903857380152
0.055610015988349915, 0.005558478180319071
0.05657902732491493, 0.007313285022974014
0.05566813424229622, 0.0062934295274317265
0.05647758021950722, 0.005802507977932692
0.05639250576496124, 0.007195175159722567
0.05632676184177399, 0.005349144339561462
0.05634462088346481, 0.006616323720663786
0.05647363141179085, 0.006552787963300943
0.05601385608315468, 0.00421525165438652
0.05603472515940666, 0.005242728162556887
0.05538332462310791, 0.009378978051245213
0.05602427199482918, 0.005405614618211985
0.05545002594590187, 0.007388252764940262
0.05630013719201088, 0.0037983779329806566
0.05576350912451744, 0.0069892797619104385
0.05530892685055733, 0.006574543658643961
0.05595080181956291, 0.005677583161741495
0.055859241634607315, 0.006085026077926159
0.0556623749434948, 0.006251293700188398
0.055469054728746414, 0.007934377528727055
0.05566716194152832, 0.008893419988453388
0.055581558495759964, 0.006828541401773691
0.05604930222034454, 0.006209001876413822
0.05586595833301544, 0.005588573403656483
0.055597126483917236, 0.007398339454084635
0.05520296096801758, 0.0054972427897155285
0.055640749633312225, 0.005805987399071455
0.05542810261249542, 0.004732491914182901
0.055484261363744736, 0.007379675284028053
0.05556430295109749, 0.004881319589912891
0.05585353821516037, 0.005484683904796839
0.0552205890417099, 0.005041640717536211
0.055019576102495193, 0.006021162029355764
0.05573268607258797, 0.005993044935166836
0.05489222705364227, 0.007007895968854427
0.05551353842020035, 0.006203063763678074
0.05538312718272209, 0.00721286004409194
0.05544208735227585, 0.006016297731548548
0.055028267204761505, 0.005899415351450443
0.05561912804841995, 0.005663898773491383
0.05529684200882912, 0.003989265765994787
0.05451687052845955, 0.005489648319780827
0.05497528985142708, 0.0066302018240094185
0.0553034283220768, 0.005938203074038029
0.05492907017469406, 0.007271321024745703
0.0553492046892643, 0.005241711158305407
0.05488939955830574, 0.006116232834756374
0.05470192804932594, 0.006815680302679539
0.05511600524187088, 0.005303751211613417
0.05469149351119995, 0.005147018004208803
0.05526885762810707, 0.00658658379688859
0.05476286634802818, 0.0066965194419026375
0.055121321231126785, 0.005888782441616058
0.054730258882045746, 0.0059243254363536835
0.054582081735134125, 0.0070772855542600155
0.05548335611820221, 0.006819830276072025
0.05511258915066719, 0.006643957924097776
0.05479426681995392, 0.005283334758132696
0.05457380414009094, 0.004716689232736826
0.05402098968625069, 0.007953315041959286
0.054447758942842484, 0.007864334620535374
0.05473719909787178, 0.0056312852539122105
0.05513188987970352, 0.005050524137914181
0.05439866706728935, 0.005774316377937794
0.05490398779511452, 0.0063636754639446735
0.05417180061340332, 0.004917693790048361
0.05466002598404884, 0.004297115374356508
0.05421695113182068, 0.005710344295948744
0.05474666506052017, 0.007598902098834515
0.05464465916156769, 0.0057575758546590805
0.05478385090827942, 0.006322928704321384
0.054722558706998825, 0.005798716098070145
0.054740507155656815, 0.004806374665349722
0.05473439767956734, 0.006151322741061449
0.05413041636347771, 0.005043904762715101
0.054242826998233795, 0.00629053357988596
0.05435587838292122, 0.006982705090194941
0.05446838587522507, 0.007178275380283594
0.054432231932878494, 0.005922585725784302
0.05434102565050125, 0.007460829336196184
0.054908450692892075, 0.0052630845457315445
0.054007742553949356, 0.0073769185692071915
0.05415340140461922, 0.006437153089791536
0.055136341601610184, 0.005829927045851946
0.05416053533554077, 0.003646721364930272
0.05464708432555199, 0.003699253313243389
0.05438011884689331, 0.006162427831441164
0.05442865937948227, 0.004701091907918453
0.05412925034761429, 0.006223146803677082
0.054508328437805176, 0.0072108544409275055
0.05398925021290779, 0.007402204908430576
0.05390714481472969, 0.007130963262170553
0.05423769727349281, 0.0057186041958630085
0.053958721458911896, 0.0051122563891112804
0.053397927433252335, 0.006805805955082178
0.05420245975255966, 0.007320689037442207
0.054128970950841904, 0.005673199892044067
0.05399787053465843, 0.004945289343595505
0.05422784760594368, 0.007198377978056669
0.05390087142586708, 0.005515002179890871
0.05444752797484398, 0.00519807543605566
0.053726453334093094, 0.007157906424254179
0.05397450923919678, 0.005720913875848055
0.05300036445260048, 0.00946486834436655
0.053967706859111786, 0.005715224891901016
0.05356417968869209, 0.005600364878773689
0.05370313674211502, 0.006966147106140852
0.05370733141899109, 0.0076388148590922356
0.05221981182694435, 0.005174004472792149
0.054224830120801926, 0.004426016937941313
0.053896643221378326, 0.005978780332952738
0.05369867384433746, 0.007314858492463827
0.05361839011311531, 0.005295340437442064
0.0536920428276062, 0.006840419489890337
0.05390973761677742, 0.007943267934024334
0.053584832698106766, 0.00533632468432188
0.05335131287574768, 0.005994462873786688
0.05332723259925842, 0.006810190621763468
0.053215641528367996, 0.00715664541348815
0.05339178442955017, 0.006156904622912407
0.053418975323438644, 0.008071668446063995
0.05316241830587387, 0.0050834547728300095
0.05364705249667168, 0.004339860286563635
0.052952840924263, 0.005318616982549429
0.05287828668951988, 0.007706095930188894
0.05262678116559982, 0.004233889281749725
0.05317048728466034, 0.007160276640206575
0.053376294672489166, 0.006055634468793869
0.05319831892848015, 0.005032866727560759
0.05330952629446983, 0.005652628373354673
0.05340098589658737, 0.005846811458468437
0.053600359708070755, 0.005895196460187435
0.05329935625195503, 0.004298804793506861
0.05300850048661232, 0.005501879844814539
0.053387243300676346, 0.004496969282627106
0.053633760660886765, 0.005165412090718746
0.05326801538467407, 0.004855106584727764
0.052832309156656265, 0.005737713538110256
0.052636582404375076, 0.0065390621311962605
0.05309807509183884, 0.0054536741226911545
0.05315239354968071, 0.005677227396517992
0.05290331691503525, 0.005423104856163263
0.05268815904855728, 0.005192824639379978
0.05324624478816986, 0.006425678730010986
0.053647320717573166, 0.0059000710025429726
0.05339672788977623, 0.004537191241979599
0.052978385239839554, 0.005165950395166874
0.052506882697343826, 0.005721100606024265
0.053286727517843246, 0.0038883343804627657
0.05315472558140755, 0.006468403618782759
0.05259491503238678, 0.006572843994945288
0.052950337529182434, 0.0063395993784070015
0.05300081893801689, 0.005357921123504639
0.05242294818162918, 0.005231709219515324
0.052765946835279465, 0.004895108751952648
0.05315133556723595, 0.00547194667160511
0.05239151790738106, 0.006394637282937765
0.052579183131456375, 0.005910247564315796
0.05230352282524109, 0.004624676425009966
0.05238354951143265, 0.00549548352137208
0.05314235761761665, 0.005175365135073662
0.05268634855747223, 0.00587076973170042
0.05221833288669586, 0.004890924785286188
0.05286334455013275, 0.005811649840325117
0.05262180417776108, 0.003953270148485899
0.052709512412548065, 0.005246434360742569
0.05206766724586487, 0.006987123750150204
0.052898116409778595, 0.00546938506886363
0.052610088139772415, 0.004647872876375914
0.052566949278116226, 0.0051077911630272865
0.052265509963035583, 0.0034242006950080395
0.05172675848007202, 0.007231864612549543
0.052004341036081314, 0.006547729019075632
0.052142418920993805, 0.006043497007340193
0.052472226321697235, 0.008125810883939266
0.051972050219774246, 0.005993471946567297
0.05257812514901161, 0.005749289877712727
0.05236227810382843, 0.005373746156692505
0.052093256264925, 0.007228452246636152
0.052277665585279465, 0.006064045242965221
0.05253145471215248, 0.005480201914906502
0.05224308744072914, 0.005812063347548246
0.05220799520611763, 0.005344564560800791
0.05207720026373863, 0.00671822763979435
0.05231005325913429, 0.007290309760719538
0.05157850310206413, 0.00864489283412695
0.05246707797050476, 0.0047527882270514965
0.05145862326025963, 0.0048054964281618595
0.051997143775224686, 0.0072222985327243805
0.0518367737531662, 0.006108005531132221
0.05205449461936951, 0.006098146550357342
0.05234717205166817, 0.006186992395669222
0.052425578236579895, 0.00393872894346714
0.052362535148859024, 0.007340527605265379
0.0521041639149189, 0.005496043711900711
0.052614979445934296, 0.005586421117186546
0.052364904433488846, 0.004699293058365583
0.05264202877879143, 0.004310600459575653
0.052243221551179886, 0.004883537534624338
0.05203564837574959, 0.0059396675787866116
0.05208713933825493, 0.006300203036516905
0.05221962928771973, 0.006149723194539547
0.05210573226213455, 0.004694478120654821
0.051729779690504074, 0.0061148894019424915
0.051959328353405, 0.004917297512292862
0.052120938897132874, 0.004881713539361954
0.051851656287908554, 0.004560911096632481
0.05195004492998123, 0.005260101519525051
0.051539599895477295, 0.006343753542751074
0.05102451890707016, 0.006126532331109047
0.051969271153211594, 0.005798866972327232
0.052164871245622635, 0.005864018574357033
0.05201484262943268, 0.006570922210812569
0.051036663353443146, 0.006479601375758648
0.05138242617249489, 0.007571255788207054
0.051991790533065796, 0.006400055717676878
0.05136281996965408, 0.005351574160158634
0.051476527005434036, 0.007372414227575064
0.051823921501636505, 0.006286076735705137
0.051987793296575546, 0.006594392005354166
0.05172144994139671, 0.005611950531601906
0.051684293895959854, 0.006367895752191544
0.05191371217370033, 0.006959027145057917
0.05191716179251671, 0.006662201602011919
0.05177876353263855, 0.0057204170152544975
0.0515725202858448, 0.0047714561223983765
0.05144115537405014, 0.005956131033599377
0.051769912242889404, 0.005787406582385302
0.052121344953775406, 0.005402015522122383
0.05132671073079109, 0.005323759745806456
0.05167465656995773, 0.004777390509843826
0.052157171070575714, 0.005408741068094969
0.05196595937013626, 0.005101344548165798
0.05148434266448021, 0.006593185942620039
0.051978059113025665, 0.004855428356677294
0.052089400589466095, 0.005831785034388304
0.05152836814522743, 0.007282112259417772
0.05158655717968941, 0.005494561977684498
0.0516015887260437, 0.005818700883537531
0.05168357118964195, 0.005486151669174433
0.051660213619470596, 0.005576316732913256
0.05112005025148392, 0.00706034991890192
0.05205575376749039, 0.006583415903151035
0.05171385407447815, 0.003719878848642111
0.0516938716173172, 0.005834608804434538
0.051960814744234085, 0.005045718979090452
0.05146562680602074, 0.006309110671281815
0.05156724900007248, 0.0034451610408723354
0.05166630819439888, 0.0051901498809456825
0.05110088363289833, 0.007045605219900608
0.05160576477646828, 0.005230488255620003
0.05159251019358635, 0.004420056007802486
0.05110340192914009, 0.0057455250062048435
0.050671208649873734, 0.007702449802309275
0.0510372631251812, 0.00615820474922657
0.050951968878507614, 0.007735445164144039
0.050925154238939285, 0.00610638502985239
0.051174670457839966, 0.00532176997512579
0.05126165226101875, 0.004760511219501495
0.05141617730259895, 0.0047596818767488
0.051100391894578934, 0.005723725073039532
0.05161120370030403, 0.0063677458092570305
0.051371846348047256, 0.005493625998497009
0.05086211487650871, 0.005820446647703648
0.050837788730859756, 0.00529246823862195
0.05096450820565224, 0.007168065756559372
0.050881028175354004, 0.004787486977875233
0.05131956934928894, 0.005388310644775629
0.050666384398937225, 0.00726338941603899
0.05096859484910965, 0.004098993726074696
0.05145116150379181, 0.005816003307700157
0.05141718313097954, 0.004819148685783148
0.05122819170355797, 0.0047136470675468445
0.051301222294569016, 0.006118039600551128
0.05072684958577156, 0.006172578781843185
0.05101435258984566, 0.006118672899901867
0.050929293036460876, 0.005441900808364153
0.05054536461830139, 0.00567940529435873
0.05107342079281807, 0.0061022089794278145
0.05088861286640167, 0.003331609535962343
0.051117390394210815, 0.004286724142730236
0.050953201949596405, 0.005545015912503004
0.051166314631700516, 0.004858250264078379
0.05068008601665497, 0.004412750247865915
0.05091333016753197, 0.006100998725742102
0.05081261694431305, 0.004527800716459751
0.051255177706480026, 0.0058281803503632545
0.05095236003398895, 0.00532304123044014
0.05072608217597008, 0.005431363359093666
0.05053547024726868, 0.006232278421521187
0.05122298374772072, 0.004341818857938051
0.050536420196294785, 0.00627791928127408
0.05103561654686928, 0.005555854644626379
0.050800349563360214, 0.00643954798579216
0.05016326531767845, 0.005581947509199381
0.05065988004207611, 0.007736180908977985
0.05113983899354935, 0.005632609594613314
0.05117892101407051, 0.005644137039780617
0.05118701979517937, 0.006216658744961023
0.05007411167025566, 0.007753430400043726
0.05080532655119896, 0.0066600702702999115
0.05087372288107872, 0.005681063048541546
0.05071760341525078, 0.0042180283926427364
0.05142860487103462, 0.005838357377797365
0.051039692014455795, 0.005235619843006134
0.05050172284245491, 0.00613812543451786
0.05118568614125252, 0.004142066463828087
0.05123173072934151, 0.004848480224609375
0.05049077048897743, 0.006792771629989147
0.05056174099445343, 0.006549282465130091
0.05053044483065605, 0.00655833026394248
0.04978594928979874, 0.006263546645641327
0.0506497323513031, 0.005261713173240423
0.050907306373119354, 0.0062151821330189705
0.05051761493086815, 0.004767607431858778
0.050237901508808136, 0.006494707893580198
0.050830479711294174, 0.004304471425712109
0.05029049888253212, 0.00648714043200016
0.05024757236242294, 0.004942458588629961
0.05030355975031853, 0.006756949704140425
0.050584059208631516, 0.006384359207004309
0.049950093030929565, 0.007288749795407057
0.05033785477280617, 0.0064283860847353935
0.05029834806919098, 0.006738610565662384
0.05075346305966377, 0.005607630126178265
0.050556715577840805, 0.007194283418357372
0.05074341967701912, 0.004089051391929388
0.05015746131539345, 0.005689859855920076
0.05019313469529152, 0.006947375368326902
0.05059557408094406, 0.005561020225286484
0.05079610273241997, 0.006406886037439108
0.05031070485711098, 0.006660949904471636
0.05073292925953865, 0.0037550858687609434
0.05046859383583069, 0.005753911100327969
0.04979034140706062, 0.006170360371470451
0.04970049485564232, 0.0058916364796459675
0.05052979290485382, 0.005612093955278397
0.05062292888760567, 0.0050453972071409225
0.05005989968776703, 0.005735171027481556
0.050473686307668686, 0.005670169368386269
0.05060138180851936, 0.005855468567460775
0.05040382966399193, 0.006026792339980602
0.05085504427552223, 0.005029791500419378
0.050540972501039505, 0.005256653763353825
0.0504731759428978, 0.004930692259222269
0.05056170001626015, 0.004919020924717188
0.05029147490859032, 0.0075478628277778625
0.050555795431137085, 0.006246706936508417
0.05064920708537102, 0.004651607479900122
0.04992720112204552, 0.006183084566146135
0.05059145390987396, 0.006399974226951599
0.05052297189831734, 0.0048418412916362286
0.05024079978466034, 0.006322586443275213
0.05013822391629219, 0.006609343457967043
0.05044298246502876, 0.0058928425423800945
0.050711698830127716, 0.004628374706953764
0.050485748797655106, 0.00552362110465765
0.0505882203578949, 0.00495896115899086
0.05035344138741493, 0.0065116011537611485
0.050388991832733154, 0.0061561004258692265
0.05055971443653107, 0.006033705081790686
0.04991443455219269, 0.0060944221913814545
0.05016897991299629, 0.005712094716727734
0.05029929429292679, 0.006835509557276964
0.04961125925183296, 0.006406500935554504
0.0503779761493206, 0.0042147208005189896
0.05100621283054352, 0.004833817947655916
0.05076201632618904, 0.004944951739162207
0.05039467290043831, 0.004216737113893032
0.04907320812344551, 0.0072676450945436954
0.04980187490582466, 0.005292811430990696
0.0505002923309803, 0.005357492249459028
0.05001801252365112, 0.006558999419212341
0.050147272646427155, 0.004480022471398115
0.05028318241238594, 0.005384290125221014
0.050345517694950104, 0.004583549220114946
0.04962345212697983, 0.006203502882272005
0.049559567123651505, 0.00720688421279192
0.0501861609518528, 0.005625763442367315
0.0495365671813488, 0.00585321057587862
0.0501302145421505, 0.005326629150658846
0.04921017214655876, 0.006950973067432642
0.05021446570754051, 0.00424510333687067
0.049353379756212234, 0.005955509841442108
0.049602385610342026, 0.0046015046536922455
0.049886252731084824, 0.0046783387660980225
0.05022028833627701, 0.0054546622559428215
0.04998674988746643, 0.0067732385359704494
0.05027484893798828, 0.00546606769785285
0.04986213520169258, 0.0073106256313622
0.04990566521883011, 0.006601350381970406
0.049871716648340225, 0.006090279668569565
0.05029546096920967, 0.00531137315556407
0.050288502126932144, 0.004678942728787661
0.04975355416536331, 0.0031837443821132183
0.050397902727127075, 0.004138218238949776
0.05039758235216141, 0.004667732398957014
0.04951856657862663, 0.006918593775480986
0.050486914813518524, 0.0034175484906882048
0.05001646280288696, 0.00599679397419095
0.04979005455970764, 0.0049990089610219
0.05020933970808983, 0.0047599212266504765
0.05003985017538071, 0.005845952779054642
0.049585822969675064, 0.00588584691286087
0.049995917826890945, 0.008055617101490498
0.04870070889592171, 0.009133429266512394
0.049873095005750656, 0.005669760517776012
0.049490828067064285, 0.004751156084239483
0.049388740211725235, 0.006571275182068348
0.04949786141514778, 0.007460676599293947
0.04994476959109306, 0.005149072036147118
0.049001894891262054, 0.004510171245783567
0.0496988408267498, 0.005186703521758318
0.05014816299080849, 0.00532574625685811
0.049901027232408524, 0.006803440861403942
0.04925641044974327, 0.008093801327049732
0.049370963126420975, 0.005786959547549486
0.05009656026959419, 0.0047136470675468445
0.049572449177503586, 0.00632200762629509
0.04970063641667366, 0.006751346867531538
0.04993508756160736, 0.005410760175436735
0.04942398890852928, 0.007448242045938969
0.04967649653553963, 0.006061319727450609
0.049558125436306, 0.0051104300655424595
0.04947422072291374, 0.0048478590324521065
0.05012699216604233, 0.0049190642312169075
0.04970492795109749, 0.0056899418123066425
0.04957534372806549, 0.005421586334705353
0.049998633563518524, 0.005803424399346113
0.04975534975528717, 0.006544803734868765
0.050060633569955826, 0.004262481816112995
0.04958301782608032, 0.006691797636449337
0.04984408617019653, 0.006935948971658945
0.04959871247410774, 0.005818541161715984
0.0488242469727993, 0.00697507057338953
0.04957224801182747, 0.005877088755369186
0.04986806586384773, 0.005413592327386141
0.04995376616716385, 0.00481459591537714
0.05018340051174164, 0.0038364126812666655
0.04939490556716919, 0.0054595028050243855
0.04986223950982094, 0.0061607444658875465
0.049324583262205124, 0.004068006761372089
0.04959436506032944, 0.005346979480236769
0.04927955940365791, 0.003705747425556183
0.04950591176748276, 0.0039032739587128162
0.04953668639063835, 0.006017963867634535
0.04941418021917343, 0.007063858211040497
0.04955342411994934, 0.004809351172298193
0.04960208386182785, 0.00522568030282855
0.049581512808799744, 0.005611099302768707
0.049115169793367386, 0.007449139840900898
0.04920193552970886, 0.006208827719092369
0.049716223031282425, 0.0062113660387694836
0.05018821731209755, 0.004906815476715565
0.04968378320336342, 0.00558792520314455
0.04983637109398842, 0.005221130326390266
0.050376977771520615, 0.005050142295658588
0.04943345859646797, 0.00652077654376626
0.04988749325275421, 0.004788717720657587
0.04921668767929077, 0.006764776073396206
0.04927636310458183, 0.0055253333412110806
0.04988783225417137, 0.004873845260590315
0.04968126863241196, 0.0055104270577430725
0.049347929656505585, 0.005951101426035166
0.04921147972345352, 0.004975859075784683
0.049845147877931595, 0.006042947992682457
0.04953991249203682, 0.006417378783226013
0.049466315656900406, 0.005269436165690422
0.04925035685300827, 0.007504107430577278
0.04917450621724129, 0.0070289126597344875
0.04980244114995003, 0.005323383957147598
0.04975002259016037, 0.005804185755550861
0.04878181591629982, 0.007224445231258869
0.04967905208468437, 0.00612396327778697
0.04938580095767975, 0.00555697176605463
0.04959316551685333, 0.00688193691894412
0.04963109642267227, 0.005333700682967901
0.04922238364815712, 0.006349696312099695
0.049322206526994705, 0.005152998957782984
0.04857043921947479, 0.0044339001178741455
0.0491102859377861, 0.0038883897941559553
0.04956144839525223, 0.004943542648106813
0.049651458859443665, 0.005779202561825514
0.04942069575190544, 0.006524908822029829
0.04986543208360672, 0.004816620144993067
0.04948906973004341, 0.00615420239046216
0.04910121485590935, 0.0056538148783147335
0.049029842019081116, 0.005798505153506994
0.049226969480514526, 0.006269399542361498
0.04896146431565285, 0.005608981009572744
0.049476463347673416, 0.004019135143607855
0.049183376133441925, 0.004769763443619013
0.049344830214977264, 0.005670811049640179
0.049288105219602585, 0.0076882606372237206
0.04889674112200737, 0.006543423980474472
0.04898878559470177, 0.007325451821088791
0.049269456416368484, 0.005183589644730091
0.04950916767120361, 0.004445831757038832
0.04803593456745148, 0.006980040576308966
0.049069780856370926, 0.004532089456915855
0.04931287840008736, 0.003165512578561902
0.04919114336371422, 0.005937325768172741
0.048817697912454605, 0.006919080391526222
0.04909658804535866, 0.0068686422891914845
0.04870644211769104, 0.005759250372648239
0.048885513097047806, 0.00669194245710969
0.04872367903590202, 0.005894394125789404
0.0490974560379982, 0.0036349473521113396
0.04970742389559746, 0.005190927069634199
0.04941591992974281, 0.006483179517090321
0.04894969239830971, 0.005042244214564562
0.04867361858487129, 0.006383493542671204
0.049070972949266434, 0.004703758284449577
0.0489552766084671, 0.006837367545813322
0.04879675805568695, 0.007561832666397095
0.049382973462343216, 0.005360193084925413
0.04936226084828377, 0.004510825499892235
0.04901769757270813, 0.0059237428940832615
0.04873163253068924, 0.00653925770893693
0.049440424889326096, 0.004703590180724859
0.04896600916981697, 0.005988516379147768
0.04909200221300125, 0.004932801239192486
0.048868484795093536, 0.0037945788353681564
0.04917355254292488, 0.004142218269407749
0.04872606694698334, 0.004836303181946278
0.04852498322725296, 0.004983706399798393
0.049335040152072906, 0.005879673641175032
0.048821765929460526, 0.006191164255142212
0.04915739968419075, 0.006083956453949213
0.04891202971339226, 0.005908604711294174
0.04867102578282356, 0.0064190891571342945
0.049055855721235275, 0.005178397987037897
0.049393683671951294, 0.005524309817701578
0.049128275364637375, 0.005935704335570335
0.049122534692287445, 0.004647792782634497
0.04936182498931885, 0.005357454530894756
0.048629917204380035, 0.005927535705268383
0.048594385385513306, 0.003185555338859558
0.048760779201984406, 0.00546688586473465
0.04873069003224373, 0.004361840430647135
0.049051277339458466, 0.004658523015677929
0.04822033643722534, 0.006965658161789179
0.04873373359441757, 0.005494582001119852
0.048878107219934464, 0.0042259725742042065
0.04913647100329399, 0.004106220323592424
0.04875076934695244, 0.005387983284890652
0.04925558343529701, 0.004900960251688957
0.04828004911541939, 0.005166458431631327
0.049235571175813675, 0.005325170699506998
0.04877925664186478, 0.004735765978693962
0.048010051250457764, 0.005813677329570055
0.0491262748837471, 0.004343231674283743
0.048977918922901154, 0.005826025269925594
0.0483529157936573, 0.005684295669198036
0.04924481734633446, 0.005669413134455681
0.04928312823176384, 0.004000448621809483
0.048958782106637955, 0.007145033683627844
0.049259066581726074, 0.004606201779097319
0.04912657290697098, 0.005501797888427973
0.04897606372833252, 0.005539417266845703
0.048972804099321365, 0.006269700825214386
0.048461176455020905, 0.005440151318907738
0.04884856194257736, 0.006885241717100143
0.04866629093885422, 0.00616447813808918
0.04806572571396828, 0.00497029023244977
0.0489058792591095, 0.005038914270699024
0.04887332394719124, 0.0058867186307907104
0.04855053499341011, 0.0053878952749073505
0.04862862080335617, 0.006416803691536188
0.04849323630332947, 0.005300451535731554
0.04875592514872551, 0.005534411408007145
0.04837678745388985, 0.0064750416204333305
0.04895923659205437, 0.0060259136371314526
0.04867866262793541, 0.005536981392651796
0.0488855317234993, 0.005973885767161846
0.04867811128497124, 0.005981152877211571
0.04855402559041977, 0.006544654257595539
0.04834192991256714, 0.006467090919613838
0.04869459941983223, 0.004959919955581427
0.04910300672054291, 0.004009851720184088
0.04874967411160469, 0.006385867949575186
0.048768870532512665, 0.005910778418183327
0.048231907188892365, 0.00685522286221385
0.04842551425099373, 0.005742013920098543
0.04827670007944107, 0.005665711127221584
0.04851192981004715, 0.0055221314541995525
0.04873067885637283, 0.00435981759801507
0.04856636002659798, 0.004898645915091038
0.048343271017074585, 0.0057565295137465
0.04820110276341438, 0.006575271487236023
0.04857417568564415, 0.005689509212970734
0.04882490262389183, 0.006064318120479584
0.04804952070116997, 0.006039663217961788
0.04860676825046539, 0.005353586748242378
0.04794427007436752, 0.006404483690857887
0.048993658274412155, 0.005257910583168268
0.04868481308221817, 0.005927435588091612
0.04918419197201729, 0.004914024844765663
0.048700980842113495, 0.005403532646596432
0.04854162782430649, 0.005920841824263334
0.04826876521110535, 0.005365290679037571
0.04866262525320053, 0.006505497265607119
0.04878948628902435, 0.005738900974392891
0.04865652695298195, 0.005435620434582233
0.04842738062143326, 0.005347786005586386
0.049037422984838486, 0.005288016051054001
0.04850875586271286, 0.0043321638368070126
0.048186153173446655, 0.005369964521378279
0.04828866943717003, 0.006710396613925695
0.04879266768693924, 0.005148467142134905
0.04812965542078018, 0.006715406198054552
0.04869615286588669, 0.004536410328000784
0.048553839325904846, 0.005010634660720825
0.04851880669593811, 0.003981563728302717
0.048321984708309174, 0.006097282748669386
0.04816018417477608, 0.005708247888833284
0.04870845377445221, 0.0035136097576469183
0.0485268197953701, 0.005431700963526964
0.04898836463689804, 0.005844895727932453
0.04837871342897415, 0.005991807673126459
0.04860760271549225, 0.005412903148680925
0.04805716127157211, 0.0070186397060751915
0.04849348962306976, 0.005223988089710474
0.04805772379040718, 0.006041806191205978
0.04827015474438667, 0.0055150231346488
0.048704102635383606, 0.005838161334395409
0.04865192249417305, 0.006128428503870964
0.04864748194813728, 0.005696901120245457
0.048350222408771515, 0.005238773301243782
0.04759884998202324, 0.004875847604125738
0.048385702073574066, 0.0037500725593417883
0.04844054952263832, 0.007245489861816168
0.04804762080311775, 0.006993150804191828
0.04851781576871872, 0.007274848874658346
0.048646505922079086, 0.005009178072214127
0.04847574606537819, 0.004633395001292229
0.0482487715780735, 0.00499889999628067
0.048225805163383484, 0.006701216567307711
0.04841736704111099, 0.005694459192454815
0.04840466007590294, 0.005622279364615679
0.04813024029135704, 0.007428104989230633
0.04868043586611748, 0.00547155411913991
0.04814103618264198, 0.005297922063618898
0.0485176146030426, 0.005998733453452587
0.04802776500582695, 0.0035204668529331684
0.04826190695166588, 0.0051652248948812485
0.04820758104324341, 0.005810779519379139
0.048552412539720535, 0.005663842894136906
0.04805121198296547, 0.006450684275478125
0.048492901027202606, 0.00417141430079937
0.04814770445227623, 0.005604867357760668
0.04834989830851555, 0.005177535116672516
0.04838760942220688, 0.005333741661161184
0.047950442880392075, 0.005766972899436951
0.048842206597328186, 0.005220173392444849
0.04801817610859871, 0.005959819070994854
0.048429518938064575, 0.006133439019322395
0.04897788539528847, 0.0057942066341638565
0.048243988305330276, 0.006037440150976181
0.04814622178673744, 0.0069303750060498714
0.04782734811306, 0.005460340995341539
0.04914917051792145, 0.0044921692460775375
0.04799200966954231, 0.0074340482242405415
0.0479724295437336, 0.005305778235197067
0.04798710346221924, 0.0060969991609454155
0.04877658560872078, 0.004128098022192717
0.04829971864819527, 0.006122347433120012
0.04804301634430885, 0.005762623623013496
0.048073966056108475, 0.004848791752010584
0.04780061915516853, 0.005086695309728384
0.048264164477586746, 0.0052308677695691586
0.047931890934705734, 0.006597093306481838
0.04807016998529434, 0.005099816247820854
0.048180319368839264, 0.006765902973711491
0.04812948778271675, 0.005934692919254303
0.04826214537024498, 0.004432623740285635
0.048321500420570374, 0.004597693681716919
0.04781341925263405, 0.004832240752875805
0.04852376505732536, 0.005529467016458511
0.0478152371942997, 0.005485042929649353
0.04781094938516617, 0.006240075919777155
0.04799865558743477, 0.0039027738384902477
0.04784982651472092, 0.007027891464531422
0.04792609065771103, 0.0061186691746115685
0.04801683500409126, 0.006472729612141848
0.04825901240110397, 0.005888243671506643
0.04824729263782501, 0.006418969016522169
0.04804600030183792, 0.005622179247438908
0.047349460422992706, 0.007130229379981756
0.04836518317461014, 0.005250274203717709
0.04776652529835701, 0.006508134305477142
0.04761175438761711, 0.006480629090219736
0.04795961454510689, 0.005156681872904301
0.04806593060493469, 0.005461113527417183
0.047783467918634415, 0.006598509382456541
0.04798305407166481, 0.005338054150342941
0.047881290316581726, 0.004356530029326677
0.047850366681814194, 0.004525606520473957
0.047999270260334015, 0.005339374765753746
0.04819842055439949, 0.006515413522720337
0.04764846712350845, 0.005231349263340235
0.048129286617040634, 0.004707788582891226
0.048006270080804825, 0.006359777878969908
0.04754110798239708, 0.004931109491735697
0.047692980617284775, 0.0046978360041975975
0.04806046560406685, 0.004846661817282438
0.048163894563913345, 0.005128295160830021
0.04768983647227287, 0.004006737377494574
0.04789981618523598, 0.005834538023918867
0.04772697761654854, 0.004515200853347778
0.04824776202440262, 0.004829117096960545
0.04806949570775032, 0.005065358709543943
0.047691669315099716, 0.007019296754151583
0.04810694605112076, 0.004109639208763838
0.04805808141827583, 0.00726432166993618
0.04833711311221123, 0.005685488227754831
0.0478154756128788, 0.00462677888572216
0.04759201779961586, 0.005674711428582668
0.04789823293685913, 0.005588589236140251
0.048154834657907486, 0.005769679322838783
0.04771481826901436, 0.006479040719568729
0.048323389142751694, 0.004970580339431763
0.0476224310696125, 0.005513583309948444
0.04800514876842499, 0.004765425808727741
0.04766286909580231, 0.005615322384983301
0.04753871262073517, 0.005113518796861172
0.04793014004826546, 0.005708617623895407
0.04791545867919922, 0.004989628214389086
0.04817274212837219, 0.0036359347868710756
0.04790055379271507, 0.006180492229759693
0.04830034822225571, 0.005253935232758522
0.04812418296933174, 0.005206633824855089
0.047968875616788864, 0.005682535003870726
0.04787290841341019, 0.005575686227530241
0.04777972027659416, 0.00529369805008173
0.04758145660161972, 0.004077959340065718
0.04787713289260864, 0.005873926915228367
0.04772793501615524, 0.0060881259851157665
0.04782053083181381, 0.005257183685898781
0.04729904606938362, 0.007625230588018894
0.047869548201560974, 0.0068313549272716045
0.04789908230304718, 0.005184506997466087
0.04775729775428772, 0.007252963725477457
0.048630546778440475, 0.004803938791155815
0.04701513797044754, 0.005109467543661594
0.04767301306128502, 0.006343922112137079
0.04759576544165611, 0.0061029172502458096
0.04820321500301361, 0.0036277526523917913
0.04751165583729744, 0.006513187196105719
0.047909997403621674, 0.003745507914572954
0.047285981476306915, 0.0060979584231972694
0.04765375703573227, 0.00510880583897233
0.04695954546332359, 0.0055457656271755695
0.047287240624427795, 0.006264093331992626
0.04738087207078934, 0.005130489822477102
0.04777431860566139, 0.005549571476876736
0.047081150114536285, 0.007430208381265402
0.04763311520218849, 0.006259376183152199
0.047751396894454956, 0.005583393387496471
0.047464847564697266, 0.005726273637264967
0.047808289527893066, 0.005383179057389498
0.04779859259724617, 0.0051306914538145065
0.047329071909189224, 0.007026258390396833
0.0474882535636425, 0.00500303553417325
0.04760487750172615, 0.0046973866410553455
0.04747730866074562, 0.006916355341672897
0.04794445261359215, 0.006329371593892574
0.04709158465266228, 0.0042880140244960785
0.04698178544640541, 0.0070005059242248535
0.047729600220918655, 0.0049735791981220245
0.04636029526591301, 0.007402027025818825
0.04726938158273697, 0.005831808317452669
0.047264739871025085, 0.005686259362846613
0.04780291020870209, 0.007093022111803293
0.0472332201898098, 0.00582747720181942
0.0472838468849659, 0.004634927958250046
0.047668855637311935, 0.0061514186672866344
0.04720885306596756, 0.005078661721199751
0.04753923788666725, 0.007505143992602825
0.04808853566646576, 0.006216808687895536
0.0472058430314064, 0.007009192835539579
0.047638293355703354, 0.005437315441668034
0.047811564058065414, 0.006277616135776043
0.04727869853377342, 0.005959063768386841
0.047407619655132294, 0.0049379738047719
0.04728009179234505, 0.0047968230210244656
0.04755968227982521, 0.005464606918394566
0.047122228890657425, 0.006913869176059961
0.047665927559137344, 0.00578085845336318
0.04717913269996643, 0.005454606376588345
0.04775657132267952, 0.004740753211081028
0.047629281878471375, 0.005410840734839439
0.0476088784635067, 0.005902471486479044
0.04713711515069008, 0.004711482208222151
0.04793008044362068, 0.004613008815795183
0.04730605706572533, 0.005455702543258667
0.04760563746094704, 0.005324238911271095
0.047634292393922806, 0.006422062404453754
0.047395411878824234, 0.005003135651350021
0.04779072478413582, 0.006372075527906418
0.04723159596323967, 0.0063046785071492195
0.047395262867212296, 0.005116071552038193
0.047483764588832855, 0.005942697171121836
0.04773561283946037, 0.004233875777572393
0.04750105366110802, 0.0067834993824362755
0.047208454459905624, 0.006129213608801365
0.047342199832201004, 0.0060251750983297825
0.04747781530022621, 0.006998746190220118
0.047480665147304535, 0.006988001521676779
0.04665351286530495, 0.00789603590965271
0.04748924449086189, 0.005707008298486471
0.04702245444059372, 0.005850622430443764
0.04674535617232323, 0.006694392766803503
0.04704362899065018, 0.006632673088461161
0.04759393632411957, 0.00626623397693038
0.04626170173287392, 0.005442819558084011
0.04741503670811653, 0.00463798176497221
0.047236692160367966, 0.0056732892990112305
0.04738805070519447, 0.00570150138810277
0.04757865145802498, 0.006866270676255226
0.048134710639715195, 0.004065787419676781
0.04717429354786873, 0.005875598639249802
0.047356560826301575, 0.005382894538342953
0.04719064012169838, 0.006571128964424133
0.04746179282665253, 0.003748886752873659
0.04714887589216232, 0.004544831346720457
0.04708664491772652, 0.005718004424124956
0.04727873206138611, 0.0064059835858643055
0.04742070659995079, 0.005773170385509729
0.04761696606874466, 0.004860042594373226
0.047020915895700455, 0.00538305938243866
0.04669797047972679, 0.005208925809711218
0.04706944152712822, 0.00553311500698328
0.04740484058856964, 0.006110014859586954
0.04707218334078789, 0.006346387322992086
0.04722046107053757, 0.00761131476610899
0.04735063016414642, 0.005945014301687479
0.04693610966205597, 0.005414905492216349
0.04649965837597847, 0.007137579843401909
0.04746043309569359, 0.005591109395027161
0.04744726046919823, 0.0050168330781161785
0.04725031554698944, 0.005557075142860413
0.04770664870738983, 0.004077965393662453
0.046858083456754684, 0.00636298255994916
0.04741082713007927, 0.0055472347885370255
0.04724450036883354, 0.0065263062715530396
0.04741296172142029, 0.004972080700099468
0.047185156494379044, 0.004723513964563608
0.04724399372935295, 0.00529820891097188
0.046814750880002975, 0.006573994178324938
0.04709509015083313, 0.006204045843333006
0.047196824103593826, 0.007954561151564121
0.04756222665309906, 0.005493071395903826
0.0473506934940815, 0.006247593555599451
0.047045979648828506, 0.004971534479409456
0.04723765701055527, 0.00601122435182333
0.04718254134058952, 0.004646692890673876
0.047358810901641846, 0.006299776956439018
0.04702802002429962, 0.006059373263269663
0.04655040055513382, 0.005358404014259577
0.047249604016542435, 0.004754881840199232
0.04693163186311722, 0.0037773954682052135
0.047411397099494934, 0.0052992659620940685
0.04685584455728531, 0.004970656242221594
0.04717961326241493, 0.00658618938177824
0.047050610184669495, 0.005830883514136076
0.04684044420719147, 0.005744880065321922
0.04683573916554451, 0.0061389910988509655
0.0467536486685276, 0.005377969238907099
0.046852435916662216, 0.007672626059502363
0.047279760241508484, 0.004516922403126955
0.04721291363239288, 0.00624031201004982
0.04760841280221939, 0.005348824895918369
0.046802785247564316, 0.006329647731035948
0.047034524381160736, 0.007130942307412624
0.04719015955924988, 0.006032326724380255
0.04683222249150276, 0.006590160541236401
0.0469769649207592, 0.006088278256356716
0.04719323292374611, 0.0056109242141246796
0.047388602048158646, 0.00344708189368248
0.04751694202423096, 0.005582906771451235
0.046891987323760986, 0.004978601820766926
0.04701589420437813, 0.006567211356014013
0.04660576581954956, 0.006177656818181276
0.04711656644940376, 0.004795430228114128
0.04740496724843979, 0.003981635440140963
0.047177501022815704, 0.005433973856270313
0.0467493012547493, 0.0061111836694180965
0.04679793119430542, 0.006268718745559454
0.047342441976070404, 0.005637369584292173
0.04666898772120476, 0.0061752633191645145
0.0472228080034256, 0.0056089190766215324
0.04714534804224968, 0.006503877695649862
0.047180164605379105, 0.005084133706986904
0.04699515551328659, 0.006961708888411522
0.04662543162703514, 0.005100863054394722
0.04656701534986496, 0.0056219338439404964
0.04708396643400192, 0.005193109158426523
0.04734845831990242, 0.006268352270126343
0.04681672528386116, 0.005252205301076174
0.04684296250343323, 0.005855021066963673
0.04696954786777496, 0.006241569295525551
0.046735599637031555, 0.0058714644983410835
0.047111235558986664, 0.006456011440604925
0.046654555946588516, 0.0062455371953547
0.04733254387974739, 0.005962647497653961
0.046263281255960464, 0.005421895533800125
0.046430181711912155, 0.007207377813756466
0.047191325575113297, 0.005699411500245333
0.04684710502624512, 0.006453668233007193
0.047092169523239136, 0.00536153232678771
0.046595633029937744, 0.007104592863470316
0.04698296636343002, 0.004171197768300772
0.04704785719513893, 0.0047797951847314835
0.047081753611564636, 0.005690515972673893
0.04712803661823273, 0.005634830798953772
0.047112368047237396, 0.004989401437342167
0.0473097525537014, 0.005171933211386204
0.047040004283189774, 0.00457396637648344
0.04651154950261116, 0.00489877350628376
0.04614498093724251, 0.005230461247265339
0.046913065016269684, 0.004826592747122049
0.0470719113945961, 0.0059028975665569305
0.04661961644887924, 0.005236749071627855
0.046459753066301346, 0.005500368308275938
0.046589843928813934, 0.00721018249168992
0.04672190919518471, 0.005882456433027983
0.046982355415821075, 0.0045893751084804535
0.04658343270421028, 0.006599102169275284
0.046668581664562225, 0.006389748305082321
0.04681249335408211, 0.005393000785261393
0.046755705028772354, 0.00391791807487607
0.046779461205005646, 0.005831561051309109
0.04710397869348526, 0.005924781318753958
0.04726659134030342, 0.006609950214624405
0.046857815235853195, 0.005834460724145174
0.046738822013139725, 0.004537091124802828
0.04624706506729126, 0.005613693501800299
0.04728146269917488, 0.0051466310396790504
0.046889424324035645, 0.005285321269184351
0.04698573425412178, 0.0041052415035665035
0.046527404338121414, 0.004716867581009865
0.04669710621237755, 0.006626891903579235
0.04690646007657051, 0.005480005405843258
0.0463285893201828, 0.006559993606060743
0.04674588516354561, 0.004184647463262081
0.04631514474749565, 0.00539370346814394
0.046690840274095535, 0.004350114148110151
0.04626774042844772, 0.005114064551889896
0.04660101607441902, 0.006376452278345823
0.04675136134028435, 0.0050817434675991535
0.04691382125020027, 0.007096969056874514
0.04650189355015755, 0.006323943845927715
0.04618318751454353, 0.007107575424015522
0.04680836945772171, 0.004010529723018408
0.046389538794755936, 0.005084547214210033
0.04669369012117386, 0.005039180628955364
0.04671665281057358, 0.006271131336688995
0.046963900327682495, 0.005942482966929674
0.04714948683977127, 0.005138192791491747
0.04592027887701988, 0.006300731096416712
0.04669583588838577, 0.008062475360929966
0.0460781455039978, 0.005823422688990831
0.04668118432164192, 0.0043799118138849735
0.04638919234275818, 0.006292043253779411
0.0466892346739769, 0.007153167389333248
0.046602025628089905, 0.006757312919944525
0.04671558365225792, 0.006347001530230045
0.04697100818157196, 0.00668732263147831
0.0463557168841362, 0.007634865585714579
0.04696832224726677, 0.005725751165300608
0.04717986658215523, 0.005591691937297583
0.047023314982652664, 0.006236134096980095
0.04661160334944725, 0.007228521630167961
0.046815454959869385, 0.006398113910108805
0.04649068042635918, 0.006521480157971382
0.04711911827325821, 0.004061440471559763
0.04703002795577049, 0.005490525625646114
0.04652457684278488, 0.005827511660754681
0.04650723934173584, 0.003378181951120496
0.04718795791268349, 0.003246856387704611
0.04648560285568237, 0.004910253919661045
0.04666917398571968, 0.0062942649237811565
0.046381447464227676, 0.00562259741127491
0.04677477106451988, 0.00517612136900425
0.046540819108486176, 0.005371845792979002
0.04659740999341011, 0.005613301880657673
0.04673190414905548, 0.005178316496312618
0.04633243381977081, 0.0050868084654212
0.04709732159972191, 0.004664159845560789
0.04651866853237152, 0.005376048386096954
0.04668273404240608, 0.004566659219563007
0.046900637447834015, 0.005091587547212839
0.04617118462920189, 0.0052780997939407825
0.04648737981915474, 0.0048346128314733505
0.046129971742630005, 0.004997063893824816
0.04653852432966232, 0.00446321489289403
0.04646884277462959, 0.00556920375674963
0.046286024153232574, 0.006436928641051054
0.04624730721116066, 0.004208266735076904
0.04649357125163078, 0.006063387263566256
0.04663340002298355, 0.0053439149633049965
0.04612985625863075, 0.005449569784104824
0.04647063836455345, 0.005677678156644106
0.04565560817718506, 0.007071474101394415
0.04624823108315468, 0.00474767480045557
0.04666658490896225, 0.004266730509698391
0.046197135001420975, 0.008086774498224258
0.0467832051217556, 0.0048560770228505135
0.04681211709976196, 0.0050291139632463455
0.04644279554486275, 0.005721057765185833
0.04649389907717705, 0.006752601359039545
0.04673493653535843, 0.005267613101750612
0.046617258340120316, 0.006835317704826593
0.04676737263798714, 0.00576563598588109
0.04645460471510887, 0.006119209807366133
0.046192850917577744, 0.0067342733964324
0.04636251553893089, 0.006240993272513151
0.046235259622335434, 0.006630748510360718
0.0464615598320961, 0.004908277187496424
0.046813223510980606, 0.00487201102077961
0.046433448791503906, 0.0054190815426409245
0.04657016694545746, 0.006277384702116251
0.04677032679319382, 0.004334677010774612
0.046316858381032944, 0.00395632442086935
0.046013206243515015, 0.008076377213001251
0.046041492372751236, 0.0037659737281501293
0.046598438173532486, 0.00585287855938077
0.046519067138433456, 0.0057816398330032825
0.046472612768411636, 0.0051676142029464245
0.04655097797513008, 0.006012421566992998
0.046329762786626816, 0.0065564666874706745
0.04649200662970543, 0.0040330360643565655
0.04635808244347572, 0.006628929637372494
0.046047765761613846, 0.006344973109662533
0.04608559235930443, 0.0045340037904679775
0.04596663638949394, 0.006870722398161888
0.046498436480760574, 0.0038219888228923082
0.046367157250642776, 0.0060498458333313465
0.04637228325009346, 0.004444339778274298
0.046126801520586014, 0.006506201811134815
0.046814341098070145, 0.0047839004546403885
0.046464160084724426, 0.004639303311705589
0.046790238469839096, 0.005747394170612097
0.04601042717695236, 0.005510376300662756
0.04613620042800903, 0.005509871058166027
0.04629196226596832, 0.004957780707627535
0.046559326350688934, 0.005739940796047449
0.04656738042831421, 0.004429152235388756
0.04656131565570831, 0.004253649152815342
0.04636527970433235, 0.004382723476737738
0.04616853967308998, 0.006736517418175936
0.04645900800824165, 0.005462829023599625
0.04627127945423126, 0.0062857698649168015
0.04653908684849739, 0.0051569524221122265
0.04604015871882439, 0.004645825829356909
0.04628968611359596, 0.0052785673178732395
0.046178240329027176, 0.005785835441201925
0.04602070525288582, 0.006983443163335323
0.0464974008500576, 0.006472782231867313
0.0459861159324646, 0.005408065393567085
0.04672844335436821, 0.005027614533901215
0.045711107552051544, 0.00782773271203041
0.046381376683712006, 0.0034372350201010704
0.04630759358406067, 0.005565585568547249
0.046731241047382355, 0.0047606308944523335
0.045860376209020615, 0.0066478680819272995
0.04609633609652519, 0.0052185822278261185
0.045885294675827026, 0.007627732120454311
0.046127188950777054, 0.006028309464454651
0.046566326171159744, 0.004624580033123493
0.0464010126888752, 0.0063297864980995655
0.04598536342382431, 0.006528447847813368
0.04634122923016548, 0.005029579624533653
0.04663407802581787, 0.00377357704564929
0.04643324762582779, 0.005618365481495857
0.046382058411836624, 0.005146082956343889
0.046014294028282166, 0.0037400182336568832
0.04644109681248665, 0.0054723178036510944
0.04582454636693001, 0.005098216701298952
0.046171776950359344, 0.0065980954095721245
0.04642553627490997, 0.004476746078580618
0.04619121551513672, 0.003901103977113962
0.045729752629995346, 0.005369299091398716
0.04608563706278801, 0.0058930120430886745
0.045777373015880585, 0.006411991082131863
0.0461861789226532, 0.005715664010494947
0.045981038361787796, 0.0046082111075520515
0.04571429267525673, 0.006190480198711157
0.046115513890981674, 0.005723731592297554
0.045943282544612885, 0.00462724082171917
0.04609198868274689, 0.006968718953430653
0.0458720363676548, 0.0052899084985256195
0.04598546400666237, 0.0058240932412445545
0.046335890889167786, 0.005471613258123398
0.04619125649333, 0.0065466961823403835
0.04637983441352844, 0.005167985800653696
0.0457807295024395, 0.006536105647683144
0.04643034562468529, 0.0031996893230825663
0.04573119059205055, 0.006504695396870375
0.046577274799346924, 0.005053590517491102
0.045715559273958206, 0.004075478296726942
0.04564385861158371, 0.005885182414203882
0.04599001631140709, 0.003979998175054789
0.046170469373464584, 0.0043553551658988
0.04605628922581673, 0.004995319526642561
0.04594354331493378, 0.0047564138658344746
0.04634588211774826, 0.005059440620243549
0.04624907299876213, 0.005941641516983509
0.04595186561346054, 0.005842280574142933
0.04560394585132599, 0.0057303206995129585
0.04624002054333687, 0.005763725843280554
0.04568170756101608, 0.005638791713863611
0.04625984653830528, 0.006010645534843206
0.04596789926290512, 0.0060851010493934155
0.04537011310458183, 0.006873321253806353
0.04634742811322212, 0.006482984405010939
0.04625614359974861, 0.004077988676726818
0.04588349163532257, 0.006383738946169615
0.04638097435235977, 0.005037957336753607
0.04627212509512901, 0.006102632265537977
0.04600294306874275, 0.0059309168718755245
0.04608464986085892, 0.005420954432338476
0.045946791768074036, 0.004784074146300554
0.045909225940704346, 0.00690247630700469
0.046034276485443115, 0.006492044776678085
0.04591967537999153, 0.005936868954449892
0.045831385999917984, 0.007608382496982813
0.045668549835681915, 0.0043145897798240185
0.046408094465732574, 0.005002098623663187
0.045822352170944214, 0.006196914240717888
0.046017978340387344, 0.0035774873103946447
0.04560382291674614, 0.004906864371150732
0.04592796415090561, 0.004573748912662268
0.045631542801856995, 0.0053110006265342236
0.04585469514131546, 0.00588156096637249
0.04596738889813423, 0.003984053153544664
0.04616780951619148, 0.005668900907039642
0.045896828174591064, 0.006276053376495838
0.04615616425871849, 0.005821109749376774
0.0458325631916523, 0.006430943962186575
0.046064283698797226, 0.005819267127662897
0.045345745980739594, 0.006410195957869291
0.045944176614284515, 0.006350844632834196
0.04592397063970566, 0.00678310776129365
0.04633212089538574, 0.005650585982948542
0.046088263392448425, 0.006086817942559719
0.04688454046845436, 0.0035242976155132055
0.045980729162693024, 0.005691316910088062
0.04524891451001167, 0.006799892522394657
0.045760951936244965, 0.004994235001504421
0.04549054056406021, 0.005587948951870203
0.04547107219696045, 0.006734843365848064
0.04543120414018631, 0.007309675682336092
0.04601612687110901, 0.004214612301439047
0.045683231204748154, 0.004473550710827112
0.04577949643135071, 0.005001352168619633
0.04598609730601311, 0.003997609484940767
0.04591691493988037, 0.005010062362998724
0.04623252898454666, 0.004834326449781656
0.045807261019945145, 0.004567162599414587
0.045818597078323364, 0.0056888749822974205
0.04561938717961311, 0.00424466747790575
0.04568559676408768, 0.006933677475899458
0.04592590406537056, 0.006650608032941818
0.045642394572496414, 0.0063448394648730755
0.045505672693252563, 0.005470423027873039
0.045792337507009506, 0.005349497776478529
0.046061281114816666, 0.005953476298600435
0.04606489837169647, 0.004755095578730106
0.04618312045931816, 0.005877180490642786
0.045810092240571976, 0.0046030436642467976
0.04571325704455376, 0.006855441723018885
0.045827362686395645, 0.005826050415635109
0.045575033873319626, 0.006403334904462099
0.04607110843062401, 0.00646995147690177
0.04587298259139061, 0.006164745893329382
0.04625597968697548, 0.0053932988084852695
0.04614580422639847, 0.0056388843804597855
0.04527899622917175, 0.005908139981329441
0.045619089156389236, 0.006234168540686369
0.04576646164059639, 0.003973393235355616
0.04549740254878998, 0.003900569397956133
0.04539309814572334, 0.004891085438430309
0.04541337117552757, 0.005957766901701689
0.045884717255830765, 0.0057454099878668785
0.04576736316084862, 0.004902395885437727
0.04581781104207039, 0.0052400981076061726
0.04536358267068863, 0.006083374843001366
0.04557983949780464, 0.0046439263969659805
0.04604225978255272, 0.00478015560656786
0.04611422121524811, 0.004092930816113949
0.04618345573544502, 0.005014745984226465
0.045971017330884933, 0.004958466161042452
0.04575439915060997, 0.004785448778420687
0.045760028064250946, 0.00445210188627243
0.046096254140138626, 0.005877219140529633
0.04552944377064705, 0.006931043229997158
