mean, std
0.1525244265794754, 0.08776718378067017
0.1501011997461319, 0.029498787596821785
0.21846014261245728, 0.04607931151986122
0.12495610862970352, 0.06770890206098557
0.086990587413311, 0.05301372706890106
0.054922278970479965, 0.02740360051393509
0.05327824503183365, 0.022522898390889168
0.054709549993276596, 0.023332860320806503
0.04264162480831146, 0.014120050705969334
0.03618220239877701, 0.022739402949810028
0.028095044195652008, 0.011328143998980522
0.03371647000312805, 0.016195502132177353
0.026636917144060135, 0.013312856666743755
0.02529112808406353, 0.011851754039525986
0.024811776354908943, 0.007714972365647554
0.02954786643385887, 0.012680918909609318
0.026808030903339386, 0.010772114619612694
0.025326156988739967, 0.006861287169158459
0.02572314813733101, 0.012634865939617157
0.02058887481689453, 0.007314987946301699
0.021465230733156204, 0.008142407983541489
0.024373721331357956, 0.01062257494777441
0.023704003542661667, 0.010160735808312893
0.022051090374588966, 0.007256846874952316
0.023799801245331764, 0.008957461453974247
0.024884670972824097, 0.006881392560899258
0.024085691198706627, 0.00844212993979454
0.025945331901311874, 0.009616868570446968
0.028247028589248657, 0.007019463460892439
0.02897324599325657, 0.006306309252977371
0.034493084996938705, 0.00751232635229826
0.03433700278401375, 0.009323117323219776
0.03570074588060379, 0.01113654114305973
0.03746834769845009, 0.01106823980808258
0.03913985565304756, 0.014052110724151134
0.04471293464303017, 0.014084865339100361
0.03023885376751423, 0.012196808122098446
0.029922088608145714, 0.009854705072939396
0.030583534389734268, 0.007802220061421394
0.028292352333664894, 0.0074957385659217834
0.03258466720581055, 0.009597241878509521
0.041922032833099365, 0.01834430918097496
0.02845017798244953, 0.00886774156242609
0.029393428936600685, 0.010763428173959255
0.028193656355142593, 0.008896284736692905
0.028573444113135338, 0.007170369382947683
0.033168502151966095, 0.010223368182778358
0.03127284720540047, 0.00970847811549902
0.03394776210188866, 0.008305064402520657
0.03616747260093689, 0.01556673739105463
0.040936827659606934, 0.00924208015203476
0.03898736089468002, 0.012657017447054386
0.03696402534842491, 0.009422891773283482
0.04499536380171776, 0.011281425133347511
0.06424202024936676, 0.013060959987342358
0.0743185356259346, 0.023864010348916054
0.08477769047021866, 0.02185788005590439
0.10098282992839813, 0.0417407788336277
0.11015315353870392, 0.028821879997849464
0.08454298973083496, 0.021580005064606667
0.14824362099170685, 0.07392092049121857
0.13368651270866394, 0.06406857073307037
0.09707371145486832, 0.045213136821985245
0.07919678837060928, 0.03180782124400139
0.1215783879160881, 0.051633451133966446
0.06804832816123962, 0.029407097026705742
0.1169690415263176, 0.04196638986468315
0.09432467073202133, 0.03504979982972145
0.0960698053240776, 0.03601803258061409
0.09104101359844208, 0.04129539057612419
0.11435907334089279, 0.06489720195531845
0.12373178452253342, 0.04676726087927818
0.11061663925647736, 0.03459766507148743
0.15278546512126923, 0.07532913982868195
0.2125900536775589, 0.10808707773685455
0.1783560961484909, 0.0780697837471962
0.12664687633514404, 0.05439060926437378
0.14812014997005463, 0.07282383739948273
0.1013636589050293, 0.04286487400531769
0.11181381344795227, 0.0458657406270504
0.09783532470464706, 0.035147957503795624
0.09679970145225525, 0.024460362270474434
0.1442101150751114, 0.0712415874004364
0.10798826813697815, 0.03968053311109543
0.10551612824201584, 0.040186557918787
0.11115989834070206, 0.04376036673784256
0.12389574199914932, 0.05186579003930092
0.10473816841840744, 0.050921689718961716
0.09546146541833878, 0.02011721022427082
0.09614726901054382, 0.0279356949031353
0.10916473716497421, 0.02737930417060852
0.10287871211767197, 0.03112437203526497
0.09188318252563477, 0.031123995780944824
0.09970934689044952, 0.035699740052223206
0.11259112507104874, 0.0451461523771286
0.13738854229450226, 0.05160793289542198
0.10520662367343903, 0.041195642203092575
0.13424113392829895, 0.038778867572546005
0.14817765355110168, 0.05312444269657135
0.18653132021427155, 0.0597396083176136
0.15270735323429108, 0.06256570667028427
0.11538783460855484, 0.04705570638179779
0.18858027458190918, 0.07899562269449234
0.19091849029064178, 0.08255854994058609
0.1970507800579071, 0.11778039485216141
0.2094765156507492, 0.06644365936517715
0.17856797575950623, 0.04353669285774231
0.1664574295282364, 0.06520825624465942
0.20668315887451172, 0.08804509788751602
0.3061201274394989, 0.1639186590909958
0.26544907689094543, 0.1031138151884079
0.22550339996814728, 0.12077955156564713
0.24688799679279327, 0.11206386238336563
0.1949300616979599, 0.07433538883924484
0.19158636033535004, 0.07832586020231247
0.20630976557731628, 0.06955678761005402
0.23257167637348175, 0.08817968517541885
0.19092077016830444, 0.06556998938322067
0.15428446233272552, 0.08172056078910828
0.18454793095588684, 0.07712432742118835
0.2324150949716568, 0.08267505466938019
0.17392179369926453, 0.054285693913698196
0.19453078508377075, 0.07290459424257278
0.30960187315940857, 0.12586967647075653
0.19951291382312775, 0.09260658919811249
0.19316694140434265, 0.07930494099855423
0.19084282219409943, 0.08093953877687454
0.17694461345672607, 0.07353033125400543
0.19252677261829376, 0.06192060187458992
0.18050479888916016, 0.06401461362838745
0.21244706213474274, 0.10139185935258865
0.1859123259782791, 0.06930752843618393
0.2038559466600418, 0.09496193379163742
0.18339958786964417, 0.0687597244977951
0.17339679598808289, 0.040487226098775864
0.16686654090881348, 0.06986080855131149
0.17475390434265137, 0.07305153459310532
0.18383683264255524, 0.06781861931085587
0.1371544897556305, 0.0357440784573555
0.1762980967760086, 0.08035788685083389
0.19599995017051697, 0.08989578485488892
0.19095320999622345, 0.06558814644813538
0.1701197624206543, 0.0850076824426651
0.18278369307518005, 0.10831725597381592
0.17829272150993347, 0.057235606014728546
0.14125463366508484, 0.07117980718612671
0.18218713998794556, 0.05721086636185646
0.21341295540332794, 0.07552308589220047
0.1415010392665863, 0.051743727177381516
0.14743725955486298, 0.03426256775856018
0.16801896691322327, 0.08410448580980301
0.20641814172267914, 0.0844234824180603
0.16680671274662018, 0.06899452954530716
0.18667154014110565, 0.07434315979480743
0.20943279564380646, 0.07134617865085602
0.21281257271766663, 0.10208483040332794
0.1995840072631836, 0.09951061010360718
0.26198476552963257, 0.10718192160129547
0.22738094627857208, 0.09767573326826096
0.19868290424346924, 0.054470423609018326
0.14465995132923126, 0.08415569365024567
0.20052069425582886, 0.0754794254899025
0.22342726588249207, 0.10957175493240356
0.19210490584373474, 0.0944950208067894
0.18466465175151825, 0.08968997001647949
0.20251435041427612, 0.10142896324396133
0.1892690509557724, 0.08221552520990372
0.1542896181344986, 0.06900341063737869
0.1877058893442154, 0.07681417465209961
0.19245728850364685, 0.09234745055437088
0.18017975986003876, 0.05120116472244263
0.23232968151569366, 0.09533387422561646
0.22797438502311707, 0.1001514121890068
0.19539973139762878, 0.10474129021167755
0.14758118987083435, 0.03966040164232254
0.17450891435146332, 0.07992442697286606
0.22820883989334106, 0.09457533806562424
0.2629505395889282, 0.08662573248147964
0.19095641374588013, 0.07007342576980591
0.21093019843101501, 0.07350874692201614
0.15419194102287292, 0.06455270200967789
0.1363353729248047, 0.04163551330566406
0.14849531650543213, 0.049129754304885864
0.1825377494096756, 0.07236417382955551
0.138100266456604, 0.049431540071964264
0.1368672102689743, 0.04762313887476921
0.18924076855182648, 0.08683145046234131
0.177931547164917, 0.07675669342279434
0.18170346319675446, 0.09177248179912567
0.20378978550434113, 0.09255915880203247
0.12614266574382782, 0.030829332768917084
0.15343742072582245, 0.047038692981004715
0.1721992790699005, 0.05564464256167412
0.17783181369304657, 0.07421479374170303
0.15944071114063263, 0.06854964792728424
0.1592913717031479, 0.06751422584056854
0.19838528335094452, 0.07008064538240433
0.2228994071483612, 0.08836763352155685
0.1829717457294464, 0.06657172739505768
0.1937534064054489, 0.09121013432741165
0.22442078590393066, 0.09422268718481064
0.1515865921974182, 0.061872806400060654
0.1538141518831253, 0.07376734167337418
0.17930465936660767, 0.10736747831106186
0.16155768930912018, 0.08112877607345581
0.15011735260486603, 0.06404348462820053
0.15463851392269135, 0.058808278292417526
0.12850584089756012, 0.05762214586138725
0.15435399115085602, 0.06345736235380173
0.15836600959300995, 0.04869547486305237
0.14474335312843323, 0.057364270091056824
0.1862025409936905, 0.08011025935411453
0.2300487607717514, 0.09898630529642105
0.19014640152454376, 0.08244875818490982
0.14888635277748108, 0.08321426063776016
0.1740490049123764, 0.058411531150341034
0.17775683104991913, 0.06510812044143677
0.16355472803115845, 0.0859542191028595
0.1385413259267807, 0.041680958122015
0.16909274458885193, 0.046579182147979736
0.20796744525432587, 0.08973643183708191
0.22015148401260376, 0.08880515396595001
0.19311650097370148, 0.05560651794075966
0.18414108455181122, 0.07808955013751984
0.19479115307331085, 0.07505282759666443
0.18550926446914673, 0.07204404473304749
0.1975589394569397, 0.0737251564860344
0.14797179400920868, 0.05372785031795502
0.15159761905670166, 0.051845766603946686
0.14589720964431763, 0.048380620777606964
0.1512211561203003, 0.054307207465171814
0.1675523966550827, 0.07036879658699036
0.21009798347949982, 0.08329417556524277
0.1394651085138321, 0.05245286226272583
0.16432175040245056, 0.07992706447839737
0.13924679160118103, 0.05437381565570831
0.12304409593343735, 0.04383222013711929
0.14094200730323792, 0.06030348688364029
0.15160690248012543, 0.05724480375647545
0.16358406841754913, 0.07516538351774216
0.16585968434810638, 0.049814868718385696
0.20217186212539673, 0.07591956108808517
0.18534323573112488, 0.05761416628956795
0.19339245557785034, 0.0900774672627449
0.13677622377872467, 0.04272829368710518
0.18971408903598785, 0.08181460201740265
0.2443082630634308, 0.10298189520835876
0.30280399322509766, 0.15065789222717285
0.1960495412349701, 0.09594184160232544
0.16629411280155182, 0.05561887100338936
0.20089881122112274, 0.08357056230306625
0.21795345842838287, 0.09795112162828445
0.13594719767570496, 0.05285998061299324
0.15817511081695557, 0.07222355157136917
0.15503902733325958, 0.07643070071935654
0.19632288813591003, 0.0895623117685318
0.1745520830154419, 0.06197451800107956
0.14027412235736847, 0.05373845249414444
0.13411018252372742, 0.04996662959456444
0.17174799740314484, 0.07452580332756042
0.16387315094470978, 0.06028375402092934
0.16070733964443207, 0.030730558559298515
0.13340671360492706, 0.0557544007897377
0.26114970445632935, 0.11009345948696136
0.17982208728790283, 0.07792825996875763
0.14351624250411987, 0.046027421951293945
0.14253878593444824, 0.05874283239245415
0.14160700142383575, 0.04571803659200668
0.10550288110971451, 0.03905664384365082
0.12036238610744476, 0.03955857455730438
0.17541688680648804, 0.08239087462425232
0.2656852900981903, 0.10501651465892792
0.17986439168453217, 0.07093347609043121
0.15157946944236755, 0.055122435092926025
0.18809057772159576, 0.057652201503515244
0.13473822176456451, 0.059187352657318115
0.20349183678627014, 0.10081133246421814
0.1848694086074829, 0.08857423067092896
0.17121592164039612, 0.08247821778059006
0.15003998577594757, 0.059406694024801254
0.1638234704732895, 0.049576062709093094
0.16439266502857208, 0.07078483700752258
0.20934152603149414, 0.09769175946712494
0.13922032713890076, 0.05273175239562988
0.14869816601276398, 0.05381934717297554
0.13950307667255402, 0.05525601655244827
0.14825792610645294, 0.07014009356498718
0.14226394891738892, 0.048279616981744766
0.16268180310726166, 0.041807498782873154
0.13528373837471008, 0.0491044707596302
0.15572936832904816, 0.07107250392436981
0.12706229090690613, 0.05381643772125244
0.18648022413253784, 0.051217950880527496
0.16210566461086273, 0.08048714697360992
0.15657664835453033, 0.05304548144340515
0.15358760952949524, 0.05237115919589996
0.1746860146522522, 0.05282381549477577
0.12173925340175629, 0.04454944655299187
0.1090000718832016, 0.03708446025848389
0.13978081941604614, 0.05128966644406319
0.1506723165512085, 0.04652431979775429
0.18050535023212433, 0.06778056174516678
0.18184567987918854, 0.08739736676216125
0.1706409752368927, 0.09953194856643677
0.1509207785129547, 0.06127896532416344
0.18057583272457123, 0.10535066574811935
0.20638738572597504, 0.08116192370653152
0.10803169012069702, 0.045925065875053406
0.1337617188692093, 0.044736601412296295
0.2130427062511444, 0.10512561351060867
0.15493498742580414, 0.06905410438776016
0.1546461135149002, 0.06974251568317413
0.11370134353637695, 0.037951961159706116
0.1245981827378273, 0.052339229732751846
0.16157759726047516, 0.0949665829539299
0.13065949082374573, 0.06306979060173035
0.14406058192253113, 0.05655400827527046
0.12769679725170135, 0.058296557515859604
0.16254127025604248, 0.0836668536067009
0.1934341937303543, 0.08735965937376022
0.1834029108285904, 0.054567452520132065
0.1527576893568039, 0.055236827582120895
0.1701957732439041, 0.0732606053352356
0.12179294973611832, 0.04291408509016037
0.17017343640327454, 0.09315098822116852
0.16483266651630402, 0.04954569414258003
0.13232599198818207, 0.04037923738360405
0.1497064232826233, 0.055466484278440475
0.1390417069196701, 0.04680078849196434
0.12603412568569183, 0.05799182131886482
0.13882200419902802, 0.04838259145617485
0.14858022332191467, 0.05588758364319801
0.15747611224651337, 0.04786650836467743
0.17454715073108673, 0.07976937294006348
0.179439976811409, 0.05039893835783005
0.16064825654029846, 0.05669661611318588
0.18652169406414032, 0.06380484998226166
0.15200002491474152, 0.06228151544928551
0.14992785453796387, 0.057039376348257065
0.16374804079532623, 0.08364970237016678
0.1532660573720932, 0.07496285438537598
0.1336912363767624, 0.04599576070904732
0.15645189583301544, 0.04863806813955307
0.20061400532722473, 0.06966191530227661
0.17135067284107208, 0.08013929426670074
0.18147823214530945, 0.07504888623952866
0.16664962470531464, 0.06064986437559128
0.14999958872795105, 0.057621173560619354
0.14933374524116516, 0.061506617814302444
0.1752968430519104, 0.06961047649383545
0.16913066804409027, 0.07330159097909927
0.15157990157604218, 0.0765424519777298
0.16279543936252594, 0.05892864987254143
0.15016771852970123, 0.04169236868619919
0.16980187594890594, 0.06575445085763931
0.15200215578079224, 0.0673733577132225
0.19358547031879425, 0.07407328486442566
0.17685851454734802, 0.06727266311645508
0.16082294285297394, 0.06753666698932648
0.14851662516593933, 0.07545521855354309
0.15385384857654572, 0.05349861830472946
0.14095090329647064, 0.05731644108891487
0.1523074358701706, 0.07690946757793427
0.17343905568122864, 0.07955794036388397
0.15206538140773773, 0.07858073711395264
0.16851980984210968, 0.07125969231128693
0.1657094657421112, 0.07741463929414749
0.15639016032218933, 0.07351111620664597
0.14841307699680328, 0.06319345533847809
0.17126169800758362, 0.08134552091360092
0.141835555434227, 0.0435001440346241
0.13464611768722534, 0.038938820362091064
0.13976271450519562, 0.049732763320207596
0.14549151062965393, 0.055541060864925385
0.11401775479316711, 0.04253413900732994
0.16755647957324982, 0.07890722155570984
0.14691992104053497, 0.06293544173240662
0.1431916058063507, 0.06115683913230896
0.14756083488464355, 0.04631200432777405
0.17028222978115082, 0.06211668998003006
0.1417369395494461, 0.046791210770606995
0.19388313591480255, 0.09245400130748749
0.1396278738975525, 0.05922584608197212
0.12377941608428955, 0.04607541486620903
0.21888799965381622, 0.08897704631090164
0.15178772807121277, 0.0692579373717308
0.1521053910255432, 0.06310281157493591
0.14121589064598083, 0.05054657533764839
0.13144297897815704, 0.05180712789297104
0.15073564648628235, 0.05626855418086052
0.15945148468017578, 0.07573657482862473
0.23656614124774933, 0.09015271067619324
0.1597355455160141, 0.07595530897378922
0.15564613044261932, 0.04237482696771622
0.1401376724243164, 0.044167064130306244
0.12419160455465317, 0.04067111015319824
0.11283312737941742, 0.035956405103206635
0.14924682676792145, 0.05431757867336273
0.1132035106420517, 0.03130662441253662
0.15148307383060455, 0.07764044404029846
0.20336398482322693, 0.08470577746629715
0.21961760520935059, 0.07616912573575974
0.15636666119098663, 0.054142195731401443
0.17587411403656006, 0.056235171854496
0.1926308274269104, 0.09937571734189987
0.15692538022994995, 0.0506453663110733
0.17967738211154938, 0.0922529399394989
0.167562797665596, 0.05466339364647865
0.12827491760253906, 0.046984169632196426
0.14328593015670776, 0.04657607153058052
0.1464475691318512, 0.06852416694164276
0.1403406411409378, 0.04652426391839981
0.12792445719242096, 0.05033677816390991
0.14096538722515106, 0.05162271484732628
0.14794768393039703, 0.0670170933008194
0.14049530029296875, 0.055214326828718185
0.13702844083309174, 0.08172252029180527
0.14308170974254608, 0.05936576426029205
0.1536080539226532, 0.06315600872039795
0.18763810396194458, 0.06834497302770615
0.19276858866214752, 0.07120630890130997
0.20804975926876068, 0.08933662623167038
0.18854986131191254, 0.07250073552131653
0.16287238895893097, 0.07510761171579361
0.13149261474609375, 0.06066915765404701
0.15260572731494904, 0.07673126459121704
0.14642295241355896, 0.060394179075956345
0.13997477293014526, 0.04515055939555168
0.1210380420088768, 0.037809647619724274
0.13198718428611755, 0.04308394715189934
0.14517830312252045, 0.048651717603206635
0.22234705090522766, 0.0870702937245369
0.15254174172878265, 0.05231870338320732
0.16848349571228027, 0.07849029451608658
0.10086861997842789, 0.03796066343784332
0.1372731477022171, 0.05508492887020111
0.12194587290287018, 0.04749463126063347
0.14369021356105804, 0.06733408570289612
0.13823159039020538, 0.051209717988967896
0.19280186295509338, 0.07845590263605118
0.15717606246471405, 0.06851726025342941
0.11574358493089676, 0.03471976891160011
0.10064292699098587, 0.03342464193701744
0.13073928654193878, 0.0528537817299366
0.17779554426670074, 0.053686171770095825
0.14062030613422394, 0.06854645907878876
0.14588232338428497, 0.06741963326931
0.11617638170719147, 0.04576089233160019
0.13909150660037994, 0.05429420992732048
0.14308491349220276, 0.039757873862981796
0.13734039664268494, 0.05865580588579178
0.1138964369893074, 0.02156703546643257
0.14226789772510529, 0.06271182745695114
0.13160525262355804, 0.05221181735396385
0.13185784220695496, 0.047582924365997314
0.1456938534975052, 0.08409860730171204
0.11717133969068527, 0.042222071439027786
0.13109727203845978, 0.038274962455034256
0.1476362943649292, 0.08051934093236923
0.1886235624551773, 0.0725620836019516
0.12890124320983887, 0.051838167011737823
0.1072477400302887, 0.04679189622402191
0.12012691050767899, 0.059855181723833084
0.12808150053024292, 0.05815272405743599
0.16404534876346588, 0.061271168291568756
0.13364292681217194, 0.06251128762960434
0.11677547544240952, 0.032526712864637375
0.12261751294136047, 0.04250235855579376
0.15737271308898926, 0.06043119356036186
0.13701705634593964, 0.06398139894008636
0.13456709682941437, 0.06367263942956924
0.16459615528583527, 0.08309498429298401
0.12254858016967773, 0.041763786226511
0.1326196789741516, 0.04565511643886566
0.12708981335163116, 0.058048978447914124
0.15020829439163208, 0.06490495800971985
0.164825439453125, 0.08502688258886337
0.12246092408895493, 0.03442595154047012
0.11329454928636551, 0.05119338259100914
0.1461585909128189, 0.061758317053318024
0.17822793126106262, 0.06717988848686218
0.1595412641763687, 0.05350549891591072
0.12895795702934265, 0.0366150438785553
0.1773463487625122, 0.07705971598625183
0.19038724899291992, 0.08998291194438934
0.15167005360126495, 0.061614084988832474
0.184650257229805, 0.09438502043485641
0.20400680601596832, 0.08640240132808685
0.1586720049381256, 0.05240502581000328
0.16267745196819305, 0.08227167278528214
0.16857655346393585, 0.06993773579597473
0.15396954119205475, 0.06718964129686356
0.12428372353315353, 0.06436999887228012
0.19587162137031555, 0.11322173476219177
0.12007731944322586, 0.05613526329398155
0.10081198811531067, 0.03507417067885399
0.15678763389587402, 0.03940147906541824
0.13970668613910675, 0.0681297704577446
0.1416914314031601, 0.056945618242025375
0.15992523729801178, 0.10704375058412552
0.17019788920879364, 0.0704977884888649
0.1302419751882553, 0.06697642803192139
0.11239123344421387, 0.047393664717674255
0.15161912143230438, 0.06396671384572983
0.1819339245557785, 0.06457947939634323
0.14884734153747559, 0.06447014957666397
0.12104863673448563, 0.0426475815474987
0.12990020215511322, 0.05477459728717804
0.1282443404197693, 0.054034218192100525
0.12764784693717957, 0.04343114048242569
0.17108651995658875, 0.05129065364599228
0.14216141402721405, 0.050774116069078445
0.11923298984766006, 0.030962536111474037
0.10863031446933746, 0.04687901958823204
0.14586664736270905, 0.053791604936122894
0.12080388516187668, 0.05186454951763153
0.1183299645781517, 0.037123359739780426
0.10952988266944885, 0.0410158671438694
0.11137888580560684, 0.035785235464572906
0.1343434602022171, 0.048011861741542816
0.12552091479301453, 0.07000408321619034
0.12822669744491577, 0.03670482337474823
0.11087139695882797, 0.058686789125204086
0.13493049144744873, 0.06001751497387886
0.1355421394109726, 0.059485677629709244
0.12925507128238678, 0.04490560665726662
0.12825758755207062, 0.06384044140577316
0.10522570461034775, 0.05258224904537201
0.1363910585641861, 0.06001819297671318
0.15575356781482697, 0.049181561917066574
0.12244967371225357, 0.024843821302056313
0.134099543094635, 0.05118896812200546
0.1319914609193802, 0.06540339440107346
0.15564844012260437, 0.06554468721151352
0.12598001956939697, 0.039641186594963074
0.15241238474845886, 0.059142619371414185
0.1286487728357315, 0.03733754903078079
0.14058755338191986, 0.0644754022359848
0.11146189272403717, 0.02961321733891964
0.11516319215297699, 0.05695147439837456
0.14577607810497284, 0.03961534425616264
0.16635525226593018, 0.09044778347015381
0.14797066152095795, 0.06476227939128876
0.11800399422645569, 0.03725177049636841
0.14956499636173248, 0.05846564844250679
0.13600245118141174, 0.05878158658742905
0.12380892783403397, 0.03846152499318123
0.131985142827034, 0.08209435641765594
0.1440100371837616, 0.05798129364848137
0.1277800053358078, 0.06374713033437729
0.13080249726772308, 0.03562062978744507
0.13276253640651703, 0.04806845635175705
0.11731258779764175, 0.03782951459288597
0.16209423542022705, 0.06513959914445877
0.17705872654914856, 0.06045198813080788
0.14912210404872894, 0.05328822508454323
0.16365677118301392, 0.06163759157061577
0.13201352953910828, 0.06925371289253235
0.13094983994960785, 0.03569651395082474
0.24302026629447937, 0.08520243316888809
0.23101088404655457, 0.10017876327037811
0.1277889758348465, 0.05289478600025177
0.13697127997875214, 0.04430737346410751
0.1383282095193863, 0.05642746761441231
0.14837339520454407, 0.04801055043935776
0.1325942724943161, 0.05124611407518387
0.15962117910385132, 0.06130437180399895
0.1253928244113922, 0.039719440042972565
0.149126335978508, 0.062044672667980194
0.15149849653244019, 0.054698530584573746
0.15558597445487976, 0.06110251322388649
0.1654711663722992, 0.07085902988910675
0.14366717636585236, 0.04874122142791748
0.12384642660617828, 0.04573507979512215
0.1496126353740692, 0.0525418221950531
0.1602003127336502, 0.06042446196079254
0.17238572239875793, 0.08474313467741013
0.1557050347328186, 0.05448846518993378
0.1141466423869133, 0.03607383370399475
0.15148817002773285, 0.08421007543802261
0.11683239042758942, 0.046301621943712234
0.1290958970785141, 0.04353267699480057
0.1337125152349472, 0.04482651874423027
0.13067398965358734, 0.04103141278028488
0.13586987555027008, 0.042733170092105865
0.12845894694328308, 0.053638115525245667
0.1211588904261589, 0.03873323276638985
0.13276274502277374, 0.036562684923410416
0.1477346569299698, 0.0556197464466095
0.1621139794588089, 0.08041642606258392
0.13249923288822174, 0.0693286806344986
0.1356876939535141, 0.05594038963317871
0.13083067536354065, 0.05551516264677048
0.19334200024604797, 0.08636623620986938
0.15312255918979645, 0.061635684221982956
0.11108886450529099, 0.029901588335633278
0.12820079922676086, 0.03772200271487236
0.11697116494178772, 0.045994535088539124
0.11991439759731293, 0.050446171313524246
0.1290954202413559, 0.05417276918888092
0.09727643430233002, 0.03688785806298256
0.12204322963953018, 0.027187492698431015
0.12447329610586166, 0.056441597640514374
0.13951905071735382, 0.07597334682941437
0.15339550375938416, 0.04600938782095909
0.1675882488489151, 0.0519094280898571
0.12077254801988602, 0.06365525722503662
0.11579428613185883, 0.05206574499607086
0.144308939576149, 0.06253141909837723
0.2017458826303482, 0.09311911463737488
0.153216153383255, 0.05808873474597931
0.13305574655532837, 0.055329520255327225
0.13199259340763092, 0.04199724271893501
0.15023189783096313, 0.05075494199991226
0.16352002322673798, 0.08177576214075089
0.12040062993764877, 0.03880281001329422
0.12597081065177917, 0.05153279006481171
0.12213071435689926, 0.047426737844944
0.15646152198314667, 0.06667867302894592
0.14530904591083527, 0.06252924352884293
0.14065809547901154, 0.05024373158812523
0.1499985009431839, 0.06841491907835007
0.12912142276763916, 0.04979228600859642
0.1482916623353958, 0.05089186877012253
0.15227460861206055, 0.07104551792144775
0.1612904816865921, 0.0706249326467514
0.1421431452035904, 0.0567370168864727
0.14981400966644287, 0.06462608277797699
0.17371101677417755, 0.09767484664916992
0.16716916859149933, 0.04568756744265556
0.1645977944135666, 0.045098934322595596
0.14742501080036163, 0.07454799115657806
0.16402360796928406, 0.07565344125032425
0.18448995053768158, 0.06777845323085785
0.13078546524047852, 0.04527425393462181
0.20771072804927826, 0.08078164607286453
0.14675231277942657, 0.046111878007650375
0.14082659780979156, 0.06147293746471405
0.0920674055814743, 0.02925492636859417
0.10422758013010025, 0.03837132081389427
0.14902417361736298, 0.07375302910804749
0.12788823246955872, 0.027752771973609924
0.1488521546125412, 0.06920158118009567
0.16530030965805054, 0.05576515942811966
0.20507235825061798, 0.06789876520633698
0.1387491524219513, 0.05756285786628723
0.1603846251964569, 0.058519233018159866
0.18824274837970734, 0.08672137558460236
0.1688518077135086, 0.08127597719430923
0.18350750207901, 0.11126180738210678
0.1433274894952774, 0.04885344207286835
0.13105759024620056, 0.04869544878602028
0.1499544084072113, 0.07380174845457077
0.1216965764760971, 0.04109402000904083
0.12758409976959229, 0.051367130130529404
0.11421775817871094, 0.04944393038749695
0.1006961390376091, 0.042554691433906555
0.14479759335517883, 0.05106837674975395
0.12721183896064758, 0.0595921166241169
0.11437548696994781, 0.03959450125694275
0.13622769713401794, 0.044673629105091095
0.14524626731872559, 0.07143295556306839
0.12680299580097198, 0.054739050567150116
0.14434869587421417, 0.06213952228426933
0.13176770508289337, 0.08064427226781845
0.11791051924228668, 0.0509830079972744
0.12277138233184814, 0.03660040348768234
0.123719722032547, 0.057715803384780884
0.1299714297056198, 0.04171380773186684
0.13098587095737457, 0.058148909360170364
0.11687522381544113, 0.05633343756198883
0.1814413219690323, 0.08376670628786087
0.1947367787361145, 0.07839291542768478
0.11091581732034683, 0.03853115439414978
0.12615077197551727, 0.0690426304936409
0.1395607441663742, 0.07330051064491272
0.14338545501232147, 0.04260510951280594
0.13048847019672394, 0.06012709066271782
0.15640021860599518, 0.07647382467985153
0.13429845869541168, 0.050926581025123596
0.13396130502223969, 0.0554133877158165
0.20009125769138336, 0.09345648437738419
0.16296124458312988, 0.10039572417736053
0.11963582038879395, 0.060277145355939865
0.10231724381446838, 0.04006023705005646
0.1315467804670334, 0.04858870059251785
0.16874049603939056, 0.0982697606086731
0.20155127346515656, 0.07981432229280472
0.1447678953409195, 0.06234019622206688
0.15191181004047394, 0.05814288556575775
0.16060812771320343, 0.07778814435005188
0.17753154039382935, 0.08780442923307419
0.13380315899848938, 0.055976878851652145
0.095194511115551, 0.03887863829731941
0.12320040166378021, 0.04704222083091736
0.19150178134441376, 0.07614536583423615
0.15757685899734497, 0.06688246876001358
0.15258297324180603, 0.07287247478961945
0.11962869763374329, 0.03798267990350723
0.1009843498468399, 0.02954632230103016
0.13119986653327942, 0.04852703586220741
0.16620281338691711, 0.06379175186157227
0.25446292757987976, 0.14247946441173553
0.23462878167629242, 0.10966958850622177
0.14407271146774292, 0.05577659606933594
0.14587828516960144, 0.0818086713552475
0.11999620497226715, 0.03168382868170738
0.12399754673242569, 0.04923713579773903
0.16498848795890808, 0.07701936364173889
0.09400824457406998, 0.023332567885518074
0.13824200630187988, 0.06803964078426361
0.1315779834985733, 0.0571269653737545
0.15670187771320343, 0.06939656287431717
0.10297784954309464, 0.04094037041068077
0.13493429124355316, 0.042820513248443604
0.10956583172082901, 0.045829735696315765
0.11399074643850327, 0.0448370985686779
0.11173943430185318, 0.03352971374988556
0.1328241229057312, 0.05445243418216705
0.13711562752723694, 0.061947766691446304
0.15194016695022583, 0.04054022952914238
0.16238264739513397, 0.06801097095012665
0.13978154957294464, 0.07195828855037689
0.14356839656829834, 0.07634110003709793
0.17773039638996124, 0.10604304820299149
0.1902719885110855, 0.09333065152168274
0.12512962520122528, 0.0471617691218853
0.1392449587583542, 0.04443981871008873
0.14802588522434235, 0.07489524781703949
0.15380330383777618, 0.06426029652357101
0.13141684234142303, 0.038557641208171844
0.10792146623134613, 0.04558214545249939
0.16955633461475372, 0.06930617988109589
0.16754968464374542, 0.0751083642244339
0.14924558997154236, 0.06604735553264618
0.2095637321472168, 0.10791974514722824
0.20053891837596893, 0.0860341489315033
0.1591307520866394, 0.059229545295238495
0.1544574648141861, 0.05432122200727463
0.14444363117218018, 0.07209900766611099
0.1073848307132721, 0.03911443054676056
0.1749512106180191, 0.09360063821077347
0.16238835453987122, 0.043433163315057755
0.11887557059526443, 0.03729290887713432
0.16113390028476715, 0.10182415693998337
0.22892165184020996, 0.14178656041622162
0.19720607995986938, 0.12105528265237808
0.1636166125535965, 0.06058330088853836
0.26815399527549744, 0.15837359428405762
0.2509125769138336, 0.11349398642778397
0.18769659101963043, 0.07939668744802475
0.19257080554962158, 0.06657306104898453
0.1319546103477478, 0.04014906659722328
0.14685742557048798, 0.07094217091798782
0.11348221451044083, 0.04369604215025902
0.1125158742070198, 0.02678854763507843
0.1627897024154663, 0.08366896212100983
0.12544043362140656, 0.05916298180818558
0.14945121109485626, 0.05661218613386154
0.13503824174404144, 0.056865591555833817
0.10997752100229263, 0.04884103313088417
0.11420302838087082, 0.06593965739011765
0.15843476355075836, 0.0684342086315155
0.13427795469760895, 0.05598399415612221
0.13756658136844635, 0.04152083769440651
0.15772594511508942, 0.061341676861047745
0.13198958337306976, 0.06078494340181351
0.15314006805419922, 0.07670769095420837
0.1597137153148651, 0.050742872059345245
0.22562527656555176, 0.10396910458803177
0.13950714468955994, 0.06067880615592003
0.11445657163858414, 0.04407293722033501
0.1608102172613144, 0.06663592159748077
0.14320215582847595, 0.04698222130537033
0.12035485357046127, 0.057369593530893326
0.13417546451091766, 0.04750831425189972
0.12350490689277649, 0.047315891832113266
0.17009618878364563, 0.06888598948717117
0.14127178490161896, 0.05592206120491028
0.13809619843959808, 0.05389103665947914
0.10397768765687943, 0.048572566360235214
0.14175419509410858, 0.05609127879142761
0.12123893201351166, 0.05346711352467537
0.13320693373680115, 0.05789179354906082
0.15824468433856964, 0.07358408719301224
0.1642628312110901, 0.07881614565849304
0.16334481537342072, 0.054935701191425323
0.16967763006687164, 0.07142389565706253
0.21472233533859253, 0.08442012965679169
0.1528661549091339, 0.05550409108400345
0.12380584329366684, 0.03410833328962326
0.13086766004562378, 0.040734291076660156
0.1348140984773636, 0.052561432123184204
0.16106188297271729, 0.06826738268136978
0.12724706530570984, 0.03744592145085335
0.16504248976707458, 0.05962395295500755
0.12568430602550507, 0.039900779724121094
0.17993351817131042, 0.10034531354904175
0.14908204972743988, 0.07116616517305374
0.15210600197315216, 0.06592391431331635
0.14098088443279266, 0.05524606630206108
0.12720896303653717, 0.06235964223742485
0.1676299124956131, 0.07636960595846176
0.1696373075246811, 0.07983779162168503
0.14055652916431427, 0.06287412345409393
0.1683894693851471, 0.09304028004407883
0.12749488651752472, 0.061245378106832504
0.12419047951698303, 0.05495847761631012
0.1596740484237671, 0.09039238840341568
0.20842066407203674, 0.12014663964509964
0.16389413177967072, 0.07049106061458588
0.16097325086593628, 0.05649811029434204
0.24245281517505646, 0.11129606515169144
0.3103744089603424, 0.1523251235485077
0.20105765759944916, 0.1096210852265358
0.1607692688703537, 0.06591296195983887
0.1227511316537857, 0.04604004696011543
0.11455783993005753, 0.04701157659292221
0.14289987087249756, 0.07425756007432938
0.13984979689121246, 0.058687612414360046
0.1856943517923355, 0.08521338552236557
0.15107853710651398, 0.0672169029712677
0.1313236653804779, 0.058847978711128235
0.1439337283372879, 0.05521749332547188
0.18202060461044312, 0.051614318042993546
0.16533046960830688, 0.07490337640047073
0.12346724420785904, 0.03581952303647995
0.12877078354358673, 0.04446325823664665
0.13897199928760529, 0.0677327886223793
0.13750319182872772, 0.034330278635025024
0.1525823473930359, 0.08723809570074081
0.1454809457063675, 0.05591250956058502
0.1575804501771927, 0.06822975724935532
0.13399843871593475, 0.053522758185863495
0.14156371355056763, 0.05047695338726044
0.13190971314907074, 0.06258929520845413
0.1498655527830124, 0.07231153547763824
0.11008507013320923, 0.04451824352145195
0.14823883771896362, 0.06950293481349945
0.2073780745267868, 0.07973714172840118
0.19381549954414368, 0.06943327933549881
0.21807798743247986, 0.0832141861319542
0.134225532412529, 0.05050930380821228
0.13650721311569214, 0.08214559406042099
0.14676372706890106, 0.0783643051981926
0.1448637992143631, 0.06742839515209198
0.12222908437252045, 0.03503996133804321
0.1305231750011444, 0.050638094544410706
0.15536707639694214, 0.06296280026435852
0.13816531002521515, 0.044942572712898254
0.1552685648202896, 0.07038918882608414
0.1994689702987671, 0.10998336225748062
0.1709212362766266, 0.08554770052433014
0.17935048043727875, 0.0672202855348587
0.1487339437007904, 0.05194278061389923
0.16753603518009186, 0.09843456000089645
0.11975545436143875, 0.04340265691280365
0.1327664703130722, 0.048678625375032425
0.15562328696250916, 0.04249851405620575
0.1626315414905548, 0.08652344346046448
0.21753175556659698, 0.08670773357152939
0.22986772656440735, 0.1239020973443985
0.13535945117473602, 0.06803400069475174
0.12464211136102676, 0.05352438613772392
0.15275950729846954, 0.07260940968990326
0.15490669012069702, 0.06997793167829514
0.16988153755664825, 0.07516196370124817
0.15425390005111694, 0.07607769966125488
0.21585269272327423, 0.10560496151447296
0.17479316890239716, 0.08106521517038345
0.13348785042762756, 0.031330741941928864
0.12645025551319122, 0.054629791527986526
0.1428527981042862, 0.07081394642591476
0.12248102575540543, 0.05411144345998764
0.15321709215641022, 0.05906813591718674
0.16570626199245453, 0.07913258671760559
0.13781513273715973, 0.055188361555337906
0.16833212971687317, 0.0648680031299591
0.18157540261745453, 0.0856056734919548
0.1950675994157791, 0.1092461347579956
0.1403397023677826, 0.06165920943021774
0.14448486268520355, 0.044868968427181244
0.15919724106788635, 0.09512024372816086
0.18410250544548035, 0.05063832551240921
0.13147377967834473, 0.054172758013010025
0.1501522809267044, 0.04799985885620117
0.13663791120052338, 0.042587004601955414
0.11876431852579117, 0.036113008856773376
0.1655174046754837, 0.08262225240468979
0.16818849742412567, 0.06328193843364716
0.18606522679328918, 0.08118395507335663
0.13402937352657318, 0.05658954009413719
0.14862670004367828, 0.046685706824064255
0.16587074100971222, 0.06428416818380356
0.14642061293125153, 0.042829155921936035
0.17893046140670776, 0.09502866864204407
0.1483296900987625, 0.053710173815488815
0.15478236973285675, 0.07392240315675735
0.15521669387817383, 0.05158691108226776
0.13088200986385345, 0.04724106937646866
0.16299839317798615, 0.07188913226127625
0.11366070806980133, 0.03528822585940361
0.15087448060512543, 0.048097994178533554
0.1660296767950058, 0.06547895818948746
0.1757630854845047, 0.058713339269161224
0.13357003033161163, 0.04932761192321777
0.15100155770778656, 0.05724266916513443
0.14752043783664703, 0.05144580081105232
0.21179351210594177, 0.10906773805618286
0.1952008157968521, 0.07595230638980865
0.14780770242214203, 0.05697304382920265
0.1901274025440216, 0.08507905900478363
0.1423727124929428, 0.05530624836683273
0.19237002730369568, 0.07667915523052216
0.1763579547405243, 0.0743984580039978
0.14824382960796356, 0.046419691294431686
0.14942802488803864, 0.07163744419813156
0.12058678269386292, 0.03947899118065834
0.13792376220226288, 0.0539977066218853
0.1915673315525055, 0.08064914494752884
0.2413208782672882, 0.12573294341564178
0.12537881731987, 0.05877598002552986
0.14997319877147675, 0.06961755454540253
0.15469180047512054, 0.07512939721345901
0.1767694056034088, 0.06961503624916077
0.1507442444562912, 0.07380630075931549
0.1404254287481308, 0.06281274557113647
0.19591985642910004, 0.08457305282354355
0.18136745691299438, 0.07405228912830353
0.16777750849723816, 0.045522574335336685
0.14446189999580383, 0.05235837399959564
0.11686979234218597, 0.037541136145591736
0.2060893326997757, 0.10964833945035934
0.17217056453227997, 0.09857022017240524
0.12674805521965027, 0.0652647390961647
0.14603713154792786, 0.053081683814525604
0.1799011081457138, 0.04672814533114433
0.13899320363998413, 0.050217967480421066
0.11082929372787476, 0.030444875359535217
0.17139853537082672, 0.058608997613191605
0.1672196388244629, 0.07553914934396744
0.1526142656803131, 0.06117478385567665
0.20199184119701385, 0.10834018886089325
0.17893870174884796, 0.06754646450281143
0.12875238060951233, 0.03788004443049431
0.15398845076560974, 0.05509645864367485
0.15910181403160095, 0.06600836664438248
0.23606200516223907, 0.1186329796910286
0.1996402144432068, 0.06660611927509308
0.17679500579833984, 0.07519586384296417
0.14860180020332336, 0.08096232265233994
0.18041059374809265, 0.08372663706541061
0.18000979721546173, 0.09620852023363113
0.1733313351869583, 0.06843742728233337
0.2016984224319458, 0.07829172909259796
0.19027622044086456, 0.0827111303806305
0.1775074005126953, 0.09289655834436417
0.19898943603038788, 0.08415932208299637
0.14531511068344116, 0.05825379863381386
0.1853598803281784, 0.08064094930887222
0.16817820072174072, 0.08092005550861359
0.16398946940898895, 0.03993126377463341
0.142607644200325, 0.061068642884492874
0.14680680632591248, 0.05400675907731056
0.1732672154903412, 0.06691742688417435
0.1448715329170227, 0.05767497420310974
0.1320601999759674, 0.03816157951951027
0.11729155480861664, 0.04345973581075668
0.15720026195049286, 0.06962936371564865
0.1678871363401413, 0.07479328662157059
0.15353450179100037, 0.05822698771953583
0.1474483609199524, 0.06736879050731659
0.13716503977775574, 0.06028163805603981
0.14920438826084137, 0.07285551726818085
0.19215312600135803, 0.06962756812572479
0.12973369657993317, 0.03289828076958656
0.14212638139724731, 0.047998204827308655
0.1544898897409439, 0.07101764529943466
0.17562344670295715, 0.07128839194774628
0.15503615140914917, 0.08127797394990921
0.17453595995903015, 0.08083873987197876
0.20724698901176453, 0.11347003281116486
0.2213745415210724, 0.1078966036438942
0.13905388116836548, 0.060147725045681
0.13170978426933289, 0.05734480172395706
0.19862866401672363, 0.11077301949262619
0.13269825279712677, 0.045616064220666885
0.15803100168704987, 0.08257541805505753
0.2001045197248459, 0.08523943275213242
0.21450218558311462, 0.07838645577430725
0.17069067060947418, 0.08207698911428452
0.1789286732673645, 0.07667011767625809
0.15226274728775024, 0.07177282869815826
0.13572336733341217, 0.061812661588191986
0.1367865651845932, 0.056072086095809937
0.1434549242258072, 0.0409669354557991
0.1276252120733261, 0.03546200320124626
0.20774292945861816, 0.09644536674022675
0.13490542769432068, 0.05940452590584755
0.22871330380439758, 0.09428802877664566
0.16824062168598175, 0.059481579810380936
0.12902681529521942, 0.03699487820267677
0.15637734532356262, 0.05561840906739235
0.1633666306734085, 0.08560572564601898
0.12864521145820618, 0.03491401672363281
0.10838116705417633, 0.039958227425813675
0.12218175083398819, 0.05046393722295761
0.18428796529769897, 0.06905762851238251
0.1466001570224762, 0.07204997539520264
0.13060137629508972, 0.08308950066566467
0.1315290778875351, 0.03715233504772186
0.16122925281524658, 0.06316311657428741
0.12593193352222443, 0.044389378279447556
0.11515804380178452, 0.0350363589823246
0.15808813273906708, 0.06264133006334305
0.12608005106449127, 0.03725370019674301
0.15133075416088104, 0.0491374172270298
0.14625471830368042, 0.06019550561904907
0.14692355692386627, 0.04130807891488075
0.19869248569011688, 0.10521544516086578
0.19052419066429138, 0.061392027884721756
0.18724215030670166, 0.08766280114650726
0.1658395528793335, 0.06251731514930725
0.15677452087402344, 0.05776366963982582
0.16343237459659576, 0.049616940319538116
0.18700869381427765, 0.08704283088445663
0.22147433459758759, 0.09618647396564484
0.22318461537361145, 0.08151628822088242
0.22231745719909668, 0.09639453142881393
0.12774942815303802, 0.04836074635386467
0.15254724025726318, 0.06597714871168137
0.1822313517332077, 0.05177580565214157
0.14803145825862885, 0.05323071405291557
0.16421502828598022, 0.05516388267278671
0.2150823473930359, 0.08153373003005981
0.17464375495910645, 0.08517133444547653
0.18101488053798676, 0.07370384782552719
0.18391475081443787, 0.09656500071287155
0.16492344439029694, 0.0514516644179821
0.1320098489522934, 0.04723184183239937
0.18983453512191772, 0.09738491475582123
0.1287316381931305, 0.04597262665629387
0.11710212379693985, 0.05307058244943619
0.16205239295959473, 0.06915584951639175
0.14242735505104065, 0.06970196217298508
0.143743634223938, 0.049306470900774
0.14892396330833435, 0.060453150421381
0.13860195875167847, 0.0474541075527668
0.1582028567790985, 0.05578300356864929
0.2293805629014969, 0.10646182298660278
0.17571158707141876, 0.05924861133098602
0.13961903750896454, 0.06145036220550537
0.13503462076187134, 0.05449627712368965
0.1874270886182785, 0.09328394383192062
0.13137155771255493, 0.049540866166353226
0.17373044788837433, 0.0800500437617302
0.1753339171409607, 0.09179839491844177
0.14553092420101166, 0.06316861510276794
0.11849389970302582, 0.051609862595796585
0.1528938263654709, 0.05786331370472908
0.14482474327087402, 0.06148871034383774
0.17274579405784607, 0.06250353902578354
0.16834786534309387, 0.0915432795882225
0.15227258205413818, 0.051266416907310486
0.20881898701190948, 0.0888129398226738
0.1629762053489685, 0.05558789521455765
0.22412538528442383, 0.09406610578298569
0.19307421147823334, 0.09022492915391922
0.16712822020053864, 0.05551856383681297
0.14512069523334503, 0.053575776517391205
0.1745532900094986, 0.05306262895464897
0.1571693867444992, 0.07590384781360626
0.14610332250595093, 0.0520750917494297
0.14806807041168213, 0.057835862040519714
0.23562176525592804, 0.0739501416683197
0.24607545137405396, 0.12882134318351746
0.15696339309215546, 0.0738280788064003
0.140851691365242, 0.04466422274708748
0.10822158306837082, 0.028757037594914436
0.126943439245224, 0.05621659383177757
0.15826191008090973, 0.07733245193958282
0.13988097012043, 0.0387355275452137
0.13772253692150116, 0.05152185633778572
0.13501961529254913, 0.052170731127262115
0.1434905230998993, 0.04756004735827446
0.1371334046125412, 0.04905204474925995
0.15073013305664062, 0.062477316707372665
0.1594637781381607, 0.07217307388782501
0.18379680812358856, 0.053359102457761765
0.19114592671394348, 0.0684560090303421
0.16463999450206757, 0.04860498756170273
0.19128678739070892, 0.07395247370004654
0.13312236964702606, 0.04772243648767471
0.21503014862537384, 0.09882150590419769
0.13447779417037964, 0.05216006562113762
0.1355224996805191, 0.043230459094047546
0.15910209715366364, 0.06405995041131973
0.16349545121192932, 0.08066286146640778
0.14855727553367615, 0.06129128485918045
0.21277430653572083, 0.1167985275387764
0.21012313663959503, 0.09760815650224686
0.17608006298542023, 0.051484111696481705
0.1508798599243164, 0.05268699303269386
0.18951885402202606, 0.08077827841043472
0.1477339267730713, 0.0700770691037178
0.13096605241298676, 0.03489791601896286
0.1966513991355896, 0.06882056593894958
0.16196632385253906, 0.05089521035552025
0.13885526359081268, 0.03728584945201874
0.17969222366809845, 0.06189573556184769
0.1846316158771515, 0.07518675178289413
0.2198089361190796, 0.06190885230898857
0.20225773751735687, 0.06498328596353531
0.15597446262836456, 0.047224242240190506
0.14518077671527863, 0.05620548129081726
0.18452346324920654, 0.06921599805355072
0.14181888103485107, 0.06140422075986862
0.11347901821136475, 0.031222635880112648
0.16915498673915863, 0.06410146504640579
0.16725890338420868, 0.059897422790527344
0.1722039133310318, 0.07745051383972168
0.14754347503185272, 0.04702983796596527
0.1423914134502411, 0.044208645820617676
0.18602222204208374, 0.07129480689764023
0.19275923073291779, 0.07362385839223862
0.24262192845344543, 0.08896061778068542
0.16628490388393402, 0.0685725286602974
0.15935395658016205, 0.05245314911007881
0.1585700362920761, 0.06955109536647797
0.1576070785522461, 0.07634328305721283
0.27964088320732117, 0.12602418661117554
0.1524171680212021, 0.076326884329319
0.1418984830379486, 0.0675542801618576
0.1668000966310501, 0.06942842900753021
0.17060942947864532, 0.0691402480006218
0.15779362618923187, 0.0515083484351635
0.154070183634758, 0.06436308473348618
0.108744777739048, 0.02936876192688942
0.12288294732570648, 0.0369691327214241
0.14431674778461456, 0.0733027383685112
0.13128578662872314, 0.06277401000261307
0.12661340832710266, 0.037981729954481125
0.15006041526794434, 0.060853876173496246
0.25017932057380676, 0.10307702422142029
0.23440013825893402, 0.10198458284139633
0.13153602182865143, 0.04696233198046684
0.18566694855690002, 0.0797976553440094
0.16166482865810394, 0.06770017743110657
0.14656761288642883, 0.060475122183561325
0.1792127639055252, 0.07053869217634201
0.16409072279930115, 0.06081137806177139
0.21574099361896515, 0.07382626831531525
0.15859870612621307, 0.05415188521146774
0.16561658680438995, 0.06354132294654846
0.15190373361110687, 0.05968725308775902
0.12186886370182037, 0.04031722620129585
0.1676863580942154, 0.07329916208982468
0.17608746886253357, 0.08301135152578354
0.17735353112220764, 0.05650816485285759
0.14654001593589783, 0.052410341799259186
0.1370576024055481, 0.036612652242183685
0.159502774477005, 0.05351688340306282
0.14151890575885773, 0.05495830997824669
0.18506790697574615, 0.0863545686006546
0.16015410423278809, 0.07337586581707001
0.1623944193124771, 0.06890352815389633
0.16785529255867004, 0.0684301033616066
0.2440025359392166, 0.08321703225374222
0.17228499054908752, 0.060353487730026245
0.16625183820724487, 0.06165574863553047
0.13782998919487, 0.05180790647864342
0.18776506185531616, 0.03965826332569122
0.17453809082508087, 0.06911485642194748
0.17330844700336456, 0.06941843777894974
0.1702745109796524, 0.062303174287080765
0.17697222530841827, 0.07168200612068176
0.16389015316963196, 0.05937475338578224
0.21261195838451385, 0.1121332198381424
0.25256451964378357, 0.08621535450220108
0.17662492394447327, 0.07316675037145615
0.14380909502506256, 0.0483953133225441
0.13388587534427643, 0.046958670020103455
0.2007863074541092, 0.06293797492980957
0.13610000908374786, 0.04912787303328514
0.16828206181526184, 0.07578299939632416
0.12499763071537018, 0.039677735418081284
0.16341103613376617, 0.061711497604846954
0.20790061354637146, 0.0737200528383255
0.16104216873645782, 0.05416136234998703
0.14606967568397522, 0.04512491077184677
0.14296089112758636, 0.0712430402636528
0.14357151091098785, 0.03418843820691109
0.1502959430217743, 0.04809896647930145
0.16861000657081604, 0.06405261158943176
0.15239682793617249, 0.06277152895927429
0.1855088323354721, 0.09098374843597412
0.2442481517791748, 0.11201845854520798
0.18993569910526276, 0.07784833014011383
0.1796390414237976, 0.08309706300497055
0.12902076542377472, 0.05476158484816551
0.16571186482906342, 0.05492481216788292
0.15894760191440582, 0.057674065232276917
0.22086237370967865, 0.11246363818645477
0.27339234948158264, 0.12076862156391144
0.21509762108325958, 0.09988587349653244
0.16443093121051788, 0.046548083424568176
0.14960627257823944, 0.022634951397776604
0.15402324497699738, 0.0477311909198761
0.15692433714866638, 0.05194123461842537
0.17815248668193817, 0.06098715588450432
0.21562936902046204, 0.08926582336425781
0.18101510405540466, 0.06959758698940277
0.1502189040184021, 0.04647358879446983
0.15132811665534973, 0.052306611090898514
0.15000618994235992, 0.07115025073289871
0.16268275678157806, 0.07314123213291168
0.13061738014221191, 0.03894142434000969
0.12816812098026276, 0.041664015501737595
0.15135283768177032, 0.04649384692311287
0.1282481998205185, 0.058252207934856415
0.1438111662864685, 0.05993856489658356
0.18463876843452454, 0.08522661030292511
0.174402117729187, 0.05268486589193344
0.17367252707481384, 0.07699139416217804
0.14296749234199524, 0.04998688027262688
0.14540693163871765, 0.0749354436993599
0.14531417191028595, 0.07122903317213058
0.1391611397266388, 0.0440710075199604
0.13689155876636505, 0.0475931279361248
0.14837989211082458, 0.07186912000179291
0.1520804613828659, 0.058039385825395584
0.1461564302444458, 0.03737436980009079
0.14632615447044373, 0.054653700441122055
0.1310218870639801, 0.050158992409706116
0.1790788769721985, 0.07239903509616852
0.16937720775604248, 0.054369933903217316
0.2053082287311554, 0.06948471069335938
0.27845752239227295, 0.15227222442626953
0.14767469465732574, 0.06262756884098053
0.1789892464876175, 0.07063289731740952
0.21566671133041382, 0.08426791429519653
0.19305762648582458, 0.059808626770973206
0.2224607765674591, 0.12549838423728943
0.1603846251964569, 0.05951971933245659
0.22865469753742218, 0.07674427330493927
0.18544936180114746, 0.06456340849399567
0.16585023701190948, 0.0631176307797432
0.14670468866825104, 0.07418288290500641
0.18712587654590607, 0.08780134469270706
0.19641858339309692, 0.10283544659614563
0.14258688688278198, 0.0734962522983551
0.1560458093881607, 0.07191195338964462
0.1585189253091812, 0.05052131041884422
0.16568532586097717, 0.08416824042797089
0.16533607244491577, 0.04387863352894783
0.23345981538295746, 0.11027390509843826
0.21398596465587616, 0.06546852737665176
0.15881505608558655, 0.05437356233596802
0.14005208015441895, 0.07131099700927734
0.14146211743354797, 0.03555769845843315
0.14098310470581055, 0.048478059470653534
0.14829809963703156, 0.05559203773736954
0.14765328168869019, 0.06832251697778702
0.1833629608154297, 0.07483995705842972
0.128132626414299, 0.03645177558064461
0.16224318742752075, 0.04407181218266487
0.18876366317272186, 0.07593914121389389
0.1824311465024948, 0.0758463442325592
0.15803039073944092, 0.06748990714550018
0.12707749009132385, 0.03092484176158905
0.15067487955093384, 0.06727556139230728
0.18782834708690643, 0.08998453617095947
0.22998325526714325, 0.09815864264965057
0.20131856203079224, 0.06420163065195084
0.2009262591600418, 0.08711885660886765
0.12836778163909912, 0.06316079944372177
0.15108855068683624, 0.04930160567164421
0.13882368803024292, 0.04696133732795715
0.1447870284318924, 0.08210296183824539
0.1361192762851715, 0.04990234225988388
0.16929621994495392, 0.07694558054208755
0.186821848154068, 0.07218123972415924
0.16874924302101135, 0.0861746072769165
0.14489313960075378, 0.04284336045384407
0.14099283516407013, 0.041674401611089706
0.19296273589134216, 0.06548221409320831
0.22551162540912628, 0.08961370587348938
0.23648343980312347, 0.10503018647432327
0.17750485241413116, 0.07968553155660629
0.1264573335647583, 0.03952311351895332
0.14742012321949005, 0.06457902491092682
0.12938405573368073, 0.03518453612923622
0.12429225444793701, 0.03399277850985527
0.1804359406232834, 0.07164784520864487
0.21011582016944885, 0.10969001799821854
0.1808852106332779, 0.05683845654129982
0.18875691294670105, 0.08550089597702026
0.16699901223182678, 0.037343718111515045
0.1663796752691269, 0.07671333104372025
0.21725355088710785, 0.05893348529934883
0.18054015934467316, 0.08156141638755798
0.13047224283218384, 0.029212528839707375
0.17275471985340118, 0.07229810953140259
0.18200789391994476, 0.05257396772503853
0.14493057131767273, 0.04030631482601166
0.19309115409851074, 0.09597299993038177
0.16882425546646118, 0.06257292628288269
0.13549192249774933, 0.03937975689768791
0.16328175365924835, 0.06293819099664688
0.17428989708423615, 0.07294813543558121
0.14485986530780792, 0.06322963535785675
0.11923689395189285, 0.04467412456870079
0.1509748250246048, 0.07987800985574722
0.1613827347755432, 0.055170051753520966
0.22835008800029755, 0.10537409782409668
0.2699868679046631, 0.12602153420448303
0.2414150983095169, 0.12101808935403824
0.16241589188575745, 0.06963305920362473
0.14370176196098328, 0.0365300178527832
0.11861848831176758, 0.03793740272521973
0.11807273328304291, 0.03784222900867462
0.15164831280708313, 0.050885993987321854
0.14835181832313538, 0.05720264092087746
0.16849353909492493, 0.09331439435482025
0.18230180442333221, 0.07010732591152191
0.20666609704494476, 0.07677283883094788
0.2073850780725479, 0.08749037981033325
0.21811893582344055, 0.09110043197870255
0.2357613742351532, 0.09751340001821518
0.17899353802204132, 0.07275676727294922
0.15994638204574585, 0.06298757344484329
0.1553393006324768, 0.05324838310480118
0.14683912694454193, 0.06735546886920929
0.14863866567611694, 0.08076633512973785
0.2031819224357605, 0.08644270896911621
0.22776253521442413, 0.11229142546653748
0.2416752725839615, 0.13742747902870178
0.16315141320228577, 0.05453978851437569
0.1716749370098114, 0.07338069379329681
0.1311541050672531, 0.048234689980745316
0.13344460725784302, 0.05276459828019142
0.14667722582817078, 0.05978977680206299
0.13187453150749207, 0.05317995697259903
0.19109438359737396, 0.08923421055078506
0.1472932994365692, 0.056632090359926224
0.1229388490319252, 0.043912697583436966
0.14125019311904907, 0.04519784450531006
0.22357811033725739, 0.12157642841339111
0.22648721933364868, 0.08350353688001633
0.17619545757770538, 0.059908851981163025
0.15699194371700287, 0.06460684537887573
0.14285068213939667, 0.06362204253673553
0.163497194647789, 0.06634066998958588
0.1386072188615799, 0.05461347848176956
0.22709915041923523, 0.07397883385419846
0.16227863729000092, 0.06518161296844482
0.1577283889055252, 0.04143892973661423
0.15636654198169708, 0.0487377755343914
0.17814679443836212, 0.03280480206012726
0.2005109041929245, 0.06610121577978134
0.13196885585784912, 0.050697166472673416
0.18107442557811737, 0.07337409257888794
0.25826650857925415, 0.09422718733549118
0.21747305989265442, 0.10194587707519531
0.17182397842407227, 0.06170720234513283
0.1281168907880783, 0.05463753640651703
0.18446685373783112, 0.07115138322114944
0.14544500410556793, 0.0335521399974823
0.17973655462265015, 0.06304565072059631
0.21115219593048096, 0.07504492253065109
0.13676315546035767, 0.03390778601169586
0.14386557042598724, 0.048336099833250046
0.12872536480426788, 0.0415259525179863
0.19882580637931824, 0.08274319022893906
0.1506907194852829, 0.06542131304740906
0.14747239649295807, 0.08337271213531494
0.1817365437746048, 0.10688845068216324
0.1889212280511856, 0.08756735920906067
0.14845994114875793, 0.0530371218919754
0.21427789330482483, 0.10528228431940079
0.18578529357910156, 0.054858963936567307
0.21207387745380402, 0.07332632690668106
0.11766651272773743, 0.0335751548409462
0.14204148948192596, 0.04796158894896507
0.1796562224626541, 0.0646689161658287
0.1638820767402649, 0.042234256863594055
0.15212994813919067, 0.06840584427118301
0.13194486498832703, 0.06100369244813919
0.20178785920143127, 0.09552124887704849
0.1430860161781311, 0.05927222967147827
0.16978509724140167, 0.06280797719955444
0.1624637395143509, 0.04467063397169113
0.17721697688102722, 0.06286082416772842
0.1674930602312088, 0.08087693899869919
0.12257789075374603, 0.038981374353170395
0.22192420065402985, 0.10547728091478348
0.1474340260028839, 0.053422439843416214
0.141195148229599, 0.05566182732582092
0.18198266625404358, 0.07926026731729507
0.14698860049247742, 0.0677105262875557
0.1534423977136612, 0.0816560611128807
0.1602655053138733, 0.07447893917560577
0.1422002911567688, 0.04917328059673309
0.14325909316539764, 0.04313438758254051
0.13735780119895935, 0.05546843260526657
0.19041769206523895, 0.09737782180309296
0.20625293254852295, 0.08132676035165787
0.21114535629749298, 0.08642619103193283
0.1784384399652481, 0.08075597882270813
0.18543678522109985, 0.08237416297197342
0.17122800648212433, 0.08147048950195312
0.15641525387763977, 0.0692133679986
0.15308094024658203, 0.046660903841257095
0.23226264119148254, 0.0838041603565216
0.2519949674606323, 0.13676798343658447
0.17480511963367462, 0.07707424461841583
0.1949477344751358, 0.062283165752887726
0.14424410462379456, 0.054598163813352585
0.1822584718465805, 0.08825967460870743
0.1153368279337883, 0.02282046712934971
0.1541324406862259, 0.060337167233228683
0.14587680995464325, 0.06467043608427048
0.1352544128894806, 0.03859661519527435
0.1667284518480301, 0.060340262949466705
0.22804458439350128, 0.09158778190612793
0.1773361712694168, 0.06135750561952591
0.14332225918769836, 0.0634312778711319
0.1407879889011383, 0.049473877996206284
0.20312780141830444, 0.060966260731220245
0.24029633402824402, 0.1072925254702568
0.14742396771907806, 0.055032286792993546
0.15286073088645935, 0.0641360953450203
0.13901829719543457, 0.05282515287399292
0.1829005777835846, 0.07081696391105652
0.22501063346862793, 0.0727158635854721
0.3197304308414459, 0.1526617407798767
0.21788755059242249, 0.09017675369977951
0.16543462872505188, 0.06551212072372437
0.19721326231956482, 0.07724262028932571
0.18102076649665833, 0.06768247485160828
0.1909254640340805, 0.06442376226186752
0.17841902375221252, 0.04820019006729126
0.14967617392539978, 0.06633781641721725
0.11323948949575424, 0.040731146931648254
0.15734519064426422, 0.07196865230798721
0.1530722826719284, 0.047308262437582016
0.1459299623966217, 0.03908541053533554
0.12896139919757843, 0.043796855956315994
0.14097636938095093, 0.06000564619898796
0.1763356626033783, 0.08699838817119598
0.18528595566749573, 0.054192978888750076
0.14137370884418488, 0.07149820029735565
0.12720908224582672, 0.04172283038496971
0.12107490003108978, 0.026149025186896324
0.12785574793815613, 0.043368980288505554
0.11219649761915207, 0.027956252917647362
0.13541996479034424, 0.04345731809735298
0.18185779452323914, 0.06351768225431442
0.20570102334022522, 0.08390820771455765
0.1401202380657196, 0.06343013793230057
0.13971030712127686, 0.04858008399605751
0.1343175172805786, 0.03915989398956299
0.1611359864473343, 0.06203869730234146
0.17627942562103271, 0.06770241260528564
0.15497179329395294, 0.052103474736213684
0.18991726636886597, 0.09691073000431061
0.21016965806484222, 0.1076010912656784
0.20180444419384003, 0.11453378945589066
0.15979111194610596, 0.0789254903793335
0.1409992128610611, 0.04874094948172569
0.17482423782348633, 0.0735858604311943
0.21027930080890656, 0.08681999891996384
0.18157550692558289, 0.0771300345659256
0.20095331966876984, 0.0866067185997963
0.1864069402217865, 0.08602175116539001
0.1407066136598587, 0.03703442960977554
0.24588628113269806, 0.11774955689907074
0.19205279648303986, 0.09428378194570541
0.128282368183136, 0.03603723645210266
0.1524742692708969, 0.06430654227733612
0.18345561623573303, 0.08931369334459305
0.22330337762832642, 0.08567603677511215
0.2120983749628067, 0.09412375092506409
0.14507289230823517, 0.05301486700773239
0.14498408138751984, 0.04899446666240692
0.1783795952796936, 0.06905853748321533
0.18105953931808472, 0.05542062222957611
0.19660036265850067, 0.09295450150966644
0.15069741010665894, 0.07122363895177841
0.14461249113082886, 0.05845538154244423
0.1148829460144043, 0.03101555071771145
0.1596176028251648, 0.05557127669453621
0.14693808555603027, 0.031889092177152634
0.1730743795633316, 0.061782315373420715
0.17712078988552094, 0.0808820053935051
0.1470390111207962, 0.04810826852917671
0.14172685146331787, 0.06344598531723022
0.12462258338928223, 0.04143691807985306
0.13614697754383087, 0.03160776197910309
0.15221430361270905, 0.04794185608625412
