mean, std
0.13584618270397186, 0.04233938083052635
0.15576517581939697, 0.04178962484002113
0.22333523631095886, 0.03787049278616905
0.16483059525489807, 0.07406225055456161
0.10809729993343353, 0.05088149383664131
0.09475519508123398, 0.05544273182749748
0.09526374191045761, 0.03841934725642204
0.08765184134244919, 0.04455922171473503
0.0695997104048729, 0.0242422204464674
0.06368277966976166, 0.04310963302850723
0.045672640204429626, 0.020959217101335526
0.048916105180978775, 0.02049131877720356
0.04076315090060234, 0.021922899410128593
0.03904508426785469, 0.019680079072713852
0.038971126079559326, 0.016803884878754616
0.04152277484536171, 0.020439162850379944
0.044119708240032196, 0.027085458859801292
0.04148485139012337, 0.013431473635137081
0.043575186282396317, 0.01813075691461563
0.03396107256412506, 0.015766160562634468
0.0360896997153759, 0.016389960423111916
0.039244018495082855, 0.022916564717888832
0.03755393624305725, 0.024141034111380577
0.03433944657444954, 0.015739530324935913
0.0343787707388401, 0.01953093148767948
0.03471862152218819, 0.012327847070991993
0.02960393577814102, 0.013328004628419876
0.03829609975218773, 0.020698389038443565
0.04071970283985138, 0.012016626074910164
0.04427247866988182, 0.017951006069779396
0.04884409159421921, 0.017995571717619896
0.05197063833475113, 0.017174243927001953
0.060508567839860916, 0.02786071226000786
0.0661330595612526, 0.02961897663772106
0.07088588178157806, 0.037620432674884796
0.0898662582039833, 0.04126238077878952
0.050980132073163986, 0.024475226178765297
0.04009291157126427, 0.014894562773406506
0.04810976982116699, 0.014333218336105347
0.05015696957707405, 0.016412917524576187
0.055478535592556, 0.026048623025417328
0.06363628059625626, 0.03533819690346718
0.03700218349695206, 0.017605382949113846
0.03814501315355301, 0.017566390335559845
0.04219326749444008, 0.017462991178035736
0.03681894391775131, 0.009408840909600258
0.053255535662174225, 0.025088312104344368
0.0436493419110775, 0.01785355620086193
0.04136570170521736, 0.014868645928800106
0.058192960917949677, 0.033890336751937866
0.07008706033229828, 0.023624341934919357
0.05850125849246979, 0.027100898325443268
0.05590624362230301, 0.018793949857354164
0.06401314586400986, 0.02266710065305233
0.09432447701692581, 0.02979745902121067
0.10650118440389633, 0.039551712572574615
0.11323422938585281, 0.03179231286048889
0.12212065607309341, 0.05376975238323212
0.16825419664382935, 0.07752864807844162
0.14598281681537628, 0.0511091873049736
0.17046329379081726, 0.07081465423107147
0.14859700202941895, 0.0539388507604599
0.13364632427692413, 0.05736909434199333
0.11810273677110672, 0.04210490360856056
0.13793976604938507, 0.053975604474544525
0.09760741144418716, 0.038819994777441025
0.1798565536737442, 0.07682864367961884
0.1023845225572586, 0.037349049001932144
0.0897548571228981, 0.034001462161540985
0.13547466695308685, 0.049484629184007645
0.10451487451791763, 0.05473317950963974
0.1215771958231926, 0.05989064648747444
0.1323973834514618, 0.0547357015311718
0.1504337340593338, 0.0633712038397789
0.12505099177360535, 0.05637020617723465
0.1349395364522934, 0.05062011256814003
0.11661878973245621, 0.056978292763233185
0.17298169434070587, 0.08738439530134201
0.10735050588846207, 0.03834103047847748
0.11444936692714691, 0.04319668933749199
0.1140371710062027, 0.026893435046076775
0.13888214528560638, 0.053446050733327866
0.13405537605285645, 0.07777029275894165
0.13742485642433167, 0.05175924301147461
0.12657631933689117, 0.047586239874362946
0.12649403512477875, 0.06321406364440918
0.13341082632541656, 0.05218740180134773
0.16943670809268951, 0.06597521156072617
0.08267178386449814, 0.03800072520971298
0.1056242510676384, 0.054090715944767
0.1208454892039299, 0.05740693211555481
0.12428390979766846, 0.0495273619890213
0.11275380104780197, 0.04670436307787895
0.1398056149482727, 0.054236315190792084
0.11986582726240158, 0.03744341805577278
0.14445438981056213, 0.06270195543766022
0.10813647508621216, 0.04291229322552681
0.1580006182193756, 0.08768971264362335
0.12627491354942322, 0.04694202169775963
0.1681402325630188, 0.07038802653551102
0.12958987057209015, 0.047986406832933426
0.11467994749546051, 0.039713840931653976
0.19774718582630157, 0.12305080890655518
0.15943659842014313, 0.06925444304943085
0.13634033501148224, 0.04531204700469971
0.15697717666625977, 0.04836048185825348
0.18491943180561066, 0.09250170737504959
0.1933399736881256, 0.0911884680390358
0.1535165011882782, 0.07391403615474701
0.1992640644311905, 0.0963544249534607
0.19364836812019348, 0.0796269103884697
0.182584747672081, 0.09225121885538101
0.15253478288650513, 0.06233510747551918
0.21812506020069122, 0.09356438368558884
0.18718424439430237, 0.07719302922487259
0.13020877540111542, 0.039781272411346436
0.1684674471616745, 0.08457368612289429
0.16786406934261322, 0.06508775055408478
0.10519470274448395, 0.030479514971375465
0.15158577263355255, 0.0703769326210022
0.1706579476594925, 0.0752469077706337
0.10100649297237396, 0.023352812975645065
0.13337087631225586, 0.06155414134263992
0.16473060846328735, 0.06600048393011093
0.12436684221029282, 0.06039911136031151
0.10215050727128983, 0.026499854400753975
0.130930557847023, 0.04771869629621506
0.13612431287765503, 0.05892903357744217
0.13527102768421173, 0.04860023409128189
0.18470947444438934, 0.09650184959173203
0.1659286916255951, 0.09610805660486221
0.1285851001739502, 0.06864666193723679
0.16245490312576294, 0.07717203348875046
0.14241810142993927, 0.06605549156665802
0.1853608340024948, 0.08421061933040619
0.1254478245973587, 0.049942005425691605
0.1241019144654274, 0.0575079470872879
0.12876789271831512, 0.05855881795287132
0.10467664152383804, 0.03757524490356445
0.154844269156456, 0.0819738358259201
0.1450561285018921, 0.05926608666777611
0.1315944492816925, 0.05760080739855766
0.10216426849365234, 0.028555870056152344
0.09756631404161453, 0.03340119495987892
0.10100942850112915, 0.024563712999224663
0.14190779626369476, 0.07956120371818542
0.14772287011146545, 0.07347137480974197
0.1377570480108261, 0.04845038801431656
0.1206478402018547, 0.04480907320976257
0.11847611516714096, 0.04695063456892967
0.12035870552062988, 0.049971241503953934
0.13919411599636078, 0.05517565459012985
0.23496535420417786, 0.11780494451522827
0.13664694130420685, 0.04461948573589325
0.12791062891483307, 0.05105849727988243
0.1426113247871399, 0.07086966931819916
0.15091069042682648, 0.051187094300985336
0.1509588211774826, 0.05647057294845581
0.20566722750663757, 0.1012047529220581
0.1453706920146942, 0.07739783823490143
0.114067941904068, 0.049918390810489655
0.1627371609210968, 0.09435899555683136
0.1262342780828476, 0.03937302157282829
0.11167296022176743, 0.03733280301094055
0.14897942543029785, 0.05703295022249222
0.13799676299095154, 0.04689546674489975
0.10849189013242722, 0.043508343398571014
0.13023070991039276, 0.0555005706846714
0.1528988927602768, 0.07145388424396515
0.13970287144184113, 0.057852063328027725
0.13298524916172028, 0.04195018112659454
0.11375304311513901, 0.030212298035621643
0.14518433809280396, 0.05609995871782303
0.1378493309020996, 0.05639183521270752
0.13254816830158234, 0.05605776980519295
0.1377778798341751, 0.05913713946938515
0.17566709220409393, 0.059005919843912125
0.18386664986610413, 0.07279442995786667
0.12052705883979797, 0.04037468135356903
0.14353306591510773, 0.055238138884305954
0.1478603333234787, 0.07628916203975677
0.16225849092006683, 0.075360968708992
0.20624640583992004, 0.08793674409389496
0.14670248329639435, 0.06444496661424637
0.11532975733280182, 0.05291997641324997
0.13320106267929077, 0.05525592342019081
0.1177280992269516, 0.03538357838988304
0.12219042330980301, 0.05809494107961655
0.11855687201023102, 0.04763694107532501
0.1531381905078888, 0.05940672755241394
0.10232359915971756, 0.0370941162109375
0.10616935044527054, 0.037456102669239044
0.1393359750509262, 0.0607227124273777
0.11510012298822403, 0.04748459532856941
0.09318123012781143, 0.03398433327674866
0.1326119750738144, 0.06281355768442154
0.1635088473558426, 0.09769654273986816
0.2092321664094925, 0.09002485126256943
0.10407790541648865, 0.02762235887348652
0.125142902135849, 0.08162633329629898
0.20133931934833527, 0.07096265256404877
0.15313999354839325, 0.07177501916885376
0.11687885224819183, 0.06471417099237442
0.16930633783340454, 0.071272112429142
0.12608487904071808, 0.04351547360420227
0.10404756665229797, 0.03438533470034599
0.1439240574836731, 0.053679727017879486
0.11819025129079819, 0.05537375062704086
0.12000758200883865, 0.03749099001288414
0.10804424434900284, 0.04621462896466255
0.10865247994661331, 0.03815998136997223
0.11708632856607437, 0.037580788135528564
0.11656895279884338, 0.04018186405301094
0.09940192848443985, 0.03399743512272835
0.13172943890094757, 0.06103940308094025
0.12433359771966934, 0.04616621136665344
0.13931412994861603, 0.06306244432926178
0.16936688125133514, 0.07912318408489227
0.1295381784439087, 0.04618971794843674
0.11536414176225662, 0.04299972206354141
0.13762924075126648, 0.05678117647767067
0.20769579708576202, 0.0974886491894722
0.22407442331314087, 0.10040842741727829
0.2471688836812973, 0.12595759332180023
0.19705337285995483, 0.09281142055988312
0.15886791050434113, 0.06749825179576874
0.12142840772867203, 0.049515243619680405
0.10426388680934906, 0.0480365976691246
0.1184772402048111, 0.04622119292616844
0.10183968394994736, 0.036881398409605026
0.09965486824512482, 0.03814729303121567
0.1263546645641327, 0.06159943342208862
0.11880004405975342, 0.03447513282299042
0.11381147056818008, 0.04642800986766815
0.12015880644321442, 0.04313300549983978
0.12292257696390152, 0.04896468669176102
0.10382126271724701, 0.04002651199698448
0.1243586391210556, 0.04575499892234802
0.11821447312831879, 0.04332432895898819
0.10792138427495956, 0.041032470762729645
0.12333188205957413, 0.04154486581683159
0.16334445774555206, 0.07179085165262222
0.11501499265432358, 0.04924380034208298
0.10623081773519516, 0.060202036052942276
0.09248482435941696, 0.03184529021382332
0.1292814463376999, 0.050114016979932785
0.20904752612113953, 0.10005981475114822
0.218760684132576, 0.08399900048971176
0.1360914260149002, 0.058700308203697205
0.1341051161289215, 0.06842148303985596
0.12357452511787415, 0.057440418750047684
0.13039334118366241, 0.05218372121453285
0.13475678861141205, 0.07520278543233871
0.1018214002251625, 0.04387488588690758
0.09564714878797531, 0.029488541185855865
0.11672292649745941, 0.03850708156824112
0.12265404313802719, 0.04153292253613472
0.12871623039245605, 0.04323984682559967
0.11482739448547363, 0.038504160940647125
0.1317213922739029, 0.05830542370676994
0.17607098817825317, 0.08570177108049393
0.15713228285312653, 0.061857789754867554
0.12362942844629288, 0.05009894445538521
0.14004264771938324, 0.060234736651182175
0.13009104132652283, 0.049777351319789886
0.15678678452968597, 0.08345158398151398
0.11893953382968903, 0.05889427661895752
0.12188991159200668, 0.06097615882754326
0.10339955985546112, 0.045553915202617645
0.10931151360273361, 0.04418507590889931
0.12617532908916473, 0.057237736880779266
0.16317243874073029, 0.06128612160682678
0.10743158310651779, 0.04453342780470848
0.10279462486505508, 0.03327246010303497
0.16418777406215668, 0.06628015637397766
0.10414933413267136, 0.036024000495672226
0.09701911360025406, 0.032681435346603394
0.13087402284145355, 0.05507175624370575
0.14195586740970612, 0.06661298125982285
0.1112917810678482, 0.036537934094667435
0.0875910148024559, 0.02483205683529377
0.12129146605730057, 0.05945074185729027
0.12616391479969025, 0.04766814783215523
0.10161518305540085, 0.04563003405928612
0.13939699530601501, 0.06384079903364182
0.13175934553146362, 0.05689184367656708
0.12949876487255096, 0.06091773137450218
0.11666438728570938, 0.03887992724776268
0.10574828833341599, 0.05069606378674507
0.16178369522094727, 0.05598945915699005
0.11569210141897202, 0.056845542043447495
0.11527679115533829, 0.047513872385025024
0.12679317593574524, 0.05542989820241928
0.11105022579431534, 0.04179678484797478
0.14690454304218292, 0.06471221148967743
0.15869832038879395, 0.07026104629039764
0.12161830812692642, 0.051350317895412445
0.12849022448062897, 0.05363662913441658
0.10085757821798325, 0.05589156597852707
0.17622601985931396, 0.08080659061670303
0.12071655690670013, 0.06237911432981491
0.14116032421588898, 0.03757084533572197
0.11808603256940842, 0.05450364947319031
0.09520182758569717, 0.02810428850352764
0.0903974398970604, 0.026412781327962875
0.12303707748651505, 0.06275705993175507
0.13368187844753265, 0.07074730843305588
0.16039568185806274, 0.06311788409948349
0.11048942059278488, 0.03623488172888756
0.12818387150764465, 0.05167490616440773
0.18181610107421875, 0.08233385533094406
0.16050130128860474, 0.07473524659872055
0.11097240447998047, 0.05590927228331566
0.10946744680404663, 0.06167370080947876
0.1415381282567978, 0.058284737169742584
0.09542517364025116, 0.02745073474943638
0.16543368995189667, 0.08626168966293335
0.1206745058298111, 0.06521208584308624
0.1281587928533554, 0.051973529160022736
0.14046074450016022, 0.07252205163240433
0.13157063722610474, 0.054606225341558456
0.1029319241642952, 0.030941203236579895
0.09180334955453873, 0.02099647745490074
0.10705200582742691, 0.045773956924676895
0.11498252302408218, 0.05915373936295509
0.12533791363239288, 0.06245514750480652
0.10356884449720383, 0.029343407601118088
0.11293497681617737, 0.0436275415122509
0.09780289232730865, 0.04591759294271469
0.10501226037740707, 0.0386071503162384
0.10621831566095352, 0.06015276908874512
0.15563280880451202, 0.06740391254425049
0.10751373320817947, 0.05746646970510483
0.13525499403476715, 0.06106063351035118
0.14306385815143585, 0.06116729602217674
0.13213159143924713, 0.05764676257967949
0.19840098917484283, 0.06987547129392624
0.1089453175663948, 0.04473014548420906
0.10745129734277725, 0.04149628058075905
0.11320272088050842, 0.05010613054037094
0.09533722698688507, 0.03481879457831383
0.12141821533441544, 0.05340556800365448
0.13804273307323456, 0.05718106031417847
0.13554690778255463, 0.04036375880241394
0.11248081177473068, 0.03576776012778282
0.11199091374874115, 0.040212370455265045
0.12103116512298584, 0.050192393362522125
0.14934538304805756, 0.06938882917165756
0.09539340436458588, 0.03193814307451248
0.1233581155538559, 0.055451009422540665
0.15318229794502258, 0.07931069284677505
0.09797719866037369, 0.039851848036050797
0.09222952276468277, 0.03189431130886078
0.12775887548923492, 0.05345471203327179
0.11255446076393127, 0.0502130500972271
0.08058524131774902, 0.022525332868099213
0.11728595197200775, 0.04406758025288582
0.10686111450195312, 0.0580974780023098
0.2228560745716095, 0.07879382371902466
0.1433156281709671, 0.0945301502943039
0.11997918039560318, 0.03477245196700096
0.09567339718341827, 0.024107784032821655
0.1185087338089943, 0.05155973881483078
0.1209351196885109, 0.043057940900325775
0.08921686559915543, 0.03480590879917145
0.10768172889947891, 0.042146410793066025
0.12487668544054031, 0.06427310407161713
0.10551778227090836, 0.03633337467908859
0.08844561129808426, 0.028026705607771873
0.1451735645532608, 0.06539817154407501
0.20064492523670197, 0.09438692033290863
0.14678797125816345, 0.0672999694943428
0.1779545098543167, 0.07831349223852158
0.18949854373931885, 0.08618774265050888
0.1420760154724121, 0.06618303805589676
0.1215083971619606, 0.047326330095529556
0.11973243206739426, 0.03621933236718178
0.10816820710897446, 0.03953619673848152
0.1607641726732254, 0.07116018235683441
0.12755197286605835, 0.04549813270568848
0.15646253526210785, 0.08019270747900009
0.10584869980812073, 0.04531773179769516
0.11720505356788635, 0.050445448607206345
0.09650496393442154, 0.02649628184735775
0.13916762173175812, 0.06932547688484192
0.11647719889879227, 0.04157651960849762
0.09703505039215088, 0.03817234933376312
0.11945538967847824, 0.04754678159952164
0.11387843638658524, 0.0518750436604023
0.15612737834453583, 0.07576949149370193
0.12024148553609848, 0.04208371788263321
0.14576098322868347, 0.060067422688007355
0.11961020529270172, 0.05221710726618767
0.1537703275680542, 0.07112890481948853
0.10794113576412201, 0.035801175981760025
0.10466837882995605, 0.04222727566957474
0.0925377905368805, 0.04054102301597595
0.10131793469190598, 0.03871730715036392
0.09117314219474792, 0.035885587334632874
0.1140739917755127, 0.060729533433914185
0.12939761579036713, 0.0545426644384861
0.1281057894229889, 0.03633417561650276
0.09574496001005173, 0.02317708358168602
0.13145709037780762, 0.04843014106154442
0.1494828462600708, 0.06663838028907776
0.12903337180614471, 0.04127419739961624
0.12330905348062515, 0.05236167460680008
0.1213381439447403, 0.05828658118844032
0.11013317853212357, 0.04850594699382782
0.09597582370042801, 0.04797854647040367
0.09037058055400848, 0.036545559763908386
0.09399142116308212, 0.029308905825018883
0.11994244158267975, 0.039390116930007935
0.12916141748428345, 0.0697377547621727
0.0924287736415863, 0.024295663461089134
0.11054784059524536, 0.05200386047363281
0.12544816732406616, 0.05124843120574951
0.10617773979902267, 0.04579554498195648
0.11742404103279114, 0.04905121028423309
0.1420406699180603, 0.05342116951942444
0.18657906353473663, 0.07772637903690338
0.1575351506471634, 0.054365839809179306
0.16998210549354553, 0.07342766225337982
0.10860615968704224, 0.045506034046411514
0.09746959805488586, 0.043648168444633484
0.08986810594797134, 0.027042333036661148
0.10521681606769562, 0.03329794853925705
0.11093385517597198, 0.04726237431168556
0.13308164477348328, 0.06132504343986511
0.11095207929611206, 0.05309329926967621
0.12115171551704407, 0.050034843385219574
0.21842031180858612, 0.08674778789281845
0.12102542817592621, 0.04027852416038513
0.13766106963157654, 0.04667191579937935
0.12117412686347961, 0.04233306646347046
0.13138610124588013, 0.05889536440372467
0.08985885232686996, 0.03887131065130234
0.09434464573860168, 0.02756251022219658
0.08867599815130234, 0.03538680449128151
0.1441722959280014, 0.051621049642562866
0.12306112796068192, 0.06643706560134888
0.09190843999385834, 0.03966677561402321
0.11415833979845047, 0.04240759462118149
0.13141518831253052, 0.06282886862754822
0.12532348930835724, 0.03875488415360451
0.09379757195711136, 0.04387136176228523
0.10461150109767914, 0.04459010437130928
0.1475553810596466, 0.03976419195532799
0.15416140854358673, 0.08264495432376862
0.1210460513830185, 0.06311453878879547
0.09675160050392151, 0.04158473014831543
0.10940197110176086, 0.0558704249560833
0.1500295102596283, 0.0834873840212822
0.09592925012111664, 0.032262858003377914
0.11690119653940201, 0.06582516431808472
0.1290716677904129, 0.04992983490228653
0.1149929091334343, 0.040520645678043365
0.08799997717142105, 0.023622216656804085
0.09873544424772263, 0.03445584699511528
0.16289833188056946, 0.054383426904678345
0.11583450436592102, 0.04925978556275368
0.08615569025278091, 0.037601735442876816
0.10296152532100677, 0.04081493616104126
0.11299015581607819, 0.050766441971063614
0.08325477689504623, 0.018547605723142624
0.14960145950317383, 0.07509960979223251
0.13314542174339294, 0.05591592192649841
0.1292436122894287, 0.06448449194431305
0.14715178310871124, 0.05593016743659973
0.12850797176361084, 0.059964556246995926
0.11664095520973206, 0.04278188943862915
0.14654211699962616, 0.07199854403734207
0.14141187071800232, 0.0677066221833229
0.10990950465202332, 0.04175291582942009
0.12492813169956207, 0.05298681557178497
0.11620310693979263, 0.041120532900094986
0.11921039968729019, 0.05416370928287506
0.07874789834022522, 0.024997323751449585
0.08949931710958481, 0.04101499915122986
0.13025657832622528, 0.0700150579214096
0.1504257470369339, 0.06570132821798325
0.14475251734256744, 0.08114881813526154
0.11049693822860718, 0.03979746624827385
0.12148390710353851, 0.03813331574201584
0.12936851382255554, 0.06793872267007828
0.15334707498550415, 0.06066129729151726
0.16760681569576263, 0.07004266232252121
0.14096209406852722, 0.051666513085365295
0.1596033126115799, 0.08375412225723267
0.10120120644569397, 0.04201967641711235
0.10613033920526505, 0.04126956686377525
0.09540334343910217, 0.03167608007788658
0.09815863519906998, 0.03209993988275528
0.17263264954090118, 0.07773663848638535
0.1359643042087555, 0.06670965254306793
0.09262482076883316, 0.03293346241116524
0.13668714463710785, 0.05706251040101051
0.09144695103168488, 0.03128592669963837
0.11642356961965561, 0.04552128538489342
0.0988631397485733, 0.03712748363614082
0.10583030432462692, 0.03860456869006157
0.09278319776058197, 0.03279884532094002
0.09386271238327026, 0.04044210910797119
0.20070897042751312, 0.11027830094099045
0.2207769751548767, 0.10923591256141663
0.10189696401357651, 0.03328016400337219
0.1107560470700264, 0.06543758511543274
0.08955813944339752, 0.04286219924688339
0.08383338153362274, 0.033490199595689774
0.11913476139307022, 0.048397380858659744
0.1393919587135315, 0.06453147530555725
0.10988052934408188, 0.04096578434109688
0.11167611181735992, 0.06676505506038666
0.0930146723985672, 0.03361521661281586
0.10250458866357803, 0.02434132993221283
0.10992703586816788, 0.029197996482253075
0.10565989464521408, 0.03956224024295807
0.10600720345973969, 0.05126623436808586
0.09470377117395401, 0.04737960919737816
0.07360929995775223, 0.024083280935883522
0.09176676720380783, 0.029323069378733635
0.13378024101257324, 0.05904446914792061
0.09283804893493652, 0.04265029355883598
0.10927621275186539, 0.0479617640376091
0.1307777464389801, 0.06310193985700607
0.1466512382030487, 0.05865655094385147
0.10395410656929016, 0.037277836352586746
0.08590207248926163, 0.0263470821082592
0.1043194830417633, 0.04543231800198555
0.10068085789680481, 0.031022358685731888
0.10362305492162704, 0.038567814975976944
0.1653248816728592, 0.08297008275985718
0.12179149687290192, 0.06270236521959305
0.18122169375419617, 0.1089845523238182
0.1421830654144287, 0.05773792415857315
0.09599319845438004, 0.034124065190553665
0.09893312305212021, 0.03247632458806038
0.08707111328840256, 0.0281982459127903
0.09111396223306656, 0.02678166888654232
0.0961185023188591, 0.032168660312891006
0.08976074308156967, 0.024484092369675636
0.0980721190571785, 0.041715189814567566
0.09247837215662003, 0.02813798002898693
0.09408765286207199, 0.027235228568315506
0.1413455754518509, 0.0713019073009491
0.1737700253725052, 0.0686347484588623
0.1411278396844864, 0.07986049354076385
0.08933106809854507, 0.034834131598472595
0.11797690391540527, 0.049885526299476624
0.13220706582069397, 0.056628499180078506
0.11596802622079849, 0.0470367893576622
0.09358162432909012, 0.028189687058329582
0.17312407493591309, 0.0954471230506897
0.11220620572566986, 0.03717425838112831
0.1318240910768509, 0.05547035485506058
0.13560540974140167, 0.062209583818912506
0.16603732109069824, 0.08360415697097778
0.1370232105255127, 0.05372052267193794
0.14191527664661407, 0.06388463824987411
0.15240906178951263, 0.06734819710254669
0.13049426674842834, 0.052733976393938065
0.17768210172653198, 0.08597148209810257
0.13968044519424438, 0.04234359785914421
0.13814426958560944, 0.05504738539457321
0.14706407487392426, 0.050226833671331406
0.1224883571267128, 0.0501384474337101
0.12804897129535675, 0.0514867939054966
0.13257566094398499, 0.04405948147177696
0.11859788000583649, 0.05472208932042122
0.08895452320575714, 0.020424092188477516
0.09559092670679092, 0.03995527699589729
0.11039186269044876, 0.037125181406736374
0.10518302023410797, 0.044779036194086075
0.13918690383434296, 0.04878625646233559
0.12892253696918488, 0.04084097594022751
0.14338813722133636, 0.04588554799556732
0.1341456025838852, 0.05780039355158806
0.10025932639837265, 0.03163142129778862
0.09548122435808182, 0.025859519839286804
0.10424315929412842, 0.052364468574523926
0.11545544117689133, 0.050248924642801285
0.12001071870326996, 0.048863526433706284
0.09812231361865997, 0.023653771728277206
0.11705116182565689, 0.06284542381763458
0.1320454329252243, 0.0462561659514904
0.11442278325557709, 0.04837903380393982
0.12627890706062317, 0.0460636131465435
0.127175435423851, 0.049218565225601196
0.1068628579378128, 0.02905362844467163
0.11163512617349625, 0.03753572329878807
0.10795841366052628, 0.03472582623362541
0.12525410950183868, 0.057267431169748306
0.17911963164806366, 0.055746227502822876
0.176092267036438, 0.0647343322634697
0.18625088036060333, 0.12784092128276825
0.11793921887874603, 0.042065829038619995
0.0873793363571167, 0.0268537700176239
0.09827306121587753, 0.031149499118328094
0.0928938165307045, 0.029879717156291008
0.09213784337043762, 0.02808893844485283
0.09515397995710373, 0.026388365775346756
0.10303811728954315, 0.03678806498646736
0.10622333735227585, 0.05131985992193222
0.11267007887363434, 0.04565374553203583
0.13110747933387756, 0.04998517408967018
0.09978208690881729, 0.03237931802868843
0.07289145141839981, 0.018309595063328743
0.0890299454331398, 0.026189614087343216
0.08582813292741776, 0.023703619837760925
0.09980546683073044, 0.03554883971810341
0.10917528718709946, 0.03369119018316269
0.14096768200397491, 0.03838987275958061
0.0992368534207344, 0.047955725342035294
0.10489518940448761, 0.040429096668958664
0.16467200219631195, 0.07591744512319565
0.11875014752149582, 0.05127175524830818
0.1165706068277359, 0.06329567730426788
0.19799646735191345, 0.07683565467596054
0.15012618899345398, 0.07676120847463608
0.161973774433136, 0.05562903732061386
0.10625791549682617, 0.03340764716267586
0.1330835372209549, 0.050267402082681656
0.13842055201530457, 0.058400798588991165
0.20166487991809845, 0.08928199857473373
0.15960794687271118, 0.07005476951599121
0.09599011391401291, 0.033580534160137177
0.09123288094997406, 0.034810636192560196
0.10251427441835403, 0.02751416154205799
0.13926924765110016, 0.06149204447865486
0.11379186064004898, 0.0476360023021698
0.12754970788955688, 0.041344717144966125
0.2055220603942871, 0.11238611489534378
0.15850719809532166, 0.06220540776848793
0.13231432437896729, 0.049317434430122375
0.09235719591379166, 0.02955728769302368
0.15279443562030792, 0.06077629700303078
0.15168149769306183, 0.08406682312488556
0.0937284603714943, 0.022142037749290466
0.10831036418676376, 0.04376578703522682
0.0874873474240303, 0.0365433469414711
0.0819728672504425, 0.02727612666785717
0.08295789361000061, 0.030763927847146988
0.094663605093956, 0.02580850198864937
0.1339244395494461, 0.06116006523370743
0.1377326399087906, 0.06241840869188309
0.12613539397716522, 0.046534422785043716
0.1272258311510086, 0.031199777498841286
0.12001381814479828, 0.05545975640416145
0.12291178852319717, 0.045524924993515015
0.10348903387784958, 0.023177362978458405
0.10196193307638168, 0.036656010895967484
0.10243725031614304, 0.04205945134162903
0.11252500116825104, 0.049294617027044296
0.11280947178602219, 0.04201599583029747
0.1285167783498764, 0.04440950229763985
0.11682597547769547, 0.04013466462492943
0.09054271876811981, 0.034622710198163986
0.09684307873249054, 0.04216773062944412
0.09167435020208359, 0.028301626443862915
0.09619144350290298, 0.0445471815764904
0.09623580425977707, 0.0337151437997818
0.15040768682956696, 0.06340518593788147
0.09474338591098785, 0.023258553817868233
0.10707221180200577, 0.04098597913980484
0.10916892439126968, 0.03648951277136803
0.10062918812036514, 0.040443457663059235
0.11185234040021896, 0.040153805166482925
0.08919944614171982, 0.03835751861333847
0.0932026356458664, 0.03467109054327011
0.09987345337867737, 0.02653852477669716
0.10827895998954773, 0.044968586415052414
0.15326698124408722, 0.07185068726539612
0.12651851773262024, 0.049207188189029694
0.1064029112458229, 0.05861200764775276
0.08461666107177734, 0.028745293617248535
0.11402130126953125, 0.04957199469208717
0.11348870396614075, 0.0249248668551445
0.10306896269321442, 0.04572105407714844
0.14608128368854523, 0.05016852542757988
0.11241105198860168, 0.04598996788263321
0.1425579935312271, 0.08184683322906494
0.1460542380809784, 0.07557559013366699
0.13061730563640594, 0.07312645763158798
0.11039622873067856, 0.0358707420527935
0.11998537182807922, 0.04402643069624901
0.1413089632987976, 0.04075881093740463
0.14865095913410187, 0.06823931634426117
0.12855668365955353, 0.05839100480079651
0.16536222398281097, 0.055594708770513535
0.19686275720596313, 0.08136516809463501
0.12450117617845535, 0.04545516520738602
0.15297988057136536, 0.05133809521794319
0.12042652070522308, 0.04654228687286377
0.14685359597206116, 0.058568406850099564
0.09646538645029068, 0.023186225444078445
0.13076965510845184, 0.04010344296693802
0.1148219108581543, 0.03704506903886795
0.09359841793775558, 0.03438534215092659
0.07525130361318588, 0.020633330568671227
0.11240027844905853, 0.039887554943561554
0.110927514731884, 0.0483408197760582
0.10061129182577133, 0.03674545884132385
0.1301647573709488, 0.0487629659473896
0.1601535826921463, 0.06420518457889557
0.15757378935813904, 0.06892567873001099
0.13140182197093964, 0.032992877066135406
0.15093809366226196, 0.054620351642370224
0.10176990181207657, 0.04281005635857582
0.11168482899665833, 0.04260094463825226
0.10753365606069565, 0.034047484397888184
0.09649939835071564, 0.03973689302802086
0.09464428573846817, 0.03059524856507778
0.09950096905231476, 0.03825116157531738
0.13037258386611938, 0.05491693690419197
0.08395791053771973, 0.023438701406121254
0.08990317583084106, 0.025472206994891167
0.10286302119493484, 0.031458575278520584
0.09220841526985168, 0.02611367404460907
0.12630976736545563, 0.0650838166475296
0.11858834326267242, 0.03994287922978401
0.11002092808485031, 0.03924823924899101
0.17154718935489655, 0.08155721426010132
0.12471695989370346, 0.03997249901294708
0.09284201264381409, 0.02806553617119789
0.16288718581199646, 0.054846733808517456
0.11759396642446518, 0.04932515323162079
0.11535251140594482, 0.032412175089120865
0.15209828317165375, 0.0699337050318718
0.09746525436639786, 0.03130200132727623
0.12939772009849548, 0.05470869317650795
0.0728420540690422, 0.020750533789396286
0.0779503881931305, 0.030500419437885284
0.13898439705371857, 0.05146050080657005
0.1401118040084839, 0.05645063892006874
0.09059541672468185, 0.029535824432969093
0.14286938309669495, 0.0877164974808693
0.18536801636219025, 0.0753917545080185
0.13390441238880157, 0.040068261325359344
0.09778288751840591, 0.025070300325751305
0.09554502367973328, 0.024664394557476044
0.0942193940281868, 0.03167767450213432
0.11212273687124252, 0.038832612335681915
0.09855349361896515, 0.027899593114852905
0.11935875564813614, 0.04290848970413208
0.13165909051895142, 0.058764517307281494
0.17213201522827148, 0.0870942696928978
0.16339492797851562, 0.08106240630149841
0.11101547628641129, 0.03429892286658287
0.1399936079978943, 0.07302693277597427
0.1551554799079895, 0.04403406009078026
0.1292986273765564, 0.040457356721162796
0.14223666489124298, 0.07375703006982803
0.10016696900129318, 0.04404444992542267
0.12797854840755463, 0.04503900557756424
0.09779609739780426, 0.03644188493490219
0.09855304658412933, 0.03188225254416466
0.14393916726112366, 0.07235675305128098
0.12287615239620209, 0.03157319128513336
0.10412763059139252, 0.040255434811115265
0.1159820705652237, 0.05327592045068741
0.09321753680706024, 0.03223149850964546
0.13723452389240265, 0.070500448346138
0.17274998128414154, 0.0663478896021843
0.10784988850355148, 0.03750660642981529
0.13512949645519257, 0.04581018164753914
0.13858184218406677, 0.05521619692444801
0.10878390818834305, 0.028580879792571068
0.11552523076534271, 0.043200548738241196
0.12791524827480316, 0.053247496485710144
0.15318305790424347, 0.06994585692882538
0.11440108716487885, 0.05222933366894722
0.08782191574573517, 0.030599771067500114
0.08754119277000427, 0.021680092439055443
0.08916771411895752, 0.030041184276342392
0.0971425399184227, 0.04431791603565216
0.108438640832901, 0.02629469335079193
0.12051568180322647, 0.030866842716932297
0.11287082731723785, 0.029081597924232483
0.11803359538316727, 0.03131196275353432
0.10480941087007523, 0.04391912370920181
0.10580716282129288, 0.03869045525789261
0.1199604794383049, 0.05471929535269737
0.10500571876764297, 0.025538470596075058
0.08067505061626434, 0.0228651762008667
0.13656817376613617, 0.06764093786478043
0.13777463138103485, 0.051264211535453796
0.10099567472934723, 0.024812128394842148
0.12416055798530579, 0.04334014281630516
0.19621005654335022, 0.08238229155540466
0.15393750369548798, 0.07495946437120438
0.09523610770702362, 0.030138541013002396
0.09191843122243881, 0.03642967343330383
0.1247522309422493, 0.06198100373148918
0.13620591163635254, 0.041267748922109604
0.13890713453292847, 0.04937916621565819
0.17479869723320007, 0.07085717469453812
0.11040645092725754, 0.03880475088953972
0.1559014469385147, 0.08147100359201431
0.21254906058311462, 0.1017020046710968
0.1307719498872757, 0.050223808735609055
0.16874049603939056, 0.05838095024228096
0.12394622713327408, 0.04024455323815346
0.1404331922531128, 0.037011098116636276
0.12463365495204926, 0.0551024004817009
0.12557266652584076, 0.03876256197690964
0.14563080668449402, 0.059130314737558365
0.09195160120725632, 0.03397231176495552
0.10747030377388, 0.03535328432917595
0.10597077012062073, 0.05091951787471771
0.1120375245809555, 0.0420137494802475
0.13301047682762146, 0.09406010806560516
0.19173794984817505, 0.09523016214370728
0.3683791160583496, 0.195854052901268
0.3607322573661804, 0.19026225805282593
0.23712566494941711, 0.13930442929267883
0.14801497757434845, 0.05157417058944702
0.13872842490673065, 0.07017520815134048
0.0871460810303688, 0.029940882697701454
0.10158364474773407, 0.02585773728787899
0.09141644090414047, 0.03664472699165344
0.12275401502847672, 0.04785537347197533
0.09995988756418228, 0.04302092269062996
0.10048931837081909, 0.04784151539206505
0.09457821398973465, 0.027892477810382843
0.10793250054121017, 0.03945481404662132
0.1342388391494751, 0.05095694214105606
0.1498432755470276, 0.05121728777885437
0.09736747294664383, 0.019830333068966866
0.13410595059394836, 0.0447663888335228
0.13618026673793793, 0.045142337679862976
0.12654028832912445, 0.03422895818948746
0.12480655312538147, 0.051963336765766144
0.13395269215106964, 0.06242694333195686
0.11023494601249695, 0.04688935726881027
0.16501833498477936, 0.043813999742269516
0.12488565593957901, 0.055205341428518295
0.12988321483135223, 0.05563466250896454
0.10209488868713379, 0.03111135959625244
0.11315226554870605, 0.04246324673295021
0.2018030732870102, 0.0979427918791771
0.1863366663455963, 0.06638219207525253
0.12802092730998993, 0.05172385647892952
0.13358086347579956, 0.056453682482242584
0.1469080001115799, 0.06136426329612732
0.11509326100349426, 0.030227458104491234
0.15278156101703644, 0.06715252250432968
0.18371599912643433, 0.09039212018251419
0.146288201212883, 0.05662795901298523
0.12322667986154556, 0.042122192680835724
0.13628032803535461, 0.04938705265522003
0.1636926680803299, 0.05058496072888374
0.1467399150133133, 0.06398949027061462
0.15972597897052765, 0.05619367957115173
0.14700542390346527, 0.07658825069665909
0.09456165134906769, 0.027680590748786926
0.1210465282201767, 0.05375051125884056
0.10403098165988922, 0.028296705335378647
0.11095930635929108, 0.03787021338939667
0.12109135091304779, 0.04571419209241867
0.13689108192920685, 0.05761859938502312
0.20425473153591156, 0.07598914951086044
0.20250533521175385, 0.07677662372589111
0.12186131626367569, 0.056472454220056534
0.13523349165916443, 0.041492681950330734
0.1061384305357933, 0.03107864409685135
0.09784480184316635, 0.03195579722523689
0.1138128861784935, 0.03948177769780159
0.09335772693157196, 0.025380615144968033
0.22076883912086487, 0.10989116877317429
0.19497589766979218, 0.07255462557077408
0.14868584275245667, 0.05166051536798477
0.11841729283332825, 0.05644836649298668
0.1380646526813507, 0.03944533318281174
0.10165230184793472, 0.022413792088627815
0.12510128319263458, 0.046394359320402145
0.12934070825576782, 0.04593947157263756
0.10891792923212051, 0.03563554212450981
0.11999552696943283, 0.03758564591407776
0.10087904334068298, 0.026542915031313896
0.17670004069805145, 0.05620412528514862
0.13980521261692047, 0.05628227815032005
0.11950407177209854, 0.042078569531440735
0.12771295011043549, 0.031020164489746094
0.1724821776151657, 0.06117008253931999
0.15718378126621246, 0.047839660197496414
0.1202566921710968, 0.029961876571178436
0.13659882545471191, 0.05063594505190849
0.13318674266338348, 0.0563405379652977
0.1790122240781784, 0.09743820875883102
0.15711979568004608, 0.06682062894105911
0.11075032502412796, 0.031226659193634987
0.12194355577230453, 0.03184311464428902
0.10455761849880219, 0.03366889804601669
0.19114811718463898, 0.06784272193908691
0.1622600257396698, 0.04130658879876137
0.12838183343410492, 0.04415389150381088
0.12073569744825363, 0.04166146740317345
0.155254527926445, 0.07813501358032227
0.10265284776687622, 0.033864859491586685
0.09303045272827148, 0.024004710838198662
0.12478579580783844, 0.043803147971630096
0.15064413845539093, 0.055755577981472015
0.14433608949184418, 0.06920073926448822
0.12882880866527557, 0.08408341556787491
0.14021289348602295, 0.049888648092746735
0.12010029703378677, 0.04542073234915733
0.1228313222527504, 0.04171568155288696
0.14299798011779785, 0.05660497024655342
0.2060910165309906, 0.0926835760474205
0.14944866299629211, 0.06644195318222046
0.14799286425113678, 0.05154508352279663
0.1336408257484436, 0.05292356014251709
0.10622133314609528, 0.040751852095127106
0.17631974816322327, 0.07706630975008011
0.11924297362565994, 0.04556011036038399
0.10052875429391861, 0.017610175535082817
0.11983699351549149, 0.04362892732024193
0.12890103459358215, 0.044424235820770264
0.18404337763786316, 0.09198325872421265
0.2624270021915436, 0.13754932582378387
0.17543698847293854, 0.0963355302810669
0.13265937566757202, 0.03939155489206314
0.13391420245170593, 0.05452099069952965
0.12505502998828888, 0.03636455163359642
0.13829384744167328, 0.039313919842243195
0.10680942982435226, 0.03543170168995857
0.11450406163930893, 0.030787819996476173
0.13288302719593048, 0.0408875048160553
0.18201006948947906, 0.0908251404762268
0.20601072907447815, 0.08879677951335907
0.1439513862133026, 0.06460516154766083
0.1228170394897461, 0.039985641837120056
0.18418140709400177, 0.0665263757109642
0.14836375415325165, 0.04484148696064949
0.10490577667951584, 0.03402591496706009
0.12985111773014069, 0.04768141359090805
0.1468580663204193, 0.05052324756979942
0.14713212847709656, 0.05715489387512207
0.12071726471185684, 0.05060708522796631
0.16426905989646912, 0.045870982110500336
0.13050822913646698, 0.03796623274683952
0.14423729479312897, 0.05263947322964668
0.13276317715644836, 0.045457981526851654
0.15791861712932587, 0.06046276167035103
0.18895915150642395, 0.07444027066230774
0.10999929904937744, 0.0280719343572855
0.11665890365839005, 0.029656609520316124
0.15095803141593933, 0.05152469873428345
0.16761498153209686, 0.05572224035859108
0.1715533286333084, 0.07341095060110092
0.09913305193185806, 0.037239477038383484
0.14579708874225616, 0.048761311918497086
0.2383619099855423, 0.07873547822237015
0.22211475670337677, 0.09170172363519669
0.23142661154270172, 0.09451905637979507
0.16148461401462555, 0.06491505354642868
0.13705332577228546, 0.0341833122074604
0.15208449959754944, 0.04609101638197899
0.13900023698806763, 0.04263511672616005
0.11428117752075195, 0.03152269497513771
0.1703198254108429, 0.05481961369514465
0.19284005463123322, 0.07876350730657578
0.13547050952911377, 0.04784161224961281
0.13350869715213776, 0.04349600151181221
0.17761020362377167, 0.05076843500137329
0.17623014748096466, 0.07300390303134918
0.1402079463005066, 0.06383059173822403
0.10664059966802597, 0.040645532310009
0.14098899066448212, 0.04069419205188751
0.15575356781482697, 0.06660652160644531
0.12102524191141129, 0.04487200081348419
0.1443476378917694, 0.06274358928203583
0.1697632521390915, 0.06103719025850296
0.11709310114383698, 0.04721760377287865
0.11799851059913635, 0.030060378834605217
0.1579279750585556, 0.05116588994860649
0.1573067158460617, 0.04887145757675171
0.18196932971477509, 0.06314312666654587
0.13541266322135925, 0.054083239287137985
0.17729134857654572, 0.08945539593696594
0.15680697560310364, 0.057800114154815674
0.1595219075679779, 0.05839886888861656
0.19122883677482605, 0.09212334454059601
0.12786374986171722, 0.04742102697491646
0.12228444218635559, 0.032544128596782684
0.14762206375598907, 0.05195055156946182
0.12345104664564133, 0.05216515064239502
0.13922223448753357, 0.045061200857162476
0.15304695069789886, 0.04868551716208458
0.13498172163963318, 0.04435049369931221
0.12219927459955215, 0.0461772195994854
0.11827908456325531, 0.03319014608860016
0.12846706807613373, 0.048191141337156296
0.14002934098243713, 0.03664330765604973
0.17405584454536438, 0.06298062950372696
0.2048427313566208, 0.1005987673997879
0.10964979231357574, 0.0370359942317009
0.1286243498325348, 0.02914692461490631
0.09983215481042862, 0.024226538836956024
0.16244348883628845, 0.04989621043205261
0.12090829759836197, 0.05038265883922577
0.11065851897001266, 0.025057822465896606
0.11952924728393555, 0.04195147752761841
0.10847464948892593, 0.023993123322725296
0.0981534793972969, 0.02025500312447548
0.12778592109680176, 0.0543992705643177
0.12963509559631348, 0.05264786258339882
0.14714865386486053, 0.041273970156908035
0.15154345333576202, 0.04914715141057968
0.11248160898685455, 0.03155112639069557
0.10658880323171616, 0.030213844031095505
0.12585702538490295, 0.04487600550055504
0.13974529504776, 0.06007850915193558
0.12617985904216766, 0.04282371327280998
0.17466621100902557, 0.06306236982345581
0.15267883241176605, 0.048892900347709656
0.1472967565059662, 0.05699460580945015
0.14005494117736816, 0.04662929102778435
0.1695515662431717, 0.06859135627746582
0.13658340275287628, 0.04945756122469902
0.2077084481716156, 0.0793258398771286
0.2546703517436981, 0.1137482300400734
0.21614970266819, 0.09084201604127884
0.16513246297836304, 0.06854850053787231
0.2294798195362091, 0.08197219669818878
0.2261655628681183, 0.11043775081634521
0.2422134131193161, 0.1099541112780571
0.14945931732654572, 0.037314366549253464
0.1441127359867096, 0.041885316371917725
0.11325282603502274, 0.03403974696993828
0.16544665396213531, 0.07272233068943024
0.1805402785539627, 0.06605534255504608
0.16868385672569275, 0.04976266995072365
0.1312987357378006, 0.03789905831217766
0.14106188714504242, 0.0404655896127224
0.13076399266719818, 0.04588228836655617
0.1643878072500229, 0.05430498346686363
0.12095025926828384, 0.034524641931056976
0.12902651727199554, 0.04948148503899574
0.20837503671646118, 0.08275675773620605
0.16623064875602722, 0.07004763185977936
0.1248408704996109, 0.04150988161563873
0.10323081165552139, 0.0266941636800766
0.12964852154254913, 0.03948982432484627
0.12447801977396011, 0.04307303577661514
0.11545675247907639, 0.031190140172839165
0.1484798938035965, 0.037824004888534546
0.13391804695129395, 0.04353528469800949
0.17958398163318634, 0.06802324205636978
0.16791798174381256, 0.06381360441446304
0.13746024668216705, 0.04805220291018486
0.15930762887001038, 0.056144651025533676
0.1322239637374878, 0.05247317999601364
0.16473239660263062, 0.08222624659538269
0.1549367755651474, 0.07263356447219849
0.15990784764289856, 0.0649152621626854
0.13469994068145752, 0.047646403312683105
0.17447026073932648, 0.06887438148260117
0.1455199271440506, 0.050995491445064545
0.13788534700870514, 0.05409594252705574
0.13583925366401672, 0.037276413291692734
0.14688466489315033, 0.028595466166734695
0.14703938364982605, 0.0627521350979805
0.1418956071138382, 0.032712820917367935
0.14470045268535614, 0.025699924677610397
0.12381985783576965, 0.0351543165743351
0.13744796812534332, 0.046131547540426254
0.1552726924419403, 0.037356872111558914
0.15404963493347168, 0.04305772855877876
0.1559673398733139, 0.050024695694446564
0.1792057305574417, 0.06597652286291122
0.16397874057292938, 0.05807405337691307
0.1731720119714737, 0.07494527101516724
0.17010754346847534, 0.058752596378326416
0.2675471901893616, 0.11195167899131775
0.15022873878479004, 0.05680378898978233
0.12939636409282684, 0.03958715870976448
0.12311775237321854, 0.033497534692287445
0.1687711924314499, 0.04523446038365364
0.17205260694026947, 0.05356648564338684
0.1681746393442154, 0.046899616718292236
0.17291492223739624, 0.06042809784412384
0.13557226955890656, 0.038146939128637314
0.11736944317817688, 0.03471298888325691
0.12117639929056168, 0.051353953778743744
0.17393752932548523, 0.07512041926383972
0.12853319942951202, 0.042007483541965485
0.12379574775695801, 0.038187313824892044
0.2033291459083557, 0.07490380108356476
0.1265246421098709, 0.04445895552635193
0.15206073224544525, 0.04589318484067917
0.18273042142391205, 0.055671326816082
0.22094304859638214, 0.08925506472587585
0.23465175926685333, 0.08617769926786423
0.13137777149677277, 0.03983182832598686
0.18031363189220428, 0.07192447036504745
0.1749921590089798, 0.04489952325820923
0.15810732543468475, 0.07052100449800491
0.11298646032810211, 0.02812027931213379
0.17451149225234985, 0.05436248332262039
0.15641193091869354, 0.0569658987224102
0.1390713006258011, 0.04458058997988701
0.1939338892698288, 0.08408273011445999
0.17279990017414093, 0.08403167128562927
0.1422969102859497, 0.04019560292363167
0.15615499019622803, 0.08361232280731201
0.14649951457977295, 0.043959829956293106
0.12438847124576569, 0.03781743720173836
0.14444993436336517, 0.04915735498070717
0.1619984358549118, 0.05683671310544014
0.13640914857387543, 0.03678357973694801
0.21805687248706818, 0.09299726039171219
0.16436699032783508, 0.059301041066646576
0.15442951023578644, 0.05843403935432434
0.11697778850793839, 0.028282245621085167
0.14418618381023407, 0.044126905500888824
0.16841717064380646, 0.05973586067557335
0.1658019721508026, 0.05519601330161095
0.16047032177448273, 0.05688546597957611
0.17561347782611847, 0.06872181594371796
0.16300702095031738, 0.06242737919092178
0.14956262707710266, 0.05806804075837135
0.16864939033985138, 0.05825298652052879
0.18134519457817078, 0.08050308376550674
0.18876081705093384, 0.08169558644294739
0.24746094644069672, 0.11207070201635361
0.22590109705924988, 0.09624230116605759
0.13942687213420868, 0.029055364429950714
0.11745911091566086, 0.05108766630291939
0.1327475756406784, 0.03585020825266838
0.22501100599765778, 0.08308123797178268
0.19483038783073425, 0.0973806381225586
0.12504549324512482, 0.05417921766638756
0.19019846618175507, 0.06305721402168274
0.1893734484910965, 0.09538006037473679
0.167017862200737, 0.05248761549592018
0.2168615609407425, 0.113034687936306
0.21974873542785645, 0.07876960933208466
0.15073879063129425, 0.045384980738162994
0.1633705198764801, 0.06241985410451889
0.11195526272058487, 0.022656593471765518
0.10530652105808258, 0.040956269949674606
0.17244502902030945, 0.06240915507078171
0.17320726811885834, 0.06355452537536621
0.2239718735218048, 0.08374934643507004
0.1821218580007553, 0.07735928148031235
0.1967926025390625, 0.08703488111495972
0.18668349087238312, 0.06606046855449677
0.12973956763744354, 0.039880745112895966
0.15562422573566437, 0.055726636201143265
0.15406383574008942, 0.07303669303655624
0.16386555135250092, 0.0558532252907753
0.14299310743808746, 0.048099059611558914
0.1373348981142044, 0.050287142395973206
0.17448337376117706, 0.05193265527486801
0.11720461398363113, 0.03038143180310726
0.1666272133588791, 0.04825969412922859
0.13857236504554749, 0.04255623370409012
0.11946289986371994, 0.032340072095394135
0.15208299458026886, 0.037217799574136734
0.1786041259765625, 0.06500636041164398
0.2016713172197342, 0.06716963648796082
0.15334758162498474, 0.04699231684207916
0.13318927586078644, 0.03175616264343262
0.13465289771556854, 0.03201178088784218
0.13451270759105682, 0.04922354966402054
0.13821671903133392, 0.038742996752262115
0.156364306807518, 0.0454137958586216
0.14991386234760284, 0.041926223784685135
0.2194553166627884, 0.08780012279748917
0.15425796806812286, 0.056436385959386826
0.16270606219768524, 0.06955078989267349
0.15160319209098816, 0.051094114780426025
0.14244356751441956, 0.043609824031591415
0.1512405425310135, 0.055468324571847916
0.17491145431995392, 0.07392548769712448
0.19125638902187347, 0.09111364930868149
0.16385133564472198, 0.06455006450414658
0.15995532274246216, 0.07700077444314957
0.17230363190174103, 0.05664145201444626
0.11765822023153305, 0.024465268477797508
0.1327553540468216, 0.03529652580618858
0.1443818211555481, 0.05001052841544151
0.15651240944862366, 0.05695903301239014
0.13022150099277496, 0.046033091843128204
0.137015238404274, 0.04340602084994316
0.19015049934387207, 0.04282531887292862
0.19431306421756744, 0.07020068913698196
0.1765647530555725, 0.08303722739219666
0.19577869772911072, 0.08355835825204849
0.16036555171012878, 0.06203071400523186
0.19771771132946014, 0.07228256016969681
0.15604011714458466, 0.059006910771131516
0.14771540462970734, 0.0422687791287899
0.15036283433437347, 0.0380227155983448
0.14202165603637695, 0.03956742584705353
0.25174248218536377, 0.12034358084201813
0.17257308959960938, 0.07025741785764694
0.2327391356229782, 0.08702723681926727
0.197339728474617, 0.09485353529453278
0.17174547910690308, 0.08138661086559296
0.23912334442138672, 0.11189437657594681
0.20050233602523804, 0.08698675781488419
0.24270384013652802, 0.1334340125322342
0.27977457642555237, 0.12297435849905014
0.14741283655166626, 0.040568385273218155
0.1624612659215927, 0.05935177952051163
0.13041435182094574, 0.05813486874103546
0.142647385597229, 0.03860568627715111
0.1573716551065445, 0.0493667796254158
0.15848663449287415, 0.05981298163533211
0.1936308741569519, 0.05829741805791855
0.16366000473499298, 0.051105111837387085
0.1309332549571991, 0.05674830451607704
0.1594303995370865, 0.05214094743132591
0.12722180783748627, 0.04123399779200554
0.1297171413898468, 0.04214738309383392
0.15279603004455566, 0.06500224024057388
0.16180211305618286, 0.04989473149180412
0.1403682678937912, 0.03560447692871094
0.12485473603010178, 0.032774850726127625
0.12821033596992493, 0.03857984021306038
0.15585000813007355, 0.05570352450013161
0.16264790296554565, 0.0632157027721405
0.14618338644504547, 0.0494229719042778
0.12892839312553406, 0.03563300520181656
0.13121162354946136, 0.040535684674978256
0.18034350872039795, 0.07158782333135605
0.21881155669689178, 0.06720705330371857
0.18504878878593445, 0.05440474674105644
0.1889289915561676, 0.08531469106674194
0.26032090187072754, 0.11525741964578629
0.18279290199279785, 0.06646502763032913
0.16946734488010406, 0.0656634271144867
0.23798537254333496, 0.10610149055719376
0.19755439460277557, 0.08846159279346466
0.2746236026287079, 0.1036127433180809
0.21576739847660065, 0.07911249995231628
0.13187073171138763, 0.034921251237392426
0.1810181885957718, 0.07067430019378662
0.16995808482170105, 0.04539620503783226
0.17510081827640533, 0.06476011127233505
0.18612012267112732, 0.07223020493984222
0.2116832435131073, 0.10155997425317764
0.21486349403858185, 0.09900417178869247
0.2069491147994995, 0.06166394054889679
0.18911080062389374, 0.05271841213107109
0.14396914839744568, 0.052281249314546585
0.14699606597423553, 0.03121037222445011
0.1741165965795517, 0.044001441448926926
0.15098892152309418, 0.06471400707960129
0.19444851577281952, 0.05581331253051758
0.1716194897890091, 0.04156406596302986
0.1360342800617218, 0.058642420917749405
0.12944479286670685, 0.03604571148753166
0.1552591472864151, 0.056357432156801224
0.17328405380249023, 0.04937247186899185
0.17341159284114838, 0.06368871033191681
0.15939734876155853, 0.05153873190283775
0.21873293817043304, 0.07881134748458862
0.2508958876132965, 0.11311064660549164
0.21520811319351196, 0.09560335427522659
0.16764619946479797, 0.058963339775800705
0.14977233111858368, 0.040328145027160645
0.1842162162065506, 0.0627807006239891
0.23124197125434875, 0.08140239119529724
0.1977270394563675, 0.0801464319229126
0.14842186868190765, 0.04900449514389038
0.12540654838085175, 0.032441411167383194
0.14858049154281616, 0.046112578362226486
0.14555560052394867, 0.04265064373612404
0.18444551527500153, 0.0634031742811203
0.2662540078163147, 0.13428300619125366
0.1663271188735962, 0.05677708238363266
0.17418907582759857, 0.060110535472631454
0.11622916162014008, 0.03778930380940437
0.10732080042362213, 0.03203728795051575
0.13371068239212036, 0.03913595899939537
0.14409008622169495, 0.05181998759508133
0.10871411859989166, 0.026928190141916275
0.1417364925146103, 0.04553035646677017
0.1683594137430191, 0.06798166781663895
0.1572207659482956, 0.0480031743645668
0.1511027216911316, 0.047416333109140396
0.12423121929168701, 0.029864784330129623
0.18599890172481537, 0.07777640223503113
0.18250057101249695, 0.04612678661942482
0.18170702457427979, 0.06127583980560303
0.19729891419410706, 0.08948429673910141
0.12553861737251282, 0.03527079522609711
0.14825347065925598, 0.035787515342235565
0.1871482878923416, 0.08375754207372665
0.24272216856479645, 0.09571719914674759
0.2083166092634201, 0.08556286245584488
0.2111033946275711, 0.07720983773469925
0.18688315153121948, 0.06554552912712097
0.17093275487422943, 0.055674176663160324
0.21154600381851196, 0.08112625032663345
0.18585796654224396, 0.06599928438663483
0.20335130393505096, 0.08123277127742767
0.21903586387634277, 0.0907641276717186
0.18342578411102295, 0.07158485800027847
0.1533542424440384, 0.03925511613488197
0.17661400139331818, 0.04414701089262962
0.15463319420814514, 0.06108482927083969
0.18097858130931854, 0.06983969360589981
0.1519581377506256, 0.047035250812768936
0.16462849080562592, 0.06052345782518387
0.18489734828472137, 0.03976193442940712
0.17444345355033875, 0.054433565586805344
0.13811442255973816, 0.04027519002556801
0.1376306712627411, 0.05724979192018509
0.14646488428115845, 0.0332026444375515
0.1566074639558792, 0.0714103952050209
0.30021119117736816, 0.11952055245637894
0.2773982584476471, 0.11758576333522797
0.3096470832824707, 0.13649225234985352
0.2678852081298828, 0.10093293339014053
0.18492339551448822, 0.05985679849982262
0.1725923866033554, 0.05731210857629776
0.14402499794960022, 0.04361025616526604
0.18783698976039886, 0.0883229449391365
0.15768249332904816, 0.04444436728954315
0.14048199355602264, 0.04314711317420006
0.16439421474933624, 0.04191868379712105
0.14931116998195648, 0.03959106653928757
0.16660334169864655, 0.05373113974928856
0.3298211693763733, 0.1210748553276062
0.1643494814634323, 0.05089036002755165
0.14259783923625946, 0.05405581742525101
0.14163334667682648, 0.051532067358493805
0.13017140328884125, 0.026374544948339462
0.17775365710258484, 0.08142227679491043
0.1426604837179184, 0.04100574553012848
0.1795632392168045, 0.07451379299163818
0.24232645332813263, 0.10362192988395691
0.3149324655532837, 0.15655846893787384
0.22507990896701813, 0.1225193440914154
0.13057860732078552, 0.03223259001970291
0.13605327904224396, 0.05528855323791504
0.13589712977409363, 0.032693251967430115
0.1624305695295334, 0.06951629370450974
0.13194382190704346, 0.04188299924135208
0.14073438942432404, 0.04575875401496887
0.1856168806552887, 0.06300000846385956
0.1611427515745163, 0.07755643129348755
0.16552124917507172, 0.042981527745723724
0.16284184157848358, 0.05981932580471039
0.23016206920146942, 0.08063699305057526
0.19157452881336212, 0.07298439741134644
0.18154647946357727, 0.07085984945297241
0.15155477821826935, 0.04206223040819168
0.1478201001882553, 0.05493806302547455
0.14961417019367218, 0.04014771059155464
0.2655475437641144, 0.13003242015838623
0.20892173051834106, 0.09989730268716812
0.12705130875110626, 0.03777332231402397
0.13632065057754517, 0.044687580317258835
0.21783097088336945, 0.08347749710083008
0.19390876591205597, 0.07473017275333405
0.18205729126930237, 0.0730537697672844
0.13789121806621552, 0.03661651909351349
0.19228847324848175, 0.06920831650495529
0.1629885882139206, 0.05757592245936394
0.14909766614437103, 0.038280878216028214
0.11961796879768372, 0.03625989705324173
0.161001056432724, 0.04937362298369408
0.14806421101093292, 0.057967476546764374
0.191083624958992, 0.09276954084634781
0.16152265667915344, 0.04403214901685715
0.14000816643238068, 0.044844891875982285
0.15003268420696259, 0.06247006356716156
0.13205575942993164, 0.04754815995693207
0.14262917637825012, 0.04037092253565788
0.17822469770908356, 0.049308519810438156
0.19254940748214722, 0.06737460196018219
0.1571466475725174, 0.06747455894947052
0.15229688584804535, 0.04312489554286003
0.1513160616159439, 0.044622763991355896
0.17238715291023254, 0.051224689930677414
0.1625925600528717, 0.05979094281792641
0.22992952167987823, 0.07834279537200928
0.13246706128120422, 0.04198630526661873
0.14780747890472412, 0.05129906162619591
0.1774807870388031, 0.07475106418132782
0.21498334407806396, 0.08690851926803589
0.1551012396812439, 0.0923338383436203
0.14945779740810394, 0.04003005102276802
0.1784050017595291, 0.04937739297747612
0.14143604040145874, 0.04522770643234253
0.15542714297771454, 0.06642710417509079
0.1918792724609375, 0.06885015219449997
0.18139396607875824, 0.06577304005622864
0.1872858852148056, 0.06113869696855545
0.20367874205112457, 0.07034729421138763
0.22242362797260284, 0.057654425501823425
0.18418045341968536, 0.08473046869039536
0.1320435106754303, 0.04889445751905441
0.18623964488506317, 0.06642355024814606
0.14984211325645447, 0.05375239998102188
0.18946559727191925, 0.05544762685894966
0.17812252044677734, 0.0643933117389679
0.17190010845661163, 0.06376942247152328
0.206412672996521, 0.06719726324081421
0.1620492786169052, 0.03703124821186066
0.13133662939071655, 0.0449657216668129
0.2030256688594818, 0.09287961572408676
0.166322261095047, 0.04553638771176338
0.12176917493343353, 0.04090873524546623
0.15360040962696075, 0.05416527017951012
0.20298995077610016, 0.07334677875041962
0.15369558334350586, 0.0497836098074913
0.15496738255023956, 0.0474143922328949
0.1870865374803543, 0.09695090353488922
0.17459692060947418, 0.048383817076683044
0.1742219477891922, 0.060503941029310226
0.23788686096668243, 0.08559867739677429
0.14422719180583954, 0.05509273335337639
0.15582939982414246, 0.05479986593127251
0.14964520931243896, 0.0489237904548645
0.13834163546562195, 0.054186251014471054
0.17408759891986847, 0.06240673363208771
0.16726388037204742, 0.0588105171918869
0.1431555300951004, 0.04640437290072441
0.21135233342647552, 0.1102440133690834
0.14265887439250946, 0.03552348166704178
0.17453588545322418, 0.057749006897211075
0.23335520923137665, 0.09270106256008148
0.29874923825263977, 0.12824274599552155
0.3686855733394623, 0.15584702789783478
0.2674889862537384, 0.164765864610672
0.18127651512622833, 0.06753440946340561
0.19783706963062286, 0.07743813842535019
0.16730740666389465, 0.055001962929964066
0.21425674855709076, 0.08718830347061157
0.3180115818977356, 0.11662812530994415
0.22664515674114227, 0.10792180895805359
0.18896694481372833, 0.07765389233827591
0.16282802820205688, 0.06379149854183197
0.16310103237628937, 0.044415444135665894
0.15901799499988556, 0.04979609698057175
0.19649328291416168, 0.07932596653699875
0.14217177033424377, 0.050381530076265335
0.1832612156867981, 0.0567835234105587
0.20219634473323822, 0.06530556827783585
0.16803865134716034, 0.06583130359649658
0.1511400192975998, 0.07613576203584671
0.12458038330078125, 0.03406527638435364
0.12806378304958344, 0.03932628035545349
0.16989433765411377, 0.052150268107652664
0.17332114279270172, 0.06348404288291931
0.20905406773090363, 0.08948374539613724
0.16842220723628998, 0.04720122739672661
0.136489599943161, 0.04816611111164093
0.1265433132648468, 0.05256636068224907
0.13272039592266083, 0.02885110303759575
0.14141720533370972, 0.04291609302163124
0.23731401562690735, 0.08226466923952103
0.25023695826530457, 0.1266796737909317
0.1322576105594635, 0.042695607990026474
0.16286782920360565, 0.05972845479846001
0.13975612819194794, 0.03796246647834778
0.2049519121646881, 0.09201949834823608
0.21287396550178528, 0.10257869958877563
0.1342938393354416, 0.044573258608579636
0.21286141872406006, 0.06913607567548752
0.2098335325717926, 0.10178506374359131
0.15047942101955414, 0.04911456257104874
0.1250489503145218, 0.03213389217853546
0.13928036391735077, 0.039678122848272324
0.15643130242824554, 0.07121192663908005
0.2918614447116852, 0.11749003827571869
0.23573626577854156, 0.11193347722291946
0.2276458740234375, 0.10404932498931885
0.15185324847698212, 0.05771742761135101
0.12819857895374298, 0.029885269701480865
0.17580930888652802, 0.059262726455926895
0.16264745593070984, 0.04362068697810173
0.1690368801355362, 0.06537453830242157
0.1951640397310257, 0.07734160870313644
0.18957705795764923, 0.07964254170656204
0.20839765667915344, 0.07215817272663116
0.21236900985240936, 0.10059934109449387
0.16973809897899628, 0.05232037976384163
0.12193764746189117, 0.0295841284096241
0.16925173997879028, 0.08260124176740646
0.194672629237175, 0.06829990446567535
0.17602096498012543, 0.08175265789031982
0.19004185497760773, 0.05845373496413231
0.14318473637104034, 0.04926895350217819
0.1651027798652649, 0.05691053345799446
0.1985078603029251, 0.11056417226791382
0.2697729468345642, 0.09861545264720917
0.17135384678840637, 0.04978075250983238
0.2019125074148178, 0.06581895053386688
0.16821038722991943, 0.0686379075050354
0.15010030567646027, 0.03855854645371437
0.16042481362819672, 0.041231703013181686
0.13467693328857422, 0.04142330586910248
0.1546029895544052, 0.03971366584300995
