mean, std
0.1594424694776535, 0.11839243769645691
0.10556325316429138, 0.09425059705972672
0.09332797676324844, 0.06080160662531853
0.07570109516382217, 0.05268389731645584
0.03562573343515396, 0.021935828030109406
0.05148530751466751, 0.04194877669215202
0.05797801539301872, 0.033005863428115845
0.04519810900092125, 0.04003091901540756
0.036738716065883636, 0.020512165501713753
0.03505384549498558, 0.032046061009168625
0.02062189392745495, 0.014850362204015255
0.02146757021546364, 0.013528500683605671
0.019888298586010933, 0.015558208338916302
0.020169846713542938, 0.014342269860208035
0.02001432701945305, 0.012047028169035912
0.021479325369000435, 0.014759928919374943
0.02356908656656742, 0.01836254447698593
0.02145977132022381, 0.008182445541024208
0.023400140926241875, 0.010827263817191124
0.016721606254577637, 0.010746649466454983
0.021016279235482216, 0.01056803297251463
0.020828919485211372, 0.015151361003518105
0.017649443820118904, 0.015506938099861145
0.01636473834514618, 0.010891363024711609
0.01577889546751976, 0.014829020947217941
0.01628631353378296, 0.010087382048368454
0.011294216848909855, 0.011265955865383148
0.018763400614261627, 0.014007710851728916
0.016410404816269875, 0.011510283686220646
0.020340019837021828, 0.011798681691288948
0.017883654683828354, 0.010417004115879536
0.020711587741971016, 0.013865962624549866
0.023579129949212074, 0.019921859726309776
0.02472047135233879, 0.01476744469255209
0.03263593092560768, 0.023451954126358032
0.040313322097063065, 0.02584799937903881
0.017861898988485336, 0.014095860533416271
0.015456927008926868, 0.010184787213802338
0.0177339855581522, 0.012647636234760284
0.020351840183138847, 0.009900436736643314
0.025381585583090782, 0.016772625967860222
0.02819775976240635, 0.02081695944070816
0.012292715720832348, 0.011059509590268135
0.014913146384060383, 0.01355138048529625
0.015295181423425674, 0.010568024590611458
0.013273701071739197, 0.007848369888961315
0.020959414541721344, 0.01424581091850996
0.015790915116667747, 0.012208011001348495
0.016947602853178978, 0.008916286751627922
0.025365466251969337, 0.021388741210103035
0.03175421059131622, 0.014120286330580711
0.023494096472859383, 0.017962921410799026
0.01908000558614731, 0.014125709421932697
0.019417695701122284, 0.0169211458414793
0.025037460029125214, 0.0152542470023036
0.03720671311020851, 0.022714747115969658
0.0331750363111496, 0.018690962344408035
0.039394158869981766, 0.030616115778684616
0.06755602359771729, 0.036882441490888596
0.055458035320043564, 0.030662523582577705
0.05716861039400101, 0.03713218867778778
0.04550749436020851, 0.030147867277264595
0.03589952737092972, 0.03313083574175835
0.04208473861217499, 0.021664544939994812
0.044166043400764465, 0.030540039762854576
0.02910136803984642, 0.023549789562821388
0.06806636601686478, 0.04451403394341469
0.02415551245212555, 0.018878255039453506
0.02211099863052368, 0.01884523220360279
0.0467461533844471, 0.0266089029610157
0.03833981975913048, 0.03170403093099594
0.04142113775014877, 0.029992608353495598
0.05091230943799019, 0.030189955607056618
0.06088675558567047, 0.038426194339990616
0.037953924387693405, 0.030393823981285095
0.047759853303432465, 0.03251713886857033
0.04010754078626633, 0.02601665072143078
0.07274416834115982, 0.04257344827055931
0.0340970940887928, 0.022783806547522545
0.03675701841711998, 0.020924387499690056
0.04007856175303459, 0.020315907895565033
0.054038893431425095, 0.03140845149755478
0.04839412868022919, 0.040264327079057693
0.05599484220147133, 0.029766352847218513
0.048721663653850555, 0.03379064053297043
0.04497599974274635, 0.04150165244936943
0.04743966460227966, 0.02986612543463707
0.0705542340874672, 0.030850611627101898
0.02373555675148964, 0.025019388645887375
0.03446286544203758, 0.028662271797657013
0.04380103573203087, 0.03477881848812103
0.041390132158994675, 0.02984320931136608
0.03472571447491646, 0.03132626786828041
0.05863933637738228, 0.029838640242815018
0.03524968773126602, 0.020047705620527267
0.050591081380844116, 0.03430431708693504
0.03440522775053978, 0.02350771427154541
0.06032048910856247, 0.04367182403802872
0.041481561958789825, 0.025254739448428154
0.06047879531979561, 0.04076613858342171
0.04246877506375313, 0.028452521190047264
0.03560973331332207, 0.024757754057645798
0.07512684911489487, 0.059549033641815186
0.05873668193817139, 0.041176050901412964
0.046928536146879196, 0.026274245232343674
0.04544593766331673, 0.02565787360072136
0.06748103350400925, 0.0509975291788578
0.0686829537153244, 0.04110516235232353
0.05164697393774986, 0.032772134989500046
0.07830065488815308, 0.04989822581410408
0.061730723828077316, 0.04424062371253967
0.0676039382815361, 0.04630459472537041
0.043388064950704575, 0.03371904790401459
0.08375965803861618, 0.04224406182765961
0.06690049171447754, 0.03886064141988754
0.03520660474896431, 0.025451747700572014
0.05754866823554039, 0.037509988993406296
0.05951628461480141, 0.03600792959332466
0.02530052699148655, 0.01900375261902809
0.052222076803445816, 0.03257068246603012
0.059601087123155594, 0.03967491164803505
0.02274545468389988, 0.0130447493866086
0.03632327914237976, 0.029208851978182793
0.04536906257271767, 0.036595866084098816
0.03794189915060997, 0.02587880566716194
0.022658029571175575, 0.018561914563179016
0.03990844637155533, 0.02583630196750164
0.04063142463564873, 0.030116988345980644
0.04312961921095848, 0.025014761835336685
0.06055181473493576, 0.04191960021853447
0.052819907665252686, 0.041900526732206345
0.040521662682294846, 0.031859755516052246
0.057389888912439346, 0.036805424839258194
0.04507870227098465, 0.031292740255594254
0.066275455057621, 0.03813418000936508
0.03557022288441658, 0.029999272897839546
0.03822914883494377, 0.03069046139717102
0.04272468760609627, 0.027846194803714752
0.023370804265141487, 0.020286716520786285
0.051302243024110794, 0.03562478348612785
0.045582789927721024, 0.027886880561709404
0.03734182193875313, 0.026036959141492844
0.020231222733855247, 0.01283214520663023
0.02597292885184288, 0.019209474325180054
0.02181136980652809, 0.01511302962899208
0.04506028816103935, 0.03801604360342026
0.045900892466306686, 0.033943820744752884
0.04241366684436798, 0.025189368054270744
0.035811420530080795, 0.02411685697734356
0.03731080889701843, 0.0265353936702013
0.035174086689949036, 0.022648703306913376
0.039188794791698456, 0.024025391787290573
0.08564874529838562, 0.05353780835866928
0.038678426295518875, 0.021992910653352737
0.040258925408124924, 0.02363726869225502
0.043155815452337265, 0.03251893073320389
0.048174839466810226, 0.02733509987592697
0.04060477018356323, 0.029501372948288918
0.06950303912162781, 0.043780818581581116
0.04365561157464981, 0.03543329983949661
0.031135478988289833, 0.022615686058998108
0.05529379844665527, 0.04421631991863251
0.033217690885066986, 0.020915940403938293
0.02990836650133133, 0.020889226347208023
0.0444067157804966, 0.02984768897294998
0.04026065766811371, 0.024144159629940987
0.02797309309244156, 0.018382402136921883
0.045064765959978104, 0.02831348404288292
0.04775539040565491, 0.03090016357600689
0.03892608359456062, 0.026685213670134544
0.04204404354095459, 0.023348120972514153
0.022530417889356613, 0.01726682484149933
0.04246269538998604, 0.028771625831723213
0.04241844266653061, 0.026690037921071053
0.04438504949212074, 0.02720820903778076
0.04039997234940529, 0.028667712584137917
0.05057934671640396, 0.030460841953754425
0.060926131904125214, 0.03459126129746437
0.03326635807752609, 0.018803713843226433
0.038468677550554276, 0.024524688720703125
0.04756702855229378, 0.03588581457734108
0.05638022720813751, 0.03493605926632881
0.07459159940481186, 0.04228677973151207
0.046049393713474274, 0.03173574432730675
0.033022698014974594, 0.020375458523631096
0.041940148919820786, 0.027851395308971405
0.03523893654346466, 0.02042604237794876
0.03841928765177727, 0.026734665036201477
0.03137257322669029, 0.020991194993257523
0.048945147544145584, 0.028250254690647125
0.029224446043372154, 0.015924343839287758
0.02538619004189968, 0.014488913118839264
0.04065354913473129, 0.03164774924516678
0.033112265169620514, 0.021181637421250343
0.021383577957749367, 0.018722092732787132
0.0365515872836113, 0.030606448650360107
0.05327789857983589, 0.04320788383483887
0.0751219168305397, 0.03953621909022331
0.024412909522652626, 0.012828425504267216
0.03604671731591225, 0.03728007525205612
0.0661562904715538, 0.033792365342378616
0.047304827719926834, 0.034619081765413284
0.03404414653778076, 0.02983325533568859
0.059389956295490265, 0.03517837077379227
0.035758908838033676, 0.01941651850938797
0.02708391286432743, 0.021760310977697372
0.0466013103723526, 0.024935061112046242
0.037642061710357666, 0.025196336209774017
0.03306018188595772, 0.021304618567228317
0.03105294331908226, 0.019664941355586052
0.03117826208472252, 0.018170133233070374
0.03514301776885986, 0.021248944103717804
0.02759186178445816, 0.02045063115656376
0.021700315177440643, 0.013138550333678722
0.041643593460321426, 0.02771134115755558
0.03975752368569374, 0.024127228185534477
0.0419931598007679, 0.02938750386238098
0.053176481276750565, 0.038362015038728714
0.04309958219528198, 0.023602599278092384
0.03175114840269089, 0.021586842834949493
0.03889093175530434, 0.028766755014657974
0.07403997331857681, 0.041032612323760986
0.08012104779481888, 0.047110311686992645
0.08710315823554993, 0.05885406583547592
0.07280828058719635, 0.03887975960969925
0.05538187175989151, 0.031582362949848175
0.02786078490316868, 0.02073286473751068
0.027489881962537766, 0.02333732694387436
0.035291869193315506, 0.02451901324093342
0.026264792308211327, 0.017331358045339584
0.02757079340517521, 0.016835244372487068
0.035381071269512177, 0.032811783254146576
0.031430862843990326, 0.01908046379685402
0.029825985431671143, 0.024858878925442696
0.03681359067559242, 0.02022787742316723
0.03489575907588005, 0.022593284025788307
0.029313160106539726, 0.021109795197844505
0.03978996351361275, 0.023424293845891953
0.035005658864974976, 0.021079279482364655
0.03259952366352081, 0.021887680515646935
0.03805268183350563, 0.020318802446126938
0.055899277329444885, 0.0264730267226696
0.026887645944952965, 0.025664160028100014
0.022074757143855095, 0.025542598217725754
0.017405634745955467, 0.014972513541579247
0.03770069405436516, 0.024963723495602608
0.07416031509637833, 0.04089920222759247
0.07751704007387161, 0.034601833671331406
0.04330124706029892, 0.028950782492756844
0.036713629961013794, 0.032236117869615555
0.036236368119716644, 0.028278851881623268
0.03239993378520012, 0.025821048766374588
0.0462038628757, 0.03483748808503151
0.02545110322535038, 0.01936822570860386
0.021018313243985176, 0.011079186573624611
0.035603735595941544, 0.01937102898955345
0.03004942275583744, 0.018669860437512398
0.03661515563726425, 0.024139689281582832
0.026242539286613464, 0.020531311631202698
0.0372629277408123, 0.028085028752684593
0.0597456693649292, 0.03799930214881897
0.0522749163210392, 0.029836319386959076
0.03753169625997543, 0.024339932948350906
0.03701344132423401, 0.025341466069221497
0.0366964228451252, 0.02436918579041958
0.05171642079949379, 0.037643369287252426
0.036422863602638245, 0.028812523931264877
0.03469745069742203, 0.028198884800076485
0.030437732115387917, 0.023617569357156754
0.03171408921480179, 0.020409032702445984
0.03098337911069393, 0.028984354808926582
0.05056717246770859, 0.027475368231534958
0.02783827669918537, 0.022304601967334747
0.029152804985642433, 0.017161305993795395
0.05422205105423927, 0.028718771412968636
0.029487499967217445, 0.015840591862797737
0.020416412502527237, 0.011119573377072811
0.03897850587964058, 0.026827098801732063
0.04062097519636154, 0.03155428171157837
0.03149358183145523, 0.01921248808503151
0.01895725168287754, 0.011556731536984444
0.03561270609498024, 0.03058508038520813
0.03396594524383545, 0.021101316437125206
0.025408035144209862, 0.021453138440847397
0.04100329801440239, 0.029584767296910286
0.03988306224346161, 0.02860814891755581
0.03526352718472481, 0.027283871546387672
0.028127474710345268, 0.017645522952079773
0.030355850234627724, 0.026124343276023865
0.05216933414340019, 0.026273606345057487
0.03499631956219673, 0.024767985567450523
0.03336799517273903, 0.025623353198170662
0.03663313761353493, 0.021634582430124283
0.030083341524004936, 0.02077482081949711
0.04810521751642227, 0.028396639972925186
0.05001360550522804, 0.031170763075351715
0.03409624099731445, 0.027235692366957664
0.04042016342282295, 0.026264561340212822
0.027016302570700645, 0.02467970922589302
0.05978556349873543, 0.03591260313987732
0.03391103819012642, 0.027039259672164917
0.043271034955978394, 0.02315399795770645
0.031227707862854004, 0.02507617697119713
0.025360198691487312, 0.013951065950095654
0.018429724499583244, 0.010980650782585144
0.03253631666302681, 0.02864113263785839
0.03823959082365036, 0.02947400137782097
0.05558125302195549, 0.025580374523997307
0.030692577362060547, 0.017047682777047157
0.03751295059919357, 0.026674699038267136
0.0642337054014206, 0.03498777374625206
0.05290122702717781, 0.034134507179260254
0.032984841614961624, 0.026474326848983765
0.03329253941774368, 0.02667396329343319
0.04164557531476021, 0.029529612511396408
0.023650893941521645, 0.01495693251490593
0.0552823431789875, 0.038414496928453445
0.03406001254916191, 0.0270637609064579
0.04271036386489868, 0.02178298309445381
0.04083235189318657, 0.03331418335437775
0.04187912493944168, 0.023961560800671577
0.0265143271535635, 0.015269052237272263
0.019580956548452377, 0.011454877443611622
0.030971236526966095, 0.02062974125146866
0.03076925501227379, 0.02582552842795849
0.03639502078294754, 0.028488589450716972
0.024551330134272575, 0.01542117353528738
0.032026369124650955, 0.021110888570547104
0.026857633143663406, 0.01978874020278454
0.03119034878909588, 0.019369343295693398
0.030130138620734215, 0.025467419996857643
0.04416133463382721, 0.032417625188827515
0.03012205846607685, 0.02639169618487358
0.04153990000486374, 0.02807007171213627
0.04673409461975098, 0.026338821277022362
0.04052922502160072, 0.027991371229290962
0.06672851741313934, 0.031079871580004692
0.028621597215533257, 0.021560098975896835
0.02984311804175377, 0.02324352040886879
0.031163547188043594, 0.02170487307012081
0.018286140635609627, 0.012567632831633091
0.03596635162830353, 0.024746553972363472
0.03887366130948067, 0.027983900159597397
0.03399717062711716, 0.02308756858110428
0.02507948689162731, 0.018777726218104362
0.030359357595443726, 0.018490243703126907
0.036551155149936676, 0.022412585094571114
0.04522501304745674, 0.030894627794623375
0.025631196796894073, 0.016839908435940742
0.030900925397872925, 0.026760190725326538
0.04834921658039093, 0.033991992473602295
0.026123441755771637, 0.016044937074184418
0.018239906057715416, 0.014525488018989563
0.04113295301795006, 0.025420011952519417
0.030624236911535263, 0.022319655865430832
0.017708057537674904, 0.013896307907998562
0.029603753238916397, 0.02219845913350582
0.026344260200858116, 0.022688135504722595
0.081293024122715, 0.033592261373996735
0.04240432381629944, 0.03877299651503563
0.03630407527089119, 0.013602500781416893
0.016445089131593704, 0.015277044847607613
0.03716004639863968, 0.024014748632907867
0.0319545678794384, 0.021904129534959793
0.021815793588757515, 0.014305464923381805
0.029237648472189903, 0.019936079159379005
0.03192823752760887, 0.02948078326880932
0.022796114906668663, 0.018182925879955292
0.01246641855686903, 0.012277528643608093
0.04320700466632843, 0.03054955042898655
0.06616834551095963, 0.039962902665138245
0.044758934527635574, 0.03154521435499191
0.0613667368888855, 0.03121454454958439
0.06343839317560196, 0.0363134928047657
0.04968014732003212, 0.029764892533421516
0.03247315064072609, 0.021221479400992393
0.03354603424668312, 0.018726328387856483
0.027656521648168564, 0.021046819165349007
0.05065413936972618, 0.0303347148001194
0.03855520486831665, 0.021250683814287186
0.05405042693018913, 0.03262607380747795
0.02533387579023838, 0.020925743505358696
0.034686435014009476, 0.02211533859372139
0.025870172306895256, 0.011306380853056908
0.03852147236466408, 0.030318137258291245
0.02971828356385231, 0.020665014162659645
0.02544618584215641, 0.018561866134405136
0.03562462329864502, 0.020091010257601738
0.03383006528019905, 0.020629793405532837
0.049575597047805786, 0.03266923502087593
0.03474981710314751, 0.01497626956552267
0.03876031935214996, 0.029874946922063828
0.034576717764139175, 0.02434995211660862
0.049485813826322556, 0.032793641090393066
0.02737676352262497, 0.017681144177913666
0.02765653468668461, 0.02109520137310028
0.023009048774838448, 0.017994914203882217
0.024964338168501854, 0.017088543623685837
0.020679498091340065, 0.016266243532299995
0.03240988776087761, 0.02465861104428768
0.039697807282209396, 0.02415163815021515
0.03132161870598793, 0.02053980343043804
0.021759048104286194, 0.01085581909865141
0.033614933490753174, 0.022785866633057594
0.04583781957626343, 0.03152245283126831
0.03686174377799034, 0.01921532116830349
0.03508505970239639, 0.02473219856619835
0.034312356263399124, 0.026424193754792213
0.02969023585319519, 0.020925329998135567
0.027189575135707855, 0.02039526216685772
0.019919637590646744, 0.015095406211912632
0.023035984486341476, 0.0163659006357193
0.033079843968153, 0.018944596871733665
0.039574094116687775, 0.02825407311320305
0.024644678458571434, 0.01235395297408104
0.023351067677140236, 0.023199165239930153
0.03402857109904289, 0.023334164172410965
0.022502141073346138, 0.019432641565799713
0.029934102669358253, 0.02369648590683937
0.038066036999225616, 0.027274498715996742
0.06115415319800377, 0.03398105874657631
0.04615744203329086, 0.026063743978738785
0.05140943452715874, 0.03483569994568825
0.021744275465607643, 0.017373571172356606
0.024140505120158195, 0.02210885100066662
0.019408056512475014, 0.012957089580595493
0.028094274923205376, 0.01676027476787567
0.02716698683798313, 0.02249855361878872
0.04045781120657921, 0.0256523247808218
0.02992940880358219, 0.02405254729092121
0.03435761108994484, 0.025030702352523804
0.07364177703857422, 0.036650802940130234
0.03583425655961037, 0.01944272592663765
0.04011627659201622, 0.0215659998357296
0.030740175396203995, 0.02110610529780388
0.03855234757065773, 0.023092377930879593
0.022271519526839256, 0.017712824046611786
0.018842296674847603, 0.014958650805056095
0.019089767709374428, 0.01552064809948206
0.043075237423181534, 0.02191595360636711
0.03153616189956665, 0.029241565614938736
0.021881865337491035, 0.016799818724393845
0.028212087228894234, 0.020094096660614014
0.039260383695364, 0.02818569540977478
0.03336485102772713, 0.02043074183166027
0.022162150591611862, 0.02037143148481846
0.026964891701936722, 0.018060462549328804
0.04834282770752907, 0.01671229489147663
0.04909525066614151, 0.0338381864130497
0.03278811648488045, 0.027489449828863144
0.021600710228085518, 0.015582210384309292
0.03254945948719978, 0.022761370986700058
0.04498060420155525, 0.03568972274661064
0.02253010869026184, 0.013625822961330414
0.03532993048429489, 0.0259049404412508
0.0383966900408268, 0.021542998030781746
0.03210432082414627, 0.020310474559664726
0.01991397701203823, 0.013159004040062428
0.023821230977773666, 0.013995540328323841
0.04626227542757988, 0.02343730442225933
0.02935604192316532, 0.024227259680628777
0.020827049389481544, 0.01583392731845379
0.025653472170233727, 0.018770873546600342
0.031155887991189957, 0.023661373183131218
0.01727209985256195, 0.008992807008326054
0.04652480036020279, 0.030872199684381485
0.03954433649778366, 0.025644199922680855
0.03773755207657814, 0.02624884806573391
0.043393462896347046, 0.025854725390672684
0.037652838975191116, 0.026481306180357933
0.034887123852968216, 0.018719077110290527
0.04273294657468796, 0.02951907552778721
0.04260944575071335, 0.02820403315126896
0.029411038383841515, 0.019043872132897377
0.03318478539586067, 0.025447478517889977
0.030157877132296562, 0.01901676133275032
0.03190067782998085, 0.026447566226124763
0.018122343346476555, 0.009512740187346935
0.02146952599287033, 0.016341639682650566
0.03696509078145027, 0.03029368631541729
0.04230082035064697, 0.029133057221770287
0.040838584303855896, 0.03479759022593498
0.021297534927725792, 0.01753748394548893
0.030465109273791313, 0.021174924448132515
0.03558429330587387, 0.027610206976532936
0.04740326479077339, 0.025782393291592598
0.052156396210193634, 0.03150198236107826
0.041054658591747284, 0.025743568316102028
0.05241689458489418, 0.03477712720632553
0.022376177832484245, 0.019909018650650978
0.02755601704120636, 0.017421308904886246
0.017069686204195023, 0.015493427403271198
0.022557947784662247, 0.017629349604249
0.05596160143613815, 0.032903168350458145
0.040354836732149124, 0.02867172472178936
0.02282499335706234, 0.016493255272507668
0.04061617702245712, 0.02340961992740631
0.022172076627612114, 0.01438174583017826
0.031834620982408524, 0.024051766842603683
0.02289316989481449, 0.016170285642147064
0.021950596943497658, 0.017293009907007217
0.02000848948955536, 0.015292379073798656
0.025312483310699463, 0.0161075871437788
0.0653052106499672, 0.04500744119286537
0.07539913803339005, 0.04310497269034386
0.023868056014180183, 0.016281595453619957
0.02811756357550621, 0.023028282448649406
0.02111915312707424, 0.018995363265275955
0.020054584369063377, 0.017402121797204018
0.0337815061211586, 0.020659316331148148
0.039819978177547455, 0.028718668967485428
0.03269323706626892, 0.018279874697327614
0.03172542154788971, 0.026027381420135498
0.021388787776231766, 0.014757727272808552
0.02298392727971077, 0.014576934278011322
0.027270499616861343, 0.016142355278134346
0.025701969861984253, 0.015553729608654976
0.02438446320593357, 0.023242205381393433
0.021921295672655106, 0.021621370688080788
0.014047867618501186, 0.010787012055516243
0.020439868792891502, 0.014116841368377209
0.037622321397066116, 0.02506675384938717
0.021917736157774925, 0.01822584681212902
0.030334988608956337, 0.021306898444890976
0.038649555295705795, 0.02651246450841427
0.04404615983366966, 0.025258706882596016
0.027001962065696716, 0.017398379743099213
0.020954806357622147, 0.015078473836183548
0.025736743584275246, 0.018979225307703018
0.024412045255303383, 0.013234343379735947
0.027322180569171906, 0.018753642216324806
0.05340880900621414, 0.03229442238807678
0.03442277014255524, 0.025305259972810745
0.054638754576444626, 0.04617880657315254
0.04207560047507286, 0.027536330744624138
0.02090488001704216, 0.01755434460937977
0.022675029933452606, 0.016917670145630836
0.019360966980457306, 0.011834826320409775
0.021125616505742073, 0.013794085942208767
0.022222040221095085, 0.014477879740297794
0.01977403089404106, 0.013126930221915245
0.02008160576224327, 0.01700028032064438
0.01801822893321514, 0.01288209855556488
0.020226111635565758, 0.010052863508462906
0.03993064537644386, 0.02873481623828411
0.05712026357650757, 0.027954796329140663
0.04285551235079765, 0.03199085220694542
0.01454662624746561, 0.013531111180782318
0.03386363014578819, 0.024687575176358223
0.03795695677399635, 0.023877182975411415
0.029521644115447998, 0.02268712967634201
0.019030699506402016, 0.012048616074025631
0.05241601914167404, 0.03611231967806816
0.027114059776067734, 0.019404776394367218
0.03453706204891205, 0.024489492177963257
0.038904305547475815, 0.027866432443261147
0.0502067469060421, 0.03298919275403023
0.040570322424173355, 0.022203989326953888
0.041629303246736526, 0.025631312280893326
0.044513363391160965, 0.02774372324347496
0.03195074200630188, 0.021454159170389175
0.056671448051929474, 0.03499561920762062
0.042372845113277435, 0.01973833702504635
0.0401940643787384, 0.024142608046531677
0.04598385840654373, 0.021048372611403465
0.035043369978666306, 0.02099204994738102
0.03829077631235123, 0.02203434333205223
0.03970515727996826, 0.017975972965359688
0.03340374678373337, 0.02415539138019085
0.017761820927262306, 0.012058014050126076
0.0224939975887537, 0.017431730404496193
0.03146425262093544, 0.01476184744387865
0.024393422529101372, 0.0222125556319952
0.0437212772667408, 0.019902529194951057
0.03662694990634918, 0.020301954820752144
0.04030108079314232, 0.02638140320777893
0.038763053715229034, 0.026327593252062798
0.022273309528827667, 0.015023088082671165
0.018460774794220924, 0.013898318633437157
0.024624371901154518, 0.02034595049917698
0.0318085141479969, 0.02334749512374401
0.03255631402134895, 0.024012666195631027
0.02254256047308445, 0.013344191014766693
0.03156324103474617, 0.026724152266979218
0.04082193970680237, 0.020312407985329628
0.03156369552016258, 0.02200760506093502
0.03815075755119324, 0.019377950578927994
0.032788537442684174, 0.023267479613423347
0.02766825072467327, 0.015115242451429367
0.03134175017476082, 0.01711254194378853
0.03023187257349491, 0.015580140985548496
0.03809252008795738, 0.022760611027479172
0.06002434715628624, 0.023344513028860092
0.0575181245803833, 0.027032017707824707
0.05955572798848152, 0.05391649529337883
0.03376628831028938, 0.016042545437812805
0.021427517756819725, 0.013216949068009853
0.022573065012693405, 0.013917486183345318
0.0233626551926136, 0.013998688198626041
0.020108593627810478, 0.013483145274221897
0.02350603975355625, 0.013668539933860302
0.023026542738080025, 0.016209905967116356
0.028744293376803398, 0.021295782178640366
0.02987966313958168, 0.01659148558974266
0.03853308781981468, 0.020766448229551315
0.020548291504383087, 0.015941916033625603
0.012152023613452911, 0.011881657876074314
0.01785454899072647, 0.00905575044453144
0.01876121759414673, 0.010158642195165157
0.01890387386083603, 0.013553690165281296
0.02737940102815628, 0.016258735209703445
0.04126152768731117, 0.01790829375386238
0.027117254212498665, 0.01911325566470623
0.025093326345086098, 0.01794510893523693
0.050912611186504364, 0.03417280316352844
0.028231361880898476, 0.023876916617155075
0.032371003180742264, 0.028114987537264824
0.0667753741145134, 0.02944069169461727
0.040894512087106705, 0.03470762446522713
0.05126965045928955, 0.023728832602500916
0.020387301221489906, 0.012877490371465683
0.0373142845928669, 0.022355590015649796
0.03981658071279526, 0.028148187324404716
0.067592091858387, 0.034766774624586105
0.04961914196610451, 0.027026016265153885
0.020015420392155647, 0.009755936451256275
0.01888142339885235, 0.014901962131261826
0.02610992267727852, 0.014260072261095047
0.04366816207766533, 0.023465188220143318
0.029247373342514038, 0.024593206122517586
0.03329949453473091, 0.020142974331974983
0.06921479851007462, 0.04622279480099678
0.05049484968185425, 0.02788264863193035
0.035603925585746765, 0.02337152138352394
0.01613270491361618, 0.009689627215266228
0.04644877836108208, 0.028380075469613075
0.04582909122109413, 0.03335430473089218
0.021798858419060707, 0.012360753491520882
0.030020978301763535, 0.0173533596098423
0.02188871242105961, 0.016282811760902405
0.017352242022752762, 0.011636064387857914
0.016538847237825394, 0.013355867937207222
0.019205980002880096, 0.013775902800261974
0.040327444672584534, 0.026768391951918602
0.03989315778017044, 0.02923600934445858
0.034444063901901245, 0.01640024036169052
0.034311164170503616, 0.018275033682584763
0.03226299583911896, 0.024747759103775024
0.03606953099370003, 0.023333730176091194
0.02412133850157261, 0.011885157786309719
0.02372589148581028, 0.017643583938479424
0.025325607508420944, 0.020123014226555824
0.029784733429551125, 0.01881936937570572
0.03173745796084404, 0.01851784996688366
0.03537680208683014, 0.022836903110146523
0.03495479002594948, 0.01660642772912979
0.02044626511633396, 0.015148896723985672
0.02543707564473152, 0.01927090436220169
0.019559282809495926, 0.014357236213982105
0.022856393828988075, 0.01696202903985977
0.020998163148760796, 0.016161711886525154
0.04378317669034004, 0.028555454686284065
0.022321542724967003, 0.012994611635804176
0.02677830494940281, 0.016713183373212814
0.027224481105804443, 0.015097804367542267
0.027169451117515564, 0.017329886555671692
0.030305827036499977, 0.017627138644456863
0.022536126896739006, 0.016078876331448555
0.022118479013442993, 0.014958093874156475
0.023539027199149132, 0.013029655441641808
0.026270870119333267, 0.023680653423070908
0.04464469850063324, 0.03195297345519066
0.030499812215566635, 0.02184259332716465
0.026523414999246597, 0.023999914526939392
0.018339326605200768, 0.012466644868254662
0.030636098235845566, 0.021030301228165627
0.02947903424501419, 0.013454613275825977
0.024397986009716988, 0.021817905828356743
0.043301984667778015, 0.02235070988535881
0.02799847163259983, 0.020998092368245125
0.04548146203160286, 0.03294212743639946
0.04202433302998543, 0.032439786940813065
0.03703858330845833, 0.027150142937898636
0.03291015326976776, 0.016125788912177086
0.03566748648881912, 0.018985701724886894
0.035913143306970596, 0.018680842593312263
0.042299993336200714, 0.02868964895606041
0.032912466675043106, 0.02631993032991886
0.04916650801897049, 0.023997919633984566
0.060379017144441605, 0.03789765015244484
0.035888656973838806, 0.018724670633673668
0.04852835088968277, 0.023079123347997665
0.03352026268839836, 0.020168902352452278
0.048544082790613174, 0.025339800864458084
0.02255961112678051, 0.012404323555529118
0.032493706792593, 0.020365923643112183
0.030139807611703873, 0.019348660483956337
0.024441923946142197, 0.01291976310312748
0.01120189018547535, 0.008067463524639606
0.030520018190145493, 0.018608538433909416
0.030492223799228668, 0.02200474590063095
0.02335825189948082, 0.01578563079237938
0.03538971021771431, 0.02174343913793564
0.041555169969797134, 0.02940583974123001
0.044339150190353394, 0.031226249411702156
0.031951650977134705, 0.016459079459309578
0.04806583374738693, 0.022649196907877922
0.02479187585413456, 0.01451586838811636
0.02743319608271122, 0.021539898589253426
0.027433134615421295, 0.01797964982688427
0.02297399379312992, 0.01987948827445507
0.016752267256379128, 0.012252124957740307
0.023780934512615204, 0.017924508079886436
0.04183351621031761, 0.023278839886188507
0.01843198575079441, 0.011140711605548859
0.01737859845161438, 0.013955886475741863
0.022543173283338547, 0.012134061194956303
0.02140561304986477, 0.012262855656445026
0.033141445368528366, 0.022788826376199722
0.03126588836312294, 0.017338644713163376
0.02189919352531433, 0.019472669810056686
0.055900443345308304, 0.03509818762540817
0.031809497624635696, 0.02056620642542839
0.021047979593276978, 0.014282876625657082
0.04975556954741478, 0.024656636640429497
0.032052312046289444, 0.021115228533744812
0.03191757574677467, 0.016806164756417274
0.04732619225978851, 0.0277146827429533
0.023650819435715675, 0.014818452298641205
0.03512660413980484, 0.02245035208761692
0.012940098531544209, 0.009875007905066013
0.01354187447577715, 0.010728553868830204
0.03898642212152481, 0.02121898904442787
0.04165118932723999, 0.027282409369945526
0.018725747242569923, 0.012232935056090355
0.03907284513115883, 0.035193152725696564
0.05721776559948921, 0.032001931220293045
0.037350449711084366, 0.020125530660152435
0.01628745347261429, 0.012510024011135101
0.018512023612856865, 0.013420995324850082
0.020300397649407387, 0.01608152873814106
0.025025278329849243, 0.018800899386405945
0.017019091174006462, 0.012763691134750843
0.031889453530311584, 0.02209782414138317
0.04045628756284714, 0.02582111582159996
0.052837442606687546, 0.03527426719665527
0.04638364911079407, 0.03326670825481415
0.023011932149529457, 0.01638454757630825
0.03562799096107483, 0.0311917532235384
0.03527707979083061, 0.020305123180150986
0.03134826943278313, 0.018625320866703987
0.03785289451479912, 0.03308388218283653
0.02625768445432186, 0.020290404558181763
0.037283387035131454, 0.02227257378399372
0.02489725686609745, 0.01553989015519619
0.02253704145550728, 0.015549042262136936
0.041722722351551056, 0.031170859932899475
0.033718641847372055, 0.017158767208456993
0.025379234924912453, 0.017947915941476822
0.03260740265250206, 0.02218424156308174
0.02358621545135975, 0.01541573740541935
0.04231750965118408, 0.027362599968910217
0.05405522137880325, 0.02931066043674946
0.02723025158047676, 0.017732838168740273
0.04049466922879219, 0.01927618868649006
0.040518879890441895, 0.024933947250247
0.02690955437719822, 0.01381056010723114
0.02765275351703167, 0.017545776441693306
0.03657248988747597, 0.024772772565484047
0.037261415272951126, 0.03261077404022217
0.028042567893862724, 0.023538269102573395
0.020508114248514175, 0.013508078642189503
0.019596794620156288, 0.01290033757686615
0.02201082743704319, 0.013814405538141727
0.023847665637731552, 0.020539628341794014
0.02476535178720951, 0.015232427045702934
0.030800623819231987, 0.012672078795731068
0.02853967808187008, 0.014637225307524204
0.026296360418200493, 0.015431945212185383
0.02047543413937092, 0.02005614899098873
0.025181282311677933, 0.015361263416707516
0.03399532288312912, 0.021482639014720917
0.02729545161128044, 0.013922157697379589
0.0136419041082263, 0.010229604318737984
0.040505535900592804, 0.029153255745768547
0.035186994820833206, 0.02597181871533394
0.01974547654390335, 0.011850925162434578
0.0344865545630455, 0.02189883217215538
0.05834096670150757, 0.03560324013233185
0.04853000119328499, 0.03126402944326401
0.022808467969298363, 0.015480006113648415
0.01873127557337284, 0.016793182119727135
0.03152146190404892, 0.025185013189911842
0.039868131279945374, 0.01686485856771469
0.04194467142224312, 0.025491496548056602
0.053271468728780746, 0.03122149594128132
0.026038937270641327, 0.016829904168844223
0.04579603672027588, 0.03235791623592377
0.06713924556970596, 0.04133708029985428
0.033664558082818985, 0.021456189453601837
0.05180683359503746, 0.026191605255007744
0.03486355394124985, 0.018129656091332436
0.03565899655222893, 0.020510632544755936
0.03312356770038605, 0.022377192974090576
0.030462702736258507, 0.020695697516202927
0.03812823072075844, 0.025074245408177376
0.018529796972870827, 0.01677584834396839
0.025993570685386658, 0.016927458345890045
0.025377342477440834, 0.023898839950561523
0.026659004390239716, 0.017183484509587288
0.03146370127797127, 0.04174360632896423
0.06049737706780434, 0.03806547448039055
0.1286352425813675, 0.07727785408496857
0.12089594453573227, 0.07056400924921036
0.08179447054862976, 0.054101310670375824
0.04081663116812706, 0.022188162431120872
0.03981025889515877, 0.03228453919291496
0.01411212794482708, 0.013520616106688976
0.02325458638370037, 0.013573400676250458
0.0183304101228714, 0.016037797555327415
0.03413031995296478, 0.022148141637444496
0.022300345823168755, 0.01968332938849926
0.02041264809668064, 0.020998353138566017
0.020261012017726898, 0.0156765915453434
0.021588826552033424, 0.017798282206058502
0.03810971602797508, 0.024832023307681084
0.0416206493973732, 0.024380911141633987
0.018208125606179237, 0.013108283281326294
0.03971274942159653, 0.018544109538197517
0.03708420321345329, 0.022376004606485367
0.025975890457630157, 0.016626592725515366
0.034969646483659744, 0.022454168647527695
0.03694305196404457, 0.026908375322818756
0.02857295610010624, 0.020702769979834557
0.04868028685450554, 0.01628102734684944
0.03184505179524422, 0.020038777962327003
0.0333058200776577, 0.02491765469312668
0.023793106898665428, 0.015472318977117538
0.02702310122549534, 0.018370414152741432
0.0592496395111084, 0.03935731574892998
0.05738851800560951, 0.03230513259768486
0.026351308450102806, 0.022356146946549416
0.03735999017953873, 0.027096878737211227
0.04212106019258499, 0.027399292215704918
0.021669995039701462, 0.014853673987090588
0.037775974720716476, 0.03305631875991821
0.057241253554821014, 0.037639547139406204
0.039955586194992065, 0.026982253417372704
0.02730916254222393, 0.020343748852610588
0.031826019287109375, 0.019801974296569824
0.04583762586116791, 0.02529129385948181
0.037579238414764404, 0.026884304359555244
0.04057043418288231, 0.02500002272427082
0.0418412946164608, 0.03279292955994606
0.018065638840198517, 0.010744999162852764
0.03087390400469303, 0.02442948706448078
0.023874567821621895, 0.017097676172852516
0.026887813583016396, 0.01835193857550621
0.031896430999040604, 0.019919782876968384
0.035161908715963364, 0.026640737429261208
0.06506792455911636, 0.033399783074855804
0.05772601440548897, 0.0348401740193367
0.03111475706100464, 0.02585681341588497
0.03563949093222618, 0.020011311396956444
0.026871439069509506, 0.013347916305065155
0.020745934918522835, 0.015119756571948528
0.016425108537077904, 0.017745116725564003
0.017397264018654823, 0.010840015485882759
0.07080985605716705, 0.043057315051555634
0.0630631074309349, 0.030443580821156502
0.043237216770648956, 0.022795792669057846
0.02896459959447384, 0.0255390964448452
0.03528449684381485, 0.019376827403903008
0.01625397615134716, 0.0119300102815032
0.028101304545998573, 0.01801326498389244
0.02957763895392418, 0.023334749042987823
0.02355298027396202, 0.016292795538902283
0.02899133786559105, 0.017621615901589394
0.019875984638929367, 0.012468273751437664
0.05135883763432503, 0.025362690910696983
0.04262687638401985, 0.024153394624590874
0.029317673295736313, 0.020345499739050865
0.028321856632828712, 0.015354557894170284
0.04690861329436302, 0.026682060211896896
0.03908120095729828, 0.021620329469442368
0.031200489029288292, 0.013700345531105995
0.038371492177248, 0.0242018960416317
0.03407393395900726, 0.021396441385149956
0.05098637565970421, 0.040660418570041656
0.042739227414131165, 0.030748441815376282
0.01926661841571331, 0.012382247485220432
0.028321346268057823, 0.016322756186127663
0.021659744903445244, 0.01594511978328228
0.061336491256952286, 0.02967512048780918
0.047185029834508896, 0.01927308551967144
0.03199705109000206, 0.01878095231950283
0.03238536790013313, 0.021350260823965073
0.04377683624625206, 0.03096974454820156
0.020557010546326637, 0.01703038439154625
0.01745382323861122, 0.011635617353022099
0.03161706402897835, 0.01935063861310482
0.04046144708991051, 0.024836860597133636
0.03701410070061684, 0.031339578330516815
0.030801989138126373, 0.03423696383833885
0.03399626165628433, 0.024151379242539406
0.03021668829023838, 0.020758895203471184
0.024772077798843384, 0.018075378611683846
0.0379926934838295, 0.02515511028468609
0.0632954016327858, 0.04129975661635399
0.04027080163359642, 0.02611052244901657
0.040205031633377075, 0.022863052785396576
0.03040478378534317, 0.02458878420293331
0.02175435796380043, 0.01922713778913021
0.05088769271969795, 0.031022999435663223
0.026433227583765984, 0.017928680405020714
0.021053671836853027, 0.010249704122543335
0.023605339229106903, 0.021012205630540848
0.030370375141501427, 0.02075241692364216
0.05431554466485977, 0.03718210384249687
0.08230279386043549, 0.057281263172626495
0.04207823798060417, 0.038545724004507065
0.037810441106557846, 0.01872863620519638
0.0384354367852211, 0.0233645960688591
0.027810411527752876, 0.01573946326971054
0.03700621798634529, 0.019225629046559334
0.020475368946790695, 0.01255169976502657
0.01907007023692131, 0.01656763069331646
0.03580743819475174, 0.01752704381942749
0.049658410251140594, 0.039450760930776596
0.06434883177280426, 0.034811411052942276
0.03842505067586899, 0.02953471802175045
0.029919322580099106, 0.019595324993133545
0.05165847763419151, 0.029089540243148804
0.03335176035761833, 0.020630793645977974
0.0208478681743145, 0.014528314583003521
0.030559876933693886, 0.021535377949476242
0.03732866048812866, 0.024762997403740883
0.03995513916015625, 0.024429459124803543
0.027437712997198105, 0.023160552605986595
0.04392916336655617, 0.020000293850898743
0.03265246003866196, 0.01907944306731224
0.0381380058825016, 0.023543108254671097
0.02857256308197975, 0.020067714154720306
0.04232986643910408, 0.024249855428934097
0.055813804268836975, 0.032045815140008926
0.019658109173178673, 0.015087338164448738
0.02081361971795559, 0.011032665148377419
0.03842845931649208, 0.02649323269724846
0.0372687503695488, 0.026408853009343147
0.04801406338810921, 0.03091382049024105
0.018637249246239662, 0.01835033856332302
0.032903749495744705, 0.021849021315574646
0.07541343569755554, 0.03199364244937897
0.06882793456315994, 0.039981186389923096
0.07126566767692566, 0.039666250348091125
0.04560760408639908, 0.029118072241544724
0.02292119339108467, 0.016896454617381096
0.03277000039815903, 0.022353891283273697
0.03744467347860336, 0.020304802805185318
0.028563350439071655, 0.01570734567940235
0.04950707033276558, 0.024098265916109085
0.054309893399477005, 0.02989005111157894
0.03202499821782112, 0.023466071113944054
0.028902407735586166, 0.013309097848832607
0.04957553371787071, 0.027293283492326736
0.05053055286407471, 0.03288626670837402
0.03952173888683319, 0.025689898058772087
0.020319849252700806, 0.015153089538216591
0.03249659016728401, 0.018714221194386482
0.036548126488924026, 0.030539270490407944
0.024567225947976112, 0.02080334909260273
0.03976281359791756, 0.02613997645676136
0.05094829201698303, 0.027954909950494766
0.022944213822484016, 0.02249389886856079
0.023372096940875053, 0.012743022292852402
0.03742273524403572, 0.02472858875989914
0.042983781546354294, 0.024562599137425423
0.056074220687150955, 0.026379382237792015
0.02914407290518284, 0.027602482587099075
0.048482321202754974, 0.03590189665555954
0.03843121975660324, 0.02691844291985035
0.04423845559358597, 0.025746887549757957
0.05017351359128952, 0.039498697966337204
0.023656930774450302, 0.02498159371316433
0.022696586325764656, 0.015436764806509018
0.03495176509022713, 0.02443689852952957
0.02975594438612461, 0.022947702556848526
0.02752191200852394, 0.020242879167199135
0.028780365362763405, 0.024986915290355682
0.028490670025348663, 0.022116482257843018
0.02816123701632023, 0.019631702452898026
0.02043251506984234, 0.015062063001096249
0.02788522280752659, 0.020450042560696602
0.03302345052361488, 0.01919001340866089
0.049948159605264664, 0.02768896520137787
0.061235010623931885, 0.03816568851470947
0.024778790771961212, 0.016180487349629402
0.022831512615084648, 0.014091871678829193
0.01524402853101492, 0.008623003959655762
0.03858056291937828, 0.01976192370057106
0.026508009061217308, 0.021285230293869972
0.02229473739862442, 0.01492962148040533
0.025389699265360832, 0.017095346003770828
0.019196251407265663, 0.010423691011965275
0.015305383130908012, 0.007203635759651661
0.03107256442308426, 0.023541662842035294
0.025897985324263573, 0.019679421558976173
0.027562418952584267, 0.012966803275048733
0.02869805134832859, 0.018549460917711258
0.022264786064624786, 0.010897897183895111
0.01842246949672699, 0.013164451345801353
0.021406948566436768, 0.016708219423890114
0.03166215121746063, 0.025764916092157364
0.029300600290298462, 0.01745043694972992
0.04789667949080467, 0.025139033794403076
0.03240228071808815, 0.020932337269186974
0.03487272188067436, 0.02701493725180626
0.03595707193017006, 0.021241646260023117
0.04886936396360397, 0.028498101979494095
0.02716568112373352, 0.021637313067913055
0.05543331429362297, 0.03539233282208443
0.07863420993089676, 0.04618255794048309
0.06373579055070877, 0.03428375720977783
0.04364313557744026, 0.0307320524007082
0.06934766471385956, 0.03427208587527275
0.06533936411142349, 0.04249825328588486
0.06624199450016022, 0.04450993612408638
0.028962429612874985, 0.018881158903241158
0.028318680822849274, 0.01993471197783947
0.017598969861865044, 0.014511987566947937
0.04444355145096779, 0.03120734915137291
0.045876096934080124, 0.027994759380817413
0.04097679257392883, 0.02671872265636921
0.024102861061692238, 0.019745783880352974
0.03258756920695305, 0.017831064760684967
0.028807060793042183, 0.01790204644203186
0.04385342076420784, 0.022823896259069443
0.016836220398545265, 0.01076156459748745
0.021326055750250816, 0.01611771248281002
0.058371834456920624, 0.03610369563102722
0.04398312047123909, 0.03021884895861149
0.030508393421769142, 0.01841133087873459
0.01886828988790512, 0.013394317589700222
0.02650781348347664, 0.01536896638572216
0.028068581596016884, 0.019277717918157578
0.016019674018025398, 0.01452614925801754
0.03369802236557007, 0.019420381635427475
0.030775124207139015, 0.019093811511993408
0.04697238281369209, 0.029941249638795853
0.03489898890256882, 0.024952668696641922
0.03188414126634598, 0.023241359740495682
0.03466202691197395, 0.028081290423870087
0.02894938923418522, 0.02262934111058712
0.03953143209218979, 0.031240932643413544
0.03664084151387215, 0.03253698721528053
0.04149283468723297, 0.028218675404787064
0.028866520151495934, 0.01977098174393177
0.04808126762509346, 0.028796741738915443
0.03511028736829758, 0.021166248247027397
0.027530934661626816, 0.021014168858528137
0.03203381970524788, 0.01776709221303463
0.03280213102698326, 0.017708297818899155
0.033407505601644516, 0.024236254394054413
0.024224702268838882, 0.013674380257725716
0.030264126136898994, 0.0166757982224226
0.023871982470154762, 0.014913573861122131
0.023647598922252655, 0.017701758071780205
0.03457910567522049, 0.020195912569761276
0.0373406782746315, 0.02080656588077545
0.038062725216150284, 0.022834956645965576
0.04586602747440338, 0.02765258215367794
0.0404035709798336, 0.027351314201951027
0.043933723121881485, 0.029190080240368843
0.043259233236312866, 0.025350473821163177
0.08012837916612625, 0.0455002635717392
0.024989748373627663, 0.021614043042063713
0.02460998296737671, 0.0195708516985178
0.020838191732764244, 0.009843110106885433
0.04304983839392662, 0.022054312750697136
0.04708343744277954, 0.02223126031458378
0.040013447403907776, 0.023945124819874763
0.044214725494384766, 0.023930242285132408
0.03115757741034031, 0.01783652976155281
0.021776774898171425, 0.010790814645588398
0.026494810357689857, 0.022772543132305145
0.04689157381653786, 0.02830212190747261
0.02265588380396366, 0.016722669824957848
0.026663023978471756, 0.01938987337052822
0.054490767419338226, 0.029383569955825806
0.02662932686507702, 0.021087372675538063
0.03798791021108627, 0.015212714672088623
0.0453757606446743, 0.023896126076579094
0.06333789974451065, 0.037154246121644974
0.06407181918621063, 0.03213776648044586
0.02868267334997654, 0.01981494389474392
0.04437869042158127, 0.03304838016629219
0.04005147144198418, 0.022342635318636894
0.04206468537449837, 0.029957029968500137
0.01918434165418148, 0.01289407629519701
0.03687114641070366, 0.024091970175504684
0.033086128532886505, 0.025751395151019096
0.022835498675704002, 0.019577786326408386
0.054524149745702744, 0.03487338498234749
0.04331335425376892, 0.03145656734704971
0.03001970425248146, 0.016469715163111687
0.039641398936510086, 0.03297770023345947
0.03212893754243851, 0.022290311753749847
0.018615080043673515, 0.017156558111310005
0.03214631974697113, 0.0222934503108263
0.035613398998975754, 0.023296350613236427
0.02552466094493866, 0.017681125551462173
0.05680917948484421, 0.03835766389966011
0.039665237069129944, 0.02625296637415886
0.03643503040075302, 0.024136988446116447
0.017591698095202446, 0.014833453111350536
0.02469351328909397, 0.015572408214211464
0.04351974278688431, 0.02616531029343605
0.04488582909107208, 0.021036861464381218
0.03792203590273857, 0.023031262680888176
0.036648839712142944, 0.025212537497282028
0.040325697511434555, 0.02413153648376465
0.03345369175076485, 0.0233931802213192
0.040444210171699524, 0.02354881726205349
0.04415658488869667, 0.03592279180884361
0.04553466662764549, 0.036090850830078125
0.06995795667171478, 0.044143177568912506
0.06589481979608536, 0.03605080768465996
0.029098162427544594, 0.012708987109363079
0.021796680986881256, 0.023746967315673828
0.02251986786723137, 0.015135232359170914
0.05663207545876503, 0.03798963874578476
0.05233549699187279, 0.03558485954999924
0.02571367658674717, 0.018879549577832222
0.04536531865596771, 0.026612281799316406
0.050801802426576614, 0.0358797088265419
0.04094773530960083, 0.018877724185585976
0.05890781432390213, 0.04465878754854202
0.06187748908996582, 0.033213622868061066
0.03780319541692734, 0.018471352756023407
0.04224150627851486, 0.02561430260539055
0.012643073685467243, 0.009152996353805065
0.016192790120840073, 0.015830079093575478
0.037284187972545624, 0.028838198632001877
0.03338673710823059, 0.02636263519525528
0.05771752819418907, 0.03502354025840759
0.04686548188328743, 0.03114573284983635
0.053966790437698364, 0.03235810250043869
0.04671386629343033, 0.028796156868338585
0.02404482290148735, 0.016463954001665115
0.031834676861763, 0.02206828072667122
0.03394303098320961, 0.030770452693104744
0.02880212292075157, 0.02035682275891304
0.02997967228293419, 0.017539849504828453
0.021431375294923782, 0.015144198201596737
0.04316386952996254, 0.023629168048501015
0.023821845650672913, 0.013734896667301655
0.031941432505846024, 0.02156677097082138
0.018024615943431854, 0.017335444688796997
0.018900813534855843, 0.01241728663444519
0.033087607473134995, 0.017668038606643677
0.04364538565278053, 0.03216174617409706
0.05036669597029686, 0.027202367782592773
0.03315053880214691, 0.022463729605078697
0.023435868322849274, 0.013861463405191898
0.02130701206624508, 0.014363521710038185
0.022131912410259247, 0.020389502868056297
0.022447166964411736, 0.018393687903881073
0.02841796912252903, 0.023841559886932373
0.022988207638263702, 0.016933443024754524
0.05315447226166725, 0.03480994328856468
0.035158731043338776, 0.022932030260562897
0.03656313195824623, 0.03003738448023796
0.03637177497148514, 0.024310292676091194
0.023532606661319733, 0.01569845899939537
0.033601902425289154, 0.0259823277592659
0.041476402431726456, 0.030764617025852203
0.04313885048031807, 0.03783629089593887
0.0333431139588356, 0.027044983580708504
0.029971057549118996, 0.02897556684911251
0.039027512073516846, 0.02349567599594593
0.015411998145282269, 0.010306944139301777
0.022644829005002975, 0.016721855849027634
0.025355614721775055, 0.02349672093987465
0.027143975719809532, 0.02197600156068802
0.024872178211808205, 0.01963757909834385
0.019629882648587227, 0.016216300427913666
0.04507992044091225, 0.021408313885331154
0.046490978449583054, 0.03027276322245598
0.0444105789065361, 0.030688969418406487
0.050597626715898514, 0.03043656051158905
0.03548405319452286, 0.023938961327075958
0.046664994210004807, 0.0299531277269125
0.037134069949388504, 0.026755189523100853
0.028601910918951035, 0.018383700400590897
0.026773640885949135, 0.014858446083962917
0.024606043472886086, 0.01527482457458973
0.06557774543762207, 0.04714293032884598
0.034195851534605026, 0.02751154638826847
0.06225408986210823, 0.035749565809965134
0.04860103875398636, 0.036260105669498444
0.04149474576115608, 0.03240816295146942
0.06581828743219376, 0.042966485023498535
0.0455961637198925, 0.03261767700314522
0.06914056837558746, 0.04944862797856331
0.08138526231050491, 0.04376910999417305
0.029620187357068062, 0.01736363209784031
0.0391678512096405, 0.02396397851407528
0.026025494560599327, 0.024670537561178207
0.029493656009435654, 0.019308239221572876
0.028521772474050522, 0.020200414583086967
0.02905980497598648, 0.025348706170916557
0.04695671796798706, 0.024504462257027626
0.03407103568315506, 0.022584903985261917
0.024593710899353027, 0.01932922564446926
0.03363362327218056, 0.018259262666106224
0.022634495049715042, 0.01400420069694519
0.02285548485815525, 0.017157675698399544
0.029112854972481728, 0.02328912727534771
0.02605648711323738, 0.019581066444516182
0.01804404892027378, 0.013412856496870518
0.02657906897366047, 0.0128884706646204
0.016634037718176842, 0.017847951501607895
0.03285861015319824, 0.02303781732916832
0.03649112954735756, 0.02675437740981579
0.030176371335983276, 0.021994661539793015
0.01966942846775055, 0.014341218397021294
0.02988479845225811, 0.018314581364393234
0.042338304221630096, 0.02929305098950863
0.06152559071779251, 0.024712376296520233
0.04088683798909187, 0.021805211901664734
0.049677569419145584, 0.03298569098114967
0.07445400953292847, 0.041363272815942764
0.04811063036322594, 0.028043868020176888
0.0411066971719265, 0.023117391392588615
0.06600431352853775, 0.03863414749503136
0.05019712448120117, 0.03615371882915497
0.07692086696624756, 0.03914404287934303
0.04942958056926727, 0.03323918581008911
0.025962233543395996, 0.014909349381923676
0.043345432728528976, 0.029564907774329185
0.03641020134091377, 0.02029360458254814
0.039654720574617386, 0.02573610469698906
0.044076111167669296, 0.031632911413908005
0.05698593333363533, 0.037306345999240875
0.05400659516453743, 0.034735776484012604
0.05658041313290596, 0.02479216642677784
0.04510609433054924, 0.023428985849022865
0.02856624871492386, 0.021265244111418724
0.027598164975643158, 0.01718740351498127
0.0347980372607708, 0.016440851613879204
0.03340321406722069, 0.02667110413312912
0.0517536960542202, 0.023965464904904366
0.03131305053830147, 0.020449360832571983
0.02150697447359562, 0.023124784231185913
0.0236346498131752, 0.016204794868826866
0.02331065572798252, 0.016136180609464645
0.03622543811798096, 0.023708365857601166
0.03928067162632942, 0.025644557550549507
0.03251602128148079, 0.023357747122645378
0.05588967353105545, 0.03114015981554985
0.06726592034101486, 0.047982316464185715
0.05610167235136032, 0.03725419193506241
0.033095743507146835, 0.024357715621590614
0.02305896393954754, 0.017495805397629738
0.04407031461596489, 0.03086801804602146
0.06300268322229385, 0.03165699169039726
0.054171279072761536, 0.030635280534625053
0.032229289412498474, 0.022649584338068962
0.02207067236304283, 0.014368974603712559
0.024716205894947052, 0.019320551306009293
0.025356313213706017, 0.017910556867718697
0.04130713641643524, 0.02537470869719982
0.07400909811258316, 0.05027728155255318
0.03956567123532295, 0.021845905110239983
0.04031873866915703, 0.026678547263145447
0.018397117033600807, 0.013438327237963676
0.01625812239944935, 0.013313300907611847
0.026726609095931053, 0.019167480990290642
0.03454438969492912, 0.020875392481684685
0.01549612171947956, 0.011990546248853207
0.02422238141298294, 0.01811789907515049
0.03749513253569603, 0.03007199615240097
0.028659189119935036, 0.01858849637210369
0.026180490851402283, 0.02246166579425335
0.018345482647418976, 0.014144940301775932
0.04435103014111519, 0.03080100752413273
0.041929297149181366, 0.020003633573651314
0.03723723068833351, 0.027151871472597122
0.05107848718762398, 0.03513278812170029
0.021770091727375984, 0.016305945813655853
0.0325935073196888, 0.018804198130965233
0.04490099474787712, 0.031411271542310715
0.06799835711717606, 0.035089507699012756
0.05434456467628479, 0.032893918454647064
0.05669117718935013, 0.03260060027241707
0.048699524253606796, 0.027281245216727257
0.0396222248673439, 0.022903412580490112
0.05479692667722702, 0.03223396837711334
0.05157487094402313, 0.02627159282565117
0.04633543640375137, 0.031903576105833054
0.05783630162477493, 0.03849855810403824
0.043450262397527695, 0.029939070343971252
0.02716299332678318, 0.014557936228811741
0.03516034036874771, 0.019950825721025467
0.030787689611315727, 0.022025994956493378
0.038997843861579895, 0.033019546419382095
0.02444179356098175, 0.018076354637742043
0.030674871057271957, 0.0243946835398674
0.04040486365556717, 0.019863756373524666
0.034435052424669266, 0.021848581731319427
0.02722553350031376, 0.020136257633566856
0.026296762749552727, 0.02066606655716896
0.03140122815966606, 0.016485674306750298
0.03438033536076546, 0.0303023811429739
0.08869233727455139, 0.046608954668045044
0.07174820452928543, 0.050868574529886246
0.08887825161218643, 0.055326465517282486
0.07890789955854416, 0.039743419736623764
0.04308940842747688, 0.024522988125681877
0.02665317803621292, 0.023459002375602722
0.03090999834239483, 0.019867537543177605
0.04802098497748375, 0.034788504242897034
0.03336060047149658, 0.01957985758781433
0.02245970629155636, 0.016072429716587067
0.03314359113574028, 0.020780453458428383
0.02728673256933689, 0.016340389847755432
0.03275546804070473, 0.023701874539256096
0.09471786022186279, 0.046751558780670166
0.036350272595882416, 0.02078954502940178
0.0221196748316288, 0.02156204916536808
0.023620331659913063, 0.016311602666974068
0.021964825689792633, 0.012549667619168758
0.03444736450910568, 0.031066179275512695
0.02696935273706913, 0.019235290586948395
0.046274229884147644, 0.026443643495440483
0.06370168924331665, 0.03974055498838425
0.09172865003347397, 0.054223671555519104
0.05837705358862877, 0.04860766604542732
0.020643023774027824, 0.011584289371967316
0.029968228191137314, 0.020139532163739204
0.01752612367272377, 0.015743406489491463
0.03723248466849327, 0.030952339991927147
0.02730725333094597, 0.01881110481917858
0.025011349469423294, 0.015935901552438736
0.04459201544523239, 0.025841372087597847
0.03908804431557655, 0.030654391273856163
0.03654302656650543, 0.019631963223218918
0.03507435694336891, 0.02572822757065296
0.05467115715146065, 0.03245661035180092
0.048035550862550735, 0.030941342934966087
0.05040185526013374, 0.028026027604937553
0.03423808515071869, 0.017946604639291763
0.03053985722362995, 0.022040443494915962
0.0340442918241024, 0.015955673530697823
0.07368546724319458, 0.04501376301050186
0.053897611796855927, 0.03460259363055229
0.02348330244421959, 0.01604139618575573
0.025451360270380974, 0.021475354209542274
0.0558944009244442, 0.037827178835868835
0.05024122819304466, 0.02935187891125679
0.04285794869065285, 0.029559407383203506
0.024886617437005043, 0.011967516504228115
0.041496045887470245, 0.02844306267797947
0.03530401363968849, 0.026504378765821457
0.030527787283062935, 0.01949225924909115
0.020881125703454018, 0.015430262312293053
0.029705919325351715, 0.02022801898419857
0.03416719660162926, 0.022098969668149948
0.04235563799738884, 0.03741961345076561
0.03989766165614128, 0.017465637996792793
0.03308932110667229, 0.021526722237467766
0.031476158648729324, 0.024363365024328232
0.026359492912888527, 0.0188456941395998
0.02383849211037159, 0.016492603346705437
0.04399427771568298, 0.024992726743221283
0.044216979295015335, 0.02670423872768879
0.032888732850551605, 0.025178859010338783
0.03036147728562355, 0.01847640797495842
0.03151865676045418, 0.01880262792110443
0.03531765937805176, 0.022320695221424103
0.0335441492497921, 0.02471124567091465
0.05812876671552658, 0.02855595387518406
0.022502370178699493, 0.019679227843880653
0.029035525396466255, 0.02117389626801014
0.038815513253211975, 0.029900336638092995
0.058819353580474854, 0.03578294441103935
0.03465000540018082, 0.037324339151382446
0.0292693879455328, 0.019977645948529243
0.0333440937101841, 0.024151958525180817
0.027266517281532288, 0.018213346600532532
0.03349311649799347, 0.02781873382627964
0.0492933914065361, 0.027921035885810852
0.04183506593108177, 0.02908433973789215
0.043857116252183914, 0.027722256258130074
0.05002916231751442, 0.028330251574516296
0.0567922480404377, 0.024305203929543495
0.04088654741644859, 0.035584792494773865
0.025509679690003395, 0.01796373538672924
0.04149021580815315, 0.027526898309588432
0.03566272184252739, 0.021765345707535744
0.049267277121543884, 0.024789877235889435
0.04006601870059967, 0.0263825636357069
0.04071561247110367, 0.026670552790164948
0.047165803611278534, 0.03196706250309944
0.032150980085134506, 0.019635289907455444
0.017835283651947975, 0.017469992861151695
0.04723354056477547, 0.03934702277183533
0.031009266152977943, 0.023438667878508568
0.018077179789543152, 0.01602160558104515
0.0318259671330452, 0.023216551169753075
0.049028437584638596, 0.028759364038705826
0.03761878237128258, 0.022915028035640717
0.030426541343331337, 0.01863417960703373
0.046395957469940186, 0.03383270651102066
0.031515639275312424, 0.021019838750362396
0.04255196079611778, 0.022953646257519722
0.06240607798099518, 0.03619419038295746
0.02710992470383644, 0.019689735025167465
0.03450962156057358, 0.02337515540421009
0.031286824494600296, 0.01938716508448124
0.025456756353378296, 0.022640498355031013
0.04245910793542862, 0.0267387256026268
0.04306982830166817, 0.024651551619172096
0.026747580617666245, 0.019900213927030563
0.05366125330328941, 0.04057035595178604
0.029259447008371353, 0.015911877155303955
0.04393753409385681, 0.025477111339569092
0.06109907105565071, 0.03610691428184509
0.08371102064847946, 0.04735517501831055
0.10455995053052902, 0.05787010118365288
0.08018024265766144, 0.05992208793759346
0.04053076356649399, 0.025920860469341278
0.05038987100124359, 0.028754394501447678
0.03672396019101143, 0.020036054775118828
0.05507664754986763, 0.03207740932703018
0.09264542162418365, 0.04202191159129143
0.056465309113264084, 0.04593551158905029
0.038452859967947006, 0.03363751247525215
0.030622201040387154, 0.02248428389430046
0.030795583501458168, 0.020735088735818863
0.031787581741809845, 0.022712470963597298
0.046667955815792084, 0.03229943662881851
0.032157979905605316, 0.021656738594174385
0.04891866445541382, 0.01844809204339981
0.045941878110170364, 0.03276428207755089
0.033774979412555695, 0.027846822515130043
0.03439449146389961, 0.02914651483297348
0.01988597959280014, 0.015383102931082249
0.027583666145801544, 0.014861317351460457
0.03471020609140396, 0.024964073672890663
0.03155403211712837, 0.02156905084848404
0.050314322113990784, 0.03711846470832825
0.039638519287109375, 0.02078431099653244
0.030654430389404297, 0.022203203290700912
0.024242917075753212, 0.020055357366800308
0.027682790532708168, 0.009737116284668446
0.02495584823191166, 0.015157132409512997
0.06488457322120667, 0.03442813828587532
0.07008075714111328, 0.04956597462296486
0.023221870884299278, 0.021521300077438354
0.0369739755988121, 0.0216390211135149
0.02472924441099167, 0.015473799780011177
0.0521063506603241, 0.034415364265441895
0.05047792196273804, 0.0395595021545887
0.027737174183130264, 0.022044330835342407
0.05979110300540924, 0.025279948487877846
0.04734311252832413, 0.04088933393359184
0.028263593092560768, 0.017104124650359154
0.01764933206140995, 0.013567687943577766
0.02631872147321701, 0.016111230477690697
0.030766258016228676, 0.029960697516798973
0.08286523073911667, 0.04554633051156998
0.06674106419086456, 0.04196835309267044
0.060346949845552444, 0.03972381353378296
0.029777321964502335, 0.02692253142595291
0.02063884772360325, 0.015214674174785614
0.03986910730600357, 0.025532441213726997
0.033101122826337814, 0.021165743470191956
0.03675622120499611, 0.027453886345028877
0.050699055194854736, 0.0285793449729681
0.0503600537776947, 0.03135235235095024
0.048796795308589935, 0.030976083129644394
0.05214408040046692, 0.042755283415317535
0.03612854704260826, 0.023495204746723175
0.01869843900203705, 0.013077182695269585
0.03937658667564392, 0.030178193002939224
0.049266938120126724, 0.029544636607170105
0.03955821320414543, 0.030218295753002167
0.04472086578607559, 0.024831170216202736
0.03198070824146271, 0.022436464205384254
0.04341050609946251, 0.02212800644338131
0.04858335107564926, 0.04592565447092056
0.07724817097187042, 0.03969632834196091
0.03633986413478851, 0.02667989209294319
0.0469973124563694, 0.025183983147144318
0.030758218839764595, 0.025050705298781395
0.031895000487565994, 0.01700805500149727
0.03709535300731659, 0.018388057127594948
0.027189740911126137, 0.017224987968802452
0.02841085195541382, 0.01991850696504116
