mean, std
0.31862860918045044, 0.01744363270699978
0.2943616807460785, 0.020092276856303215
0.24294959008693695, 0.02767333574593067
0.18343192338943481, 0.012074723839759827
0.17440259456634521, 0.010019712150096893
0.17228922247886658, 0.007851783186197281
0.17088456451892853, 0.011327504180371761
0.16934259235858917, 0.01565215177834034
0.16676262021064758, 0.01018248125910759
0.166463240981102, 0.012531484477221966
0.16669641435146332, 0.014730239287018776
0.16616153717041016, 0.010324479080736637
0.1654505878686905, 0.010168063454329967
0.16483603417873383, 0.013889041729271412
0.1651061326265335, 0.013116071932017803
0.16429659724235535, 0.010588610544800758
0.16480402648448944, 0.012561697512865067
0.16429972648620605, 0.011841830797493458
0.16463936865329742, 0.016245588660240173
0.1642265021800995, 0.011634900234639645
0.16369666159152985, 0.012577062472701073
0.16388796269893646, 0.01117047481238842
0.16297639906406403, 0.011017161421477795
0.16317830979824066, 0.011585610918700695
0.16371971368789673, 0.01043254230171442
0.16343790292739868, 0.0107539938762784
0.16308456659317017, 0.011321967467665672
0.16146427392959595, 0.00959527026861906
0.16070754826068878, 0.011836225166916847
0.1579710990190506, 0.013756751082837582
0.15550625324249268, 0.00997183471918106
0.15166744589805603, 0.010778650641441345
0.14845894277095795, 0.011972601525485516
0.1476428210735321, 0.01212117075920105
0.14616766571998596, 0.01279489602893591
0.14600275456905365, 0.014264198951423168
0.14495107531547546, 0.014510287903249264
0.14466720819473267, 0.013457134366035461
0.14495190978050232, 0.012592297978699207
0.14513778686523438, 0.008036362007260323
0.1439133733510971, 0.010686473920941353
0.1442592293024063, 0.010869123041629791
0.1450904905796051, 0.009655110538005829
0.14379404485225677, 0.012224842794239521
0.14419132471084595, 0.011424029245972633
0.14250336587429047, 0.01641794666647911
0.1429106891155243, 0.011022214777767658
0.14374478161334991, 0.01088823564350605
0.14213018119335175, 0.01184130646288395
0.14201340079307556, 0.0074468874372541904
0.14075925946235657, 0.01329977996647358
0.13808122277259827, 0.014058802276849747
0.13434000313282013, 0.013229279778897762
0.12907178699970245, 0.009874205105006695
0.11961647123098373, 0.009140745736658573
0.11133485287427902, 0.01014347281306982
0.10693011432886124, 0.009217072278261185
0.10493581742048264, 0.01053385529667139
0.10263291001319885, 0.009526802226901054
0.1010107770562172, 0.009274427779018879
0.09907776117324829, 0.007882299832999706
0.0973573699593544, 0.007393970619887114
0.09516426175832748, 0.008515619672834873
0.09346358478069305, 0.0059182289987802505
0.09295562654733658, 0.00785901304334402
0.09117450565099716, 0.008050361648201942
0.09078041464090347, 0.007276697084307671
0.0904197245836258, 0.009827699512243271
0.0900459885597229, 0.007291023153811693
0.08936405181884766, 0.0077520436607301235
0.08865804225206375, 0.007799496874213219
0.08888576179742813, 0.007978075183928013
0.08896695077419281, 0.007282949052751064
0.0882130116224289, 0.005056361667811871
0.08848373591899872, 0.007648478262126446
0.08790037035942078, 0.006217361893504858
0.08746342360973358, 0.005791537929326296
0.0866861641407013, 0.006439184304326773
0.08608511835336685, 0.008935336954891682
0.08664396405220032, 0.00749039463698864
0.08589363098144531, 0.005454519763588905
0.08534642308950424, 0.008037636056542397
0.08476739376783371, 0.006933298893272877
0.08441627025604248, 0.008223947137594223
0.08478344231843948, 0.007906769402325153
0.08421245962381363, 0.007984018884599209
0.08380372077226639, 0.009517749771475792
0.08296804875135422, 0.008675883524119854
0.08319401741027832, 0.006269236095249653
0.08268526196479797, 0.006940232124179602
0.08201438188552856, 0.005065639037638903
0.08138110488653183, 0.00786871649324894
0.08048412948846817, 0.00687622232362628
0.07922011613845825, 0.006041530519723892
0.07848237454891205, 0.007663480006158352
0.078691266477108, 0.004228825215250254
0.07693680375814438, 0.006583349779248238
0.07658306509256363, 0.005262454506009817
0.07502347230911255, 0.006652439013123512
0.07452281564474106, 0.005015714094042778
0.07309434562921524, 0.004960233811289072
0.07173091173171997, 0.005072842817753553
0.0721895843744278, 0.007239181082695723
0.07064326852560043, 0.004005169030278921
0.07029461860656738, 0.004832686390727758
0.07004167884588242, 0.007743460591882467
0.06931848078966141, 0.005829316563904285
0.0688893273472786, 0.004452240653336048
0.06801126897335052, 0.004672390874475241
0.06890598684549332, 0.005683485418558121
0.06804080307483673, 0.005244432017207146
0.06754553318023682, 0.007826510816812515
0.06781411916017532, 0.006069221533834934
0.06735878437757492, 0.006298955529928207
0.06745652109384537, 0.007489986252039671
0.0673009529709816, 0.008356920443475246
0.06724817305803299, 0.0067067621275782585
0.06699629127979279, 0.0070066326297819614
0.06737922132015228, 0.007087416015565395
0.06714122742414474, 0.008455578237771988
0.06659706681966782, 0.005976857151836157
0.06676625460386276, 0.00713189784437418
0.06677192449569702, 0.00806626956909895
0.06688010692596436, 0.007481172680854797
0.06655310839414597, 0.005338076036423445
0.06650489568710327, 0.005364547483623028
0.06635858118534088, 0.004938095808029175
0.06606702506542206, 0.005110527854412794
0.0663788914680481, 0.006823687348514795
0.06612557172775269, 0.006097903475165367
0.06660545617341995, 0.005417970474809408
0.06655923277139664, 0.007011283189058304
0.06670757383108139, 0.006230047903954983
0.06625011563301086, 0.004824349656701088
0.06658763438463211, 0.0048885587602853775
0.06618540734052658, 0.005795642267912626
0.06592997908592224, 0.0075012193992733955
0.06584008783102036, 0.007134799845516682
0.06559412181377411, 0.005775393918156624
0.06662116199731827, 0.0045088198967278
0.06597216427326202, 0.0068468754179775715
0.06584002077579498, 0.007971067912876606
0.06565383821725845, 0.006180088967084885
0.0659286379814148, 0.00524918595328927
0.06575848907232285, 0.007282783277332783
0.06592869013547897, 0.005028024781495333
0.06547793745994568, 0.005557766649872065
0.06583980470895767, 0.006763684097677469
0.06560754776000977, 0.005386154633015394
0.06565763801336288, 0.007747834548354149
0.06512485444545746, 0.007354028522968292
0.06557946652173996, 0.006005784031003714
0.06600905954837799, 0.0057965791784226894
0.06610307842493057, 0.00441646296530962
0.06529290229082108, 0.006694887764751911
0.06601298600435257, 0.006007612217217684
0.06581194698810577, 0.006257763132452965
0.06627396494150162, 0.007299740333110094
0.06541932374238968, 0.006733417976647615
0.0659906268119812, 0.0052023883908987045
0.065309539437294, 0.005857899785041809
0.06532680988311768, 0.005555582232773304
0.06618094444274902, 0.00587556092068553
0.06520760804414749, 0.006517630070447922
0.06585744768381119, 0.0065183378756046295
0.06529829651117325, 0.007828718982636929
0.06509192287921906, 0.005753995850682259
0.06468456238508224, 0.00583147956058383
0.06521429121494293, 0.007371251937001944
0.0653393566608429, 0.006086263805627823
0.06577126681804657, 0.0071851229295134544
0.06528608500957489, 0.00788626354187727
0.06530825048685074, 0.005428291857242584
0.06522158533334732, 0.0061030578799545765
0.06538712978363037, 0.005758868530392647
0.06558629125356674, 0.0062797944992780685
0.06575870513916016, 0.007411405444145203
0.06502724438905716, 0.006290013436228037
0.06520218402147293, 0.006967304274439812
0.064794160425663, 0.004794841166585684
0.06508047133684158, 0.005110325291752815
0.0646544098854065, 0.006702081300318241
0.06505206972360611, 0.007508768700063229
0.0646524652838707, 0.006941733416169882
0.0658317357301712, 0.003478175727650523
0.06469959765672684, 0.005743215326219797
0.06441786140203476, 0.006082219071686268
0.06511382013559341, 0.0070733013562858105
0.0651189461350441, 0.004958287347108126
0.06551322340965271, 0.0035378895699977875
0.06453477591276169, 0.0062716128304600716
0.06534136831760406, 0.006269058212637901
0.0649004802107811, 0.005568910390138626
0.06468628346920013, 0.0055976370349526405
0.06550715118646622, 0.006917063612490892
0.06513223052024841, 0.006293345242738724
0.06516130268573761, 0.005610959138721228
0.06511875987052917, 0.005930365063250065
0.06552765518426895, 0.006657734047621489
0.06497489660978317, 0.00614369148388505
0.06531450152397156, 0.006968493107706308
0.0647057518362999, 0.004915109369903803
0.06499173492193222, 0.005969994235783815
0.06474052369594574, 0.006132060661911964
0.06521280109882355, 0.004477138165384531
0.06500271707773209, 0.005241055507212877
0.06482653319835663, 0.00611569918692112
0.06508908420801163, 0.00675297062844038
0.0650627464056015, 0.006341343745589256
0.06470782309770584, 0.006065097637474537
0.06482163071632385, 0.006056355312466621
0.06499793380498886, 0.00505242170765996
0.06454765051603317, 0.00766993360593915
0.06489662081003189, 0.005565894301980734
0.0641973465681076, 0.0064611006528139114
0.0639486089348793, 0.00509575754404068
0.06495451182126999, 0.006565872114151716
0.06443888694047928, 0.007545455824583769
0.0644083097577095, 0.005044229328632355
0.06480821222066879, 0.004994451999664307
0.0644402876496315, 0.007443100679665804
0.06461405009031296, 0.006868407130241394
0.06467438489198685, 0.003763367421925068
0.0650460496544838, 0.005155499093234539
0.06455142050981522, 0.004396069794893265
0.06504344195127487, 0.005890028551220894
0.06523755192756653, 0.006745902821421623
0.06443912535905838, 0.006636129226535559
0.06440664827823639, 0.00547825125977397
0.06407790631055832, 0.005816579330712557
0.06443946808576584, 0.004447306971997023
0.06403984129428864, 0.007578810676932335
0.06453995406627655, 0.006601134315133095
0.06419651955366135, 0.005121320951730013
0.06466225534677505, 0.005622031632810831
0.06422591209411621, 0.0071591660380363464
0.06408565491437912, 0.00608837092295289
0.06432466208934784, 0.004702895879745483
0.06417428702116013, 0.00581350876018405
0.06433761864900589, 0.0048372563906013966
0.06451617181301117, 0.005757553968578577
0.0640111193060875, 0.004866619594395161
0.06427250057458878, 0.006263037212193012
0.06389162689447403, 0.005795883480459452
0.06500552594661713, 0.0056347232311964035
0.06491336971521378, 0.0055100275203585625
0.06467276811599731, 0.00522428285330534
0.06489682197570801, 0.0060346475802361965
0.06428416073322296, 0.005837682634592056
0.06395313143730164, 0.005145370494574308
0.06452981382608414, 0.006228613201528788
0.06467742472887039, 0.005251431837677956
0.06400667130947113, 0.005314203444868326
0.0644017830491066, 0.0068624792620539665
0.06464237719774246, 0.007023622747510672
0.06445708870887756, 0.006015821360051632
0.06441934406757355, 0.0038979128003120422
0.06393571943044662, 0.00846510287374258
0.06450602412223816, 0.0050686560571193695
0.06373851001262665, 0.007116682827472687
0.0640220120549202, 0.004672856070101261
0.06447305530309677, 0.00657736137509346
0.06395937502384186, 0.005774758290499449
0.06397552043199539, 0.005305897910147905
0.06387604027986526, 0.0059129949659109116
0.0639033243060112, 0.006627584807574749
0.0638112723827362, 0.005837035831063986
0.06447557359933853, 0.0059076896868646145
0.06438090652227402, 0.004861632827669382
0.06397205591201782, 0.007469625677913427
0.06422392278909683, 0.007336240261793137
0.06417254358530045, 0.005127724725753069
0.0632626935839653, 0.007825187407433987
0.06372416019439697, 0.005099823698401451
0.06408990919589996, 0.006735773757100105
0.06400121748447418, 0.005582599900662899
0.06424034386873245, 0.004341416526585817
0.06391692161560059, 0.005842279642820358
0.06388486176729202, 0.006001534406095743
0.06413698196411133, 0.006027006544172764
0.06393606215715408, 0.0071045407094061375
0.06409992277622223, 0.00720788910984993
0.0642743855714798, 0.00492965430021286
0.06368738412857056, 0.006777826230973005
0.06367198377847672, 0.005892555229365826
0.06389973312616348, 0.005982032045722008
0.06364680081605911, 0.0042951968498528
0.06368532031774521, 0.00622344808652997
0.0635233223438263, 0.006028822623193264
0.06351015716791153, 0.007697609718888998
0.06410849094390869, 0.005451233126223087
0.06341081112623215, 0.006958788260817528
0.06390272080898285, 0.004230303689837456
0.06347749382257462, 0.007541141007095575
0.06363757699728012, 0.005274749360978603
0.06368301063776016, 0.006179292220622301
0.06407786905765533, 0.005959773901849985
0.06336241215467453, 0.004891517106443644
0.0633428618311882, 0.005860886070877314
0.06291486322879791, 0.006602981593459845
0.06395261734724045, 0.003065611934289336
0.06384152173995972, 0.006762754637748003
0.0628974512219429, 0.004584142006933689
0.06402020156383514, 0.006845312193036079
0.06349875777959824, 0.005918996874243021
0.06365209817886353, 0.004905609879642725
0.06393517553806305, 0.006486285477876663
0.06413938850164413, 0.003956183325499296
0.0640021488070488, 0.00706457020714879
0.0641687661409378, 0.0056313141249120235
0.06362558901309967, 0.004898995626717806
0.06332910060882568, 0.004795850720256567
0.06291516125202179, 0.00831960141658783
0.06346110999584198, 0.004836370702832937
0.06324124336242676, 0.007688694167882204
0.06380899995565414, 0.00325452140532434
0.06330883502960205, 0.007162814494222403
0.06362120062112808, 0.006136199459433556
0.0635358989238739, 0.004957573488354683
0.06348315626382828, 0.006764235440641642
0.06360690295696259, 0.006044212728738785
0.06341399252414703, 0.005973414052277803
0.06356717646121979, 0.0077567556872963905
0.06317289918661118, 0.006636236794292927
0.06381980329751968, 0.006502155214548111
0.06383679062128067, 0.006420155521482229
0.0634954497218132, 0.0070633599534630775
0.06319159269332886, 0.006395373493432999
0.06312346458435059, 0.005350850522518158
0.06343314051628113, 0.004484385717660189
0.06338289380073547, 0.007191704586148262
0.06329677999019623, 0.004866839852184057
0.0638057217001915, 0.0055231861770153046
0.063315249979496, 0.004649436101317406
0.06312979757785797, 0.0058708880096673965
0.06395641714334488, 0.005635239649564028
0.06371111422777176, 0.006327549461275339
0.06342001259326935, 0.005062056705355644
0.06333133578300476, 0.006559617351740599
0.06303386390209198, 0.006893516518175602
0.0628109723329544, 0.006685849744826555
0.06351254880428314, 0.006673929747194052
0.06306589394807816, 0.00541682681068778
0.06279714405536652, 0.005442156456410885
0.06333055347204208, 0.004945360589772463
0.06345389038324356, 0.004650921560823917
0.06300672888755798, 0.006442955229431391
0.06348413974046707, 0.004966357722878456
0.06313403695821762, 0.00687805563211441
0.06315884739160538, 0.005329945124685764
0.06347708404064178, 0.0036379278171807528
0.06270009279251099, 0.006759839132428169
0.06360602378845215, 0.005886845290660858
0.0630452111363411, 0.00752077903598547
0.06350767612457275, 0.007250856142491102
0.06301368027925491, 0.005594929214566946
0.06322062015533447, 0.006816464010626078
0.06365704536437988, 0.006643781438469887
0.06349337100982666, 0.005849958397448063
0.06304161995649338, 0.006419618148356676
0.06302463263273239, 0.003324042307212949
0.06248703971505165, 0.007754089776426554
0.06312849372625351, 0.006859893910586834
0.06315836310386658, 0.004603616893291473
0.06344132125377655, 0.0048845685087144375
0.06286360323429108, 0.005927208345383406
0.06324131041765213, 0.0066777621395885944
0.06285742670297623, 0.0042112176306545734
0.0630304291844368, 0.0053583052940666676
0.06313534080982208, 0.004618784878402948
0.06351476907730103, 0.006608347408473492
0.06325529515743256, 0.006845101248472929
0.0638132393360138, 0.005633177235722542
0.06343147158622742, 0.005063353106379509
0.06320076435804367, 0.0053084297105669975
0.06346911936998367, 0.005733119789510965
0.06287453323602676, 0.004981495905667543
0.06272862106561661, 0.007072373293340206
0.06312718242406845, 0.006406957749277353
0.06304480880498886, 0.006917640101164579
0.06312646716833115, 0.0057676685974001884
0.06278668344020844, 0.007202965207397938
0.06337214261293411, 0.005800589453428984
0.06253835558891296, 0.00699985446408391
0.06280601024627686, 0.007365782279521227
0.06343860924243927, 0.006286613643169403
0.06263858824968338, 0.004035984165966511
0.06322238594293594, 0.00590440584346652
0.06290139257907867, 0.006332139018923044
0.06313848495483398, 0.005553161259740591
0.06299703568220139, 0.006781688425689936
0.06339272111654282, 0.005665596108883619
0.06317290663719177, 0.006024389993399382
0.06282789260149002, 0.007115825545042753
0.06280037760734558, 0.0045632715336978436
0.06252789497375488, 0.005421164911240339
0.06280773878097534, 0.0062261405400931835
0.06312017142772675, 0.007004755549132824
0.06319299340248108, 0.0055882432498037815
0.06286445260047913, 0.0061966776847839355
0.06310705840587616, 0.00792708620429039
0.0629308819770813, 0.004575636237859726
0.06284438818693161, 0.007110421545803547
0.0626908540725708, 0.006702812388539314
0.063158318400383, 0.0050885360687971115
0.06218518689274788, 0.009705035015940666
0.06300770491361618, 0.0058046989142894745
0.06284704804420471, 0.0041816639713943005
0.06322842091321945, 0.00495273107662797
0.06297826766967773, 0.007598632946610451
0.0616365410387516, 0.00545109249651432
0.0629437193274498, 0.005148409865796566
0.06315741688013077, 0.0059702047146856785
0.06305224448442459, 0.006642709486186504
0.06298895180225372, 0.004052732139825821
0.06222828850150108, 0.006343470886349678
0.0631428137421608, 0.007826042361557484
0.06258795410394669, 0.006431899964809418
0.0628260001540184, 0.005812460090965033
0.06290508061647415, 0.006436037365347147
0.06271139532327652, 0.007593235466629267
0.06297018378973007, 0.005925547331571579
0.06297726184129715, 0.007277661468833685
0.0624387152493, 0.004996455740183592
0.06292165815830231, 0.004528706427663565
0.062368400394916534, 0.006222656928002834
0.06237277761101723, 0.0061745974235236645
0.06225601211190224, 0.005082510411739349
0.062380749732255936, 0.007194620557129383
0.06277754157781601, 0.005849107168614864
0.06270328909158707, 0.00546510424464941
0.0629558339715004, 0.006809952203184366
0.06248891353607178, 0.006784534547477961
0.06311031430959702, 0.005696700420230627
0.06269199401140213, 0.0052011203952133656
0.06261817365884781, 0.00603102520108223
0.06265652179718018, 0.004652347415685654
0.06312266737222672, 0.00581951392814517
0.06281889230012894, 0.005306887906044722
0.0627475380897522, 0.0063636950217187405
0.06243789941072464, 0.006094035692512989
0.0625155121088028, 0.005280656274408102
0.0627354234457016, 0.005290876142680645
0.062196746468544006, 0.005944009404629469
0.06227065995335579, 0.005794994067400694
0.06290320307016373, 0.007088317535817623
0.06334508210420609, 0.005300053860992193
0.06324761360883713, 0.003783315187320113
0.06258980184793472, 0.005997153464704752
0.06211629882454872, 0.005707681644707918
0.0629592314362526, 0.005033912602812052
0.06297443807125092, 0.006491572130471468
0.062056202441453934, 0.007392258383333683
0.06254716217517853, 0.005801953841000795
0.06255979090929031, 0.006705251056700945
0.06218245252966881, 0.005605264101177454
0.06253381073474884, 0.005689166020601988
0.06306730210781097, 0.005647267680615187
0.06211402639746666, 0.00546902185305953
0.062473732978105545, 0.00506230304017663
0.06196790933609009, 0.005336962640285492
0.06213952600955963, 0.00555200083181262
0.06300386041402817, 0.005031351465731859
0.06255093961954117, 0.005854638293385506
0.062204163521528244, 0.0058962334878742695
0.06267502903938293, 0.00542481429874897
0.062486547976732254, 0.004457560367882252
0.06235749274492264, 0.005989269353449345
0.061960697174072266, 0.007598657626658678
0.06263047456741333, 0.006490837316960096
0.0623738169670105, 0.005390965845435858
0.06244537606835365, 0.004637202713638544
0.06238462030887604, 0.0038436814211308956
0.06179587170481682, 0.007880418561398983
0.06217970326542854, 0.004960911348462105
0.061925258487463, 0.006612283643335104
0.06267984956502914, 0.007907984778285027
0.06232805922627449, 0.005818274803459644
0.062080733478069305, 0.006375393830239773
0.062088191509246826, 0.005239664111286402
0.06221960112452507, 0.006333664990961552
0.06251130253076553, 0.006726955994963646
0.06271586567163467, 0.005295484326779842
0.06273907423019409, 0.006150748580694199
0.06251879036426544, 0.004611327778548002
0.062288761138916016, 0.007019768934696913
0.06269668787717819, 0.007313492242246866
0.06219713017344475, 0.00754041550680995
0.0625058263540268, 0.004119072109460831
0.062004704028367996, 0.005053449422121048
0.06227334216237068, 0.0075010014697909355
0.06220179796218872, 0.006276918109506369
0.0621127150952816, 0.006479416508227587
0.0629349946975708, 0.007653348613530397
0.06261996179819107, 0.0038585360161960125
0.06241501122713089, 0.008040313608944416
0.06213446334004402, 0.005368436686694622
0.06272932887077332, 0.005392005667090416
0.06270281225442886, 0.004799508489668369
0.06276900321245193, 0.004625739995390177
0.06263106316328049, 0.004236506298184395
0.06259685754776001, 0.005580354481935501
0.062301892787218094, 0.005372222047299147
0.0625772699713707, 0.006739016622304916
0.06273579597473145, 0.00552706141024828
0.062267471104860306, 0.0065492321737110615
0.06208311766386032, 0.00537040363997221
0.06231177598237991, 0.006127248052507639
0.062349822372198105, 0.004138472955673933
0.06254856288433075, 0.005848352797329426
0.06213732436299324, 0.006989960093051195
0.06168610602617264, 0.006752180401235819
0.06214294210076332, 0.006070865783840418
0.06232419237494469, 0.006782395765185356
0.06239675357937813, 0.006055667530745268
0.06125025823712349, 0.007054249290376902
0.06193651631474495, 0.008246487937867641
0.06280995160341263, 0.005640246439725161
0.061805181205272675, 0.0059627024456858635
0.06169920414686203, 0.008105291053652763
0.062463920563459396, 0.007035916205495596
0.06219695135951042, 0.006296640727669001
0.06245366111397743, 0.005689680110663176
0.06207876279950142, 0.007501387968659401
0.062213826924562454, 0.007144180592149496
0.06221345439553261, 0.007027088664472103
0.062213342636823654, 0.005781044252216816
0.06144622340798378, 0.005878846626728773
0.061849210411310196, 0.006294067949056625
0.06242137402296066, 0.004217382054775953
0.062300875782966614, 0.006280070636421442
0.06204335018992424, 0.005516858771443367
0.06164693832397461, 0.005902126897126436
0.0629735067486763, 0.005841919686645269
0.06273847818374634, 0.00582449184730649
0.062340907752513885, 0.00593499094247818
0.062365252524614334, 0.006165937054902315
0.06244678050279617, 0.005999884568154812
0.06202356889843941, 0.00820912979543209
0.062176454812288284, 0.005113774444907904
0.06232835724949837, 0.007040650118142366
0.06233496218919754, 0.005140545312315226
0.06215883791446686, 0.006456953007727861
0.06173068284988403, 0.008727646432816982
0.06276092678308487, 0.006741635501384735
0.062478430569171906, 0.0043223523534834385
0.062492240220308304, 0.005815389100462198
0.06251781433820724, 0.00573226623237133
0.06215575709939003, 0.006783470511436462
0.062206678092479706, 0.004460725001990795
0.06219328194856644, 0.0049218847416341305
0.06158336624503136, 0.007348609156906605
0.06190371513366699, 0.005532437469810247
0.062218327075242996, 0.005122306291013956
0.06241867318749428, 0.005789862480014563
0.06161824241280556, 0.006323963403701782
0.06219186261296272, 0.007231069263070822
0.06213826686143875, 0.00752246705815196
0.061757463961839676, 0.007614831440150738
0.062122642993927, 0.0056760553270578384
0.06248776242136955, 0.0049696327187120914
0.061785534024238586, 0.005015801638364792
0.061795737594366074, 0.00589642534032464
0.062231164425611496, 0.005673014093190432
0.06217797473073006, 0.00497558293864131
0.06210498884320259, 0.006287655793130398
0.06174568459391594, 0.00556097412481904
0.061927277594804764, 0.006801448296755552
0.06151987984776497, 0.00487480778247118
0.062161147594451904, 0.006191683933138847
0.06169005110859871, 0.007173936348408461
0.061924319714307785, 0.005715119186788797
0.06252802908420563, 0.005305356811732054
0.06227266043424606, 0.005681037437170744
0.061683136969804764, 0.006041116081178188
0.0623062327504158, 0.00637030741199851
0.0619109682738781, 0.00575744966045022
0.062289465218782425, 0.005786525551229715
0.06185866892337799, 0.005542198661714792
0.061593420803546906, 0.005300834309309721
0.06194520741701126, 0.005158816929906607
0.06176161766052246, 0.00498946150764823
0.062209904193878174, 0.005149931646883488
0.06168966740369797, 0.005676391534507275
0.06195758655667305, 0.0036145001649856567
0.061761338263750076, 0.003800223348662257
0.06189275532960892, 0.005836374592036009
0.06160701811313629, 0.005513589829206467
0.062102384865283966, 0.007393299136310816
0.061518583446741104, 0.006887476891279221
0.06167542189359665, 0.0048700557090342045
0.06148313358426094, 0.006101623643189669
0.061982858926057816, 0.005157385487109423
0.061953380703926086, 0.005663159769028425
0.062390122562646866, 0.004414819180965424
0.06199124827980995, 0.005876434501260519
0.060744207352399826, 0.007665129844099283
0.061488423496484756, 0.007846994325518608
0.061827342957258224, 0.005777244921773672
0.06222957372665405, 0.005399751011282206
0.06184723600745201, 0.0062876190058887005
0.061205752193927765, 0.007514943368732929
0.06192347779870033, 0.006277889013290405
0.061749059706926346, 0.00581256253644824
0.06169815734028816, 0.00391689408570528
0.06225151568651199, 0.0059665534645318985
0.06196732074022293, 0.005369220394641161
0.06165250763297081, 0.006421917118132114
0.0620596818625927, 0.005313361529260874
0.061892084777355194, 0.006241688504815102
0.06197195500135422, 0.006619678810238838
0.06169699877500534, 0.006885677110403776
0.061640460044145584, 0.007166238967329264
0.06078595668077469, 0.006676601245999336
0.06166483461856842, 0.005359313450753689
0.06193176284432411, 0.0070700496435165405
0.06174891069531441, 0.005210895091295242
0.06117439270019531, 0.0072622899897396564
0.06223943457007408, 0.00562678836286068
0.06178371235728264, 0.005621492862701416
0.06145791336894035, 0.0035754453856498003
0.06193794310092926, 0.007156221196055412
0.06164824962615967, 0.006312394514679909
0.061195008456707, 0.008603736758232117
0.061259906738996506, 0.006920051295310259
0.06159569323062897, 0.0062002758495509624
0.06218263879418373, 0.0062562813982367516
0.06197156012058258, 0.0059274546802043915
0.06206284090876579, 0.004199455492198467
0.0612957626581192, 0.006240194663405418
0.06165076047182083, 0.0058050742372870445
0.06156310811638832, 0.006892555393278599
0.06192963570356369, 0.006673890165984631
0.06185723841190338, 0.006454018410295248
0.06182434782385826, 0.004597875289618969
0.06214005500078201, 0.0046646180562675
0.06093300133943558, 0.007750626187771559
0.06137439236044884, 0.006495432462543249
0.06204822286963463, 0.005403559654951096
0.06169157475233078, 0.00493649672716856
0.06094558909535408, 0.006489900406450033
0.06178673729300499, 0.005740252323448658
0.06182979792356491, 0.006743748672306538
0.06173254922032356, 0.006674479693174362
0.06219789758324623, 0.005411958787590265
0.061778075993061066, 0.005396659951657057
0.061774056404829025, 0.006118718534708023
0.061874594539403915, 0.005942016839981079
0.06167498603463173, 0.007735243532806635
0.06191694736480713, 0.006410908419638872
0.06162326782941818, 0.005357741843909025
0.061241138726472855, 0.007189864758402109
0.06216692179441452, 0.005170335527509451
0.062105435878038406, 0.004003291018307209
0.06164246052503586, 0.0069111124612390995
0.06164724379777908, 0.006410285830497742
0.06166820973157883, 0.006110809277743101
0.06188811734318733, 0.0038578733801841736
0.061500318348407745, 0.005423595197498798
0.06155857816338539, 0.005021222867071629
0.061632830649614334, 0.006819477770477533
0.061585910618305206, 0.005304936785250902
0.061892714351415634, 0.005897257011383772
0.06151410564780235, 0.005820711143314838
0.06193693354725838, 0.005577324889600277
0.06107361614704132, 0.00707610510289669
0.060937363654375076, 0.007726006675511599
0.061540551483631134, 0.004380395635962486
0.061740219593048096, 0.006058764178305864
0.0619688555598259, 0.003669185098260641
0.061533842235803604, 0.005139110144227743
0.06094507500529289, 0.006457277573645115
0.06163161247968674, 0.006385629530996084
0.06173912063241005, 0.007040407974272966
0.06121497601270676, 0.00596984289586544
0.06089520454406738, 0.005385102238506079
0.06177330017089844, 0.005893859546631575
0.061800215393304825, 0.003568521235138178
0.061171479523181915, 0.007698793429881334
0.06073619797825813, 0.007328956853598356
0.06160351261496544, 0.006170824635773897
0.06088260933756828, 0.006174363195896149
0.061898913234472275, 0.005490888841450214
0.06139438599348068, 0.0058456845581531525
0.06196226552128792, 0.004429647698998451
0.06048416346311569, 0.006618906278163195
0.061174433678388596, 0.005305834114551544
0.06148155406117439, 0.005500131752341986
0.06147956848144531, 0.0064929695799946785
0.061547789722681046, 0.0060296677984297276
0.06158025935292244, 0.0064254566095769405
0.061364784836769104, 0.007288236636668444
0.061204005032777786, 0.0078264269977808
0.061136968433856964, 0.006514722481369972
0.06166049465537071, 0.004989167209714651
0.062195487320423126, 0.005356542766094208
0.06143111735582352, 0.004930329509079456
0.061481595039367676, 0.004274416249245405
0.06168854236602783, 0.004796525463461876
0.0610249899327755, 0.006597558502107859
0.06168395280838013, 0.00454253563657403
0.061764586716890335, 0.005479652900248766
0.06136487051844597, 0.006189374718815088
0.06171077489852905, 0.005715913139283657
0.061199504882097244, 0.007080228999257088
0.06105112284421921, 0.006419587414711714
0.06181476637721062, 0.007380750961601734
0.0602680966258049, 0.009873555041849613
0.061048950999975204, 0.005431639961898327
0.06111972779035568, 0.0045222812332212925
0.06064732372760773, 0.007116490975022316
0.06132005900144577, 0.00728481262922287
0.06134338676929474, 0.0059484816156327724
0.06072746962308884, 0.003916868474334478
0.06143786385655403, 0.00456811161711812
0.06151079013943672, 0.005785323213785887
0.061196036636829376, 0.007052200380712748
0.06065588444471359, 0.007812475319951773
0.060923073440790176, 0.005471007898449898
0.061760783195495605, 0.004617159720510244
0.06117742508649826, 0.006846137810498476
0.06127937510609627, 0.006237163674086332
0.06109882891178131, 0.006442375015467405
0.060697901993989944, 0.007901388220489025
0.061015062034130096, 0.006625188048928976
0.0609026700258255, 0.005394995678216219
0.06124740093946457, 0.0052362363785505295
0.061113178730010986, 0.005321712698787451
0.0610186792910099, 0.005656438414007425
0.061029791831970215, 0.006077906116843224
0.0613214373588562, 0.006937838159501553
0.061434555798769, 0.0059905932284891605
0.06141958758234978, 0.0048475912772119045
0.06113850325345993, 0.0058669233694672585
0.0611288882791996, 0.007212820928543806
0.06060020998120308, 0.008545509539544582
0.06070585921406746, 0.008461776189506054
0.06134827435016632, 0.00603582663461566
0.061454594135284424, 0.004971370100975037
0.06117256358265877, 0.005565084051340818
0.061162639409303665, 0.005987043492496014
0.06115680932998657, 0.004479946568608284
0.06122487783432007, 0.00527831120416522
0.06055271625518799, 0.004550372250378132
0.060758769512176514, 0.005651891231536865
0.06125969439744949, 0.005020117852836847
0.06059892475605011, 0.0073224809020757675
0.06088488548994064, 0.006254332140088081
0.06145456060767174, 0.007484750356525183
0.061397381126880646, 0.005708770360797644
0.061016932129859924, 0.00580566143617034
0.06109792739152908, 0.006586166098713875
0.060429997742176056, 0.00873574335128069
0.060691144317388535, 0.006985509768128395
0.06105034798383713, 0.006858013104647398
0.06136196106672287, 0.005912178196012974
0.06118379905819893, 0.005234987940639257
0.06110881641507149, 0.006060495972633362
0.06142245978116989, 0.005079600494354963
0.06084343418478966, 0.006236724555492401
0.06101354584097862, 0.005238129757344723
0.06019232049584389, 0.00757502019405365
0.06080818921327591, 0.005605285055935383
0.06121247261762619, 0.004323279485106468
0.06098127365112305, 0.006161796394735575
0.06064089760184288, 0.006792013067752123
0.06029576063156128, 0.005217316560447216
0.06090576946735382, 0.006810691673308611
0.060681410133838654, 0.007607915438711643
0.060977790504693985, 0.004495919682085514
0.06055857241153717, 0.00543823791667819
0.06040268391370773, 0.007259055972099304
0.06100352481007576, 0.0058920010924339294
0.06091117113828659, 0.005314876791089773
0.059956829994916916, 0.006837526801973581
0.06078982353210449, 0.005457189399749041
0.06051027774810791, 0.006440814584493637
0.06075025349855423, 0.008632819168269634
0.060932233929634094, 0.0037551051937043667
0.06015700101852417, 0.006634882185608149
0.0602613240480423, 0.0057106320746243
0.06026448681950569, 0.004026017617434263
0.06051667034626007, 0.003713484387844801
0.06077488139271736, 0.005986004136502743
0.060868389904499054, 0.006284348201006651
0.060312483459711075, 0.005965614691376686
0.0609855130314827, 0.004662054590880871
0.060999613255262375, 0.005677117500454187
0.06073731929063797, 0.005471411161124706
0.06018541380763054, 0.006278820335865021
0.06055735796689987, 0.006882557179778814
0.059864990413188934, 0.006157664582133293
0.06042877212166786, 0.005025924649089575
0.06038806214928627, 0.006154415663331747
0.060454513877630234, 0.0068228356540203094
0.060624975711107254, 0.007513950578868389
0.05992354452610016, 0.007366975769400597
0.06062288582324982, 0.00706437835469842
0.0605689100921154, 0.006045602262020111
0.060636911541223526, 0.005075186025351286
0.05938288941979408, 0.007194137666374445
0.06017133966088295, 0.0047912620939314365
0.060614097863435745, 0.004783657845109701
0.060348767787218094, 0.005695874337106943
0.05994187667965889, 0.007379984483122826
0.06019647419452667, 0.005239472258836031
0.05977170914411545, 0.0056626927107572556
0.059859249740839005, 0.00792740285396576
0.059776440262794495, 0.006270306184887886
0.05994754284620285, 0.0048354389145970345
0.06021971255540848, 0.007883884012699127
0.06035025790333748, 0.007586748339235783
0.06033911928534508, 0.005678548011928797
0.060452092438936234, 0.007294921670109034
0.060444820672273636, 0.005303975194692612
0.060090649873018265, 0.00543260620906949
0.059508051723241806, 0.007741095498204231
0.060278039425611496, 0.006332846824079752
0.06031648442149162, 0.005385695490986109
0.060048893094062805, 0.004565658047795296
0.059388790279626846, 0.007790194358676672
0.0598951056599617, 0.004558463580906391
0.05992661789059639, 0.007895363494753838
0.05967999994754791, 0.006069069262593985
0.060250282287597656, 0.004036582075059414
0.05969345569610596, 0.0039777690544724464
0.05995427817106247, 0.004515498876571655
0.05963655933737755, 0.004374661482870579
0.060155801475048065, 0.005949334241449833
0.059538889676332474, 0.006845558062195778
0.0600997619330883, 0.005432782229036093
0.05986660718917847, 0.00545209925621748
0.05959274247288704, 0.006385115906596184
0.059842970222234726, 0.005062192212790251
0.060018137097358704, 0.006354841403663158
0.06010124459862709, 0.005963125266134739
0.060003213584423065, 0.004322337452322245
0.06010057032108307, 0.004388038069009781
0.05924321711063385, 0.006767911370843649
0.05975921452045441, 0.005171072669327259
0.05967508628964424, 0.006494096014648676
0.06000112369656563, 0.003867160761728883
0.0599261112511158, 0.00405545299872756
0.059296078979969025, 0.008070038631558418
0.05961203575134277, 0.005482204724103212
0.0593574121594429, 0.00494884280487895
0.059846553951501846, 0.004968582186847925
0.059467095881700516, 0.0033283582888543606
0.060021791607141495, 0.005483562592417002
0.0592607781291008, 0.005775648634880781
0.059903256595134735, 0.005909173283725977
0.05962703749537468, 0.004054035991430283
0.059249263256788254, 0.005584697239100933
0.05971221253275871, 0.006006897427141666
0.05954432487487793, 0.0066871545277535915
0.05935826525092125, 0.006427857559174299
0.05997297540307045, 0.006792668718844652
0.05983809009194374, 0.00503172492608428
0.059446632862091064, 0.006515603978186846
0.05972821265459061, 0.005167441442608833
0.06007952243089676, 0.006277787499129772
0.05998695641756058, 0.006908799055963755
0.05981399118900299, 0.007231877651065588
0.05918753147125244, 0.0049825552850961685
0.05965467169880867, 0.005442508030682802
0.05934111401438713, 0.004980714526027441
0.05873624607920647, 0.006524503231048584
0.05928834155201912, 0.0034985800739377737
0.059691715985536575, 0.005753827281296253
0.059070784598588943, 0.004905275069177151
0.058952201157808304, 0.007694438565522432
0.05922337993979454, 0.005807364359498024
0.05969084054231644, 0.004545198753476143
0.05939989164471626, 0.006118870805948973
0.05944623425602913, 0.005986133590340614
0.05893925204873085, 0.005843147169798613
0.05923405662178993, 0.006159874610602856
0.059192169457674026, 0.006022955756634474
0.05922805145382881, 0.006133579183369875
0.05905972048640251, 0.008183176629245281
0.059090401977300644, 0.0060529583133757114
0.05955033749341965, 0.004677498247474432
0.05939402058720589, 0.0052974349819123745
0.05933721363544464, 0.006051770411431789
0.05900197476148605, 0.006837647873908281
0.05913564935326576, 0.004673583898693323
0.05896478891372681, 0.004776478745043278
0.05913236364722252, 0.005727942567318678
0.05934223160147667, 0.005345514975488186
0.05947726219892502, 0.004524441435933113
0.05892758443951607, 0.006802880205214024
0.05837532505393028, 0.006055216304957867
0.05883638188242912, 0.005770329385995865
0.05913584679365158, 0.006126154214143753
0.058493394404649734, 0.0057409596629440784
0.059276461601257324, 0.004852409940212965
0.058236539363861084, 0.005957636516541243
0.05933373048901558, 0.005483958404511213
0.0592413954436779, 0.0069788238033652306
0.059340763837099075, 0.005301190540194511
0.05901196226477623, 0.006114428862929344
0.058998677879571915, 0.005706107243895531
0.058644261211156845, 0.00666035944595933
0.05886705219745636, 0.006841207854449749
0.05909350886940956, 0.00630688713863492
0.058739978820085526, 0.005980856716632843
0.05823173001408577, 0.006717097479850054
0.05952645093202591, 0.0050199273973703384
0.05875300243496895, 0.005946737248450518
0.05865384638309479, 0.00597190298140049
0.05851942300796509, 0.006529696751385927
0.05894853174686432, 0.005556789226830006
0.05840318650007248, 0.006454713176935911
0.05895766243338585, 0.004445631057024002
0.05892851576209068, 0.006489022169262171
0.059018366038799286, 0.005078532267361879
0.0584121011197567, 0.005197056569159031
0.05827854946255684, 0.005332084372639656
0.05886489152908325, 0.0035224955063313246
0.05906573310494423, 0.00667765224352479
0.05952254310250282, 0.004993949551135302
0.058111920952796936, 0.00654016574844718
0.05864480510354042, 0.006591879762709141
0.05841422080993652, 0.006315663922578096
0.05862355977296829, 0.005372263956815004
0.0581994466483593, 0.006405676249414682
0.0580691359937191, 0.004671577829867601
0.058756273239851, 0.006562969647347927
0.05894804745912552, 0.006914149504154921
0.058564748615026474, 0.006925396621227264
0.058446574956178665, 0.005760881118476391
0.05778492987155914, 0.005421929061412811
0.05809091776609421, 0.004780399147421122
0.05842947959899902, 0.007465857546776533
0.058025650680065155, 0.007313474081456661
0.0586014986038208, 0.00666154595091939
0.05885036662220955, 0.005429777316749096
0.05858881026506424, 0.005039337556809187
0.05821080878376961, 0.005264728330075741
0.05877073481678963, 0.005325833335518837
0.05829362943768501, 0.005912874359637499
0.0586007758975029, 0.005093590822070837
0.058255672454833984, 0.008138542994856834
0.05870230868458748, 0.005777762737125158
0.058211036026477814, 0.0050676786340773106
0.058432724326848984, 0.0064133754931390285
0.057354915887117386, 0.005378830246627331
0.05788196995854378, 0.005411087069660425
0.05806787312030792, 0.006026895716786385
0.05864354595541954, 0.005383735056966543
0.05757628008723259, 0.006231656763702631
0.05834502726793289, 0.006154029630124569
0.05818851664662361, 0.0061011421494185925
0.05829482525587082, 0.005099731031805277
0.058488793671131134, 0.004679017700254917
0.057793427258729935, 0.006808907724916935
0.05843155458569527, 0.006248708348721266
0.05779867246747017, 0.0041533238254487514
0.058031439781188965, 0.004888047464191914
0.05801006779074669, 0.007020638324320316
0.057840969413518906, 0.005653570406138897
0.05815712735056877, 0.006810333114117384
0.0572659969329834, 0.005882679484784603
0.058282990008592606, 0.005190594121813774
0.05774398148059845, 0.006848709657788277
0.05751684680581093, 0.0041846223175525665
0.05764210969209671, 0.006347804795950651
0.058332934975624084, 0.004251186735928059
0.05762685090303421, 0.005911889020353556
0.05771076679229736, 0.006141602993011475
0.057567477226257324, 0.004536164924502373
0.05733051523566246, 0.004834138322621584
0.057832229882478714, 0.005910614505410194
0.057201266288757324, 0.005681872833520174
0.057677797973155975, 0.005692263133823872
0.05743345990777016, 0.008461774326860905
0.05727257952094078, 0.0076874480582773685
0.05733480677008629, 0.00555172236636281
0.05773109942674637, 0.005083045922219753
0.056988317519426346, 0.005654599983245134
0.05771563574671745, 0.006332768127322197
0.057175397872924805, 0.005056880880147219
0.05712437629699707, 0.007891868241131306
0.05716847628355026, 0.004560650326311588
0.05675293877720833, 0.0059820180758833885
0.05670493096113205, 0.005115208216011524
0.0567038394510746, 0.007268386892974377
0.05724254623055458, 0.005647985730320215
0.05737996846437454, 0.005105220712721348
0.057031936943531036, 0.005752237048000097
0.05666540935635567, 0.005810519680380821
0.05742236599326134, 0.005098393186926842
0.0568418987095356, 0.006590047851204872
0.05696476995944977, 0.00588069437071681
0.05750046297907829, 0.00453425757586956
0.05717569589614868, 0.005160574801266193
0.05628003552556038, 0.00615657027810812
0.05692865327000618, 0.004856081213802099
0.056769054383039474, 0.005073883570730686
0.05679703503847122, 0.005226331762969494
0.057077158242464066, 0.006013381294906139
0.057145874947309494, 0.005019772797822952
0.05622778460383415, 0.005185194779187441
0.05627749487757683, 0.005149906501173973
0.05691483989357948, 0.006204809993505478
0.05604398995637894, 0.00556190824136138
0.05650457367300987, 0.005208175163716078
0.05675644427537918, 0.006471223663538694
0.05658971145749092, 0.0051344591192901134
0.05632336810231209, 0.005086113698780537
0.056360576301813126, 0.005091821774840355
0.05660012736916542, 0.004463027697056532
0.056461527943611145, 0.006509867031127214
0.05680713430047035, 0.004110534675419331
0.05639585480093956, 0.006566815078258514
0.05656740441918373, 0.005332439672201872
0.05622268468141556, 0.0072297947481274605
0.05677246302366257, 0.005857537034898996
0.056306857615709305, 0.0054761008359491825
0.056220974773168564, 0.004782980773597956
0.056197140365839005, 0.006890442688018084
0.0565282367169857, 0.007779279258102179
0.05653362721204758, 0.006217269692569971
0.05646176636219025, 0.005457591265439987
0.0563918761909008, 0.006318431813269854
0.05596423149108887, 0.006109457928687334
0.056240394711494446, 0.006569678895175457
0.05577623099088669, 0.005923955235630274
0.056413035839796066, 0.006722517777234316
0.05578627064824104, 0.005341267678886652
0.05612161383032799, 0.005056055728346109
0.056236427277326584, 0.006175571121275425
0.0562727265059948, 0.006081179715692997
0.056215234100818634, 0.005972349084913731
0.05623834207653999, 0.005255213938653469
0.05584682524204254, 0.005900098942220211
0.056195273995399475, 0.005551725625991821
0.05625122785568237, 0.003653177060186863
0.05636174976825714, 0.00608413852751255
0.05581430718302727, 0.006090047303587198
0.056230440735816956, 0.005656534340232611
0.055506397038698196, 0.007792147807776928
0.05595886707305908, 0.005610926542431116
0.05591871961951256, 0.00471144262701273
0.05554300546646118, 0.008144384250044823
0.05624891072511673, 0.004920909181237221
0.055180054157972336, 0.005159863270819187
0.055519476532936096, 0.006538800895214081
0.05602381005883217, 0.0066625517792999744
0.05626846104860306, 0.004236905369907618
0.05577671527862549, 0.006631969939917326
0.055980801582336426, 0.0032582131680101156
0.055577654391527176, 0.005570878274738789
0.05534302070736885, 0.008382163941860199
0.05493121221661568, 0.006773512344807386
0.05514947324991226, 0.0070592365227639675
0.05519085004925728, 0.003899910021573305
0.055679984390735626, 0.005339109804481268
0.054653365164995193, 0.006877853535115719
0.05542643740773201, 0.006935513578355312
0.05543140321969986, 0.006103204097598791
0.055437423288822174, 0.004395086783915758
0.055593788623809814, 0.006357223726809025
0.05592309683561325, 0.0045700352638959885
0.05530472844839096, 0.007505981717258692
0.05526019632816315, 0.004655071068555117
0.055516567081213, 0.005279241595417261
0.055305469781160355, 0.0068365782499313354
0.05549138784408569, 0.00606607086956501
0.054986562579870224, 0.005397111177444458
0.05453886091709137, 0.00799093022942543
0.055728573352098465, 0.005051944404840469
0.053994692862033844, 0.00795894768089056
0.05473642796278, 0.0073805381543934345
0.05545182526111603, 0.005991870537400246
0.055569544434547424, 0.006507722660899162
0.05474718287587166, 0.005321890581399202
0.05495886132121086, 0.005795840173959732
0.05521227791905403, 0.006297799292951822
0.054465364664793015, 0.006573422346264124
0.05492379143834114, 0.008021529763936996
0.05548781901597977, 0.007457623723894358
0.05469762906432152, 0.006519194692373276
0.05450212210416794, 0.0055936588905751705
0.05527268350124359, 0.005190439522266388
0.05502724647521973, 0.006210095249116421
0.05506385117769241, 0.004788538441061974
0.05476980656385422, 0.003702055662870407
0.055122677236795425, 0.004851676523685455
0.05477393791079521, 0.006484906654804945
0.055179767310619354, 0.0057457988150417805
0.054519880563020706, 0.005768141243606806
0.05494863539934158, 0.006125376559793949
0.05522571876645088, 0.005315657239407301
0.05492768436670303, 0.0060588885098695755
0.05444394052028656, 0.005944536067545414
0.05522765591740608, 0.005877676885575056
0.05465947464108467, 0.0055204639211297035
0.05464068055152893, 0.005364160053431988
0.05504770949482918, 0.006073813885450363
0.054626189172267914, 0.004688242916017771
0.054767657071352005, 0.007041244767606258
0.054381974041461945, 0.007618317846208811
0.05455749109387398, 0.004840083885937929
0.05449072644114494, 0.007555088959634304
0.05465091019868851, 0.005775106605142355
0.054916076362133026, 0.005935928784310818
0.05449029058218002, 0.006312408484518528
0.05443718656897545, 0.006179117597639561
0.05470851808786392, 0.007459861226379871
0.0549011304974556, 0.005960247945040464
0.05356054753065109, 0.007443207316100597
0.05482080951333046, 0.006762880366295576
0.054213810712099075, 0.0069734263233840466
0.05342260003089905, 0.007225216832011938
0.05439271405339241, 0.005783896427601576
0.0547226257622242, 0.005457691848278046
0.05350473150610924, 0.005064031109213829
0.05416075512766838, 0.006369270849972963
0.05433749780058861, 0.006937810685485601
0.054138317704200745, 0.004497851710766554
0.05436881259083748, 0.006705651991069317
0.0546676404774189, 0.004257999360561371
0.05457603186368942, 0.005851829424500465
0.05460289120674133, 0.006152496673166752
0.054703135043382645, 0.006827155128121376
0.0545647032558918, 0.004526336211711168
0.05424615740776062, 0.004731410648673773
0.05397018417716026, 0.0054822140373289585
0.05416123941540718, 0.006705153733491898
0.05500238761305809, 0.006063054781407118
0.05464719235897064, 0.004431271459907293
0.05414575710892677, 0.0063416194170713425
0.05383192002773285, 0.005055984016507864
0.05408480018377304, 0.0059576635248959064
0.05411017686128616, 0.006513367872685194
0.05412687733769417, 0.0047579496167600155
0.05390886962413788, 0.008817043155431747
0.053964365273714066, 0.005860131699591875
0.0537363663315773, 0.005118413828313351
0.05360348895192146, 0.006295485887676477
0.05413997545838356, 0.005641300231218338
0.05486800894141197, 0.004606795031577349
0.05441862344741821, 0.005806664004921913
0.05478455126285553, 0.003462644759565592
0.05405133217573166, 0.004909357521682978
0.05434059724211693, 0.0057420446537435055
0.054233551025390625, 0.006414773408323526
0.05387062951922417, 0.007052023895084858
0.05413133278489113, 0.005033431109040976
0.05360635742545128, 0.005059329327195883
0.054148297756910324, 0.0049060131423175335
0.05397140607237816, 0.005536844953894615
0.05396847799420357, 0.006884880363941193
0.05447050929069519, 0.006470405962318182
0.054015014320611954, 0.006054194178432226
0.05391456559300423, 0.005068743135780096
0.053999293595552444, 0.006071875337511301
0.053965289145708084, 0.005252801813185215
0.05367531627416611, 0.006516531575471163
0.053948868066072464, 0.005435565952211618
0.05348290875554085, 0.00559348426759243
0.05389401316642761, 0.004812602419406176
0.053441982716321945, 0.00481416005641222
0.054133523255586624, 0.005257405806332827
0.0537465400993824, 0.0036125292535871267
0.05371943861246109, 0.006588680204004049
0.053814299404621124, 0.004594419617205858
0.05383482575416565, 0.005411872174590826
0.05386795103549957, 0.0054059927351772785
0.05341782048344612, 0.005507483612746
0.05382915213704109, 0.006988915614783764
0.053979068994522095, 0.004105409141629934
0.05360307916998863, 0.005801799241453409
0.054233867675065994, 0.0049903676845133305
0.05310598015785217, 0.006427896674722433
0.053785767406225204, 0.007421731483191252
0.05389310047030449, 0.00652983458712697
0.05371737852692604, 0.006002277135848999
0.0534166619181633, 0.006437522359192371
0.05385144427418709, 0.005634457804262638
0.053672906011343, 0.004376585595309734
0.05426577478647232, 0.004060803912580013
0.05379151552915573, 0.004544863011687994
0.053667545318603516, 0.004394602030515671
0.052648697048425674, 0.006300530396401882
0.05363083630800247, 0.0048491149209439754
0.054078951478004456, 0.004135682713240385
0.05365799739956856, 0.005451951641589403
0.05329092592000961, 0.007162158843129873
0.053549326956272125, 0.006947994232177734
0.053725093603134155, 0.006501026451587677
0.053071606904268265, 0.006560384761542082
0.05362439900636673, 0.005842244252562523
0.05366091430187225, 0.006292106583714485
0.053490303456783295, 0.005771316587924957
0.05382542684674263, 0.006543039809912443
0.05339527502655983, 0.005002844147384167
0.05284535884857178, 0.006908547133207321
0.05375325679779053, 0.00357911572791636
0.05339079722762108, 0.00664503313601017
0.05354122444987297, 0.00546351820230484
0.05380126088857651, 0.005737747997045517
0.05355917289853096, 0.00649448623880744
0.05370717868208885, 0.0053038946352899075
0.05312901735305786, 0.008157199248671532
0.05295652523636818, 0.006202659569680691
0.05334257706999779, 0.005275238770991564
0.05299902707338333, 0.003975757863372564
0.05314689874649048, 0.006514620967209339
0.05379697307944298, 0.005208366084843874
0.05328690633177757, 0.005222025793045759
0.053811028599739075, 0.005265306681394577
0.05299525707960129, 0.007222407963126898
0.05337166786193848, 0.004055513069033623
0.053740713745355606, 0.004938953090459108
0.05327920243144035, 0.004775637295097113
0.053296223282814026, 0.007039834279567003
0.053175028413534164, 0.005754177924245596
0.053814731538295746, 0.0046364241279661655
0.053270358592271805, 0.005229037720710039
0.05291347578167915, 0.004712994210422039
0.052735816687345505, 0.00554497167468071
0.05309872701764107, 0.0050117336213588715
0.05304470285773277, 0.007219393737614155
0.053167492151260376, 0.0054726796224713326
0.05327160656452179, 0.005895404610782862
0.05319917947053909, 0.0052291047759354115
0.053005650639534, 0.006018793676048517
0.05316245183348656, 0.005618866067379713
0.05280718952417374, 0.00678264070302248
0.0531458742916584, 0.0061272201128304005
0.052691951394081116, 0.007005327846854925
0.053167566657066345, 0.004820389207452536
0.052996665239334106, 0.005920767784118652
0.05328553915023804, 0.006189422216266394
0.05362702161073685, 0.006168781779706478
0.05333247035741806, 0.006077162455767393
0.05329989641904831, 0.005220581311732531
0.05262432619929314, 0.004992205649614334
0.053826525807380676, 0.004412733484059572
0.05290891230106354, 0.0055384524166584015
0.053198713809251785, 0.004280788358300924
0.053003180772066116, 0.006035387050360441
0.05277581140398979, 0.007198335137218237
0.05339403823018074, 0.005030977074056864
0.052591364830732346, 0.006214877590537071
0.052574750036001205, 0.005057354923337698
0.052438486367464066, 0.00586234126240015
0.05296950042247772, 0.004678583238273859
0.05276212468743324, 0.005063208285719156
0.05316731706261635, 0.0055583687499165535
0.05321120098233223, 0.004681585356593132
0.053212907165288925, 0.006324147339910269
0.053081683814525604, 0.005594359710812569
0.05260342359542847, 0.005382299888879061
0.053232524544000626, 0.00422300212085247
0.05243309587240219, 0.004970933776348829
0.05296275392174721, 0.005431948695331812
0.053005244582891464, 0.005439714062958956
0.05326208099722862, 0.0064055235125124454
0.053156185895204544, 0.004765641875565052
0.05254022032022476, 0.006359233055263758
0.05347391963005066, 0.005638841539621353
0.05203140154480934, 0.006051481701433659
0.05290549248456955, 0.005543330684304237
0.052928559482097626, 0.006577808875590563
0.05285876244306564, 0.006285140756517649
0.05282532051205635, 0.005899827461689711
0.05288170278072357, 0.005937214475125074
0.05287061259150505, 0.00696432264521718
0.05281748250126839, 0.004704020917415619
0.05321437865495682, 0.006406609900295734
0.05336671322584152, 0.005104909650981426
0.05326344445347786, 0.005724573973566294
0.05307995155453682, 0.006394228432327509
0.05307028442621231, 0.005559462588280439
0.05260664224624634, 0.005864636041224003
0.05310894921422005, 0.003992110025137663
0.05311655253171921, 0.004545982927083969
0.05292892828583717, 0.005341790616512299
0.05256762355566025, 0.0037615830078721046
0.053522009402513504, 0.0027335365302860737
0.052455585449934006, 0.005240864586085081
0.05244501307606697, 0.0073846387676894665
0.052546918392181396, 0.0062387846410274506
0.052890315651893616, 0.005018312484025955
0.05298120155930519, 0.005064281634986401
0.05276862531900406, 0.004019429907202721
0.05313925817608833, 0.00479105394333601
0.05257941409945488, 0.004622282925993204
0.05308542400598526, 0.005339307244867086
0.0525335818529129, 0.0067107779905200005
0.05305416136980057, 0.005262821912765503
0.05299856886267662, 0.004403943661600351
0.05277746543288231, 0.004721152130514383
0.053020622581243515, 0.004741483833640814
0.05251247435808182, 0.006273812148720026
0.05280528590083122, 0.004274763632565737
0.05289221182465553, 0.00446893647313118
0.05297952517867088, 0.004767860751599073
0.05277036502957344, 0.005000854842364788
0.05263566970825195, 0.005923714488744736
0.05338593199849129, 0.00402719946578145
0.05234762281179428, 0.0046805269084870815
0.0529559887945652, 0.005187416914850473
0.0521000400185585, 0.006684442050755024
0.052971646189689636, 0.004474558401852846
0.05319282039999962, 0.004832305479794741
0.052858393639326096, 0.006043984089046717
0.05297156423330307, 0.0045319837518036366
0.05273587629199028, 0.00606881408020854
0.052749741822481155, 0.00481327623128891
0.052792299538850784, 0.006757915951311588
0.05309983715415001, 0.005513721611350775
0.05326872691512108, 0.006965181324630976
0.05270087346434593, 0.005329763982445002
0.05257455259561539, 0.006577234715223312
0.05256948620080948, 0.005885506514459848
0.05265507474541664, 0.005879878997802734
0.05274277925491333, 0.00540362810716033
0.052253615111112595, 0.005434894468635321
0.053111590445041656, 0.004658530466258526
0.05240800604224205, 0.005044553894549608
0.05272362381219864, 0.00630955072119832
0.05286462604999542, 0.003508433233946562
0.05279418081045151, 0.0054364996030926704
0.05220387876033783, 0.007989482954144478
0.0519937127828598, 0.004221005365252495
0.05274340882897377, 0.006523216143250465
0.05224866420030594, 0.006327664479613304
0.052522215992212296, 0.004386124201118946
0.052489977329969406, 0.00581006146967411
0.052530813962221146, 0.004318237770348787
0.05268261209130287, 0.003977869637310505
0.053268540650606155, 0.004398532211780548
0.05230826884508133, 0.006306822877377272
0.05237489193677902, 0.005605997983366251
0.05200383439660072, 0.00663543026894331
0.05271115526556969, 0.004225493874400854
0.05267368629574776, 0.006566251628100872
0.05260297656059265, 0.00606800289824605
0.05207106098532677, 0.006564393639564514
0.05258961394429207, 0.004973832983523607
0.05260390788316727, 0.004493626765906811
0.05241333693265915, 0.005891808774322271
0.05233364924788475, 0.004989339504390955
0.05254867300391197, 0.005818658974021673
0.052776407450437546, 0.004415242001414299
0.052760954946279526, 0.0057966746389865875
0.05242852121591568, 0.0044821444898843765
0.05237771198153496, 0.0061884173192083836
0.05282511189579964, 0.0045645395293831825
0.05211620405316353, 0.005086289253085852
0.05314307287335396, 0.0043245661072432995
0.05258125066757202, 0.005365935619920492
0.05259513854980469, 0.005540177691727877
0.052508968859910965, 0.004410978406667709
0.05241820216178894, 0.00602321233600378
0.052666619420051575, 0.004396616481244564
0.05217279866337776, 0.0068887984380126
0.05297869071364403, 0.006511920131742954
0.052517086267471313, 0.005512149538844824
0.0529462955892086, 0.0049171228893101215
0.05244024842977524, 0.00465602008625865
0.05245571210980415, 0.0035526184365153313
0.05262270197272301, 0.005992349237203598
0.052744437009096146, 0.005181130487471819
0.05202866345643997, 0.00581758888438344
0.05248734727501869, 0.0037794492673128843
0.05198816582560539, 0.008396387100219727
0.05246391519904137, 0.00598518131300807
0.05253063887357712, 0.004604496527463198
0.0524320974946022, 0.005750956945121288
0.052289657294750214, 0.005619439296424389
0.05276114121079445, 0.004831605590879917
0.0523659847676754, 0.0031503294594585896
0.05232129245996475, 0.00502581475302577
0.05249599739909172, 0.006349583622068167
0.05267157033085823, 0.005192806012928486
0.05256400257349014, 0.005503103602677584
0.05214748531579971, 0.005439422093331814
0.05171464756131172, 0.006825654301792383
0.05252116173505783, 0.00448071351274848
0.0521724708378315, 0.0068383123725652695
0.05192152410745621, 0.004537760280072689
0.05200808495283127, 0.00529667641967535
0.052058398723602295, 0.0059912861324846745
0.05238761752843857, 0.00609296141192317
0.05212847888469696, 0.004977299831807613
0.05221230909228325, 0.0058651999570429325
0.052512750029563904, 0.00524661410599947
0.052113745361566544, 0.004548943601548672
0.052807703614234924, 0.006537881679832935
0.051747698336839676, 0.005740690045058727
0.05218718200922012, 0.0063131628558039665
0.05230548605322838, 0.005887261126190424
0.052438363432884216, 0.0052416278049349785
0.052154507488012314, 0.004979528021067381
0.051961615681648254, 0.0058469525538384914
0.052224379032850266, 0.004481342155486345
0.052009306848049164, 0.005989735946059227
0.052440088242292404, 0.0051515474915504456
0.05173799395561218, 0.003822917817160487
0.05198190361261368, 0.005456563085317612
0.052381206303834915, 0.004664700943976641
0.05282515287399292, 0.004474145360291004
0.05256905034184456, 0.0043375021778047085
0.051946718245744705, 0.005432277452200651
0.05230170488357544, 0.0051679243333637714
0.05234016478061676, 0.00548602594062686
0.05248494818806648, 0.005120658315718174
0.051414649933576584, 0.006792688742280006
0.05215774103999138, 0.006568172946572304
0.05248181149363518, 0.006037411279976368
0.05253567174077034, 0.005754049401730299
0.05236034095287323, 0.005475560203194618
0.052009135484695435, 0.0071699232794344425
0.052601397037506104, 0.005447420757263899
0.05213103070855141, 0.004390638787299395
0.05214383080601692, 0.005920037627220154
0.05237821117043495, 0.00396717106923461
0.05230984091758728, 0.005349304992705584
0.05234861001372337, 0.00525695038959384
0.0526854582130909, 0.004282196052372456
0.05222061648964882, 0.004408266395330429
0.051977284252643585, 0.007447653450071812
0.05238265544176102, 0.005923088174313307
0.052774254232645035, 0.004878574050962925
0.0529206320643425, 0.00753178633749485
0.05226210132241249, 0.004747571889311075
0.05220808461308479, 0.005127368960529566
0.0522165410220623, 0.00637705996632576
0.05240776017308235, 0.004268313758075237
0.05176228657364845, 0.005412217229604721
0.052674196660518646, 0.0054850191809237
0.05227920040488243, 0.005660689901560545
0.052213896065950394, 0.004968285094946623
0.052332986146211624, 0.004366901703178883
0.05216258764266968, 0.005868667736649513
0.05259675160050392, 0.00468479422852397
0.052156753838062286, 0.005930404178798199
0.05186323821544647, 0.006984098814427853
0.052075620740652084, 0.00553194060921669
0.051985789090394974, 0.006342756096273661
0.05238773301243782, 0.0052892062813043594
0.05205140635371208, 0.00642757210880518
0.05213255435228348, 0.006837810855358839
0.051853932440280914, 0.006100976839661598
0.052799876779317856, 0.0045883371494710445
0.05222634971141815, 0.005172952078282833
0.05144264176487923, 0.007175631821155548
0.05216127261519432, 0.004523026756942272
0.05151929333806038, 0.006628529634326696
0.05155664309859276, 0.004838717170059681
0.05148040130734444, 0.007576375268399715
0.052273109555244446, 0.004991275258362293
0.05234643816947937, 0.004856586456298828
0.05214691907167435, 0.004571856465190649
0.05171724036335945, 0.0042545185424387455
0.05202575400471687, 0.004724997561424971
0.05188918858766556, 0.004814392887055874
0.05234740301966667, 0.004336117301136255
0.052226368337869644, 0.005102390423417091
0.0517570786178112, 0.004480776842683554
0.05218967795372009, 0.006507322192192078
0.05204761400818825, 0.005811954382807016
0.05236605554819107, 0.004728642757982016
0.05178945139050484, 0.005047513637691736
0.051750730723142624, 0.006660948973149061
0.0519663505256176, 0.0067786965519189835
0.05281442776322365, 0.004470976535230875
0.05247238278388977, 0.00483406987041235
0.05231308937072754, 0.005048469174653292
0.052227962762117386, 0.006073415745049715
0.051890771836042404, 0.005423956550657749
0.05182909592986107, 0.005134149454534054
0.05228295177221298, 0.005494671408087015
0.0520063154399395, 0.00548001192510128
0.05212016403675079, 0.005938139744102955
0.052342552691698074, 0.004222468007355928
0.05198096111416817, 0.004632326774299145
0.05208678916096687, 0.0060662273317575455
0.052109163254499435, 0.004359658341854811
0.05181974545121193, 0.004848516080528498
0.051975298672914505, 0.005892981309443712
0.0515277273952961, 0.006099084857851267
0.051825638860464096, 0.008729794062674046
0.052310727536678314, 0.004691781476140022
0.05196550861001015, 0.006414660252630711
0.05186699703335762, 0.005793857853859663
0.051493704319000244, 0.006268191151320934
0.05234835669398308, 0.004500743933022022
0.05213193967938423, 0.0041412352584302425
0.052693434059619904, 0.005031405948102474
0.051948294043540955, 0.006544967647641897
0.05181429907679558, 0.006088643334805965
0.05229128152132034, 0.004509738180786371
0.052130382508039474, 0.004619964398443699
0.05176641419529915, 0.006058780010789633
