mean, std
68.5015640258789, 189.75001525878906
0.18763761222362518, 0.02436872385442257
0.1698257029056549, 0.012946084141731262
0.16767430305480957, 0.009358669631183147
0.16592954099178314, 0.010499092750251293
0.16513848304748535, 0.00876165833324194
0.15087482333183289, 0.013142784126102924
0.14384831488132477, 0.014079301618039608
0.13834688067436218, 0.010254335589706898
0.13710196316242218, 0.010148802772164345
0.13539786636829376, 0.015468306839466095
0.13505591452121735, 0.00968433078378439
0.13398802280426025, 0.008955394849181175
0.132394477725029, 0.014264472760260105
0.13241246342658997, 0.011522287502884865
0.1317644566297531, 0.01045816857367754
0.13190121948719025, 0.01407162006944418
0.1307028830051422, 0.009063130244612694
0.13078564405441284, 0.011219860054552555
0.12905003130435944, 0.010535890236496925
0.1274576336145401, 0.011973385699093342
0.12716825306415558, 0.011519629508256912
0.12871034443378448, 0.01176688726991415
0.12921737134456635, 0.011936446651816368
0.12417883425951004, 0.014150743372738361
0.12403694540262222, 0.008735612966120243
0.1239410787820816, 0.013321720995008945
0.12275959551334381, 0.008754773065447807
0.12193134427070618, 0.013408058322966099
0.12071827054023743, 0.012581702321767807
0.12279350310564041, 0.013014589436352253
0.12237892299890518, 0.013908990658819675
0.12117724865674973, 0.011136994697153568
0.12066397815942764, 0.015282918699085712
0.12086562067270279, 0.0111842080950737
0.12113308906555176, 0.014995453879237175
0.1216597929596901, 0.01185646466910839
0.12132737785577774, 0.01297483779489994
0.12630227208137512, 0.011417634785175323
0.12503261864185333, 0.011822533793747425
0.14543606340885162, 0.025994479656219482
0.1400812417268753, 0.013912063091993332
0.12496524304151535, 0.016650890931487083
0.1237209215760231, 0.015421549789607525
0.12240240722894669, 0.015402426943182945
0.2203967124223709, 0.4101032018661499
0.1424199640750885, 0.016882043331861496
0.1269683688879013, 0.011805489659309387
0.12232246994972229, 0.011210614815354347
0.12170372158288956, 0.011460700072348118
0.12131252884864807, 0.01110835000872612
0.13070011138916016, 0.02601904422044754
0.12568624317646027, 0.012754612602293491
0.12332652509212494, 0.010979525744915009
0.12202559411525726, 0.01460166648030281
0.12139075249433517, 0.011667135171592236
0.12098205089569092, 0.00958145223557949
0.12164943665266037, 0.011987187899649143
0.12140998989343643, 0.013500407338142395
0.1213080883026123, 0.011538241989910603
0.12054308503866196, 0.011357381008565426
0.1217641606926918, 0.012181846424937248
0.1215386763215065, 0.011490175500512123
0.12114136666059494, 0.01107003167271614
0.1220661923289299, 0.011678999289870262
0.12028881162405014, 0.012113460339605808
0.12032449245452881, 0.012203056365251541
0.12132766842842102, 0.014495749957859516
0.12194958329200745, 0.011968832463026047
0.12108620256185532, 0.011595304124057293
0.1203368678689003, 0.012696431949734688
0.12109711766242981, 0.013704860582947731
0.1221516951918602, 0.009848125278949738
0.12111130356788635, 0.006489444058388472
0.12097723037004471, 0.012880743481218815
0.12136433273553848, 0.010785402730107307
0.12194493412971497, 0.011322404257953167
0.12044106423854828, 0.012448621913790703
0.11979123204946518, 0.015202057547867298
0.12124136835336685, 0.012937073595821857
0.12069683521986008, 0.010491615161299706
0.12080293148756027, 0.012413149699568748
0.12178712338209152, 0.010787989012897015
0.12034124881029129, 0.011483288370072842
0.12123788893222809, 0.013905545696616173
0.12153401970863342, 0.013144556432962418
0.12041042745113373, 0.01539639662951231
0.12031085044145584, 0.015795743092894554
0.12175128608942032, 0.009940528310835361
0.12148938328027725, 0.010112225078046322
0.12138819694519043, 0.009152454324066639
0.12223873287439346, 0.012958353385329247
0.1209355890750885, 0.012934206984937191
0.12059596180915833, 0.011545750312507153
0.12123607099056244, 0.010394379496574402
0.12342287600040436, 0.008109376765787601
0.12141406536102295, 0.012288441881537437
0.12242767959833145, 0.009721215814352036
0.11977218091487885, 0.013433375395834446
0.12119114398956299, 0.011857847683131695
0.12142576277256012, 0.011696293950080872
0.12091679126024246, 0.011089274659752846
0.12199068069458008, 0.012753051705658436
0.12060891091823578, 0.0070523470640182495
0.12222467362880707, 0.01009535975754261
0.12157947570085526, 0.014763351529836655
0.12254166603088379, 0.010884360410273075
0.12140464782714844, 0.010590615682303905
0.1210361197590828, 0.012900335714221
0.12177739292383194, 0.01122102327644825
0.12105146795511246, 0.011055129580199718
0.1212744489312172, 0.016408558934926987
0.12238311767578125, 0.011085951700806618
0.12251661717891693, 0.00931906420737505
0.12026466429233551, 0.012988733127713203
0.12122806161642075, 0.01385465357452631
0.1209702342748642, 0.013331621885299683
0.1219891682267189, 0.010087935253977776
0.12333513796329498, 0.01296447403728962
0.12222953885793686, 0.014675585553050041
0.12113579362630844, 0.012332029640674591
0.12185581773519516, 0.012218398973345757
0.12186627835035324, 0.014055839739739895
0.12087031453847885, 0.014026148244738579
0.12208522856235504, 0.014208409935235977
0.12055972218513489, 0.009691372513771057
0.121317557990551, 0.009856547228991985
0.12077942490577698, 0.011581651866436005
0.12074077129364014, 0.013752070255577564
0.12177547067403793, 0.009774562902748585
0.1205805167555809, 0.013059343211352825
0.12105246633291245, 0.012229250743985176
0.12203531712293625, 0.012660677544772625
0.12039591372013092, 0.013993603177368641
0.12080048024654388, 0.012934994883835316
0.12096164375543594, 0.00871421117335558
0.12129119038581848, 0.013262264430522919
0.12042702734470367, 0.010112094692885876
0.12145306169986725, 0.010202000848948956
0.12248444557189941, 0.008582484908401966
0.12098518759012222, 0.009058215655386448
0.12118390202522278, 0.015570796094834805
0.11980395764112473, 0.016538752242922783
0.12103912979364395, 0.007083409931510687
0.12114258855581284, 0.012775897048413754
0.12136712670326233, 0.008734111674129963
0.12058479338884354, 0.01561052817851305
0.1214604526758194, 0.012450261041522026
0.12088882923126221, 0.012821430340409279
0.12050778418779373, 0.016349464654922485
0.11982385069131851, 0.01725396327674389
0.12101263552904129, 0.013758832588791847
0.12125657498836517, 0.011999855749309063
0.1220109760761261, 0.009777276776731014
0.11938592046499252, 0.015705572441220284
0.1203613132238388, 0.016576506197452545
0.12100100517272949, 0.012705015949904919
0.12261690199375153, 0.014103211462497711
0.1207386776804924, 0.01654001884162426
0.12175287306308746, 0.010358571074903011
0.12135820835828781, 0.008798162452876568
0.12015696614980698, 0.01341452356427908
0.12200995534658432, 0.011586611159145832
0.1205795481801033, 0.0117028271779418
0.12127060443162918, 0.011935767717659473
0.12073535472154617, 0.015564849600195885
0.12110725045204163, 0.010415837168693542
0.1208929643034935, 0.012366284616291523
0.11984888464212418, 0.015841329470276833
0.1213429793715477, 0.010632541961967945
0.12204829603433609, 0.012518569827079773
0.12218169122934341, 0.013106978498399258
0.12127786129713058, 0.010720533318817616
0.12069038301706314, 0.013127155601978302
0.12145335227251053, 0.011474955826997757
0.12144851684570312, 0.01672486960887909
0.12218587845563889, 0.013579556718468666
0.1206575408577919, 0.01128047239035368
0.12054499238729477, 0.014926468953490257
0.12052012979984283, 0.012021814472973347
0.12135933339595795, 0.010981681756675243
0.12080413848161697, 0.01397309172898531
0.12104535102844238, 0.014893924817442894
0.12044095993041992, 0.014660023152828217
0.12240159511566162, 0.011754883453249931
0.12094129621982574, 0.011318928562104702
0.11986333876848221, 0.015017128549516201
0.12125205993652344, 0.012957002967596054
0.12213169038295746, 0.014297793619334698
0.12309397757053375, 0.010327106341719627
0.12177872657775879, 0.009941249154508114
0.12174638360738754, 0.015301440842449665
0.12156239151954651, 0.008913238532841206
0.12104742974042892, 0.010155793279409409
0.12296046316623688, 0.014958803541958332
0.12128199636936188, 0.009786966256797314
0.12206724286079407, 0.011189675889909267
0.12162183225154877, 0.011721672490239143
0.1234198585152626, 0.012309780344367027
0.12193504720926285, 0.011924250982701778
0.12119366228580475, 0.01333700679242611
0.12065716832876205, 0.011714654043316841
0.1206217110157013, 0.012503515928983688
0.12126687914133072, 0.013985710218548775
0.12117625772953033, 0.011016884818673134
0.12112871557474136, 0.013671603985130787
0.12057266384363174, 0.00901839416474104
0.12208129465579987, 0.013209854252636433
0.1216280609369278, 0.013669510371983051
0.12121299654245377, 0.013084651902318
0.12121448665857315, 0.014608662575483322
0.12106198817491531, 0.014133027754724026
0.12006402015686035, 0.013853180222213268
0.12178266048431396, 0.010427874512970448
0.11953452229499817, 0.011540639214217663
0.11989063769578934, 0.011039181612432003
0.12083861976861954, 0.014565464109182358
0.11961115896701813, 0.011727269738912582
0.12146655470132828, 0.012690153904259205
0.12246179580688477, 0.009935988113284111
0.12198935449123383, 0.011132906191051006
0.12209179997444153, 0.011684061028063297
0.12269948422908783, 0.010134859941899776
0.1224437803030014, 0.01086376141756773
0.12032319605350494, 0.009942539967596531
0.12018511444330215, 0.012567166239023209
0.12206149101257324, 0.010764063335955143
0.12272604554891586, 0.014058447442948818
0.12221378833055496, 0.009682205505669117
0.1201956644654274, 0.012759950011968613
0.12123645842075348, 0.00743121700361371
0.1204807385802269, 0.012923250906169415
0.12066029012203217, 0.013592365197837353
0.12109511345624924, 0.010462485253810883
0.12192121893167496, 0.01207798346877098
0.12062050402164459, 0.014765865169465542
0.12043862789869308, 0.011117114685475826
0.12011293321847916, 0.011395822279155254
0.12056224793195724, 0.011096197180449963
0.1213177815079689, 0.008430831134319305
0.12104165554046631, 0.012713508680462837
0.12011897563934326, 0.010576554574072361
0.12123453617095947, 0.01374233141541481
0.12090860307216644, 0.010611051693558693
0.12303844094276428, 0.013815697282552719
0.12188354134559631, 0.011625131592154503
0.12134069949388504, 0.011309007182717323
0.12034569680690765, 0.0115691302344203
0.12173441052436829, 0.014025182463228703
0.12082584947347641, 0.015508669428527355
0.12126460671424866, 0.011046399362385273
0.12114820629358292, 0.009754674509167671
0.12087415158748627, 0.010875756852328777
0.12301632016897202, 0.012921463698148727
0.12218406796455383, 0.013888451270759106
0.12315956503152847, 0.009626383893191814
0.12207215279340744, 0.009094920940697193
0.12208046019077301, 0.015484767965972424
0.12169095128774643, 0.011713671498000622
0.12055206298828125, 0.010258822701871395
0.12114834785461426, 0.01045434083789587
0.12167967855930328, 0.012291268445551395
0.12105146795511246, 0.01208491437137127
0.12011929601430893, 0.009865831583738327
0.13062024116516113, 0.023460622876882553
0.1348201185464859, 0.01288999430835247
0.12879955768585205, 0.012889564968645573
0.1251499205827713, 0.010816370137035847
0.12237701565027237, 0.008871431462466717
0.12139137834310532, 0.015077787451446056
0.1210973784327507, 0.012554781511425972
0.12101630121469498, 0.011151015758514404
0.12071321904659271, 0.014350744895637035
0.12179456651210785, 0.011388860642910004
0.1211530938744545, 0.011206433176994324
0.12090161442756653, 0.012144033797085285
0.12147695571184158, 0.010797322727739811
0.1201944649219513, 0.01246340200304985
0.12108102440834045, 0.013378899544477463
0.12145674228668213, 0.01359513308852911
0.12031181901693344, 0.015568289905786514
0.12134579569101334, 0.012949222698807716
0.1211429014801979, 0.011959974654018879
0.12075518071651459, 0.01403468381613493
0.12047449499368668, 0.01253805123269558
0.12061645090579987, 0.010496340692043304
0.12024446576833725, 0.01086460892111063
0.12153574079275131, 0.00969401840120554
0.12059031426906586, 0.009932869113981724
0.12117527425289154, 0.0156695619225502
0.12145144492387772, 0.013161009177565575
0.12131015211343765, 0.011892697773873806
0.12063018232584, 0.010710076428949833
0.12147549539804459, 0.014049844816327095
0.12234912067651749, 0.009440015070140362
0.1227242574095726, 0.009997284971177578
0.12157436460256577, 0.012482725083827972
0.12128511071205139, 0.008342407643795013
0.12088945508003235, 0.008927471935749054
0.12000302225351334, 0.012536120600998402
0.12199951708316803, 0.006677728611975908
0.12075737863779068, 0.011428790166974068
0.11971078813076019, 0.007724757306277752
0.12166992574930191, 0.016789447516202927
0.12098713964223862, 0.017048191279172897
0.12157601863145828, 0.011246698908507824
0.1231345608830452, 0.011537397280335426
0.12156499922275543, 0.01088784635066986
0.12105861306190491, 0.01388542726635933
0.12140120565891266, 0.011015799827873707
0.12047632783651352, 0.009598909877240658
0.11954379081726074, 0.010735679417848587
0.11985067278146744, 0.015277886763215065
0.12133482843637466, 0.00985094252973795
0.1208682432770729, 0.013554411008954048
0.12189824134111404, 0.010768135078251362
0.12125737220048904, 0.014261841773986816
0.12158448249101639, 0.011005252599716187
0.12134609371423721, 0.012716032564640045
0.12068920582532883, 0.011244519613683224
0.12087472528219223, 0.010743626393377781
0.12030110508203506, 0.012153656221926212
0.12041759490966797, 0.01782919652760029
0.12010519951581955, 0.00973837822675705
0.20413470268249512, 0.2302795797586441
0.17307034134864807, 0.023751072585582733
0.2132524996995926, 0.23730877041816711
0.1492895931005478, 0.017997073009610176
0.16049492359161377, 0.0866929367184639
0.14548736810684204, 0.01834878884255886
0.12539871037006378, 0.014259391464293003
0.12228936702013016, 0.008367677219212055
0.12225619703531265, 0.010350098833441734
0.12015129625797272, 0.008702613413333893
0.121514692902565, 0.008966845460236073
0.1210121214389801, 0.01381018478423357
0.12063787132501602, 0.012636776082217693
0.12071426957845688, 0.013398946262896061
0.12077396363019943, 0.011193715035915375
0.12022262066602707, 0.012962086126208305
0.12005860358476639, 0.013748334720730782
0.12182199954986572, 0.013834329321980476
0.12042764574289322, 0.010154512710869312
0.11931749433279037, 0.011944054625928402
0.12013271450996399, 0.007272627670317888
0.1208246573805809, 0.011955425143241882
0.12048187851905823, 0.01375973504036665
0.12088172882795334, 0.0124012790620327
0.12072084099054337, 0.01113953161984682
0.12007681280374527, 0.013156470842659473
0.12167499214410782, 0.011769157834351063
0.12018152326345444, 0.0130225270986557
0.12089081853628159, 0.012479418888688087
0.12013205140829086, 0.011871938593685627
0.12117824703454971, 0.013784113340079784
0.12039033323526382, 0.012212783098220825
0.12066172063350677, 0.013733219355344772
0.12117689102888107, 0.016784481704235077
0.12041725218296051, 0.012901455163955688
0.12088368833065033, 0.013251155614852905
0.12025006860494614, 0.011399483308196068
0.11960691958665848, 0.015391810797154903
0.12160401791334152, 0.012811284512281418
0.12011650204658508, 0.011011358350515366
0.12164834886789322, 0.01174669899046421
0.12028328329324722, 0.011547146365046501
0.12151598930358887, 0.011561312712728977
0.12105514109134674, 0.011145303025841713
0.1198517382144928, 0.013852966018021107
0.12131881713867188, 0.009040876291692257
0.1209494024515152, 0.014027243480086327
0.12127350270748138, 0.016410302370786667
0.12226523458957672, 0.009438256733119488
0.12153955549001694, 0.01197840552777052
0.121474489569664, 0.008884894661605358
0.12103728204965591, 0.013969840481877327
0.11983411759138107, 0.01051898580044508
0.11984474211931229, 0.011805364862084389
0.12069502472877502, 0.014695435762405396
0.12084507942199707, 0.01275575626641512
0.12116745859384537, 0.010327579453587532
0.12038735300302505, 0.015239579603075981
0.12184921652078629, 0.010367833077907562
0.12060340493917465, 0.014665426686406136
0.12054795771837234, 0.013721849769353867
0.12190156430006027, 0.010957094840705395
0.1206529513001442, 0.009454010054469109
0.12177179008722305, 0.010786633007228374
0.12038040161132812, 0.013237050734460354
0.12134207785129547, 0.012760122306644917
0.12206945568323135, 0.014247756451368332
0.12079919874668121, 0.013299369253218174
0.12114352732896805, 0.012452201917767525
0.11987462639808655, 0.01457905862480402
0.12117236107587814, 0.011238113977015018
0.12007627636194229, 0.013820326887071133
0.12057323008775711, 0.015203692950308323
0.12117283791303635, 0.011830178089439869
0.12149625271558762, 0.013553901575505733
0.12125333398580551, 0.01444413885474205
0.12064019590616226, 0.015372580848634243
0.1208563894033432, 0.01127741951495409
0.12162753194570541, 0.012877259403467178
0.12184752523899078, 0.011650653555989265
0.12317081540822983, 0.01304825209081173
0.12042079865932465, 0.021649425849318504
0.12114445120096207, 0.01441242266446352
0.12031915783882141, 0.009310688823461533
0.12185125797986984, 0.010525071062147617
0.12089744210243225, 0.015070070512592793
0.11884812265634537, 0.01136377826333046
0.12258504331111908, 0.008663238026201725
0.12160665541887283, 0.010343460366129875
0.12169840931892395, 0.011513309553265572
0.12232083827257156, 0.011059260927140713
0.12091086804866791, 0.010983248241245747
0.12144173681735992, 0.013219772838056087
0.12052804976701736, 0.011264968663454056
0.12092871218919754, 0.009807555936276913
0.1206837072968483, 0.014391169883310795
0.12108991295099258, 0.013524193316698074
0.12153378874063492, 0.007511382922530174
0.1215384304523468, 0.012407798320055008
0.12042175233364105, 0.009095683693885803
0.1214168444275856, 0.008672617375850677
0.12072061002254486, 0.0068181282840669155
0.1203712746500969, 0.01206858828663826
0.11979462206363678, 0.011032766662538052
0.12007413804531097, 0.013111304491758347
0.12120793759822845, 0.010525346733629704
0.12070754170417786, 0.01078020315617323
0.12110139429569244, 0.0143129862844944
0.12107755243778229, 0.012694576755166054
0.1242564395070076, 0.01148163340985775
0.1237110048532486, 0.011421793140470982
0.12101294100284576, 0.009996039792895317
0.12156050652265549, 0.009988737292587757
0.12150745838880539, 0.009586275555193424
0.19436293840408325, 0.0836724266409874
0.16444092988967896, 0.05151495710015297
0.13027501106262207, 0.009589901193976402
0.12391922622919083, 0.0103383120149374
0.1226256936788559, 0.012129491195082664
0.12184818834066391, 0.010244902223348618
0.12008094787597656, 0.012688184157013893
0.12058724462985992, 0.012098941020667553
0.1217849925160408, 0.011458855122327805
0.12238550186157227, 0.009641206823289394
0.12128742784261703, 0.008675183169543743
0.1200212612748146, 0.011755464598536491
0.12200108170509338, 0.011142447590827942
0.12199270725250244, 0.011561669409275055
0.12044449895620346, 0.012405731715261936
0.12085714936256409, 0.012374836951494217
0.12125333398580551, 0.014598038978874683
0.12042868137359619, 0.012372836470603943
0.12039010971784592, 0.012273052707314491
0.12148119509220123, 0.008595002815127373
0.1200435683131218, 0.012373443692922592
0.12007863074541092, 0.010608299635350704
0.11998191475868225, 0.011000106111168861
0.1204150915145874, 0.01598219759762287
0.12160953134298325, 0.009897098876535892
0.12111043930053711, 0.011859733611345291
0.12035311758518219, 0.012111625634133816
0.12199041992425919, 0.010324428789317608
0.12082973122596741, 0.011395685374736786
0.12174872308969498, 0.014912912622094154
0.12185707688331604, 0.011146404780447483
0.12152557820081711, 0.013125556521117687
0.12062692642211914, 0.01450431253761053
0.12067735195159912, 0.014877716079354286
0.12057602405548096, 0.010061444714665413
0.11988813430070877, 0.01305144838988781
0.11953069269657135, 0.015153627842664719
0.119094118475914, 0.013710255734622478
0.12059640884399414, 0.016353541985154152
0.120448999106884, 0.012295297347009182
0.12138405442237854, 0.01128905825316906
0.12140446156263351, 0.010434450581669807
0.1205577626824379, 0.014922155067324638
0.12096408754587173, 0.014067530632019043
0.1214914470911026, 0.014902149327099323
0.12136603891849518, 0.00980803370475769
0.12107697129249573, 0.005579933524131775
0.12152699381113052, 0.014904230833053589
0.12116273492574692, 0.013683305121958256
0.12031088769435883, 0.014344076626002789
0.12141667306423187, 0.009290178306400776
0.12016469985246658, 0.013028066605329514
0.1201539859175682, 0.013245584443211555
0.12116522341966629, 0.00965057872235775
0.12034012377262115, 0.012852388434112072
0.14083023369312286, 0.04860864579677582
0.14677877724170685, 0.013573342002928257
0.12871746718883514, 0.015032410621643066
0.12271307408809662, 0.01344035193324089
0.12217405438423157, 0.011349402368068695
0.12135899066925049, 0.007814524695277214
0.12156665325164795, 0.013466712087392807
0.12192896008491516, 0.006328488700091839
0.12134039402008057, 0.012661229819059372
0.12955737113952637, 0.013227183371782303
0.123649463057518, 0.014248362742364407
0.12200324982404709, 0.013573208823800087
0.15261001884937286, 0.03602879121899605
0.1323511153459549, 0.01072634942829609
0.12370792776346207, 0.013567373156547546
0.1217435747385025, 0.01294010691344738
0.12174085527658463, 0.012322360649704933
0.12044378370046616, 0.01161386352032423
0.1200966015458107, 0.010654782876372337
0.1204683929681778, 0.012715290300548077
0.12167436629533768, 0.012898213230073452
0.1218268871307373, 0.011613075621426105
0.11971240490674973, 0.013503378257155418
0.12117474526166916, 0.014551780186593533
0.12195140868425369, 0.011253765784204006
0.121307373046875, 0.013085498474538326
0.12090376764535904, 0.013424750417470932
0.12160740047693253, 0.012060432694852352
0.12042888253927231, 0.015959547832608223
0.12077930569648743, 0.013483613729476929
0.12131154537200928, 0.012184538878500462
0.1215534508228302, 0.014529254287481308
0.12033181637525558, 0.019445069134235382
0.12152164429426193, 0.01132331695407629
0.12108414620161057, 0.011644071899354458
0.12087712436914444, 0.009737861342728138
0.12096866220235825, 0.01232193410396576
0.12116919457912445, 0.011777049861848354
0.12069826573133469, 0.010488136671483517
0.11987507343292236, 0.010626972652971745
0.12220851331949234, 0.014154855161905289
0.12273858487606049, 0.010777277871966362
0.12128032743930817, 0.012520206160843372
0.12097099423408508, 0.014224781654775143
0.12159037590026855, 0.01260688528418541
0.12133049964904785, 0.014619994908571243
0.12100992351770401, 0.0113585339859128
0.12101055681705475, 0.014116701669991016
0.12063741683959961, 0.012529628351330757
0.12081962078809738, 0.011450232937932014
0.12127427011728287, 0.01044380757957697
0.12214066088199615, 0.01217296440154314
0.12139099091291428, 0.010203632526099682
0.12102983891963959, 0.011387336067855358
0.12154318392276764, 0.012240028940141201
0.1208091452717781, 0.012445156462490559
0.12166690826416016, 0.00866425596177578
0.12089121341705322, 0.012953865341842175
0.12095224857330322, 0.011695478111505508
0.12082750350236893, 0.010556932538747787
0.12120036035776138, 0.011706656776368618
0.12081849575042725, 0.009944274090230465
0.12073267996311188, 0.014471148140728474
0.1213032677769661, 0.013424945995211601
0.12086430191993713, 0.013830951415002346
0.11987731605768204, 0.01767451874911785
0.12031242996454239, 0.012377955950796604
0.12110783159732819, 0.011002928949892521
0.12070430815219879, 0.01286777202039957
0.12054675072431564, 0.00827453751116991
0.12082622945308685, 0.011177084408700466
0.12131215631961823, 0.010100195184350014
0.12108748406171799, 0.010398353450000286
0.12031344324350357, 0.011099280789494514
0.11985822767019272, 0.011849910952150822
0.12032585591077805, 0.009601826779544353
0.12169881910085678, 0.009304446168243885
0.12661823630332947, 0.02840486355125904
0.13892024755477905, 0.021731998771429062
0.1647178828716278, 0.03326339274644852
0.14320093393325806, 0.034502867609262466
0.13939037919044495, 0.017608419060707092
0.13121256232261658, 0.012360289692878723
0.12248427420854568, 0.012863791547715664
0.120639868080616, 0.014022519811987877
0.12083310633897781, 0.011132598854601383
0.12086430191993713, 0.01084563136100769
0.13104069232940674, 0.014585640281438828
0.13856562972068787, 0.030808858573436737
0.12531723082065582, 0.011304381303489208
0.12192396074533463, 0.01256447285413742
0.12116596847772598, 0.009434725157916546
0.11994196474552155, 0.00968098733574152
0.12160161882638931, 0.010341000743210316
0.12106384336948395, 0.007884598337113857
0.12165602296590805, 0.01376406755298376
0.12068711221218109, 0.012735114432871342
0.12113261222839355, 0.009966142475605011
0.12081815302371979, 0.010339975357055664
0.12197785824537277, 0.009604576043784618
0.12130732089281082, 0.010795753449201584
0.12159958481788635, 0.00865036342293024
0.12132525444030762, 0.013637867756187916
0.12006159871816635, 0.011596632190048695
0.12053435295820236, 0.014542140066623688
0.11991037428379059, 0.012209851294755936
0.12149744480848312, 0.011577229015529156
0.12052031606435776, 0.013114962726831436
0.1192476898431778, 0.011777696199715137
0.12134536355733871, 0.008687782101333141
0.12022173404693604, 0.011708950623869896
0.12101253122091293, 0.010579212568700314
0.12164710462093353, 0.01272646151483059
0.12099589407444, 0.007382579147815704
0.12082057446241379, 0.013590061105787754
0.12095127254724503, 0.010302018374204636
0.12085960805416107, 0.011710708029568195
0.12128069996833801, 0.011398027651011944
0.12062426656484604, 0.011451474390923977
0.13212940096855164, 0.02630523219704628
0.13467861711978912, 0.01716988906264305
0.1385340839624405, 0.017714159563183784
0.13948284089565277, 0.01692233793437481
0.13237294554710388, 0.013189387507736683
0.1224016323685646, 0.012171968817710876
0.12185483425855637, 0.010957229882478714
0.1207185834646225, 0.008994189091026783
0.12003462761640549, 0.008257674053311348
0.12055406719446182, 0.016414517536759377
0.12040797621011734, 0.012903256341814995
0.12020610272884369, 0.014737841673195362
0.12003682553768158, 0.013039479032158852
0.12020667642354965, 0.010961873456835747
0.12136443704366684, 0.013553827069699764
0.12089504301548004, 0.014052319340407848
0.12129861861467361, 0.008905391208827496
0.1204480230808258, 0.014064383693039417
0.12043729424476624, 0.010987382382154465
0.12076999247074127, 0.014523724094033241
0.12074950337409973, 0.013760188594460487
0.12056783586740494, 0.014465914107859135
0.1206452026963234, 0.013778723776340485
0.12213713675737381, 0.01070883497595787
0.12079083919525146, 0.012676563113927841
0.12064912915229797, 0.0110708549618721
0.12133615463972092, 0.011506141163408756
0.12120214849710464, 0.00949096865952015
0.1198778823018074, 0.014446618035435677
0.1209326833486557, 0.011930194683372974
0.12157388776540756, 0.013414664193987846
0.11980587989091873, 0.01368122361600399
0.1213633194565773, 0.010416096076369286
0.12106193602085114, 0.006965336389839649
0.12016981095075607, 0.013101677410304546
0.12117660045623779, 0.010376479476690292
0.12085071206092834, 0.013319866731762886
0.12182760238647461, 0.011310840956866741
0.12087191641330719, 0.010009375400841236
0.11956274509429932, 0.010648759081959724
0.12154880911111832, 0.013093139044940472
0.12084019184112549, 0.011674473062157631
0.11991138011217117, 0.015315189957618713
0.12030725926160812, 0.012274118140339851
0.12068060785531998, 0.01039104163646698
0.12140188366174698, 0.011379389092326164
0.12163415551185608, 0.008703826926648617
0.12191709131002426, 0.013568542897701263
0.12126166373491287, 0.010011493228375912
0.12094388157129288, 0.015907375141978264
0.1211182028055191, 0.011242318898439407
0.1213890090584755, 0.010070127435028553
0.12159347534179688, 0.012531673535704613
0.12054407596588135, 0.01168830692768097
0.12005043029785156, 0.012882678769528866
0.12075243890285492, 0.010753568261861801
0.12105296552181244, 0.010358165949583054
0.12135859578847885, 0.013730618171393871
0.11985286325216293, 0.012650991789996624
0.11937040835618973, 0.014312654733657837
0.12048683315515518, 0.010847746394574642
0.12111292034387589, 0.015127812512218952
0.12143119424581528, 0.012480424717068672
0.12017113715410233, 0.01236207690089941
0.12167457491159439, 0.010338619351387024
0.12137758731842041, 0.009556888602674007
0.12041832506656647, 0.013449766673147678
0.11930075287818909, 0.01748252660036087
0.12131205946207047, 0.01236934307962656
0.1199512779712677, 0.010316712781786919
0.12114087492227554, 0.012544732540845871
0.12006545066833496, 0.012267805635929108
0.12126044183969498, 0.010460153222084045
0.11907962709665298, 0.010715295560657978
0.12025149911642075, 0.012326620519161224
0.12072334438562393, 0.01188608817756176
0.12122104316949844, 0.010227879509329796
0.12099400907754898, 0.01444278284907341
0.12057492882013321, 0.010042157024145126
0.12093150615692139, 0.015146725811064243
0.12079407274723053, 0.014773037284612656
0.1204734668135643, 0.011818550527095795
0.1210094690322876, 0.011866509914398193
0.12234816700220108, 0.009050492197275162
0.12026086449623108, 0.0099332919344306
0.12113485485315323, 0.01298935990780592
0.12097195535898209, 0.01151243131607771
0.1203334629535675, 0.014121785759925842
0.12130836397409439, 0.010583510622382164
0.12182524800300598, 0.008745400235056877
0.12095782905817032, 0.012290718033909798
0.12126300483942032, 0.012445230036973953
0.1199098452925682, 0.011632942594587803
0.11969595402479172, 0.012250169180333614
0.12152152508497238, 0.011667774058878422
0.1188441663980484, 0.019639093428850174
0.15041197836399078, 0.03337604179978371
0.15839719772338867, 0.028180154040455818
0.17036737501621246, 0.032406870275735855
0.1934448629617691, 0.04289538040757179
0.1754317581653595, 0.03232970088720322
0.11968474835157394, 0.01388560514897108
0.103362537920475, 0.021313466131687164
0.09425513446331024, 0.017236843705177307
0.07654031366109848, 0.008020000532269478
0.07747938483953476, 0.015025458298623562
0.07659652084112167, 0.011083083227276802
0.0636386051774025, 0.005613094195723534
0.05805094912648201, 0.0064178048633039
0.05566689744591713, 0.00514644430950284
0.053512994199991226, 0.005082978866994381
0.06423461437225342, 0.01225272286683321
0.06261547654867172, 0.012541738338768482
0.060077231377363205, 0.007189157884567976
0.05461644008755684, 0.00703395763412118
0.04696761444211006, 0.00438779266551137
0.04398329555988312, 0.0043427227064967155
0.0437614805996418, 0.005607806146144867
0.04626823961734772, 0.004188769496977329
0.04415347799658775, 0.00471488805487752
0.04151587933301926, 0.0035463685635477304
0.042052920907735825, 0.004612671677023172
0.04786176607012749, 0.005179824773222208
0.04317442327737808, 0.006301494315266609
0.040610529482364655, 0.0051788645796477795
0.03931775689125061, 0.0039031885098665953
0.03838195279240608, 0.003896167268976569
0.04000626876950264, 0.003708953969180584
0.03958306834101677, 0.004424094222486019
0.04140559211373329, 0.004740046802908182
0.0433482863008976, 0.005956590641289949
0.043018992990255356, 0.00484408950433135
0.038474760949611664, 0.004610599484294653
0.0444672591984272, 0.006933612748980522
0.04218275099992752, 0.005013830028474331
0.041249144822359085, 0.005142034962773323
0.03969844430685043, 0.004900412168353796
0.0362774021923542, 0.003643567906692624
0.038157038390636444, 0.003415054874494672
0.03789553791284561, 0.003539811121299863
0.03594022989273071, 0.005970175378024578
0.03574414178729057, 0.004526007920503616
0.03713465481996536, 0.00455201230943203
0.03669542074203491, 0.0036964218597859144
0.0367383174598217, 0.0027320883236825466
0.03642389178276062, 0.0032441106159240007
0.03516533598303795, 0.0028449352830648422
0.0345977284014225, 0.004010325763374567
0.035366084426641464, 0.003464657813310623
0.034829031676054, 0.004039516672492027
0.03401562571525574, 0.003852350637316704
0.03497046232223511, 0.003528136992827058
0.03626549616456032, 0.0042096469551324844
0.037413544952869415, 0.004316451959311962
0.036266520619392395, 0.00331710372120142
0.035580746829509735, 0.004895768593996763
0.036976322531700134, 0.00521685928106308
0.03659616783261299, 0.0037352154031395912
0.03603612631559372, 0.0038320741150528193
0.03559524938464165, 0.004992759320884943
0.035235632210969925, 0.004156182985752821
0.034982264041900635, 0.0038721736054867506
0.03465614840388298, 0.004287590738385916
0.03523379936814308, 0.0037124669179320335
0.03494163230061531, 0.004114729352295399
0.03494877368211746, 0.004816840402781963
0.03471468761563301, 0.00359101383946836
0.038835588842630386, 0.005759080406278372
0.03886241838335991, 0.0032933796755969524
0.03856690600514412, 0.0025368614587932825
0.036693669855594635, 0.0033037925604730844
0.0387633740901947, 0.005207505542784929
0.037449777126312256, 0.004266405012458563
0.03554679825901985, 0.004325707443058491
0.035274967551231384, 0.0025880548637360334
0.034107957035303116, 0.004440572112798691
0.03387480974197388, 0.0035649603232741356
0.034404363483190536, 0.003648035228252411
0.034842465072870255, 0.0040717232041060925
0.038689643144607544, 0.004505470395088196
0.03595201298594475, 0.0037325078155845404
0.03472321107983589, 0.003847880056127906
0.03434067592024803, 0.004331886302679777
0.03363296762108803, 0.004741820972412825
0.03346222639083862, 0.005011219065636396
0.03677647188305855, 0.005499325226992369
0.03527769446372986, 0.005125338211655617
0.03704986721277237, 0.0026825873646885157
0.036044612526893616, 0.00447832141071558
0.035853467881679535, 0.004757048096507788
0.03751877322793007, 0.0039167217910289764
0.035796187818050385, 0.0035363982897251844
0.03453971818089485, 0.0043276394717395306
0.036487702280282974, 0.0031831737142056227
0.03588661924004555, 0.0029017901979386806
0.034496672451496124, 0.004715971183031797
0.03414664417505264, 0.003589864121749997
0.033822450786828995, 0.004800136666744947
0.03475354239344597, 0.0050506084226071835
0.03455835580825806, 0.003660908667370677
0.03404881805181503, 0.005056506954133511
0.032715246081352234, 0.004345826804637909
0.03260575607419014, 0.0042945146560668945
0.03321254253387451, 0.0034609250724315643
0.03322458267211914, 0.004986277781426907
0.0342787466943264, 0.003179725259542465
0.03377760946750641, 0.0029123127460479736
0.03366902843117714, 0.003369003999978304
0.032687220722436905, 0.0038215452805161476
0.03306093439459801, 0.003258539130911231
0.036583062261343, 0.004174115136265755
0.03765939921140671, 0.004915526602417231
0.040752097964286804, 0.003986583091318607
0.037175342440605164, 0.0036292867735028267
0.03596797212958336, 0.0038669980131089687
0.03411737456917763, 0.003313556546345353
0.033280231058597565, 0.0032491530291736126
0.03245383873581886, 0.004209847189486027
0.033104583621025085, 0.0036963890306651592
0.03431733325123787, 0.004174540750682354
0.03296966105699539, 0.0034036121796816587
0.0330892875790596, 0.002802282804623246
0.03253341093659401, 0.0035526882857084274
0.03247528895735741, 0.004583414644002914
0.03286418691277504, 0.003246617503464222
0.035171058028936386, 0.0032766254153102636
0.034752897918224335, 0.0046066176146268845
0.033514976501464844, 0.0030296016484498978
0.03269784525036812, 0.0032105648424476385
0.0328163243830204, 0.00323478109203279
0.03325100243091583, 0.003971148747950792
0.03248946741223335, 0.004590237513184547
0.03287837281823158, 0.0033267319668084383
0.03307162970304489, 0.003489013062790036
0.03301212191581726, 0.0028499180916696787
0.033409371972084045, 0.002703174250200391
0.033436212688684464, 0.0035159881226718426
0.03310270980000496, 0.0041333450935781
0.032688770443201065, 0.004259367939084768
0.03349888324737549, 0.0027024804148823023
0.03191986307501793, 0.0034951334819197655
0.03227939084172249, 0.003020329400897026
0.03268616273999214, 0.004593245685100555
0.03269191458821297, 0.0028318935073912144
0.03296082466840744, 0.004822437651455402
0.03414185345172882, 0.0035329388920217752
0.0336122065782547, 0.00498060742393136
0.033028408885002136, 0.002776650944724679
0.03299685940146446, 0.004229084122925997
0.035165686160326004, 0.0025770182255655527
0.036766745150089264, 0.004410665947943926
0.03475343436002731, 0.0027002349961549044
0.03783978894352913, 0.004990363027900457
0.03635475039482117, 0.004693510010838509
0.034444715827703476, 0.0032082442194223404
0.03419800475239754, 0.002274181228131056
0.032405562698841095, 0.003016717964783311
0.03217995911836624, 0.004225708544254303
0.033423010259866714, 0.004715772811323404
0.03582354262471199, 0.004491476342082024
0.033733196556568146, 0.003131104400381446
0.03253670409321785, 0.00383566552773118
0.03241385146975517, 0.004252222832292318
0.031263574957847595, 0.004419909790158272
0.0318235345184803, 0.003772895084694028
0.03202008083462715, 0.004946298897266388
0.03240962326526642, 0.004048851318657398
0.032106202095746994, 0.004177816212177277
0.032207660377025604, 0.0028591605369001627
0.03287191689014435, 0.0037703290581703186
0.03316829353570938, 0.003459508530795574
0.03344287723302841, 0.0036061089485883713
0.036272961646318436, 0.005027564708143473
0.035196494311094284, 0.004844305105507374
0.0335027240216732, 0.003096706699579954
0.03422827273607254, 0.0035400178749114275
0.034955136477947235, 0.004252878483384848
0.033505506813526154, 0.0026052910834550858
0.03352327644824982, 0.003623997326940298
0.03362596407532692, 0.002772178500890732
0.03591705858707428, 0.0039747534319758415
0.03467419743537903, 0.004369264002889395
0.033588699996471405, 0.0045340401120483875
0.03455665707588196, 0.0030402771662920713
0.03435402736067772, 0.003918795380741358
0.03268875926733017, 0.0036456380039453506
0.033317942172288895, 0.004854850471019745
0.03440055623650551, 0.0030070894863456488
0.03411976620554924, 0.0038544712588191032
0.03478827700018883, 0.0043214368633925915
0.03761545941233635, 0.005333270411938429
0.03324023261666298, 0.004273014608770609
0.032689355313777924, 0.0035720588639378548
0.031845469027757645, 0.0029614821542054415
0.03138536959886551, 0.0038115400820970535
0.03180961310863495, 0.003015589900314808
0.03172426298260689, 0.004779757000505924
0.03370898216962814, 0.0041864062659442425
0.035777587443590164, 0.00588738638907671
0.035277701914310455, 0.0038395472802221775
0.03290306404232979, 0.0042624566704034805
0.03204828128218651, 0.0031653938349336386
0.031620871275663376, 0.00363132543861866
0.03130611404776573, 0.0031416479032486677
0.030838221311569214, 0.0033072358928620815
0.031262535601854324, 0.0026381744537502527
0.03211898356676102, 0.0024185795336961746
0.03214790299534798, 0.003571717068552971
0.0318264439702034, 0.004270664416253567
0.031360939145088196, 0.0036570949014276266
0.033260077238082886, 0.0037862323224544525
0.03399023041129112, 0.005030006170272827
0.036955252289772034, 0.0029929657466709614
0.03437855467200279, 0.004039611667394638
0.03220086172223091, 0.003143938258290291
0.03194037079811096, 0.0042265476658940315
0.035604171454906464, 0.0059173135086894035
0.036644551903009415, 0.005266423337161541
0.03790406882762909, 0.0063581946305930614
0.032751329243183136, 0.003036984009668231
0.0323994942009449, 0.003648146754130721
0.032172370702028275, 0.004027057904750109
0.031339582055807114, 0.004343223758041859
0.0321245901286602, 0.0034792840015143156
0.031224794685840607, 0.0034725735895335674
0.03073727712035179, 0.0028055442962795496
0.031147489324212074, 0.0031125936657190323
0.03136197477579117, 0.0032909782603383064
0.031341925263404846, 0.0031739904079586267
0.031100044026970863, 0.002553560072556138
0.030472584068775177, 0.004456596914678812
0.030163897201418877, 0.002900999505072832
0.030351215973496437, 0.0030907317996025085
0.030444765463471413, 0.003879590192809701
0.030896812677383423, 0.0036115467082709074
0.030699316412210464, 0.0027353197801858187
0.03421935439109802, 0.004407444968819618
0.03274219483137131, 0.004331476520746946
0.033645741641521454, 0.0048869154416024685
0.03735007718205452, 0.0036394468042999506
0.030456168577075005, 0.003139153588563204
0.03257615864276886, 0.003599726827815175
0.03455238416790962, 0.00488161901012063
0.036282818764448166, 0.006826560478657484
0.030106352642178535, 0.0028236324433237314
0.028778715059161186, 0.0056723966263234615
0.03156005218625069, 0.004933846183121204
0.04057730361819267, 0.006047970149666071
0.03437437117099762, 0.004285379312932491
0.042244378477334976, 0.010881509631872177
0.03706572577357292, 0.008216978050768375
0.03171408548951149, 0.003321211552247405
0.02983846887946129, 0.0034372557420283556
0.028822127729654312, 0.0034256845247000456
0.028105266392230988, 0.0031516426242887974
0.028016217052936554, 0.0020596859976649284
0.026487184688448906, 0.0032896550837904215
0.02982131950557232, 0.005604050122201443
0.03186987712979317, 0.005872221197932959
0.034001585096120834, 0.0063681527972221375
0.031206773594021797, 0.003371498081833124
0.028630448505282402, 0.003916964866220951
0.027776019647717476, 0.003292134264484048
0.026583069935441017, 0.003969884477555752
0.026329126209020615, 0.0031020950991660357
0.025592399761080742, 0.0032059948425740004
0.025894753634929657, 0.003002262907102704
0.02571684867143631, 0.0029529971070587635
0.025886109098792076, 0.003514487063512206
0.024899493902921677, 0.0034254484344273806
0.024657493457198143, 0.003910568542778492
0.024986766278743744, 0.0026248847134411335
0.02857784740626812, 0.004299300257116556
0.026725834235548973, 0.003482082160189748
0.026730993762612343, 0.0032894571777433157
0.026860909536480904, 0.0031526146922260523
0.02866268903017044, 0.005021241493523121
0.034146081656217575, 0.004702191334217787
0.03190762549638748, 0.005416073836386204
0.029323091730475426, 0.0021880031563341618
0.029180265963077545, 0.0034607432316988707
0.029567964375019073, 0.003968873061239719
0.028811531141400337, 0.0032952995970845222
0.02741178497672081, 0.003180225845426321
0.025992626324295998, 0.003943853545933962
0.026860367506742477, 0.002858848311007023
0.026687685400247574, 0.002726626116782427
0.025362346321344376, 0.00368540920317173
0.025576038286089897, 0.004319078754633665
0.025518685579299927, 0.0033177067525684834
0.025590192526578903, 0.002984923543408513
0.025269154459238052, 0.0031986774411052465
0.025330940261483192, 0.003164813620969653
0.02447892352938652, 0.0019507992547005415
0.02483637072145939, 0.004086505156010389
0.030425449833273888, 0.0037150767166167498
0.027979973703622818, 0.0032238506246358156
0.03071780689060688, 0.004215211141854525
0.027958320453763008, 0.003841614816337824
0.03777964785695076, 0.010039208456873894
0.036345355212688446, 0.0033342454116791487
0.029112866148352623, 0.0023884086403995752
0.02617654763162136, 0.003382322145625949
0.024886026978492737, 0.0027537550777196884
0.026316456496715546, 0.004483439959585667
0.02603871002793312, 0.00391449686139822
0.025287847965955734, 0.003325807163491845
0.02499750629067421, 0.0031251346226781607
0.025029905140399933, 0.0029803751967847347
0.02484368346631527, 0.003797817276790738
0.02505418471992016, 0.0033287545666098595
0.025291308760643005, 0.003822779282927513
0.024481331929564476, 0.0034975868184119463
0.024575812742114067, 0.002483218442648649
0.024410072714090347, 0.002673935843631625
0.0244461577385664, 0.002993389731273055
0.02497672662138939, 0.0034516919404268265
0.025532033294439316, 0.0026087816804647446
0.025799700990319252, 0.0031445343047380447
0.025314155966043472, 0.0033125984482467175
0.025238629430532455, 0.002941796788945794
0.024874025955796242, 0.003137826221063733
0.024718957021832466, 0.003560404758900404
0.025411633774638176, 0.0027202258352190256
0.02955990470945835, 0.004677783697843552
0.026751117780804634, 0.002589575946331024
0.026570221409201622, 0.004676931072026491
0.0250727329403162, 0.003890320658683777
0.02497381903231144, 0.0036327445413917303
0.024451956152915955, 0.0033534762915223837
0.024400455877184868, 0.003290852764621377
0.02422175370156765, 0.0024047147016972303
0.024163341149687767, 0.0037145246751606464
0.02549315243959427, 0.0035376022569835186
0.027924882248044014, 0.004274921491742134
0.029204342514276505, 0.003165150759741664
0.027545804157853127, 0.002865380607545376
0.026943601667881012, 0.0021536722779273987
0.025028785690665245, 0.004041188862174749
0.026448609307408333, 0.0026377765461802483
0.026118498295545578, 0.0037412289530038834
0.025916052982211113, 0.0031954296864569187
0.025319771841168404, 0.003102503716945648
0.025528080761432648, 0.003660361049696803
0.026339832693338394, 0.002780197886750102
0.027891064062714577, 0.0030732068698853254
0.025532284751534462, 0.0035787627566605806
0.02826114557683468, 0.003494704607874155
0.028106937184929848, 0.0035895120818167925
0.032204028218984604, 0.005521043203771114
0.029377847909927368, 0.002751454943791032
0.027864152565598488, 0.003443886060267687
0.025803884491324425, 0.0032356383744627237
0.02690468542277813, 0.002391355810686946
0.027858274057507515, 0.0043024783954024315
0.027355557307600975, 0.0036361173260957003
0.026137229055166245, 0.0037925050128251314
0.025163397192955017, 0.002606587950140238
0.024470485746860504, 0.0038632170762866735
0.02448890544474125, 0.0023859248030930758
0.023643195629119873, 0.0033543105237185955
0.024330753833055496, 0.0026493507903069258
0.02452668733894825, 0.002953884657472372
0.025658851489424706, 0.003404985647648573
0.026538295671343803, 0.0029502965044230223
0.02504258044064045, 0.0032457965426146984
0.02472691610455513, 0.0030246588867157698
0.02436642162501812, 0.002666045678779483
0.024530058726668358, 0.002482661511749029
0.024473711848258972, 0.0032640856225043535
0.025329846888780594, 0.003310849191620946
0.027038464322686195, 0.0032616814132779837
0.027059365063905716, 0.003816095879301429
0.027203312143683434, 0.003583175130188465
0.028951728716492653, 0.002244348172098398
0.02626386471092701, 0.003283947939053178
0.026028787717223167, 0.0036134333349764347
0.023919565603137016, 0.0038217687979340553
0.023951202630996704, 0.0033920977730304003
0.026108518242836, 0.0024512868840247393
0.0267531368881464, 0.0032371121924370527
0.026189953088760376, 0.004141089040786028
0.026475464925169945, 0.003086687531322241
0.02664787508547306, 0.0026722096372395754
0.029093513265252113, 0.005114919506013393
0.02605968900024891, 0.0035527562722563744
0.02426905371248722, 0.0037870618980377913
0.023954667150974274, 0.0040048277005553246
0.024040652438998222, 0.0028976525645703077
0.02389238029718399, 0.0034553471487015486
0.023990603163838387, 0.0032580532133579254
0.023836417123675346, 0.0031227802392095327
0.024302737787365913, 0.0033864763099700212
0.02369317226111889, 0.0032639859709888697
0.023594265803694725, 0.0033342435490339994
0.023519866168498993, 0.0029987934976816177
0.023706620559096336, 0.002765035256743431
0.024493960663676262, 0.004544025752693415
0.025524523109197617, 0.0025851025711745024
0.024587279185652733, 0.004230582155287266
0.024906348437070847, 0.0038699950091540813
0.024147463962435722, 0.00405295193195343
0.023915408179163933, 0.0033823493868112564
0.023968856781721115, 0.0028229986783117056
0.02672889269888401, 0.0028970520943403244
0.02763219363987446, 0.003190265502780676
0.026541493833065033, 0.0023292687255889177
0.025551898404955864, 0.003821405814960599
0.02494645304977894, 0.0036610891111195087
0.024717340245842934, 0.0026432303711771965
0.024642162024974823, 0.0025101799983531237
0.02377781644463539, 0.0035198961850255728
0.02359761856496334, 0.0033344293478876352
0.023719677701592445, 0.00384525116533041
0.023882145062088966, 0.002332771895453334
0.02435949817299843, 0.002229525940492749
0.025019284337759018, 0.002625816036015749
0.024030087515711784, 0.0033863047137856483
0.024021457880735397, 0.0030335085466504097
0.02439001575112343, 0.002706127008423209
0.02763975039124489, 0.0034069563262164593
0.025254439562559128, 0.0027408013120293617
0.025361010804772377, 0.0026821198407560587
0.024352120235562325, 0.003099687397480011
0.024124564602971077, 0.0038826437667012215
0.025142954662442207, 0.003939987160265446
0.02600601129233837, 0.002732290420681238
0.024604052305221558, 0.0027769403532147408
0.02363351173698902, 0.003691614605486393
0.023785926401615143, 0.0034938014578074217
0.02376392111182213, 0.0025681110564619303
0.02442464418709278, 0.0031825737096369267
0.025468681007623672, 0.00305761955678463
0.028241408988833427, 0.005744733847677708
0.027137354016304016, 0.003199186408892274
0.029859347268939018, 0.004599532578140497
0.026829954236745834, 0.002921505831182003
0.026162225753068924, 0.0021947622299194336
0.024698376655578613, 0.002696366049349308
0.02542739175260067, 0.0022849522065371275
0.02484804205596447, 0.0033652258571237326
0.027465011924505234, 0.0038535024505108595
0.02529846504330635, 0.002908044960349798
0.02351178042590618, 0.0031654569320380688
0.023161502555012703, 0.002491283230483532
0.023228280246257782, 0.0026655199471861124
0.022906029596924782, 0.003560634795576334
0.02323426492512226, 0.00337149272672832
0.023368440568447113, 0.002745848149061203
0.023285867646336555, 0.00282710581086576
0.023589326068758965, 0.0025639988016337156
0.024865945801138878, 0.0028623994439840317
0.026006661355495453, 0.0032161413691937923
0.02647874690592289, 0.0025245058350265026
0.02396363951265812, 0.0035697240382432938
0.024314841255545616, 0.0022717786487191916
0.02530881203711033, 0.0036271000280976295
0.024392610415816307, 0.0032976989168673754
0.02658996544778347, 0.00246684649027884
0.0247811246663332, 0.0038365155924111605
0.024288708344101906, 0.002373881870880723
0.023210875689983368, 0.0034418776631355286
0.023844290524721146, 0.0025471907574683428
0.023419562727212906, 0.003775624791160226
0.023775212466716766, 0.003897869260981679
0.02379014529287815, 0.003896449226886034
0.023332539945840836, 0.003066016361117363
0.023362841457128525, 0.0027267218101769686
0.023606719449162483, 0.0037236353382468224
0.025983596220612526, 0.0031908107921481133
0.02677238918840885, 0.0031564508099108934
0.026380475610494614, 0.00300872465595603
0.0253655593842268, 0.0035616557579487562
0.025324221700429916, 0.003411360550671816
0.02437133528292179, 0.002924770349636674
0.025538945570588112, 0.0034446618519723415
0.02455291897058487, 0.0031536314636468887
0.023741738870739937, 0.0031200626399368048
0.023187672719359398, 0.003244343213737011
0.023987270891666412, 0.00393046997487545
0.02366010844707489, 0.0035567127633839846
0.023790059611201286, 0.003286785678938031
0.024071017280220985, 0.0030272831209003925
0.026650596410036087, 0.0025675566866993904
0.026103273034095764, 0.0036765553522855043
0.024823352694511414, 0.0026792387943714857
0.02454460971057415, 0.0034058738965541124
0.026583505794405937, 0.0030899294652044773
0.024451056495308876, 0.0029333808925002813
0.02362748421728611, 0.0027370101306587458
0.023785684257745743, 0.0028237844817340374
0.024274328723549843, 0.004290387965738773
0.025655828416347504, 0.002872650744393468
0.02510383538901806, 0.003188919275999069
0.026069797575473785, 0.0037398042622953653
0.025137335062026978, 0.002660891506820917
0.02527599036693573, 0.003482809057459235
0.025746071711182594, 0.0040316106751561165
0.024515649303793907, 0.003526881569996476
0.025524714961647987, 0.00305737997405231
0.024900957942008972, 0.002442516852170229
0.023375701159238815, 0.0035796300508081913
0.023447122424840927, 0.0014195448020473123
0.024127477779984474, 0.0023960713297128677
0.02416609413921833, 0.0036412111949175596
0.023927751928567886, 0.003303865436464548
0.024184145033359528, 0.0026719514280557632
0.023580055683851242, 0.0034719922114163637
0.024029938504099846, 0.002824145834892988
0.023420030251145363, 0.0027543778996914625
0.023272201418876648, 0.0027165247593075037
0.023265795782208443, 0.002539448207244277
0.02369862236082554, 0.0035166156012564898
0.023473866283893585, 0.003149055177345872
0.02392936497926712, 0.002323486376553774
0.024014610797166824, 0.0034302815329283476
0.02350700832903385, 0.0036474699154496193
0.023569190874695778, 0.00259327981621027
0.023584799841046333, 0.0030481177382171154
0.02435063011944294, 0.0030334386974573135
0.02488430216908455, 0.002915852703154087
0.0256605613976717, 0.0021959173027426004
0.02469114400446415, 0.0037922777701169252
0.024716470390558243, 0.002202517120167613
0.024701634421944618, 0.0029422789812088013
0.025285551324486732, 0.0037091008853167295
0.024362126365303993, 0.0028213050682097673
0.024185141548514366, 0.003295768750831485
0.025159647688269615, 0.002485206350684166
0.026372253894805908, 0.002648635534569621
0.02675108052790165, 0.0036427408922463655
0.02603384666144848, 0.003549608401954174
0.02523481473326683, 0.003887626575306058
0.026032060384750366, 0.0026320095639675856
0.02500161901116371, 0.003712394507601857
0.024146519601345062, 0.0027035782113671303
0.024018550291657448, 0.00290412618778646
0.024628914892673492, 0.002680877922102809
0.02394241653382778, 0.0028830741066485643
0.023698847740888596, 0.0021764528937637806
0.023290244862437248, 0.002897558966651559
0.02367507852613926, 0.003943525720387697
0.02404790185391903, 0.0034381621517241
0.023993024602532387, 0.002387360204011202
0.024267831817269325, 0.003015606664121151
0.02370237000286579, 0.003373586107045412
0.02505379542708397, 0.003081751987338066
0.025840261951088905, 0.0028547539841383696
0.025502655655145645, 0.0025056900922209024
0.02543177828192711, 0.0031630508601665497
0.02637641504406929, 0.0037855724804103374
0.024618852883577347, 0.003880241885781288
0.023363418877124786, 0.0028970658313483
0.023429807275533676, 0.0032050360459834337
0.02365802973508835, 0.0038630308117717505
0.02314244769513607, 0.0037852581590414047
0.0229822788387537, 0.002830327255651355
0.023629890754818916, 0.003753311699256301
0.02640373632311821, 0.00384309608489275
0.025890521705150604, 0.00342401466332376
0.025419045239686966, 0.002545685274526477
0.02425980009138584, 0.0028830505907535553
0.02366822026669979, 0.0031268096063286066
0.02331998199224472, 0.0029929354786872864
0.022947607561945915, 0.0028079284820705652
0.0232436191290617, 0.003151429584249854
0.023402675986289978, 0.0022641788236796856
0.02328418381512165, 0.002770595019683242
0.023320315405726433, 0.004110058303922415
0.023753710091114044, 0.003709531156346202
0.02718866802752018, 0.002172583481296897
0.026330316439270973, 0.003204549429938197
0.0248178169131279, 0.004269086290150881
0.023988638073205948, 0.003189615672454238
0.023599518463015556, 0.0029076512437313795
0.023417280986905098, 0.0031492391135543585
0.02591732330620289, 0.005718195345252752
0.025849027559161186, 0.0034239718224853277
0.024171223863959312, 0.0024240133352577686
0.02520482987165451, 0.003221766324713826
0.025742219761013985, 0.003665310563519597
0.0266257394105196, 0.002653741743415594
0.026148591190576553, 0.003762518521398306
0.025353476405143738, 0.003385337069630623
0.026258016005158424, 0.0031064001377671957
0.024345962330698967, 0.002833371050655842
0.025234680622816086, 0.003744058310985565
0.024981508031487465, 0.0034371318761259317
0.025224987417459488, 0.0034763028379529715
0.02481348253786564, 0.0017832897137850523
0.024103542789816856, 0.003088574390858412
0.025141650810837746, 0.0027624729555100203
0.023421088233590126, 0.002941282233223319
0.023593734949827194, 0.003866816172376275
0.02404618263244629, 0.003960303030908108
0.024221880361437798, 0.0031612978782504797
0.024068785831332207, 0.002366195432841778
0.02348930947482586, 0.004102269187569618
0.023130707442760468, 0.002675874624401331
0.023449238389730453, 0.0025087534449994564
0.023249424993991852, 0.0032347049564123154
0.0237326268106699, 0.0025680658873170614
0.023435475304722786, 0.0031645207200199366
0.023383835330605507, 0.003164047608152032
0.023035291582345963, 0.002746520796790719
0.02300863526761532, 0.0028324227314442396
0.02301248535513878, 0.003611490363255143
0.023374509066343307, 0.0036178268492221832
0.02311464212834835, 0.0029944395646452904
0.022898754104971886, 0.0029283359181135893
0.023520205169916153, 0.0020294964779168367
0.02309354580938816, 0.0030776262283325195
0.02346191741526127, 0.003391302190721035
0.023225514218211174, 0.002330323215574026
0.023471081629395485, 0.0022977241314947605
0.023518387228250504, 0.004858873784542084
0.02533685602247715, 0.0019638678058981895
0.026014143601059914, 0.0037533012218773365
0.02490382269024849, 0.0031589691061526537
0.025203043594956398, 0.0021464356686919928
0.02770044282078743, 0.0024539888836443424
0.026827199384570122, 0.003345559583976865
0.02520609460771084, 0.002653914736583829
0.02417086996138096, 0.0036011766642332077
0.02439328469336033, 0.004183783195912838
0.024030957370996475, 0.0030465659219771624
0.0234738327562809, 0.0041133444756269455
0.023638632148504257, 0.0029452142771333456
0.023371869698166847, 0.003569443244487047
0.023196211084723473, 0.0030163098126649857
0.023984912782907486, 0.0036432927008718252
0.024723421782255173, 0.002764882519841194
0.02447512187063694, 0.0032616043463349342
0.029254022985696793, 0.004958312027156353
0.026851683855056763, 0.003369003301486373
0.02410842664539814, 0.0029670416843146086
0.023706229403614998, 0.00276168598793447
0.023068664595484734, 0.003570710541680455
0.023480061441659927, 0.0028437720611691475
0.023781342431902885, 0.0031943311914801598
0.023996049538254738, 0.002052813535556197
0.023740127682685852, 0.0035474535543471575
0.0232294462621212, 0.002926813205704093
0.02320091426372528, 0.003086663316935301
0.024044232442975044, 0.002844372298568487
0.02353363297879696, 0.002925494220107794
0.023314164951443672, 0.003932432271540165
0.02341461554169655, 0.0025118468329310417
0.02330155484378338, 0.003616530681028962
0.025392675772309303, 0.0047981878742575645
0.026542579755187035, 0.0024457683321088552
0.02481040358543396, 0.003216781187802553
0.024132512509822845, 0.002257262822240591
0.02399853989481926, 0.001883519347757101
0.02577780932188034, 0.0031930787954479456
0.024707885459065437, 0.002804035088047385
0.02329831011593342, 0.003299523377791047
0.02319107949733734, 0.002570448676124215
0.02310223877429962, 0.00282854656688869
0.023080863058567047, 0.002858250169083476
0.023068882524967194, 0.0032442037481814623
0.02333109825849533, 0.0035733706317842007
0.023552725091576576, 0.003512112656608224
0.024318136274814606, 0.002465721918269992
0.02384909801185131, 0.002508491510525346
0.024543413892388344, 0.003048019018024206
0.024425383657217026, 0.003579897340387106
0.02398839220404625, 0.001999121392145753
0.02456420287489891, 0.0030708445701748133
0.025228586047887802, 0.0035651177167892456
0.024639619514346123, 0.003521370468661189
0.023972652852535248, 0.0020816249307245016
0.02349434420466423, 0.0035130460746586323
0.02339928410947323, 0.0030244712252169847
0.024092720821499825, 0.003122124820947647
0.023750314489006996, 0.004437850322574377
0.02383812516927719, 0.002896639285609126
0.023230012506246567, 0.0032075850758701563
0.024237489327788353, 0.0031977330800145864
0.02409134991466999, 0.002263520145788789
0.023737318813800812, 0.0026072412729263306
0.023454200476408005, 0.0039986209012568
0.022767838090658188, 0.0026058140210807323
0.022835802286863327, 0.003621468786150217
0.02304120920598507, 0.0031406960915774107
0.023585958406329155, 0.002959983190521598
0.023584986105561256, 0.0031766414176672697
0.022940387949347496, 0.003391422564163804
0.023911884054541588, 0.0024538259021937847
0.023572979494929314, 0.0028208624571561813
0.023991677910089493, 0.002024355111643672
0.023822955787181854, 0.002587987808510661
0.024500126019120216, 0.003479298437014222
0.02464458905160427, 0.003434954211115837
0.024757161736488342, 0.003586557460948825
0.02487344667315483, 0.0033881289418786764
0.026520313695073128, 0.003469838760793209
0.025961287319660187, 0.002904850523918867
0.025393342599272728, 0.002900870284065604
0.024538032710552216, 0.003755205078050494
0.02345072478055954, 0.0039551835507154465
0.023657143115997314, 0.002973303897306323
0.024650000035762787, 0.0036066845059394836
0.026802504435181618, 0.004536363761872053
0.025713885203003883, 0.0033158212900161743
0.023892074823379517, 0.003990135155618191
0.02391662634909153, 0.00326204183511436
0.024209463968873024, 0.003294147551059723
0.023763244971632957, 0.003207278670743108
0.02379818819463253, 0.002679448574781418
0.02394692599773407, 0.003280116245150566
0.022902555763721466, 0.0038762749172747135
0.023072976619005203, 0.0026365697849541903
0.0231101606041193, 0.0032696921844035387
0.02447127364575863, 0.0032695522531867027
0.023690257221460342, 0.003013425739482045
0.023158814758062363, 0.0026504406705498695
0.023323915898799896, 0.0033267459366470575
0.0240225438028574, 0.0018106322968378663
0.024219000712037086, 0.002280689310282469
0.024281499907374382, 0.003552321344614029
0.02380823716521263, 0.001893932349048555
0.023150082677602768, 0.003558649681508541
0.024040529504418373, 0.0023728120140731335
0.023897938430309296, 0.0030962731689214706
0.02391357161104679, 0.003146036295220256
0.023605315014719963, 0.0028700244147330523
0.024714086204767227, 0.0032255060505121946
0.024418851360678673, 0.0026513489428907633
0.02540452964603901, 0.004599119536578655
0.024217158555984497, 0.0039450437761843204
0.024647122249007225, 0.003814553841948509
0.025447823107242584, 0.0031998739577829838
0.02497691661119461, 0.0030416680965572596
0.02486882172524929, 0.0034074513241648674
0.02483435906469822, 0.003460373729467392
0.024079764261841774, 0.0031548673287034035
0.024204952642321587, 0.0029027278069406748
0.024044862017035484, 0.0032055925112217665
0.02511375956237316, 0.0037880754098296165
0.024759428575634956, 0.004173479974269867
0.02452230639755726, 0.0026543140411376953
0.026794973760843277, 0.003984641283750534
0.024773284792900085, 0.0044668507762253284
0.02554505132138729, 0.0028179138898849487
0.026069803163409233, 0.0032296092249453068
0.026260193437337875, 0.0030097977723926306
0.02548697032034397, 0.003056648653000593
0.02374555729329586, 0.002961152233183384
0.023350844159722328, 0.002334702294319868
0.023027366027235985, 0.003024125238880515
0.023012517020106316, 0.0038520328234881163
0.02309550903737545, 0.002558453008532524
0.022842539474368095, 0.004027300514280796
0.022761676460504532, 0.0027152677066624165
0.023102039471268654, 0.002516114851459861
0.022909903898835182, 0.0024820854887366295
0.022869743406772614, 0.003492604708299041
0.02327907644212246, 0.0037355415988713503
0.023326022550463676, 0.002736122580245137
0.02318398468196392, 0.0029628134798258543
0.023049088194966316, 0.0027949679642915726
0.023118022829294205, 0.0027877348475158215
0.02268739975988865, 0.003425508737564087
0.023170242086052895, 0.00243977434001863
0.02285989373922348, 0.003920244053006172
0.022572355344891548, 0.0035916210617870092
0.023133471608161926, 0.003319201525300741
0.023766079917550087, 0.003196166828274727
0.023747490718960762, 0.0029336398001760244
0.023720933124423027, 0.0028515029698610306
0.023993993178009987, 0.0022903901990503073
0.023871904239058495, 0.0030694780871272087
0.02379724197089672, 0.0030390210449695587
0.024790562689304352, 0.004429400432854891
0.026124468073248863, 0.0033684291411191225
0.026502558961510658, 0.0032702386379241943
0.02529972232878208, 0.0031751133501529694
0.025875449180603027, 0.003823453327640891
0.02360505610704422, 0.003548200009390712
0.024453498423099518, 0.0032791728153824806
0.023883411660790443, 0.002219601534307003
0.024232076480984688, 0.0028793378733098507
0.02349507063627243, 0.003036324866116047
0.02313786931335926, 0.0035309542436152697
0.022946283221244812, 0.0028778354171663523
0.02311105467379093, 0.003372360020875931
0.02346094511449337, 0.003896172856912017
