mean, std
0.22453729808330536, 0.06868141144514084
0.16564543545246124, 0.012494398280978203
0.14786496758460999, 0.013308478519320488
0.13656489551067352, 0.009623765014111996
0.10034087300300598, 0.01379583589732647
0.08470799773931503, 0.008233045227825642
0.07075678557157516, 0.005985357332974672
0.0718436911702156, 0.008917455561459064
0.06831678003072739, 0.006830357480794191
0.06958523392677307, 0.007452914025634527
0.06649084389209747, 0.00774354999884963
0.060538724064826965, 0.004931531846523285
0.05861525982618332, 0.005444368813186884
0.05687974765896797, 0.006005850620567799
0.05629817023873329, 0.006112255621701479
0.056158892810344696, 0.004778450820595026
0.0578455850481987, 0.005130009725689888
0.05738406628370285, 0.005178650841116905
0.05661255121231079, 0.008032296784222126
0.0577741414308548, 0.005605736747384071
0.05900073051452637, 0.005400444380939007
0.054812658578157425, 0.004626566078513861
0.0520542711019516, 0.004917113110423088
0.04814702272415161, 0.004145113285630941
0.04670870304107666, 0.003854939714074135
0.046453725546598434, 0.004415182396769524
0.04199337586760521, 0.003464787034317851
0.042166564613580704, 0.0047575682401657104
0.04476027935743332, 0.00564982695505023
0.0455448143184185, 0.004008777905255556
0.039842355996370316, 0.003979437984526157
0.03654782474040985, 0.003887395840138197
0.03636378422379494, 0.0044649140909314156
0.03768843039870262, 0.00441768066957593
0.04454166814684868, 0.006415455602109432
0.039520442485809326, 0.0052597858011722565
0.034933753311634064, 0.004510697443038225
0.03823728859424591, 0.006718532182276249
0.061361346393823624, 0.00792793370783329
0.049260616302490234, 0.006640444975346327
0.036638516932725906, 0.004895360209047794
0.03823942691087723, 0.003466125810518861
0.037828922271728516, 0.005957811139523983
0.03535584360361099, 0.0029891084413975477
0.03383689001202583, 0.003547979984432459
0.03297845274209976, 0.004535896237939596
0.033894412219524384, 0.0028456258587539196
0.031292546540498734, 0.0036595433484762907
0.031249118968844414, 0.003277130890637636
0.03178431838750839, 0.002951135626062751
0.03160317242145538, 0.0038173666689544916
0.03030596487224102, 0.0037344975862652063
0.02928728610277176, 0.003980687819421291
0.029593540355563164, 0.0033987313508987427
0.02989274635910988, 0.003542665159329772
0.030339816585183144, 0.003781185718253255
0.029938604682683945, 0.0026603001169860363
0.03462425619363785, 0.004728084430098534
0.035249654203653336, 0.0038977046497166157
0.03044273890554905, 0.0031440306920558214
0.029102904722094536, 0.0028829798102378845
0.028827054426074028, 0.003602375276386738
0.03076844848692417, 0.0031997407786548138
0.030693884938955307, 0.0027863974682986736
0.029675841331481934, 0.003049860242754221
0.029175158590078354, 0.0027801671531051397
0.029113199561834335, 0.003036925569176674
0.02869444712996483, 0.003876510076224804
0.028652722015976906, 0.0028126072138547897
0.030592093244194984, 0.0029304269701242447
0.02718473970890045, 0.003275655210018158
0.027903888374567032, 0.002617364516481757
0.02829563617706299, 0.0035852768924087286
0.028840485960245132, 0.00385876907967031
0.02983766421675682, 0.0026400170754641294
0.028631754219532013, 0.002097971271723509
0.02782953530550003, 0.004576954059302807
0.03175937384366989, 0.003283492987975478
0.02936386503279209, 0.0027761550154536963
0.027651332318782806, 0.00249265949241817
0.02853013016283512, 0.0023143040016293526
0.02927381731569767, 0.0036483758594840765
0.02793736197054386, 0.0029588036704808474
0.026666274294257164, 0.002964900340884924
0.026149088516831398, 0.0039204987697303295
0.026573466137051582, 0.0031516500748693943
0.02874898910522461, 0.003591678338125348
0.027373824268579483, 0.003817766672000289
0.0314309261739254, 0.005228529684245586
0.0261644646525383, 0.0033108789939433336
0.024791372939944267, 0.0023928771261125803
0.02552572824060917, 0.002600817708298564
0.025850798934698105, 0.0032758729066699743
0.024774182587862015, 0.0023907737340778112
0.022417152300477028, 0.0029011487495154142
0.024522803723812103, 0.0021236685570329428
0.022575465962290764, 0.002986252075061202
0.025620639324188232, 0.0034170239232480526
0.024081803858280182, 0.003365142270922661
0.025553103536367416, 0.0026466178242117167
0.023104732856154442, 0.002153241541236639
0.021793391555547714, 0.002541866386309266
0.026480713859200478, 0.003512052120640874
0.025385629385709763, 0.0026850313879549503
0.02476275898516178, 0.002292573917657137
0.02304838038980961, 0.0042240615002810955
0.022460097447037697, 0.0022464923094958067
0.023306069895625114, 0.002743232762441039
0.026629799976944923, 0.004300988744944334
0.02265915274620056, 0.002596301957964897
0.020193839445710182, 0.0019072761060670018
0.02270306833088398, 0.0031875567510724068
0.024053117260336876, 0.003808192675933242
0.023570530116558075, 0.0026774283032864332
0.020959775894880295, 0.002607691567391157
0.025063538923859596, 0.0031535136513412
0.02507910504937172, 0.0029042246751487255
0.02195134200155735, 0.002953960793092847
0.022808704525232315, 0.0036888911854475737
0.025913242250680923, 0.003876918461173773
0.025129856541752815, 0.0022805945482105017
0.021802185103297234, 0.002800591988489032
0.020510107278823853, 0.002665955340489745
0.024089466780424118, 0.002524673007428646
0.02267729863524437, 0.004505090415477753
0.02106836624443531, 0.002477988600730896
0.02187979593873024, 0.0020417249761521816
0.02005724236369133, 0.002385446336120367
0.020037729293107986, 0.002652226947247982
0.021225089207291603, 0.0031037030275911093
0.019963815808296204, 0.002224091673269868
0.020432984456419945, 0.0015091205714270473
0.020459644496440887, 0.0033231701236218214
0.02045711688697338, 0.0024171906989067793
0.022052882239222527, 0.0027137405704706907
0.01888854056596756, 0.0024897162802517414
0.02054152637720108, 0.002504239324480295
0.020004505291581154, 0.0021338833030313253
0.017982831224799156, 0.0020091268233954906
0.017226096242666245, 0.0017582002328708768
0.017368139699101448, 0.0018879699055105448
0.01665266789495945, 0.002325864741578698
0.016158396378159523, 0.0018653739243745804
0.017038505524396896, 0.0015651073772460222
0.01919260062277317, 0.002826024778187275
0.018923258408904076, 0.0021900185383856297
0.019020721316337585, 0.002293534344062209
0.020258959382772446, 0.0024287772830575705
0.019241388887166977, 0.002295762300491333
0.018765145912766457, 0.0024499567225575447
0.018299350515007973, 0.0022377786226570606
0.017698336392641068, 0.00212673912756145
0.016707709059119225, 0.002106508007273078
0.01748286932706833, 0.0019898635800927877
0.017759209498763084, 0.002148446859791875
0.017409484833478928, 0.002688091481104493
0.01926872506737709, 0.0031617572531104088
0.01947641745209694, 0.0030237578321248293
0.0211098063737154, 0.003340098075568676
0.01989775151014328, 0.0018894808599725366
0.019664110615849495, 0.0030208223033696413
0.017948299646377563, 0.002581027103587985
0.017970135435461998, 0.002338231774047017
0.01865326426923275, 0.0025158864445984364
0.01964263617992401, 0.002490764483809471
0.021292665973305702, 0.003616172121837735
0.01995420828461647, 0.002867728704586625
0.018324652686715126, 0.0023487869184464216
0.020216844975948334, 0.0036791448947042227
0.01914116181433201, 0.0023489557206630707
0.018550453707575798, 0.002653297269716859
0.020118845626711845, 0.0029545286670327187
0.01802067831158638, 0.0019485035445541143
0.018288923427462578, 0.0020608773920685053
0.020145002752542496, 0.0021528624929487705
0.020702745765447617, 0.002555373590439558
0.019949806854128838, 0.0031241271644830704
0.018713247030973434, 0.0022631031461060047
0.017864994704723358, 0.0021194738801568747
0.017350241541862488, 0.0022225365974009037
0.017825191840529442, 0.001856231247074902
0.01744142919778824, 0.0018751561874523759
0.015727603808045387, 0.0018519439036026597
0.015733914449810982, 0.0022660635877400637
0.016462979838252068, 0.001736117759719491
0.016553102061152458, 0.0016713455552235246
0.016168178990483284, 0.0026605334132909775
0.017114771530032158, 0.0026796243619173765
0.018123256042599678, 0.0032098873052746058
0.02142682485282421, 0.0024569877423346043
0.017475618049502373, 0.002180721377953887
0.015517826192080975, 0.002006417838856578
0.017103584483265877, 0.0024497713893651962
0.016222910955548286, 0.0019982780795544386
0.01618221215903759, 0.0016419837484136224
0.015780944377183914, 0.0018058166606351733
0.015487215481698513, 0.0019022786291316152
0.01613309420645237, 0.0022423521149903536
0.018483340740203857, 0.002801131224259734
0.01809530332684517, 0.0033414915669709444
0.018701080232858658, 0.0030349968001246452
0.018016664311289787, 0.0028182603418827057
0.014477199874818325, 0.0021141597535461187
0.01580900512635708, 0.0021771537140011787
0.016599593684077263, 0.002757228445261717
0.01718156412243843, 0.0018909408245235682
0.014619567431509495, 0.0018990025855600834
0.014240588061511517, 0.0020176474936306477
0.014642385765910149, 0.002002519788220525
0.01391765009611845, 0.0018116807332262397
0.014910100027918816, 0.002191835315898061
0.01464140135794878, 0.0018272639717906713
0.016565965488553047, 0.0029172804206609726
0.01520628947764635, 0.002556045539677143
0.01600296050310135, 0.0023767726961523294
0.016048522666096687, 0.0027619111351668835
0.013882996514439583, 0.002287086797878146
0.013223173096776009, 0.0019927199464291334
0.013468571938574314, 0.0018702776869758964
0.013253112323582172, 0.0023384939413517714
0.012954002246260643, 0.0015630791895091534
0.014927536249160767, 0.0022390622179955244
0.01662418618798256, 0.0015230235876515508
0.01627514511346817, 0.001672063022851944
0.016833536326885223, 0.002271669451147318
0.015950344502925873, 0.0019708233885467052
0.015390722081065178, 0.002472411375492811
0.019259342923760414, 0.0036664060316979885
0.017183838412165642, 0.002769644372165203
0.014813248068094254, 0.001537701697088778
0.01508245337754488, 0.0023777380120009184
0.014643347822129726, 0.00219321739859879
0.01306357141584158, 0.0017627313500270247
0.014551873318850994, 0.0021911049261689186
0.01495655532926321, 0.0022574898321181536
0.01556660421192646, 0.0020782742649316788
0.01680040918290615, 0.0025446407962590456
0.017962491139769554, 0.0025666470173746347
0.016180261969566345, 0.0020620222203433514
0.01548902876675129, 0.0015422520227730274
0.014605830423533916, 0.0017827589763328433
0.014199282042682171, 0.002069623675197363
0.016671480610966682, 0.0019708527252078056
0.015166357159614563, 0.0022515063174068928
0.015051484107971191, 0.0016215225914493203
0.014649339951574802, 0.0013960659271106124
0.01463328953832388, 0.0019607797730714083
0.014126447029411793, 0.0015169614925980568
0.014274079352617264, 0.0020942455157637596
0.013953481800854206, 0.0017863560933619738
0.01626000553369522, 0.0026908493600785732
0.015447397716343403, 0.0025307012256234884
0.01364149060100317, 0.001256023533642292
0.014237306080758572, 0.001916169305332005
0.014883114024996758, 0.000996958464384079
0.014911055564880371, 0.002456790069118142
0.014662777073681355, 0.0011779522756114602
0.01540763396769762, 0.0019238329259678721
0.01386437937617302, 0.001998794497922063
0.011523556895554066, 0.0015168897807598114
0.01190035417675972, 0.0013886935776099563
0.013074230402708054, 0.002623209962621331
0.016652444377541542, 0.001890855492092669
0.014230574481189251, 0.0014545067679136992
0.013261326588690281, 0.001875986228697002
0.013201292604207993, 0.0015948304207995534
0.013762001879513264, 0.0018841437995433807
0.014125575311481953, 0.0019416053546592593
0.012558547779917717, 0.001358367269858718
0.01272238977253437, 0.0018476274562999606
0.012665832415223122, 0.001421536086127162
0.011009321548044682, 0.0011268724920228124
0.011957969516515732, 0.0020280061289668083
0.013471812941133976, 0.0017493691993877292
0.014327666722238064, 0.0025219167582690716
0.014773102477192879, 0.0015861891442909837
0.013211247511208057, 0.001877876347862184
0.011590328998863697, 0.0016108949203044176
0.010790934786200523, 0.0010169765446335077
0.010442603379487991, 0.0014129613991826773
0.01506105251610279, 0.0031424332410097122
0.015788525342941284, 0.0027922370936721563
0.01456067431718111, 0.0015321619575843215
0.011484256014227867, 0.0017019612714648247
0.011734873056411743, 0.0014947913587093353
0.011699667200446129, 0.0016399561427533627
0.011628529988229275, 0.0013725734315812588
0.012284849770367146, 0.0015885314205661416
0.014621025882661343, 0.0028090705163776875
0.014043094590306282, 0.0016643228009343147
0.012676980346441269, 0.0017932133050635457
0.012730100192129612, 0.0016113503370434046
0.012075896374881268, 0.0013822922483086586
0.011099796742200851, 0.0011984221637248993
0.011132118292152882, 0.001336106564849615
0.012565082870423794, 0.002147912047803402
0.012455742806196213, 0.0015973360277712345
0.014593111351132393, 0.001635166467167437
0.011829279363155365, 0.001349619822576642
0.012943828478455544, 0.0022184730041772127
0.014296804554760456, 0.001793169416487217
0.0148547925055027, 0.0019116089679300785
0.012934116646647453, 0.0015325467102229595
0.010426008142530918, 0.0012550625251606107
0.012274687178432941, 0.0022696945816278458
0.013242271728813648, 0.0020595863461494446
0.013772357255220413, 0.0017398054478690028
0.01244904100894928, 0.0010875145671889186
0.011643853038549423, 0.0012074969708919525
0.010527756065130234, 0.0011355917667970061
0.011046157218515873, 0.0012728681322187185
0.014514205977320671, 0.0017220932058990002
0.011903501115739346, 0.00213244347833097
0.010846294462680817, 0.0009649604326114058
0.010940286330878735, 0.0018068880308419466
0.012208385393023491, 0.0021703490056097507
0.012002291157841682, 0.0014589616330340505
0.010575847700238228, 0.0017240119632333517
0.009752403944730759, 0.0012163904029875994
0.013092412613332272, 0.001992716919630766
0.014098422601819038, 0.0021774256601929665
0.014594078063964844, 0.0016638528322800994
0.012024955824017525, 0.0019100045319646597
0.009992043487727642, 0.0011803745292127132
0.010110092349350452, 0.001034535001963377
0.009449557401239872, 0.0010433546267449856
0.010347653180360794, 0.0025201349053531885
0.009860585443675518, 0.0016080770874395967
0.010876360349357128, 0.0012435275129973888
0.012337179854512215, 0.0014721067855134606
0.012348625808954239, 0.0012130361283198
0.013015104457736015, 0.0024062669835984707
0.011601702310144901, 0.001517368364147842
0.01183937955647707, 0.0018097363645210862
0.010778122581541538, 0.001580592943355441
0.014611497521400452, 0.0026527487207204103
0.013649163767695427, 0.0031300403643399477
0.011262240819633007, 0.0014637875137850642
0.01102555263787508, 0.0017465394921600819
0.010369842872023582, 0.001133081503212452
0.009570230729877949, 0.0012165899388492107
0.009828516282141209, 0.0014558888506144285
0.012646596878767014, 0.0017228160286322236
0.010756055824458599, 0.0011719767935574055
0.012199855409562588, 0.0018579346360638738
0.011204724200069904, 0.0015261747175827622
0.009805356152355671, 0.0012553459964692593
0.011468742042779922, 0.0015146435471251607
0.01055555883795023, 0.0014412942109629512
0.011429334059357643, 0.0016452334821224213
0.011254486627876759, 0.001544426428154111
0.01138300634920597, 0.00198208075016737
0.012846956960856915, 0.002138330601155758
0.013936127535998821, 0.002729392144829035
0.011721368879079819, 0.0022332058288156986
0.010669318027794361, 0.0013597357319667935
0.008985293097794056, 0.0011246214853599668
0.008307909592986107, 0.0009921680903062224
0.01116893906146288, 0.0017970131011679769
0.009727108292281628, 0.0013399316230788827
0.011805589310824871, 0.0019038250902667642
0.011095396243035793, 0.0016854165587574244
0.009667878970503807, 0.0012817387469112873
0.00952849816530943, 0.0014865724369883537
0.0117340674623847, 0.0018299922812730074
0.009023811668157578, 0.0012954763369634748
0.008229419589042664, 0.0010020968038588762
0.010497459210455418, 0.002536885440349579
0.012033401057124138, 0.0015275999903678894
0.010986995883286, 0.0014993310905992985
0.010762250982224941, 0.0013171242317184806
0.010654923506081104, 0.0020762088242918253
0.010154277086257935, 0.0012663709931075573
0.010143041610717773, 0.0010573951294645667
0.010381445288658142, 0.0016970429569482803
0.010844449512660503, 0.0012553621781989932
0.009967910125851631, 0.0012257273774594069
0.010074889287352562, 0.0016369527438655496
0.013147946447134018, 0.0021822776179760695
0.011114985682070255, 0.002396629424765706
0.007882516831159592, 0.0007591116009280086
0.00831590685993433, 0.0010968969436362386
0.010361251421272755, 0.0013250706251710653
0.008530765771865845, 0.0013377682771533728
0.00945082027465105, 0.0017759741749614477
0.010319926775991917, 0.0011093149660155177
0.011285501532256603, 0.0014061301480978727
0.009314977563917637, 0.0010125577682629228
0.01069584023207426, 0.0015064108883962035
0.009935745038092136, 0.0012355706421658397
0.010513169690966606, 0.0019016008591279387
0.01059684343636036, 0.0013115000911056995
0.00886285025626421, 0.000993106747046113
0.008471613749861717, 0.0011286311782896519
0.008737283758819103, 0.0010724778985604644
0.00944959931075573, 0.0014312241692095995
0.009214927442371845, 0.0013894618023186922
0.008580762892961502, 0.0008795447065494955
0.00842576939612627, 0.0015530124073848128
0.009022712707519531, 0.0013691878411918879
0.007953563705086708, 0.0008660366875119507
0.008727126754820347, 0.0013849110109731555
0.00899798795580864, 0.0013307504123076797
0.00911850668489933, 0.001341011724434793
0.010901533998548985, 0.001376710250042379
0.009703037329018116, 0.0012434888631105423
0.009307852014899254, 0.0013682240387424827
0.009638017974793911, 0.001579756266437471
0.00905280839651823, 0.0014052052283659577
0.009440264664590359, 0.0014301544288173318
0.00994955189526081, 0.0014763339422643185
0.010213454253971577, 0.001257981057278812
0.008726977743208408, 0.0009360139374621212
0.009095658548176289, 0.0011807653354480863
0.00942256860435009, 0.0012502293102443218
0.011161585338413715, 0.0021349263843148947
0.01075463555753231, 0.0018229817505925894
0.01097780279815197, 0.0016432023840025067
0.01016419380903244, 0.001390561694279313
0.010444847866892815, 0.002005445072427392
0.009640450589358807, 0.0018072436796501279
0.009700142778456211, 0.0013782150344923139
0.010084633715450764, 0.0016402838518843055
0.009650882333517075, 0.001477281330153346
0.009658311493694782, 0.0014947033487260342
0.009216193109750748, 0.001299627823755145
0.007987890392541885, 0.0009490594966337085
0.008401843719184399, 0.001114848768338561
0.008762366138398647, 0.0011489521712064743
0.008962113410234451, 0.0012922127498313785
0.007801436819136143, 0.0007347249193117023
0.009093393571674824, 0.0009839163394644856
0.009917723946273327, 0.001340902759693563
0.009863520972430706, 0.0010146311251446605
0.009911689907312393, 0.0013574345503002405
0.008172948844730854, 0.0009152815910056233
0.00956740789115429, 0.0010401660110801458
0.010475367307662964, 0.001702155452221632
0.010687019675970078, 0.0012839640257880092
0.012129577808082104, 0.0017725896323099732
0.0102096451446414, 0.0011235136771574616
0.011447938159108162, 0.0014637875137850642
0.00924395676702261, 0.0010775260161608458
0.008914516307413578, 0.001274425652809441
0.00965805072337389, 0.0016598919173702598
0.009183933027088642, 0.0013144975528120995
0.008172065950930119, 0.0008381498046219349
0.008266434073448181, 0.0009398500551469624
0.009011988528072834, 0.0008836720371618867
0.008468269370496273, 0.001165157649666071
0.009442570619285107, 0.0013667653547599912
0.009527779184281826, 0.0015115432906895876
0.009379961527884007, 0.001392284408211708
0.008191917091608047, 0.0011707355733960867
0.008366274647414684, 0.000880419451277703
0.0072750491090118885, 0.0007862415513955057
0.011140318587422371, 0.0014406454283744097
0.0111846337094903, 0.0018449677154421806
0.009319951757788658, 0.001091133919544518
0.008623984642326832, 0.001258666394278407
0.007943525910377502, 0.0008942802087403834
0.008121103048324585, 0.0006735821370966733
0.008326646871864796, 0.0007962833042256534
0.009246371686458588, 0.0011188845383003354
0.008523593656718731, 0.0010641622357070446
0.008920918218791485, 0.0011361058568581939
0.007838855497539043, 0.0013503925874829292
0.007445245981216431, 0.0010025283554568887
0.008028196170926094, 0.001158881583251059
0.010135292075574398, 0.0015592166455462575
0.008113388903439045, 0.0011117281392216682
0.010601164773106575, 0.00176478351932019
0.00927966833114624, 0.0014184671454131603
0.010659629479050636, 0.0015224218368530273
0.00975582655519247, 0.001386170508340001
0.008797863498330116, 0.0010369380470365286
0.009156842716038227, 0.0014896534848958254
0.009721447713673115, 0.001024760538712144
0.008698167279362679, 0.0010041235946118832
0.009658963419497013, 0.0009617731557227671
0.009447602555155754, 0.0017539251130074263
0.00753927743062377, 0.0009047536877915263
0.006872749421745539, 0.0007768501527607441
0.008198332972824574, 0.0014177439734339714
0.00942594837397337, 0.0009922789176926017
0.010589678771793842, 0.0010608574375510216
0.01096009649336338, 0.0013267602771520615
0.009928231127560139, 0.0015260247746482491
0.00778200151398778, 0.0011107012396678329
0.007340317126363516, 0.000762878218665719
0.010178228840231895, 0.0017743280623108149
0.010140766389667988, 0.001847808132879436
0.008913007564842701, 0.0011542418505996466
0.009443172253668308, 0.0012233189772814512
0.00965160597115755, 0.00127581472042948
0.008402462117373943, 0.0012624254450201988
0.009293372742831707, 0.0017234566621482372
0.008846832439303398, 0.0010386669309809804
0.010873191989958286, 0.0020057978108525276
0.008773328736424446, 0.0012349289609119296
0.00890379585325718, 0.0013341533485800028
0.009080102667212486, 0.0009595265728421509
0.00844356045126915, 0.0009910962544381618
0.007734065409749746, 0.0011136085959151387
0.0076387012377381325, 0.0012484807521104813
0.008131948299705982, 0.001294403919018805
0.007859666831791401, 0.0009005949250422418
0.007515189703553915, 0.0011212356621399522
0.0072858575731515884, 0.0006783432909287512
0.006734011694788933, 0.0008434309856966138
0.006348899099975824, 0.0006504204357042909
0.00844739843159914, 0.0011132871732115746
0.008163649588823318, 0.001038698828779161
0.008656593970954418, 0.0016324929893016815
0.007788664661347866, 0.0008693282725289464
0.008267905563116074, 0.0011165756732225418
0.009918293915688992, 0.0011863178806379437
0.008922834880650043, 0.0010950554860755801
0.009154517203569412, 0.0014216984855011106
0.00873492006212473, 0.001320378971286118
0.007287538610398769, 0.0008161038858816028
0.0066044507548213005, 0.0010034495498985052
0.007267985958606005, 0.0007973949541337788
0.009563177824020386, 0.0017798745539039373
0.009330191649496555, 0.001457906560972333
0.007918338291347027, 0.0013704942539334297
0.007438989821821451, 0.0012960144085809588
0.008077651262283325, 0.0016677542589604855
0.00985960103571415, 0.0012349066091701388
0.008745675906538963, 0.0007288667256943882
0.007430000696331263, 0.0009439293644391
0.006710535380989313, 0.0007547606364823878
0.007512250915169716, 0.0013247886672616005
0.008747866377234459, 0.0011895811185240746
0.00859783310443163, 0.0010318291606381536
0.00827192235738039, 0.0008916498045437038
0.008456011302769184, 0.0010384744964540005
0.00808768905699253, 0.001025649718940258
0.007519748527556658, 0.0008440032252110541
0.007974761538207531, 0.00083968008402735
0.008179396390914917, 0.0011920580873265862
0.006860141642391682, 0.0008805017569102347
0.007610224187374115, 0.0007943465025164187
0.007867743261158466, 0.0008266826043836772
0.008980774320662022, 0.0012269036378711462
0.009148024953901768, 0.0009291223250329494
0.008360923267900944, 0.0011835373006761074
0.008615711703896523, 0.0017454014159739017
0.008903172798454762, 0.0009271552553400397
0.008806856349110603, 0.0008092413190752268
0.008371955715119839, 0.0011362225050106645
0.008927647024393082, 0.0020656518172472715
0.007934777066111565, 0.0009856071555987
0.007473349571228027, 0.0008396554621867836
0.007889662869274616, 0.001297807670198381
0.00887614767998457, 0.001018812763504684
0.009134232066571712, 0.0011698922608047724
0.008032693527638912, 0.0013106424594298005
0.010053630918264389, 0.001549526466988027
0.009181045927107334, 0.001079436158761382
0.011030232533812523, 0.001659045577980578
0.009773229248821735, 0.0017451898893341422
0.008756877854466438, 0.001400018110871315
0.007897291332483292, 0.0012709378497675061
0.007280723191797733, 0.0007687785546295345
0.00738473841920495, 0.0009614943992346525
0.00757521903142333, 0.0008928173338063061
0.0068000019527971745, 0.0007842583581805229
0.007524194195866585, 0.0006991207483224571
0.007749116979539394, 0.0010664563160389662
0.007152125239372253, 0.000928497698623687
0.00737098278477788, 0.0010457818862050772
0.008771784603595734, 0.0010536584304645658
0.00899833906441927, 0.0010660113766789436
0.00835445523262024, 0.0012642235960811377
0.00748111167922616, 0.0011875579366460443
0.009174859151244164, 0.001669984427280724
0.008337031118571758, 0.0015853792428970337
0.008637851104140282, 0.0018182148924097419
0.007275746203958988, 0.0010492969304323196
0.00703496253117919, 0.0007914177258498967
0.007305956445634365, 0.0010104498360306025
0.007425150368362665, 0.001711096614599228
0.008882449008524418, 0.0011203252943232656
0.008453033864498138, 0.00083095085574314
0.009331008419394493, 0.0014043102273717523
0.009875183925032616, 0.0011924748541787267
0.008675345219671726, 0.0014719160972163081
0.007355304900556803, 0.0008038023952394724
0.007795216981321573, 0.0014732053969055414
0.007131500635296106, 0.001098991953767836
0.006340280640870333, 0.0006099549937061965
0.00823751837015152, 0.0011300186160951853
0.008719413541257381, 0.0011575929820537567
0.008233166299760342, 0.001055454253219068
0.008260205388069153, 0.0014762107748538256
0.007578632794320583, 0.001201100880280137
0.007638593669980764, 0.0013907395768910646
0.008677770383656025, 0.0011360866483300924
0.007437190972268581, 0.0008641529711894691
0.006847082171589136, 0.000897016900125891
0.006771499756723642, 0.0009291169117204845
0.007163091562688351, 0.0010824529454112053
0.006799205206334591, 0.0008025506976991892
0.00709215784445405, 0.0013938660267740488
0.008993531577289104, 0.0012859096750617027
0.008202665485441685, 0.0009330069296993315
0.007227105554193258, 0.0009344403515569866
0.009201955050230026, 0.0011261304607614875
0.008510720916092396, 0.0014622389571741223
0.008548851124942303, 0.001226552645675838
0.008411121554672718, 0.0010304204188287258
0.009160764515399933, 0.0015575564466416836
0.009040276519954205, 0.0011005076812580228
0.007371310610324144, 0.000838376407045871
0.008092773146927357, 0.0010830030078068376
0.008782773278653622, 0.0006331932381726801
0.007874605245888233, 0.0012072573881596327
0.00817405991256237, 0.0010882897768169641
0.007415421307086945, 0.0008739981567487121
0.007292545400559902, 0.0007457818719558418
0.008105051703751087, 0.0013268447946757078
0.00777958519756794, 0.0013180236564949155
0.006648594979196787, 0.0009681447991169989
0.006577633321285248, 0.0009907756466418505
0.007907373830676079, 0.0012555258581414819
0.00763578899204731, 0.0011728232493624091
0.007608324289321899, 0.0010669560870155692
0.006898400839418173, 0.0012960650492459536
0.008321903645992279, 0.0011609974317252636
0.007058420218527317, 0.0010471155401319265
0.007694039959460497, 0.0006923577166162431
0.007082084193825722, 0.0011574610834941268
0.007231132127344608, 0.0012744119158014655
0.009365949779748917, 0.0011837775819003582
0.010142304003238678, 0.0017279279418289661
0.008888249285519123, 0.001237580319866538
0.007991666905581951, 0.0011116155656054616
0.007462484296411276, 0.0010785997146740556
0.008316772989928722, 0.0009631490684114397
0.008962714113295078, 0.0015305234119296074
0.007791419979184866, 0.0009976124856621027
0.007413238286972046, 0.0008850182057358325
0.007657764945179224, 0.0010947793489322066
0.006978086195886135, 0.0007703797309659421
0.00777443079277873, 0.0009842879371717572
0.00746598606929183, 0.0008856691420078278
0.008394521661102772, 0.001135307247750461
0.0068083819933235645, 0.0008234639535658062
0.006288816686719656, 0.0007648238097317517
0.008726921863853931, 0.001454344135709107
0.008593849837779999, 0.0012458044802770019
0.008485590107738972, 0.0011633741669356823
0.008743599988520145, 0.0009408671758137643
0.007693564984947443, 0.0010405295761302114
0.006709839683026075, 0.0009157671593129635
0.007757262326776981, 0.0010586556745693088
0.006762819830328226, 0.0007437606691382825
0.0070999255403876305, 0.0007037806790322065
0.007315403316169977, 0.0014389882562682033
0.008261299692094326, 0.0017527263844385743
0.008967325091362, 0.0012205102248117328
0.008375417441129684, 0.0010452137794345617
0.008922022767364979, 0.0010186834260821342
0.0096105532720685, 0.0014373792801052332
0.007600198034197092, 0.000962347723543644
0.00696817971765995, 0.0010681949788704515
0.006469087675213814, 0.000826710369437933
0.006234292406588793, 0.0006787085440009832
0.006888990756124258, 0.001072158571332693
0.006638950202614069, 0.0007022430654615164
0.009044621139764786, 0.001682451693341136
0.008596931584179401, 0.0011152282822877169
0.0076596904546022415, 0.0009652000153437257
0.0074488879181444645, 0.001029231701977551
0.007764326874166727, 0.0017586014000698924
0.006328865420073271, 0.0007633843342773616
0.005729967728257179, 0.0007929239654913545
0.007168615236878395, 0.0009344691643491387
0.007063249126076698, 0.001199090969748795
0.006016667000949383, 0.0007654457585886121
0.008442000485956669, 0.0012023495510220528
0.007421915885061026, 0.0009529829840175807
0.00774875283241272, 0.0011355989845469594
0.008505619131028652, 0.001023674849420786
0.007634033914655447, 0.001203332794830203
0.0064559937454760075, 0.0008469994645565748
0.008061623200774193, 0.0012470970395952463
0.00890890322625637, 0.0013684877194464207
0.007899650372564793, 0.001748142298310995
0.00819868128746748, 0.0014871330931782722
0.0061263227835297585, 0.0011373631423339248
0.006695690099149942, 0.0010456611635163426
0.006386296357959509, 0.0007669975748285651
0.006287725176662207, 0.0007957309135235846
0.006480111740529537, 0.0006692416500300169
0.006421486847102642, 0.000630063412245363
0.00970211997628212, 0.0027123112231492996
0.009743591770529747, 0.002204540651291609
0.007473715580999851, 0.0011229338124394417
0.00833987258374691, 0.0008328225230798125
0.007232642266899347, 0.0008094541844911873
0.006490544881671667, 0.0009755613282322884
0.007093606982380152, 0.0007977400673553348
0.007542458828538656, 0.0008637498831376433
0.006982524413615465, 0.0007514822646044195
0.006407282315194607, 0.000950624409597367
0.006530227605253458, 0.000977552612312138
0.007408231496810913, 0.0012133283307775855
0.009009571745991707, 0.0015428120968863368
0.00734443124383688, 0.0008486634469591081
0.007901531644165516, 0.0012486311607062817
0.008627562783658504, 0.0010402558837085962
0.009313318878412247, 0.0015264216344803572
0.00741371838375926, 0.0010836367728188634
0.007636624854058027, 0.0008681152830831707
0.007275423966348171, 0.0007097564521245658
0.008196177892386913, 0.0011040028184652328
0.007372512016445398, 0.0009677427005954087
0.006559009198099375, 0.0008021649555303156
0.006577151361852884, 0.0010327715426683426
0.006550056394189596, 0.0010653991485014558
0.008340229280292988, 0.001190405571833253
0.007572537753731012, 0.0007278257398866117
0.007940906099975109, 0.0009734678897075355
0.007611397188156843, 0.0009919849690049887
0.007719236891716719, 0.0008783488301560283
0.007817460224032402, 0.001194641343317926
0.006920252460986376, 0.0006971775437705219
0.007972575724124908, 0.0009600385092198849
0.00735276797786355, 0.0008292845450341702
0.007164360955357552, 0.0009772293269634247
0.006952911615371704, 0.0008104024454951286
0.007383306976407766, 0.0012859386624768376
0.00699782045558095, 0.0008281627669930458
0.006634993944317102, 0.0010594375198706985
0.006778398063033819, 0.0009273980394937098
0.00753791956230998, 0.0009059013100340962
0.007925386540591717, 0.001117630978114903
0.0084600280970335, 0.000832397781778127
0.0070625534281134605, 0.0009171234560199082
0.007695682346820831, 0.0011940206168219447
0.00850820355117321, 0.0015101199969649315
0.008427929133176804, 0.0012600328773260117
0.008126260712742805, 0.0014976240927353501
0.008019933477044106, 0.001114193699322641
0.008731719106435776, 0.00132305349688977
0.00823966134339571, 0.0010954560711979866
0.006784011609852314, 0.0007285322062671185
0.006613161880522966, 0.0009520656894892454
0.008090171031653881, 0.0016225115396082401
0.008896064013242722, 0.0013624938437715173
0.007534808479249477, 0.001566469669342041
0.00742114195600152, 0.0010790446540340781
0.006405825261026621, 0.0007587310974486172
0.006298006046563387, 0.0007785629713907838
0.006330253556370735, 0.0010439943289384246
0.006780760362744331, 0.0009136277949437499
0.007149148266762495, 0.000732181069906801
0.00672465143725276, 0.0005761618376709521
0.006156499031931162, 0.00045001154649071395
0.00590794300660491, 0.0008431605529040098
0.006639068014919758, 0.0007149528246372938
0.006208265665918589, 0.000720895070116967
0.006243953015655279, 0.0007680159760639071
0.007223483640700579, 0.0013252237113192677
0.007783287204802036, 0.0013431976549327374
0.006171772722154856, 0.0008286026422865689
0.006171195302158594, 0.0009970584651455283
0.0065550231374800205, 0.0008238430600613356
0.007573546841740608, 0.0012887053890153766
0.00796887744218111, 0.0010627146111801267
0.007307833526283503, 0.001483139698393643
0.007857036776840687, 0.001182909240014851
0.007029905915260315, 0.0008930424228310585
0.0064324988052248955, 0.0009974280837923288
0.006947781424969435, 0.0009390785708092153
0.006311867386102676, 0.0008764058002270758
0.005787278525531292, 0.0006202991353347898
0.006319545675069094, 0.0005323298973962665
0.0064526149071753025, 0.0007191681070253253
0.00699905538931489, 0.0006886494811624289
0.006114015821367502, 0.0009637868497520685
0.006918236147612333, 0.0011999508133158088
0.0069266678765416145, 0.0009770705364644527
0.006491031963378191, 0.0008235258865170181
0.006143322680145502, 0.0007689309422858059
0.006402025930583477, 0.0007281558937393129
0.005800241604447365, 0.0008149415953084826
0.0060655525885522366, 0.0007368172518908978
0.006394809577614069, 0.0007059034542180598
0.006952414754778147, 0.0006719710072502494
0.006907735485583544, 0.000865936919581145
0.006220116745680571, 0.0009626041282899678
0.005575995426625013, 0.0006469824002124369
0.007011251524090767, 0.0011354805901646614
0.009164364077150822, 0.0012303360272198915
0.008233675733208656, 0.0013344159815460443
0.006033260840922594, 0.0007415052969008684
0.006382998079061508, 0.0006472642999142408
0.00823812186717987, 0.0007478879415430129
0.007055698428303003, 0.0009415068197995424
0.006647071335464716, 0.0009312101756222546
0.007366246078163385, 0.001212993753142655
0.0072252401150763035, 0.0010592107428237796
0.006779834162443876, 0.0011833166936412454
0.006616035010665655, 0.0007730386569164693
0.007348452229052782, 0.0010992261813953519
0.00761139253154397, 0.0012116538127884269
0.008310895413160324, 0.0014124723384156823
0.008377264253795147, 0.0010251819621771574
0.006809525191783905, 0.0012066873023286462
0.008265775628387928, 0.0015431815991178155
0.006679099518805742, 0.000844373891595751
0.006354816723614931, 0.0007518630591221154
0.006745497230440378, 0.0010939580388367176
0.00671728141605854, 0.0005391856539063156
0.007398654241114855, 0.0009302324615418911
0.0064991554245352745, 0.0006463309982791543
0.005636806599795818, 0.0005774251185357571
0.00592844607308507, 0.0007010648841969669
0.005778733640909195, 0.000748427351936698
0.0077818906866014, 0.001625937526114285
0.007132287602871656, 0.0008452597539871931
0.006981233600527048, 0.0005911622429266572
0.006172291003167629, 0.0006965450593270361
0.006331229582428932, 0.000573139579501003
0.00721541466191411, 0.0011302019702270627
0.006256123073399067, 0.001026904326863587
0.005530739668756723, 0.0006559460307471454
0.005463787354528904, 0.0005511927301995456
0.005452211946249008, 0.0006440045544877648
0.005664295982569456, 0.0008708580280654132
0.0055262139067053795, 0.0005831276648677886
0.005914715584367514, 0.0007290624780580401
0.005613710731267929, 0.0006784775177948177
0.006112304050475359, 0.0009937117574736476
0.005835772026330233, 0.0007948201964609325
0.0059649948962032795, 0.000583911722060293
0.006347155198454857, 0.0005023076082579792
0.006652940530329943, 0.0007793980184942484
0.006840013898909092, 0.0011332340072840452
0.007986500859260559, 0.0011263060150668025
0.00735442852601409, 0.0012829545885324478
0.0058210622519254684, 0.0007829390233382583
0.0062780058942735195, 0.000855887949001044
0.006480884738266468, 0.0009645902900956571
0.006487824954092503, 0.0011609952198341489
0.006211463361978531, 0.0007158611551858485
0.005570751614868641, 0.0010347083443775773
0.006595846731215715, 0.0009822186548262835
0.007466704584658146, 0.0008734387811273336
0.006338185630738735, 0.0006812667706981301
0.005454316735267639, 0.0005835034535266459
0.006055824458599091, 0.000982738914899528
0.006105813197791576, 0.0007229927578009665
0.005798419006168842, 0.000980782089754939
0.007426988799124956, 0.0011851816670969129
0.008407427929341793, 0.0012923646718263626
0.006891067139804363, 0.0008020359091460705
0.005675170570611954, 0.0009362777345813811
0.005930429790169001, 0.001042830990627408
0.007347576320171356, 0.000927346816752106
0.006594858132302761, 0.0007788693183101714
0.006433109287172556, 0.0009349689353257418
0.0060521201230585575, 0.001104028313420713
0.007448466494679451, 0.0013172375038266182
0.006200897041708231, 0.0008134228992275894
0.005285813473165035, 0.000595188292209059
0.005711095407605171, 0.0005370957078412175
0.005799168720841408, 0.0006065128254704177
0.006212854292243719, 0.000592092692386359
0.005875381175428629, 0.0008047992596402764
0.006147599313408136, 0.0006462820456363261
0.006777110043913126, 0.000917138357181102
0.005666832905262709, 0.0009399774135090411
0.007233154494315386, 0.0010259492555633187
0.00618757726624608, 0.0006970739341340959
0.00610928563401103, 0.0006717623909935355
0.005646378267556429, 0.0006332103512249887
0.00603401567786932, 0.0011674019042402506
0.006272641476243734, 0.0008707939414307475
0.00561655405908823, 0.0006292644538916647
0.005300759803503752, 0.000505484058521688
0.006577174179255962, 0.0008996707038022578
0.006214899476617575, 0.0010242934804409742
0.00630066217854619, 0.0008098132093437016
0.005372360348701477, 0.0008667398942634463
0.00579990865662694, 0.0008491866174153984
0.00616636173799634, 0.0006594702135771513
0.006898687221109867, 0.0007318989955820143
0.0062051620334386826, 0.0008204046171158552
0.007843146100640297, 0.0010826311772689223
0.0077261412516236305, 0.0011679820017889142
0.006143286358565092, 0.0006750928005203605
0.006110665388405323, 0.0009344848804175854
0.006484773941338062, 0.000756983004976064
0.0067278617061674595, 0.0007570334710180759
0.00679436419159174, 0.0008497632807120681
0.006118494085967541, 0.0004979744553565979
0.006623169872909784, 0.0008213138207793236
0.006155682727694511, 0.0007362688193097711
0.006468707695603371, 0.0009405403397977352
0.006310412660241127, 0.0011549001792445779
0.0059973993338644505, 0.000871557742357254
0.00624628271907568, 0.0006452748202718794
0.0056710741482675076, 0.0008424498373642564
0.006337909027934074, 0.0008929847390390933
0.005927321035414934, 0.0006524862255901098
0.005566933657974005, 0.0008853946346789598
0.005656409543007612, 0.0007560949889011681
0.005749847274273634, 0.0007527924026362598
0.005745464935898781, 0.000853284087497741
0.005774319637566805, 0.0006946064531803131
0.0056672957725822926, 0.000817636027932167
0.00600423663854599, 0.0007428747485391796
0.005872718524187803, 0.0005589211941696703
0.005752802826464176, 0.0006615993333980441
0.0060075861401855946, 0.0008064160356298089
0.007400859612971544, 0.0009904804173856974
0.007578335702419281, 0.0009203528752550483
0.005666241515427828, 0.001089759636670351
0.005955996923148632, 0.0005193375400267541
0.006303329486399889, 0.0010579564841464162
0.006263065151870251, 0.0007066326215863228
0.00742779765278101, 0.0010370612144470215
0.007971709594130516, 0.0009824109729379416
0.0065970588475465775, 0.0009267170098610222
0.005949725862592459, 0.0005908393650315702
0.005672468803822994, 0.0009583054343238473
0.006836569868028164, 0.0009308404987677932
0.005856837145984173, 0.0008237255387939513
0.00637739896774292, 0.0010583712719380856
0.007804556284099817, 0.00109730358235538
0.006398926489055157, 0.000675616436637938
0.006777200382202864, 0.0007448686519637704
0.007390517275780439, 0.0016990886069834232
0.005589909851551056, 0.0005572790978476405
0.006507607642561197, 0.0010382666951045394
0.005845440085977316, 0.0011713531566783786
0.0051933289505541325, 0.0006248338613659143
0.00566979730501771, 0.0007421633927151561
0.005965142976492643, 0.0011119615519419312
0.006357579026371241, 0.0008266151999123394
0.005919234361499548, 0.0007695003878325224
0.0057575576938688755, 0.0006063414621166885
0.005717530380934477, 0.0006918713334016502
0.006002271082252264, 0.0007007879321463406
0.007472483906894922, 0.001033647800795734
0.007220585364848375, 0.0012968170922249556
0.0063918521627783775, 0.0011192510137334466
0.007532471790909767, 0.0012492595706135035
0.006795029155910015, 0.0009738150401972234
0.006747775245457888, 0.0004778781731147319
0.006138699594885111, 0.0006372808711603284
0.006547626573592424, 0.000904075859580189
0.00618137139827013, 0.0007453055586665869
0.006206135731190443, 0.0007084769895300269
0.006377787329256535, 0.0010667662136256695
0.006312748417258263, 0.0006207257974892855
0.006578205619007349, 0.0010456070303916931
0.00689376937225461, 0.0008434552582912147
0.006141317076981068, 0.0009334010537713766
0.005781561601907015, 0.000791071099229157
0.006543076131492853, 0.0007845493964850903
0.006403456442058086, 0.0005575689137913287
0.006071734242141247, 0.0007161982357501984
0.005098039750009775, 0.0004999922821298242
0.005205170251429081, 0.0006840970017947257
0.005979455076158047, 0.0009278081124648452
0.006137061398476362, 0.0005664649070240557
0.006256730295717716, 0.0009255831828340888
0.005703146103769541, 0.0005836713826283813
0.006142168305814266, 0.0008286823285743594
0.005836361553519964, 0.0006670682341791689
0.005622651427984238, 0.0008415667689405382
0.005628528539091349, 0.0006166787352412939
0.0067328498698771, 0.0009596943273209035
0.006324352230876684, 0.0009738024673424661
0.0058551509864628315, 0.0006980210309848189
0.0057847523130476475, 0.0007808621157892048
0.0054029906168580055, 0.0006314581260085106
0.0052260905504226685, 0.0008787540136836469
0.005564847029745579, 0.0006373143987730145
0.004901187960058451, 0.000677058647852391
0.0051673417910933495, 0.0006184241501614451
0.005993182305246592, 0.0008432920440100133
0.007011046167463064, 0.0010265170130878687
0.006842863280326128, 0.0010361227905377746
0.006137846503406763, 0.0007502816733904183
0.005623180884867907, 0.0006220000796020031
0.005329815670847893, 0.0005704229115508497
0.006046420428901911, 0.0006785375298932195
0.006115748081356287, 0.0010062608635053039
0.006681228522211313, 0.000733309134375304
0.00544216251000762, 0.0008261074544861913
0.005043005105108023, 0.0006223923992365599
0.005784403998404741, 0.0005269839311949909
0.0053767128847539425, 0.0006194583838805556
0.005986311938613653, 0.0011034958297386765
0.005699493456631899, 0.0006984423962421715
0.0055166869424283504, 0.0005379244103096426
0.005985276773571968, 0.0007835181895643473
0.00612843269482255, 0.0007957428460940719
0.0062047871761024, 0.0007142371614463627
0.0067282384261488914, 0.0007136883796192706
0.007649621926248074, 0.001176244579255581
0.00571473827585578, 0.0012482191668823361
0.0051039536483585835, 0.0006244574906304479
0.0054839798249304295, 0.0008668287191540003
0.005517962388694286, 0.0004985169507563114
0.005124606657773256, 0.0006524169002659619
0.006084016058593988, 0.0004268796765245497
0.005505192559212446, 0.0007191573386080563
0.005666734185069799, 0.0008246360230259597
0.0065027461387217045, 0.0008312732679769397
0.006607202347368002, 0.0008193192188628018
0.005884728394448757, 0.0008608766947872937
0.005636665038764477, 0.0005469642928801477
0.006087373476475477, 0.0009101813775487244
0.007332965731620789, 0.000964162521995604
0.005774151533842087, 0.0006551358383148909
0.005972853861749172, 0.0008633571560494602
0.005077257752418518, 0.0004997841897420585
0.005668648984283209, 0.0006209375569596887
0.005562050733715296, 0.0005089315818622708
0.00625045457854867, 0.0009440755820833147
0.0066535756923258305, 0.0009685785626061261
0.0055303676053881645, 0.0006553460843861103
0.005695792380720377, 0.0006096767028793693
0.006356445606797934, 0.001063403906300664
0.007171989418566227, 0.001169975264929235
0.006445369217544794, 0.0008129605557769537
0.006359574384987354, 0.0009538011508993804
0.006136517506092787, 0.0007759820437058806
0.006910083349794149, 0.0007119533838704228
0.0062362984754145145, 0.0006810328923165798
0.006092260591685772, 0.0004203688004054129
0.005494757555425167, 0.0006545293726958334
0.005325119476765394, 0.0008168253116309643
0.006463265512138605, 0.0010625830618664622
0.00644293986260891, 0.0009479975560680032
0.005314775742590427, 0.0006544236093759537
0.005979498848319054, 0.0007985184201970696
0.006497475318610668, 0.001088788965716958
0.006240400020033121, 0.000439786643255502
0.007114495616406202, 0.0009586915839463472
0.006436181254684925, 0.0010912643047049642
0.006304153706878424, 0.0011223513865843415
0.005017085466533899, 0.0007634392823092639
0.005576724652200937, 0.0007173100020736456
0.0054297917522490025, 0.0006981312180869281
0.005302081350237131, 0.0006561955669894814
0.006523523945361376, 0.0010763776954263449
0.007577237207442522, 0.001319512608461082
0.0075361598283052444, 0.0010158398654311895
0.007071493659168482, 0.0005711614503525198
0.006949361879378557, 0.0010626317234709859
0.005885238293558359, 0.0007326381164602935
0.005915123037993908, 0.0008343583904206753
0.006030377000570297, 0.0007307307096198201
0.006443402264267206, 0.0005628869403153658
0.006239169277250767, 0.0008858517394401133
0.006303703878074884, 0.0007075570756569505
0.006367051042616367, 0.000827412586659193
0.007020637392997742, 0.0008527884492650628
0.007374204695224762, 0.001005499972961843
0.006338407285511494, 0.0008583278395235538
0.006487691774964333, 0.0009411348146386445
0.0056422557681798935, 0.0010957226622849703
0.00594797870144248, 0.001084115356206894
0.006346150767058134, 0.0008203547913581133
0.006836270447820425, 0.001370568759739399
0.006104827858507633, 0.0007978681824170053
0.00611494155600667, 0.0009360365802422166
0.0072708288207650185, 0.0010683380533009768
0.00650922441855073, 0.0008448376902379096
0.006030035670846701, 0.0007848180248402059
0.0066596814431250095, 0.0012048146454617381
0.006704678293317556, 0.0007929091225378215
0.005973276682198048, 0.0008934825891628861
0.00634732423350215, 0.0013051909627392888
0.006129408720880747, 0.0007718725246377289
0.005995068233460188, 0.0010314960964024067
0.0056794085539877415, 0.0006474449764937162
0.005993122234940529, 0.0009150591213256121
0.00472075492143631, 0.0006640693754889071
0.0049667214043438435, 0.0007074042805470526
0.005569085478782654, 0.0006608290132135153
0.005446422379463911, 0.0007563225808553398
0.004884624388068914, 0.0006808855687268078
0.0062337955459952354, 0.0008426335407420993
0.006376862525939941, 0.0010746134212240577
0.005749931558966637, 0.000864692497998476
0.005593946669250727, 0.0008891091565601528
0.006421899888664484, 0.0009066780330613256
0.0063256761059165, 0.0009236119221895933
0.005360605660825968, 0.0007174411439336836
0.005325204227119684, 0.0007942176889628172
0.00544640701264143, 0.0005979491397738457
0.005628913175314665, 0.0005043843993917108
0.005795926321297884, 0.0008559133275412023
0.00582228833809495, 0.0007360805757343769
0.005657991860061884, 0.0007543566753156483
0.005706495605409145, 0.0007252946961671114
0.0061521101742982864, 0.0009143013157881796
0.00656866142526269, 0.0010982376988977194
0.005883727688342333, 0.0009089588420465589
0.005274387076497078, 0.000580077525228262
0.0051143416203558445, 0.0006100012687966228
0.005905855912715197, 0.0006413153023459017
0.00676925340667367, 0.0012417040998116136
0.006405697204172611, 0.0007551173912361264
0.005705693271011114, 0.0005457610241137445
0.005698343273252249, 0.0008474054047837853
0.006053806748241186, 0.0007861563935875893
0.005868642590939999, 0.0006311149918474257
0.005476920399814844, 0.0004337094142101705
0.005383997689932585, 0.0006633182638324797
0.005392713937908411, 0.0005110856727696955
0.006545092444866896, 0.0011688674567267299
0.006746642291545868, 0.0010855012806132436
0.006335147190839052, 0.0008080715779215097
0.006217117886990309, 0.0007958526257425547
0.005807237233966589, 0.0006941549363546073
0.005502379033714533, 0.000693842361215502
0.005697176326066256, 0.0005331746069714427
0.005099839996546507, 0.0008031580364331603
0.005342391785234213, 0.0007851195987313986
0.005883308127522469, 0.0009129864047281444
0.005975810810923576, 0.000669953937176615
0.005196046084165573, 0.000617146142758429
0.006719124503433704, 0.0010448783868923783
0.005584120750427246, 0.0006281749228946865
0.005410089157521725, 0.0006745881983079016
0.005373843479901552, 0.0008338381885550916
0.004934918135404587, 0.0006076489808037877
0.005747557617723942, 0.0011783505324274302
0.006009950302541256, 0.001030520536005497
0.005821630824357271, 0.0007864806102588773
0.006558154709637165, 0.0009929205989465117
0.005319111980497837, 0.0004984810366295278
0.005838308017700911, 0.0005760719650425017
0.005522159859538078, 0.0007834814605303109
0.006357996258884668, 0.0007903934456408024
0.006243219133466482, 0.000816773739643395
0.0056690797209739685, 0.0006855628453195095
0.005545640829950571, 0.0008601793670095503
0.0074605741538107395, 0.0013115624897181988
0.007602199912071228, 0.000950280053075403
0.006696030497550964, 0.0008987849578261375
0.006063525099307299, 0.0005530607304535806
0.005487201269716024, 0.0008865896379575133
0.005902811884880066, 0.0009204038069583476
0.006157079245895147, 0.0006513079861178994
0.00607162294909358, 0.0007505067624151707
0.006622422952204943, 0.000640557729639113
0.006733738351613283, 0.0007365445489995182
0.006177348550409079, 0.0005033875931985676
0.00574034359306097, 0.0007721861475147307
0.006226041354238987, 0.0009018537239171565
0.005701200105249882, 0.000826978764962405
0.004909574054181576, 0.0004517967172432691
0.005296279210597277, 0.0005724657094106078
0.005561884958297014, 0.0009065454360097647
0.005398885812610388, 0.0006806327146477997
0.005382724106311798, 0.0008647996000945568
0.005765977781265974, 0.0006879052380099893
0.005911406595259905, 0.0008125731837935746
0.006287246011197567, 0.0006359915132634342
0.005816225428134203, 0.0009854661766439676
0.006135888397693634, 0.0007259966223500669
0.004612140357494354, 0.0004249738121870905
0.005178171209990978, 0.0007095463806763291
0.004865455441176891, 0.0005243736086413264
0.005780371837317944, 0.0009171065175905824
0.0054353685118258, 0.0007000865880399942
0.005709768272936344, 0.0005743963411077857
0.005584098398685455, 0.0007848360692150891
0.005498164799064398, 0.000717118033207953
0.0053016976453363895, 0.0009358714451082051
0.005016689654439688, 0.0006021319422870874
0.005428079981356859, 0.0007518891361542046
0.005368313752114773, 0.0007081237272359431
0.005284938495606184, 0.0006973555427975953
0.00526652205735445, 0.000649488705676049
0.006162135396152735, 0.0007284104358404875
0.006524721626192331, 0.0011712353443726897
0.006343704182654619, 0.0005162088200449944
0.006181957200169563, 0.0005985954194329679
0.005933803040534258, 0.0006524312775582075
0.005605781450867653, 0.0005758967599831522
0.006995630916208029, 0.0008203335455618799
0.006072249263525009, 0.0010683393338695168
0.00568460114300251, 0.000805905438028276
0.005479487124830484, 0.0009454863029532135
0.00679590692743659, 0.0008787304977886379
0.006315091624855995, 0.0006916887359693646
0.005415441934019327, 0.000762998010031879
0.005798586644232273, 0.0008151248330250382
0.0057658543810248375, 0.0006428888882510364
0.006431007292121649, 0.0007861636113375425
0.00560035603120923, 0.001048118225298822
0.005069660488516092, 0.0007126633427105844
0.005290666129440069, 0.0005758576444350183
0.006160321179777384, 0.000790440768469125
0.005283406935632229, 0.0008101186249405146
0.004780699033290148, 0.0007718931301496923
0.004466573242098093, 0.00038086611311882734
0.0047777569852769375, 0.0007112195598892868
0.0051906234584748745, 0.0007056375034153461
0.005465879570692778, 0.0007710380014032125
0.0070467302575707436, 0.0010076528415083885
0.006223037373274565, 0.0006473467219620943
0.005538421217352152, 0.0005674003041349351
0.005099690519273281, 0.0005759176565334201
0.005425071809440851, 0.0007229315233416855
0.005857484880834818, 0.0007627159939147532
0.005433893296867609, 0.0007600217359140515
0.005576693918555975, 0.0005677515873685479
0.00603986531496048, 0.0007039239280857146
0.005804383661597967, 0.0007950388244353235
0.005578338168561459, 0.001181767787784338
0.006820546463131905, 0.0012456404510885477
0.006201978772878647, 0.0010218789102509618
0.006337507162243128, 0.0007861637277528644
0.005858295131474733, 0.0008028810261748731
0.0052174897864460945, 0.0005643241456709802
0.005585676524788141, 0.0005484698340296745
0.005880481097847223, 0.000771799182984978
0.005205572582781315, 0.0009166615200228989
0.0049494109116494656, 0.00046148564433678985
0.0047613210044801235, 0.0007400922477245331
0.005194605328142643, 0.0006236926419660449
0.005463249981403351, 0.0006424479652196169
0.00589475454762578, 0.0006696220953017473
0.005922004580497742, 0.0004819358291570097
0.005567392334342003, 0.0008371242438443005
0.0053757308050990105, 0.0008712470298632979
0.006590084172785282, 0.0008643022156320512
0.00558383297175169, 0.0008346561226062477
0.005082010757178068, 0.0005119218840263784
0.004844096954911947, 0.0006067416397854686
0.005996991880238056, 0.0005602054297924042
0.005668623838573694, 0.0010649999603629112
0.005750838201493025, 0.0007785728084854782
0.005440148524940014, 0.0007623751880601048
0.005564454477280378, 0.0005973626393824816
0.0068022445775568485, 0.0011417510686442256
0.005548562854528427, 0.0006577917374670506
0.0046500456519424915, 0.0005986130563542247
0.00482467794790864, 0.0008174232789315283
0.004963981918990612, 0.0006832013023085892
0.005075978580862284, 0.0007642003474757075
0.005634881090372801, 0.0006966136861592531
0.005570770241320133, 0.0006746448925696313
0.005056281108409166, 0.0006767098093405366
0.0056011369451880455, 0.0008109205518849194
0.005827624350786209, 0.0009691469604149461
0.006382083985954523, 0.0008441174286417663
0.006158827338367701, 0.0007400099420920014
0.006783327553421259, 0.0011715121800079942
0.006314034573733807, 0.0008145854226313531
0.006277949549257755, 0.000903712585568428
0.006055731792002916, 0.0005758869810961187
0.00507850106805563, 0.00043121774797327816
0.005136792082339525, 0.0009140052134171128
0.006258445326238871, 0.0007664458244107664
0.005437667481601238, 0.0006843510782346129
0.006011633668094873, 0.0009401580318808556
0.005746808368712664, 0.0006747251027263701
0.005270859692245722, 0.0007108545978553593
0.005059235729277134, 0.0005423456896096468
0.005784837529063225, 0.0008179169963113964
0.005189737305045128, 0.0006502234609797597
0.0046369354240596294, 0.0005222777836024761
0.005812257993966341, 0.0008601201698184013
0.0049769398756325245, 0.0006387372850440443
0.005505661945790052, 0.0005781407817266881
0.005543212406337261, 0.000720268755685538
0.0060733286663889885, 0.0009700556984171271
0.005104886367917061, 0.0005232422263361514
0.005216848570853472, 0.0006019135471433401
0.00493573909625411, 0.0005189007497392595
0.0055804201401770115, 0.0007121203234419227
0.004795406945049763, 0.0006484136683866382
0.004278467036783695, 0.00046611347352154553
0.004866812843829393, 0.0005580705474130809
0.005084763281047344, 0.0006175696616992354
0.005103754345327616, 0.0004989005974493921
0.005064791068434715, 0.0007159363594837487
0.005256538279354572, 0.0004020900232717395
0.0050201122649014, 0.0007779149455018342
0.0061521101742982864, 0.0009689900325611234
0.005376864690333605, 0.0009042786550708115
0.004818333778530359, 0.00047758323489688337
0.005156702362000942, 0.0006297258078120649
0.005027395207434893, 0.0004014370497316122
0.005054394248872995, 0.0005593475652858615
0.005005418788641691, 0.0006199122290126979
0.004972732160240412, 0.0004903282388113439
0.005177683662623167, 0.0005926695303060114
0.00494643347337842, 0.00044647662434726954
0.0059828865341842175, 0.0009538056328892708
0.005570530891418457, 0.0006733852787874639
0.005879916250705719, 0.0006858454435132444
0.0048716249875724316, 0.0004956492339260876
0.005213044583797455, 0.0007980581722222269
0.004533862695097923, 0.0005159802967682481
0.004719310440123081, 0.0006047203787602484
0.005429192911833525, 0.0007251033093780279
0.0051070223562419415, 0.0005687054363079369
0.0046728248707950115, 0.00047112503671087325
0.004867166746407747, 0.0004836590669583529
0.004814911168068647, 0.0005036997026763856
0.005937088746577501, 0.0009629111737012863
0.005791058298200369, 0.0008319816552102566
0.005770200397819281, 0.0006049819639883935
0.005376327782869339, 0.0007919048075564206
0.004919661674648523, 0.0006201169453561306
0.006031380966305733, 0.0007133223698474467
0.0063113924115896225, 0.0009162882342934608
0.005186258349567652, 0.000545423710718751
0.005344291217625141, 0.0006056937854737043
0.005666382610797882, 0.0006525004282593727
0.00564594054594636, 0.0007176806684583426
0.005627247039228678, 0.0008256886503659189
0.005364806391298771, 0.0008132831426337361
0.005188020411878824, 0.00043931795516982675
0.005552614573389292, 0.0008053560159169137
0.00624200701713562, 0.0007186250877566636
0.006019155494868755, 0.0005860015517100692
0.005661000497639179, 0.0008595208055339754
0.006133461836725473, 0.0007496397010982037
0.005281766410917044, 0.0006362272542901337
0.0047718980349600315, 0.0006468057399615645
0.006649096962064505, 0.0015261563239619136
0.0059953308664262295, 0.0011078936513513327
0.0050200349651277065, 0.0010169229935854673
0.004996602423489094, 0.0005815995973534882
0.005674331448972225, 0.0007963505340740085
0.0044517507776618, 0.0005035873618908226
0.005282455589622259, 0.0009949732339009643
0.005747115705162287, 0.0008502189884893596
0.004991307854652405, 0.0007369945524260402
0.005177649669349194, 0.0007301770383492112
0.00527849281206727, 0.0008300302433781326
0.004688261542469263, 0.0006294278427958488
0.0050126416608691216, 0.0007418628665618598
0.005499884486198425, 0.0008152986993081868
0.005565953440964222, 0.0008137430413626134
0.004880024120211601, 0.0005570820067077875
0.005647946149110794, 0.000595677352976054
0.005571820307523012, 0.0006728041917085648
0.005173016339540482, 0.0006287007709033787
0.005458141677081585, 0.0006169547559693456
0.004787050187587738, 0.00042697007302194834
0.004949267487972975, 0.0006495824200101197
0.005513455253094435, 0.0005027078441344202
0.005620379466563463, 0.0007577993092127144
0.0055577377788722515, 0.0011509648757055402
0.005180481355637312, 0.000692664529196918
0.005064197350293398, 0.0005843954277224839
0.005145992152392864, 0.0005245148204267025
0.0053123729303479195, 0.0006891251541674137
0.004778745584189892, 0.00041312078246846795
0.005945930257439613, 0.0009300386300310493
0.006931754760444164, 0.0008575986721552908
0.004955996293574572, 0.0005374395987018943
0.004915580153465271, 0.0005361841176636517
0.0057749031111598015, 0.0005987307522445917
0.005537310615181923, 0.0006190070998854935
0.005441274028271437, 0.0006625300738960505
0.005140005145221949, 0.0005636299028992653
0.0053808921948075294, 0.0008124912274070084
0.0046699680387973785, 0.0005358905764296651
0.004816730972379446, 0.0006822734139859676
0.006123690400272608, 0.0013588049914687872
0.004599397070705891, 0.0004541328817140311
0.005058462731540203, 0.0007637374801561236
0.006131305359303951, 0.0006466821068897843
0.005481863860040903, 0.0007573339389637113
0.005337169859558344, 0.0005738756735809147
0.00543258199468255, 0.0005993739468976855
0.005566925276070833, 0.000586683745495975
0.005987843964248896, 0.0009304852574132383
0.005519248079508543, 0.00095730135217309
0.005597349721938372, 0.001319756149314344
0.005921196658164263, 0.0009690530132502317
0.005783349275588989, 0.0006369085167534649
0.005318923387676477, 0.0006244355463422835
0.005172549281269312, 0.0007499821367673576
0.005199706647545099, 0.0008695260039530694
0.005237335339188576, 0.0007237375248223543
0.0054153255186975, 0.0007536017219536006
0.006483206991106272, 0.0008088917238637805
0.005793443415313959, 0.0008107147295959294
0.00585957383736968, 0.0009444362949579954
0.0051242574118077755, 0.0007460987544618547
0.0047220708802342415, 0.0006712332833558321
0.005138515029102564, 0.0005789751303382218
0.005612291395664215, 0.0006087265210226178
0.005470786709338427, 0.0006722084945067763
0.005857638083398342, 0.0008844414842315018
0.004517050925642252, 0.0006668675923720002
0.004735489375889301, 0.0005290174158290029
0.006102219223976135, 0.0009636221802793443
0.005398179404437542, 0.0007423434290103614
0.005319694988429546, 0.000705563579685986
0.00548930699005723, 0.0008641451131552458
0.005974276922643185, 0.0007740631117485464
0.005969689693301916, 0.0008344259113073349
0.0052599855698645115, 0.0006914118421263993
0.005049941595643759, 0.0006667709676548839
0.0045954384841024876, 0.0005744513473473489
0.005459001753479242, 0.0006326126167550683
0.005995690356940031, 0.0006797071546316147
0.0053055123426020145, 0.0008925932343117893
0.006507183890789747, 0.0016359902219846845
0.005867708940058947, 0.0006235347245819867
0.005546548869460821, 0.000616425066255033
0.004804002586752176, 0.0004272590740583837
0.005396541673690081, 0.00045119095011614263
0.005247833672910929, 0.00042952076182700694
0.004382755607366562, 0.0006427834741771221
0.005311173386871815, 0.0010118772042915225
0.005581228528171778, 0.000731341599021107
0.005346902646124363, 0.0006140074110589921
0.0057363361120224, 0.0007579092052765191
0.005387610290199518, 0.0006232408923096955
0.005770065821707249, 0.0006596442544832826
0.005208174232393503, 0.0006196032627485693
0.00533951073884964, 0.0006978563033044338
0.005067324731498957, 0.00041573322960175574
0.00499605992808938, 0.0005229262751527131
0.0050689950585365295, 0.0005677492008544505
0.004988061264157295, 0.0006238586502149701
0.005055094137787819, 0.0005297441384755075
0.00605971273034811, 0.0008301878115162253
0.005733471363782883, 0.0008739373879507184
0.005052149761468172, 0.0005963679868727922
0.004656794015318155, 0.0005285618826746941
0.004911931697279215, 0.000548779615201056
0.004447047598659992, 0.0006341253756545484
0.004964578431099653, 0.001054136548191309
0.005803147796541452, 0.0006936179706826806
0.00509972358122468, 0.0006704149418510497
0.00670165941119194, 0.0008115743403322995
0.006155756302177906, 0.0006159686599858105
0.006125421728938818, 0.0005788354901596904
0.007043447811156511, 0.0012543201446533203
0.0055722990073263645, 0.0007389080128632486
0.00533638009801507, 0.0007418536697514355
0.005114217754453421, 0.0005618135910481215
0.005593128968030214, 0.0006258541252464056
0.005515948869287968, 0.0006352028576657176
0.006173225119709969, 0.0007231581839732826
0.0063344575464725494, 0.0006358136306516826
0.0056007676757872105, 0.0009127907105721533
0.00510393688455224, 0.00068810855736956
0.004853057209402323, 0.0005763175431638956
0.005019890610128641, 0.0003711091121658683
0.005405996926128864, 0.0007910669664852321
0.004768627230077982, 0.00057291763368994
0.004721129313111305, 0.0006696456111967564
0.004866555333137512, 0.0006610521813854575
0.006205481477081776, 0.0011188029311597347
0.005611008498817682, 0.0006051648524589837
0.005416062660515308, 0.0010669799521565437
0.005521232727915049, 0.0007894184091128409
0.004722163081169128, 0.0004517521010711789
0.004924045410007238, 0.0005836979253217578
0.004907412454485893, 0.0006408024346455932
0.005719091277569532, 0.0009599641198292375
0.004962798673659563, 0.0005495481891557574
0.005038633476942778, 0.0006821188144385815
0.005700577050447464, 0.0009008285123854876
0.005885530263185501, 0.0007420231122523546
0.00503057474270463, 0.0005475761136040092
0.004925692453980446, 0.0006886752671562135
0.005606079939752817, 0.0007424423238262534
0.005149437114596367, 0.0005949469632469118
0.005045751109719276, 0.0006988980458118021
0.0046638851054012775, 0.00041025280370377004
0.005202485714107752, 0.0006533284904435277
0.005774672608822584, 0.0007282411679625511
0.005512765143066645, 0.000749282946344465
0.0056247771717607975, 0.00122339918743819
0.006257886532694101, 0.0007979642832651734
0.0061773196794092655, 0.0008210501400753856
0.006506012286990881, 0.0007210180046968162
0.006197065114974976, 0.0007429433753713965
0.006154815666377544, 0.0009446975309401751
0.005335736088454723, 0.00065656250808388
0.005050269886851311, 0.0008331605931743979
0.004243430681526661, 0.0004387533408589661
0.005030658561736345, 0.0006523746997117996
0.004678560886532068, 0.0004252770449966192
0.0046275402419269085, 0.0007061815704219043
0.005204266868531704, 0.00065875198924914
