mean, std
0.15038985013961792, 0.11752233654260635
0.10427898913621902, 0.0591086782515049
0.09546361118555069, 0.05281123146414757
0.12916681170463562, 0.10148891061544418
0.12138272821903229, 0.07755228877067566
0.16555926203727722, 0.10419584065675735
0.12465626746416092, 0.11223991215229034
0.19050733745098114, 0.12169820815324783
0.15200123190879822, 0.10158496350049973
0.10141424089670181, 0.05898498371243477
0.07131406664848328, 0.048839740455150604
0.04776172712445259, 0.0339476577937603
0.036314457654953, 0.013838594779372215
0.019516075029969215, 0.013302803970873356
0.02194393426179886, 0.011384746991097927
0.010318211279809475, 0.008990570902824402
0.016241706907749176, 0.010130265727639198
0.015978440642356873, 0.010596489533782005
0.017495909705758095, 0.009942025877535343
0.029309256002306938, 0.021113378927111626
0.014907379634678364, 0.011990911327302456
0.023101123049855232, 0.013517824001610279
0.015179120935499668, 0.013015449047088623
0.02120840921998024, 0.013938863761723042
0.020675625652074814, 0.013166938908398151
0.02131527103483677, 0.013310485519468784
0.021789804100990295, 0.009802287444472313
0.03135264664888382, 0.015719465911388397
0.016948670148849487, 0.010592702776193619
0.02253022789955139, 0.015540173277258873
0.0170765183866024, 0.010878141969442368
0.016486112028360367, 0.00968988984823227
0.019046979025006294, 0.009362390264868736
0.010241376236081123, 0.006880857050418854
0.011704185046255589, 0.00902444589883089
0.017896102741360664, 0.011038796044886112
0.013792389072477818, 0.011085704900324345
0.013831415213644505, 0.009603414684534073
0.011485897935926914, 0.0062162610702216625
0.014077526517212391, 0.010683203116059303
0.010769931599497795, 0.008211956359446049
0.01336492970585823, 0.0116070955991745
0.01101541519165039, 0.007364697754383087
0.017692092806100845, 0.012154174968600273
0.010503622703254223, 0.007851538248360157
0.009222245775163174, 0.005737903993576765
0.013588408939540386, 0.01030971109867096
0.010462194681167603, 0.00889975018799305
0.009020883589982986, 0.008488482795655727
0.013626234605908394, 0.008709599263966084
0.02873365394771099, 0.016168080270290375
0.04130516201257706, 0.020800994709134102
0.0334998182952404, 0.01700800098478794
0.021046383306384087, 0.01779322884976864
0.01220142561942339, 0.008128280751407146
0.008800553157925606, 0.007728364318609238
0.01413207221776247, 0.006053943652659655
0.01035473681986332, 0.008118731901049614
0.011728622019290924, 0.007116744294762611
0.0184906218200922, 0.011134360916912556
0.017983611673116684, 0.01229583378881216
0.018731269985437393, 0.012111112475395203
0.01753704436123371, 0.011406255885958672
0.01431778259575367, 0.008570362813770771
0.03948146477341652, 0.02540753036737442
0.029232744127511978, 0.022717081010341644
0.020253529772162437, 0.010398509912192822
0.014553436078131199, 0.010933944024145603
0.012422589585185051, 0.006506664212793112
0.014135119505226612, 0.010010208003222942
0.008674626238644123, 0.006122888531535864
0.012991033494472504, 0.00918600894510746
0.013648695312440395, 0.011969061568379402
0.013203629292547703, 0.007704879157245159
0.007365961093455553, 0.004390980117022991
0.009895357303321362, 0.005507189780473709
0.008981982246041298, 0.007938024587929249
0.012681707739830017, 0.009898384101688862
0.014906123280525208, 0.011905672959983349
0.01367100141942501, 0.006701156497001648
0.005200482904911041, 0.0037889291997998953
0.018190864473581314, 0.011347895488142967
0.011679028160870075, 0.005965187214314938
0.019891373813152313, 0.01241573877632618
0.01985306292772293, 0.009344218298792839
0.020503228530287743, 0.008207163773477077
0.019689256325364113, 0.01683901622891426
0.031519174575805664, 0.015335881151258945
0.009418467991054058, 0.005733600817620754
0.015296810306608677, 0.007930049672722816
0.009596713818609715, 0.007175616454333067
0.01346315536648035, 0.01207522489130497
0.027857989072799683, 0.01903003267943859
0.03757469728589058, 0.02218799479305744
0.01655408926308155, 0.01022748276591301
0.019305100664496422, 0.012207839637994766
0.010943674482405186, 0.005534134339541197
0.00758109986782074, 0.005209405906498432
0.01207643747329712, 0.004980308003723621
0.009744654409587383, 0.008300772868096828
0.008089552633464336, 0.005785537417978048
0.008720875717699528, 0.005616818089038134
0.024644527584314346, 0.016862599179148674
0.020242085680365562, 0.010753312148153782
0.013065921142697334, 0.007061821408569813
0.017019491642713547, 0.009299148805439472
0.018826449289917946, 0.013025599531829357
0.017818067222833633, 0.009638085961341858
0.015611667186021805, 0.010007696226239204
0.012200894765555859, 0.009099259041249752
0.012099089100956917, 0.008642323315143585
0.011261473409831524, 0.009285803884267807
0.017861291766166687, 0.012926224619150162
0.01902112551033497, 0.01399131491780281
0.022513968870043755, 0.01804140955209732
0.015244215726852417, 0.012482013553380966
0.013338041491806507, 0.007259139325469732
0.01573781855404377, 0.009528062306344509
0.016166189685463905, 0.010745498351752758
0.020719541236758232, 0.013494038954377174
0.02056061290204525, 0.015033264644443989
0.011787362396717072, 0.010486128740012646
0.012508795596659184, 0.013270472176373005
0.012855705805122852, 0.009352599270641804
0.014715492725372314, 0.011624918319284916
0.017819833010435104, 0.01350235566496849
0.01549789123237133, 0.01174789760261774
0.00882347859442234, 0.007961979135870934
0.011995155364274979, 0.0077073541469872
0.016738591715693474, 0.013723045587539673
0.017326584085822105, 0.01199661660939455
0.012367874383926392, 0.009919371455907822
0.014638034626841545, 0.007806181441992521
0.016551218926906586, 0.011083723977208138
0.025590574368834496, 0.02104087732732296
0.03104320913553238, 0.02187901921570301
0.021981067955493927, 0.01686154678463936
0.030152371153235435, 0.023029569536447525
0.021240100264549255, 0.010570519603788853
0.013523997738957405, 0.009991618804633617
0.018069235607981682, 0.011141340248286724
0.01802831143140793, 0.011554221622645855
0.02085764706134796, 0.014559685252606869
0.015017032623291016, 0.014005906879901886
0.026287419721484184, 0.02153903804719448
0.017170263454318047, 0.013584911823272705
0.03804360702633858, 0.03306110203266144
0.09476475417613983, 0.06693162024021149
0.03357545658946037, 0.018435683101415634
0.02082044444978237, 0.012324739247560501
0.016690758988261223, 0.014488261193037033
0.02013404108583927, 0.012842817232012749
0.04050418734550476, 0.037940435111522675
0.059078384190797806, 0.029407162219285965
0.06949148327112198, 0.059884555637836456
0.06465958803892136, 0.03338378667831421
0.07955501228570938, 0.07061880826950073
0.17229707539081573, 0.0900392010807991
0.04850038141012192, 0.036740582436323166
0.052023012191057205, 0.03426995873451233
0.053206004202365875, 0.03131657838821411
0.04470450058579445, 0.030428916215896606
0.04113059118390083, 0.03201702609658241
0.09967230260372162, 0.05678790062665939
0.08403853327035904, 0.04811897873878479
0.06821587681770325, 0.049515727907419205
0.03201331943273544, 0.03191806748509407
0.02967126853764057, 0.016337942332029343
0.03331345319747925, 0.026465535163879395
0.10567788779735565, 0.06101686879992485
0.14836002886295319, 0.07142461836338043
0.07398393750190735, 0.05119822174310684
0.06173676997423172, 0.04709610342979431
0.05065362527966499, 0.0227461289614439
0.03296138718724251, 0.027136892080307007
0.02762184478342533, 0.01676018349826336
0.07288343459367752, 0.04263099282979965
0.06860826909542084, 0.03686866536736488
0.04321788623929024, 0.03113439679145813
0.023021336644887924, 0.015999821946024895
0.02899649739265442, 0.01948603242635727
0.050653308629989624, 0.03134512901306152
0.09844518452882767, 0.05438914895057678
0.08354553580284119, 0.05437326058745384
0.03615974634885788, 0.026397520676255226
0.043649811297655106, 0.022421689704060555
0.05254962295293808, 0.029970746487379074
0.02694082073867321, 0.01779976487159729
0.026201292872428894, 0.014488904736936092
0.02732200361788273, 0.013581031933426857
0.02981621026992798, 0.015769213438034058
0.02691524475812912, 0.01474755723029375
0.05113651975989342, 0.032274771481752396
0.06607536226511002, 0.03676257282495499
0.045933812856674194, 0.02962568961083889
0.03058948740363121, 0.019272543489933014
0.03612795099616051, 0.02653849683701992
0.05418556556105614, 0.037198279052972794
0.022736188024282455, 0.01817220263183117
0.0239238403737545, 0.017805378884077072
0.03326042369008064, 0.025255387648940086
0.03494016453623772, 0.028679464012384415
0.036295369267463684, 0.024466820061206818
0.038544610142707825, 0.02724618837237358
0.01707916520535946, 0.016572317108511925
0.03135548532009125, 0.03829442337155342
0.042829908430576324, 0.04000301659107208
0.052294813096523285, 0.025313617661595345
0.04536507651209831, 0.025790024548768997
0.022678835317492485, 0.020198753103613853
0.026628069579601288, 0.01603979431092739
0.04654847830533981, 0.02637392282485962
0.06777213513851166, 0.03904489800333977
0.023048557341098785, 0.02395429089665413
0.028450991958379745, 0.015979889780282974
0.018442513421177864, 0.015011743642389774
0.03055831789970398, 0.02307329699397087
0.03475368767976761, 0.025601152330636978
0.037728164345026016, 0.021124007180333138
0.02802167646586895, 0.02401180937886238
0.030947305262088776, 0.02541637420654297
0.028234021738171577, 0.019704634323716164
0.03381268307566643, 0.022873494774103165
0.03974190726876259, 0.023944184184074402
0.026708168908953667, 0.02116299979388714
0.019155630841851234, 0.011357749812304974
0.020033426582813263, 0.010790876112878323
0.028733614832162857, 0.02172149159014225
0.03880038484930992, 0.019212132319808006
0.021176278591156006, 0.012084435671567917
0.0292363204061985, 0.02305879071354866
0.0654090866446495, 0.04230685904622078
0.0320855937898159, 0.023668929934501648
0.03274412453174591, 0.02333385869860649
0.023897916078567505, 0.014364887960255146
0.029818767681717873, 0.028163839131593704
0.03637099638581276, 0.024543123319745064
0.01857554353773594, 0.011518502607941628
0.012604553252458572, 0.014872491359710693
0.03910889849066734, 0.017913855612277985
0.03807590529322624, 0.02052322030067444
0.030559519305825233, 0.02704099752008915
0.053428370505571365, 0.03539299592375755
0.03944757208228111, 0.024755503982305527
0.02948901429772377, 0.02244037762284279
0.02412208542227745, 0.014378953725099564
0.05039433762431145, 0.027731044217944145
0.040558937937021255, 0.02802005596458912
0.028366977348923683, 0.01916472800076008
0.06368643790483475, 0.03976147249341011
0.03849710896611214, 0.025712966918945312
0.04743238165974617, 0.03083297424018383
0.040251024067401886, 0.019763648509979248
0.016067268326878548, 0.01206508930772543
0.023965395987033844, 0.0177236907184124
0.01601402647793293, 0.01017804816365242
0.020164716988801956, 0.016266603022813797
0.019070951268076897, 0.013433665037155151
0.023348504677414894, 0.014590623788535595
0.0357414111495018, 0.02113167941570282
0.03692357614636421, 0.01973533444106579
0.02681206725537777, 0.01708986423909664
0.056583303958177567, 0.024318430572748184
0.03755715489387512, 0.024243339896202087
0.05225618556141853, 0.02516099065542221
0.02732548676431179, 0.014450536109507084
0.04786072298884392, 0.025736335664987564
0.05888215824961662, 0.03349614888429642
0.018252912908792496, 0.014532686211168766
0.04160752892494202, 0.025797730311751366
0.020746108144521713, 0.016612352803349495
0.017917238175868988, 0.009086495265364647
0.027628974989056587, 0.01847355253994465
0.028638945892453194, 0.016659606248140335
0.035054780542850494, 0.019853470847010612
0.018708746880292892, 0.012675954028964043
0.01826918125152588, 0.01493903063237667
0.018303243443369865, 0.013892256654798985
0.019747015088796616, 0.01546095497906208
0.05664591118693352, 0.03898373991250992
0.03415751829743385, 0.028988225385546684
0.029813425615429878, 0.017099108546972275
0.014354725368320942, 0.013934296555817127
0.02565898932516575, 0.022004902362823486
0.018689872696995735, 0.015366030856966972
0.0570383220911026, 0.03354392573237419
0.05407561734318733, 0.02866988442838192
0.03858061879873276, 0.028294816613197327
0.03849661722779274, 0.023707324638962746
0.038633499294519424, 0.021332580596208572
0.029131710529327393, 0.014921162277460098
0.023731529712677002, 0.01439855620265007
0.026223015040159225, 0.02094622515141964
0.014008891768753529, 0.00985772255808115
0.025060826912522316, 0.01834157481789589
0.035392049700021744, 0.022505303844809532
0.025836510583758354, 0.014648322947323322
0.026652123779058456, 0.019132493063807487
0.01277934666723013, 0.007743446156382561
0.04143611714243889, 0.0314125120639801
0.0261446014046669, 0.018053410574793816
0.03192742168903351, 0.02157217636704445
0.044232383370399475, 0.030694345012307167
0.02704625017940998, 0.019496126100420952
0.035193875432014465, 0.02323729172348976
0.01962457224726677, 0.0174955315887928
0.048399414867162704, 0.027097228914499283
0.03766205906867981, 0.037030547857284546
0.027501262724399567, 0.02015145681798458
0.07145261019468307, 0.03273245692253113
0.019319023936986923, 0.01224161684513092
0.03116757981479168, 0.022518526762723923
0.04002800211310387, 0.02159067429602146
0.018109919503331184, 0.012635341845452785
0.02087697759270668, 0.012600680813193321
0.023484298959374428, 0.01705995574593544
0.02138163521885872, 0.014474067836999893
0.03352158144116402, 0.02051418088376522
0.025937119498848915, 0.014233776368200779
0.029725708067417145, 0.01868344470858574
0.03884490206837654, 0.027114292606711388
0.0274797510355711, 0.01960502751171589
0.030178619548678398, 0.01648883707821369
0.03966113552451134, 0.02216854691505432
0.04101991653442383, 0.02259661816060543
0.031013496220111847, 0.0213421992957592
0.021301204338669777, 0.010898588225245476
0.02226945571601391, 0.019897572696208954
0.025676259770989418, 0.01922345906496048
0.040369562804698944, 0.023425476625561714
0.01442756224423647, 0.008432138711214066
0.017311442643404007, 0.009535460732877254
0.013160616159439087, 0.010292265564203262
0.021550411358475685, 0.015409106388688087
0.01134268008172512, 0.006384188774973154
0.017003731802105904, 0.018545718863606453
0.021135112270712852, 0.0131782041862607
0.014187011867761612, 0.009838211350142956
0.02092866227030754, 0.0119215352460742
0.02694443240761757, 0.02073856070637703
0.0381828173995018, 0.031846433877944946
0.07335598021745682, 0.04491358995437622
0.018504682928323746, 0.015461775474250317
0.02775382436811924, 0.016320692375302315
0.030707230791449547, 0.022891182452440262
0.035024821758270264, 0.019560659304261208
0.02468920685350895, 0.01272591296583414
0.02262577973306179, 0.015748942270874977
0.026858272030949593, 0.01662342995405197
0.031222393736243248, 0.018070686608552933
0.022757574915885925, 0.013418244197964668
0.022485503926873207, 0.012574383057653904
0.017971143126487732, 0.011856302618980408
0.02198750525712967, 0.014008958823978901
0.03462055325508118, 0.021691637113690376
0.02652019076049328, 0.0201981570571661
0.013540324755012989, 0.00991203635931015
0.010542911477386951, 0.010409566573798656
0.05669136717915535, 0.030357936397194862
0.02666216343641281, 0.020708028227090836
0.017975734546780586, 0.014305656775832176
0.043751850724220276, 0.0312826931476593
0.03171149268746376, 0.016301335766911507
0.037387240678071976, 0.020135272294282913
0.0230995025485754, 0.015153250657022
0.014664877206087112, 0.010353961028158665
0.017142388969659805, 0.011331459507346153
0.04006272554397583, 0.0249773021787405
0.045538343489170074, 0.024105189368128777
0.05942822992801666, 0.030254574492573738
0.06634058058261871, 0.03984915465116501
0.027232546359300613, 0.023121271282434464
0.03553901985287666, 0.025693118572235107
0.03416302800178528, 0.018388865515589714
0.02687367983162403, 0.015464561991393566
0.026116052642464638, 0.014033999294042587
0.03706922009587288, 0.026653164997696877
0.018070943653583527, 0.015220108442008495
0.04245106503367424, 0.02491341158747673
0.03699437156319618, 0.01707260124385357
0.03377731144428253, 0.018718421459197998
0.04058518633246422, 0.028340253978967667
0.01695198565721512, 0.012258901260793209
0.04358496889472008, 0.03116447664797306
0.0368485264480114, 0.02682313323020935
0.016743330284953117, 0.009128312580287457
0.03954674303531647, 0.02711816132068634
0.016948577016592026, 0.008916581980884075
0.01842455379664898, 0.01304008811712265
0.024962522089481354, 0.0166618749499321
0.033396054059267044, 0.019262807443737984
0.029822375625371933, 0.013627237640321255
0.02104027010500431, 0.011895586736500263
0.026310093700885773, 0.021299690008163452
0.03562510758638382, 0.022689219564199448
0.009367289952933788, 0.00748410215601325
0.030089152976870537, 0.019178709015250206
0.019528130069375038, 0.016350267454981804
0.021375564858317375, 0.014522675424814224
0.03166203945875168, 0.01851559430360794
0.02666059508919716, 0.018091734498739243
0.04356827586889267, 0.02089698426425457
0.05666476488113403, 0.03372237831354141
0.04192325100302696, 0.02683068811893463
0.025785185396671295, 0.023457692936062813
0.01956830359995365, 0.01306874118745327
0.011496429331600666, 0.008945274166762829
0.022395452484488487, 0.014312786981463432
0.022073492407798767, 0.014378647319972515
0.026214905083179474, 0.013562094420194626
0.02877221256494522, 0.019866948947310448
0.0206664577126503, 0.010885689407587051
0.026163965463638306, 0.017111018300056458
0.02603633888065815, 0.017352836206555367
0.010692206211388111, 0.00791116151958704
0.04294993355870247, 0.021384481340646744
0.01958135887980461, 0.017102448269724846
0.012065519578754902, 0.009506000205874443
0.01581636629998684, 0.008198908530175686
0.023142021149396896, 0.012597601860761642
0.013706302270293236, 0.008815567940473557
0.02293362468481064, 0.02062929794192314
0.022408558055758476, 0.0179350133985281
0.0202458668500185, 0.015256160870194435
0.029685143381357193, 0.014307738281786442
0.00913514755666256, 0.007186543196439743
0.029090987518429756, 0.019613904878497124
0.013269426301121712, 0.009509856812655926
0.02504616789519787, 0.013021273538470268
0.03116995468735695, 0.027171079069375992
0.03425510600209236, 0.024264922365546227
0.030465347692370415, 0.01551101915538311
0.028357956558465958, 0.015428079292178154
0.019229847937822342, 0.012465761974453926
0.014993068762123585, 0.008819646202027798
0.017377754673361778, 0.011554843746125698
0.028087163344025612, 0.015373669564723969
0.011870494112372398, 0.01220985408872366
0.02243572100996971, 0.01381065882742405
0.018615832552313805, 0.014860227704048157
0.038968998938798904, 0.019674964249134064
0.028760496526956558, 0.015555523335933685
0.032569095492362976, 0.022946901619434357
0.025270864367485046, 0.015105076134204865
0.023555604740977287, 0.0174719151109457
0.025482987985014915, 0.013998595997691154
0.025628745555877686, 0.016675584018230438
0.037571199238300323, 0.030211027711629868
0.04014947637915611, 0.020626720041036606
0.01529026497155428, 0.012985684908926487
0.009276233613491058, 0.009142164140939713
0.013847818598151207, 0.0107193598523736
0.02760193683207035, 0.01535213366150856
0.027958068996667862, 0.015024343505501747
0.031090328469872475, 0.019346756860613823
0.019640544429421425, 0.015703415498137474
0.018634842708706856, 0.012646319344639778
0.019529731944203377, 0.008378059603273869
0.01936599612236023, 0.012950784526765347
0.019600149244070053, 0.012769810855388641
0.035010483115911484, 0.022311454638838768
0.027243221178650856, 0.019938120618462563
0.03936277702450752, 0.01802128553390503
0.029932668432593346, 0.019658995792269707
0.01991458423435688, 0.013451915234327316
0.02793688327074051, 0.015630312263965607
0.02267136611044407, 0.012585420161485672
0.0254073329269886, 0.018817760050296783
0.04465768486261368, 0.026338698342442513
0.027298642322421074, 0.018124811351299286
0.022715533152222633, 0.019403953105211258
0.016936011612415314, 0.01602667011320591
0.023167060688138008, 0.01697985641658306
0.03292674943804741, 0.027895500883460045
0.018910715356469154, 0.010314353741705418
0.023028193041682243, 0.017878370359539986
0.035555239766836166, 0.01466473937034607
0.024764789268374443, 0.019832441583275795
0.03960113972425461, 0.01945841871201992
0.04451264813542366, 0.02657926268875599
0.04755755141377449, 0.025716572999954224
0.03751881793141365, 0.020991269499063492
0.027008891105651855, 0.010491477325558662
0.014808863401412964, 0.010160617530345917
0.018303871154785156, 0.011867918074131012
0.014320204965770245, 0.008391782641410828
0.014100157655775547, 0.010020582936704159
0.020079094916582108, 0.013621749356389046
0.022120408713817596, 0.016277624294161797
0.012616129592061043, 0.008536914363503456
0.02365335263311863, 0.020143067464232445
0.031171828508377075, 0.021015141159296036
0.0692400336265564, 0.028653455898165703
0.0315374992787838, 0.02600236050784588
0.018538400530815125, 0.013993931002914906
0.03067818284034729, 0.019866758957505226
0.03224024549126625, 0.020579403266310692
0.01290119905024767, 0.007749852258712053
0.0218826774507761, 0.01350087858736515
0.03952924534678459, 0.022884642705321312
0.021562648937106133, 0.018562182784080505
0.033886972814798355, 0.025308599695563316
0.03461593762040138, 0.022232383489608765
0.030844049528241158, 0.02058650366961956
0.023958878591656685, 0.011239464394748211
0.0394056960940361, 0.019062742590904236
0.07320702075958252, 0.05039473623037338
0.09226146340370178, 0.06606332957744598
0.01888679340481758, 0.013490773737430573
0.017934055998921394, 0.017068319022655487
0.03874769061803818, 0.016360651701688766
0.015371282584965229, 0.0125512620434165
0.012353694066405296, 0.008099569007754326
0.04163051396608353, 0.024246765300631523
0.03444304317235947, 0.023273035883903503
0.013361756689846516, 0.01006094180047512
0.018348125740885735, 0.01123401615768671
0.029596805572509766, 0.019264033064246178
0.029062092304229736, 0.020614106208086014
0.0285530723631382, 0.013634849339723587
0.041458506137132645, 0.0233809445053339
0.038118939846754074, 0.020927345380187035
0.022241704165935516, 0.01479203812777996
0.030582649633288383, 0.016714824363589287
0.016467582434415817, 0.011687221005558968
0.04411949962377548, 0.02284977212548256
0.03551873564720154, 0.020213698968291283
0.018748978152871132, 0.017502939328551292
0.01782299019396305, 0.009829318150877953
0.027696872130036354, 0.020236652344465256
0.02230783738195896, 0.016998253762722015
0.039164140820503235, 0.026542307808995247
0.02957257255911827, 0.023067530244588852
0.02554718218743801, 0.015041875652968884
0.029284978285431862, 0.014593689702451229
0.03521057218313217, 0.019808819517493248
0.035197123885154724, 0.025242691859602928
0.014911691658198833, 0.01263921894133091
0.024304311722517014, 0.013625954277813435
0.032977644354104996, 0.01866370625793934
0.045919787138700485, 0.022478308528661728
0.021885255351662636, 0.019740283489227295
0.024066846817731857, 0.020601805299520493
0.016545871272683144, 0.009546827524900436
0.008803196251392365, 0.006639096885919571
0.021596642211079597, 0.01336115226149559
0.02305300533771515, 0.015093229711055756
0.03411205857992172, 0.020954608917236328
0.037507954984903336, 0.02189999632537365
0.027717964723706245, 0.01958049274981022
0.013987259939312935, 0.009818129241466522
0.04265883192420006, 0.02057737670838833
0.028600534424185753, 0.018332595005631447
0.015689272433519363, 0.008539754897356033
0.024731470271945, 0.016831055283546448
0.034633569419384, 0.02382666990160942
0.06222997233271599, 0.033893294632434845
0.04163195937871933, 0.020933328196406364
0.02200995944440365, 0.010311270132660866
0.025896091014146805, 0.018991488963365555
0.05158049613237381, 0.032940857112407684
0.015918875113129616, 0.011827511712908745
0.016762368381023407, 0.016271574422717094
0.013763519003987312, 0.007513278163969517
0.02440078929066658, 0.0109641682356596
0.01273407507687807, 0.01238525565713644
0.04088983312249184, 0.024709736928343773
0.022556716576218605, 0.01716987043619156
0.03537522256374359, 0.028157733380794525
0.04600019007921219, 0.029840391129255295
0.02814684621989727, 0.016748294234275818
0.017183836549520493, 0.010789141058921814
0.011863050051033497, 0.010777718387544155
0.01989831030368805, 0.014812665060162544
0.03466422110795975, 0.018351377919316292
0.054266367107629776, 0.02918083406984806
0.01730319671332836, 0.016192907467484474
0.041203100234270096, 0.033863674849271774
0.03069172240793705, 0.023953810334205627
0.05579236522316933, 0.039352256804704666
0.014231577515602112, 0.010207407176494598
0.01552426628768444, 0.012446016073226929
0.020474208518862724, 0.016445286571979523
0.01314298901706934, 0.007752724923193455
0.021015429869294167, 0.011025923304259777
0.03987298533320427, 0.02289305254817009
0.043477289378643036, 0.023208830505609512
0.030926227569580078, 0.021373208612203598
0.048702772706747055, 0.02238546870648861
0.038750581443309784, 0.022025208920240402
0.026741953566670418, 0.018761485815048218
0.045948270708322525, 0.025629740208387375
0.03180933743715286, 0.01901850290596485
0.023959461599588394, 0.01435357891023159
0.02932126075029373, 0.014203057624399662
0.0182041022926569, 0.011753415688872337
0.01943982020020485, 0.013251126743853092
0.028841158375144005, 0.014233616180717945
0.02956434153020382, 0.018514152616262436
0.019498713314533234, 0.016608312726020813
0.014786877669394016, 0.009549660608172417
0.019817648455500603, 0.01157943531870842
0.018641497939825058, 0.014195171184837818
0.015110992826521397, 0.011737711727619171
0.01712428778409958, 0.013473053462803364
0.01761247217655182, 0.01207589078694582
0.020161936059594154, 0.01069020014256239
0.04407874494791031, 0.017827818170189857
0.03261321783065796, 0.023328781127929688
0.026518329977989197, 0.013810793869197369
0.024350205436348915, 0.013644648715853691
0.01135069876909256, 0.006570911034941673
0.025189371779561043, 0.015054533258080482
0.024845032021403313, 0.011262343265116215
0.039022013545036316, 0.019559472799301147
0.03825198858976364, 0.019680388271808624
0.04165375977754593, 0.020486507564783096
0.03553250432014465, 0.01705572009086609
0.011542213149368763, 0.010771521367132664
0.012133503332734108, 0.007957369089126587
0.025344355031847954, 0.01468513160943985
0.018117034807801247, 0.010396930389106274
0.045398272573947906, 0.025695009157061577
0.04588940367102623, 0.021262675523757935
0.02125234343111515, 0.009506704285740852
0.025132471695542336, 0.014247278682887554
0.02172059752047062, 0.013539105653762817
0.020665938034653664, 0.015655627474188805
0.010789407417178154, 0.007406528107821941
0.028565743938088417, 0.01703556254506111
0.017191659659147263, 0.012271281331777573
0.010574478656053543, 0.009216326288878918
0.01586460880935192, 0.008954482153058052
0.014757686294615269, 0.010697368532419205
0.022409921512007713, 0.01898239366710186
0.04107670113444328, 0.024182893335819244
0.018985899165272713, 0.013882916420698166
0.044476378709077835, 0.02208583801984787
0.05609854683279991, 0.031771622598171234
0.03977537155151367, 0.025838997215032578
0.012470767833292484, 0.008444486185908318
0.025468360632658005, 0.019125599414110184
0.03540339693427086, 0.022774117067456245
0.02676466852426529, 0.01273411139845848
0.03786103427410126, 0.021113788709044456
0.019766300916671753, 0.013213204219937325
0.01951523870229721, 0.010609891265630722
0.01452796533703804, 0.008011586964130402
0.02603478543460369, 0.015489471144974232
0.01408517174422741, 0.008026731200516224
0.0168911125510931, 0.010591446422040462
0.017241623252630234, 0.010269473306834698
0.01959400065243244, 0.014251818880438805
0.018126633018255234, 0.00935327634215355
0.03503860533237457, 0.02522357739508152
0.039032358676195145, 0.015625573694705963
0.02981073409318924, 0.019743725657463074
0.023614726960659027, 0.010032238438725471
0.01945517770946026, 0.016404129564762115
0.028306955471634865, 0.015569870360195637
0.012260996736586094, 0.008859521709382534
0.022831717506051064, 0.013365432620048523
0.014229622669517994, 0.009495440870523453
0.0313495472073555, 0.01869957335293293
0.027490025386214256, 0.014125388115644455
0.019146593287587166, 0.01313886046409607
0.03619198128581047, 0.024446429684758186
0.023968804627656937, 0.020532682538032532
0.033871620893478394, 0.021880213171243668
0.019752833992242813, 0.019244233146309853
0.024417897686362267, 0.019790153950452805
0.02359013818204403, 0.011556321755051613
0.015957634896039963, 0.01013899315148592
0.031518034636974335, 0.025181492790579796
0.012163328938186169, 0.00808721873909235
0.026286058127880096, 0.01730143092572689
0.024792108684778214, 0.015634359791874886
0.02979588881134987, 0.018062040209770203
0.02241588570177555, 0.014446690678596497
0.024773303419351578, 0.01672057993710041
0.034324273467063904, 0.019431333988904953
0.037723902612924576, 0.030984627082943916
0.012792675755918026, 0.012752797454595566
0.018599795177578926, 0.012378561310470104
0.01971898414194584, 0.011556115001440048
0.028231892734766006, 0.024356435984373093
0.046149082481861115, 0.027983408421278
0.03555997833609581, 0.014329497702419758
0.04293078929185867, 0.026732655242085457
0.02066071145236492, 0.01737661473453045
0.0202820785343647, 0.01280748937278986
0.014275925233960152, 0.014985616318881512
0.01619132235646248, 0.009862049482762814
0.03687293455004692, 0.020015526562929153
0.02398163266479969, 0.010212879627943039
0.022568179294466972, 0.013356808573007584
0.019228827208280563, 0.012119879014790058
0.02515880949795246, 0.011649234220385551
0.03934706375002861, 0.021346591413021088
0.03466586768627167, 0.0208907388150692
0.015043793246150017, 0.010563995689153671
0.033596113324165344, 0.018646344542503357
0.022441351786255836, 0.014635296538472176
0.029836470261216164, 0.017798515036702156
0.026448769494891167, 0.02423856034874916
0.013527128845453262, 0.01062843669205904
0.026940228417515755, 0.013401149772107601
0.011110899969935417, 0.007900901138782501
0.013514225371181965, 0.008251510560512543
0.02147780731320381, 0.013335302472114563
0.023477772250771523, 0.013537353835999966
0.01814916357398033, 0.019901176914572716
0.03012717142701149, 0.015245337970554829
0.014511135406792164, 0.00716615142300725
0.01146746426820755, 0.007451608311384916
0.013924888335168362, 0.009040766395628452
0.011063219048082829, 0.008377546444535255
0.022927621379494667, 0.014352953061461449
0.01770145446062088, 0.011935831978917122
0.01884736306965351, 0.012036463245749474
0.01907477341592312, 0.012249493971467018
0.02008793316781521, 0.013305455446243286
0.028788503259420395, 0.013239851221442223
0.048983920365571976, 0.024823827669024467
0.05512971803545952, 0.020360654219985008
0.046117428690195084, 0.028461966663599014
0.025550302118062973, 0.015097115188837051
0.014854571782052517, 0.01071712002158165
0.02542288973927498, 0.014194261282682419
0.03184567019343376, 0.01988311856985092
0.04333174228668213, 0.02490210346877575
0.032337486743927, 0.019110631197690964
0.02649059146642685, 0.016871951520442963
0.029898345470428467, 0.025095533579587936
0.010218859650194645, 0.005543102044612169
0.015447746030986309, 0.011971637606620789
0.010597641579806805, 0.008400813676416874
0.021089093759655952, 0.010584489442408085
0.025226473808288574, 0.01234536711126566
0.023971932008862495, 0.021591659635305405
0.03441645950078964, 0.019442757591605186
0.02349829487502575, 0.014734757132828236
0.04663187637925148, 0.023112572729587555
0.03242158144712448, 0.020238904282450676
0.028971947729587555, 0.017724046483635902
0.031932760030031204, 0.01850256137549877
0.03436809033155441, 0.02234344556927681
0.02617129310965538, 0.012276518158614635
0.024426568299531937, 0.016481785103678703
0.027188103646039963, 0.016881292685866356
0.03789626434445381, 0.026047712191939354
0.01659899204969406, 0.010179300792515278
0.011612233705818653, 0.007774680852890015
0.018392229452729225, 0.014648809097707272
0.020138198509812355, 0.01594206877052784
0.016744015738368034, 0.014046354219317436
0.03511764854192734, 0.026073995977640152
0.0246534813195467, 0.01777445524930954
0.02982371486723423, 0.01769462414085865
0.013696973212063313, 0.010003137402236462
0.030558714643120766, 0.017871001735329628
0.01605675369501114, 0.011768179945647717
0.043716609477996826, 0.01656763255596161
0.027831902727484703, 0.015342234633862972
0.01731712929904461, 0.01174396462738514
0.017564861103892326, 0.013322001323103905
0.015790890902280807, 0.012155706062912941
0.025269536301493645, 0.013495169579982758
0.03512195125222206, 0.020127134397625923
0.025368858128786087, 0.016093643382191658
0.024251939728856087, 0.02036050707101822
0.03421248868107796, 0.022851545363664627
0.025055382400751114, 0.016085399314761162
0.04767881706357002, 0.03293504938483238
0.00888891238719225, 0.00641202088445425
0.02344580367207527, 0.015117053873836994
0.023334020748734474, 0.01658698357641697
0.020557701587677002, 0.012929892167448997
0.012366505339741707, 0.01031106524169445
0.012133038602769375, 0.009558051824569702
0.025492483749985695, 0.01887131854891777
0.020577678456902504, 0.012690898962318897
0.014702373184263706, 0.009788180701434612
0.019841887056827545, 0.014409723691642284
0.03326981142163277, 0.019125480204820633
0.02061798796057701, 0.020299892872571945
0.019788993522524834, 0.012410271912813187
0.016555950045585632, 0.01157478429377079
0.014127259142696857, 0.010411321185529232
0.0251653790473938, 0.013515008613467216
0.018506761640310287, 0.014447829686105251
0.02054818905889988, 0.014796905219554901
0.01675376668572426, 0.009882810525596142
0.020045006647706032, 0.015456986613571644
0.025542769581079483, 0.014370621182024479
0.01633211225271225, 0.01160967256873846
0.029985547065734863, 0.019857745617628098
0.015177288092672825, 0.009085233323276043
0.017142074182629585, 0.013405690900981426
0.028669973835349083, 0.017915546894073486
0.03516116365790367, 0.015797916799783707
0.026540378108620644, 0.018318744376301765
0.04049645736813545, 0.02902963198721409
0.01951780915260315, 0.016081543639302254
0.030557790771126747, 0.01462000422179699
0.0296883974224329, 0.02223919704556465
0.021098263561725616, 0.020746072754263878
0.02508675493299961, 0.013001978397369385
0.014728627167642117, 0.01090752612799406
0.02072896994650364, 0.01587781310081482
0.042348410934209824, 0.02280724048614502
0.036078162491321564, 0.021700987592339516
0.039905793964862823, 0.025923969224095345
0.0378517247736454, 0.02586069516837597
0.031786419451236725, 0.01884724758565426
0.02130303531885147, 0.023102780804038048
0.025620272383093834, 0.014891138300299644
0.035360272973775864, 0.015379717573523521
0.018924571573734283, 0.012801529839634895
0.028892643749713898, 0.013352983631193638
0.024073675274848938, 0.01732034608721733
0.03319413214921951, 0.020724352449178696
0.028057754039764404, 0.015328822657465935
0.02160659432411194, 0.019078388810157776
0.02165667526423931, 0.014090760610997677
0.016055893152952194, 0.011571398936212063
0.020639650523662567, 0.013201077468693256
0.03149253502488136, 0.01109806727617979
0.020639674738049507, 0.013929896987974644
0.03802226111292839, 0.02140774577856064
0.017306260764598846, 0.011660261079668999
0.017668312415480614, 0.014702439308166504
0.02483798749744892, 0.015458913519978523
0.030066583305597305, 0.01493228692561388
0.02584856189787388, 0.01930825226008892
0.02692035771906376, 0.021733954548835754
0.014656654559075832, 0.009870689362287521
0.011748070828616619, 0.007645994890481234
0.025319481268525124, 0.012181795202195644
0.016173716634511948, 0.010757735930383205
0.0109123345464468, 0.00888452585786581
0.038223009556531906, 0.02504172921180725
0.02365579642355442, 0.018207738175988197
0.014886828139424324, 0.008014312013983727
0.016803095117211342, 0.013618823140859604
0.019731933251023293, 0.012955899350345135
0.026317765936255455, 0.012314092367887497
0.028937121853232384, 0.01359304878860712
0.015379248186945915, 0.009237082675099373
0.027095425873994827, 0.013282593339681625
0.01896524615585804, 0.016258684918284416
0.05034727230668068, 0.023000184446573257
0.0364188477396965, 0.02566482685506344
0.051131296902894974, 0.032108742743730545
0.022888151928782463, 0.014076379127800465
0.014731127768754959, 0.011158240959048271
0.018893329426646233, 0.010966743342578411
0.04977428913116455, 0.02391004003584385
0.046274326741695404, 0.03312604874372482
0.013969797641038895, 0.010178089141845703
0.010043883696198463, 0.005993587896227837
0.027554884552955627, 0.01877378299832344
0.027004150673747063, 0.01459169015288353
0.032054800540208817, 0.024923671036958694
0.05684812739491463, 0.049692459404468536
0.023780900985002518, 0.014902427792549133
0.01490648090839386, 0.010098741389811039
0.04140029102563858, 0.026548178866505623
0.018120059743523598, 0.012573786079883575
0.00713274534791708, 0.006022282876074314
0.012403280474245548, 0.01016142126172781
0.024764610454440117, 0.012712542898952961
0.012543737888336182, 0.007871067151427269
0.010515396483242512, 0.008841322734951973
0.02960711345076561, 0.02193310298025608
0.016550734639167786, 0.016223009675741196
0.025134213268756866, 0.019803084433078766
0.009213997982442379, 0.007463741581887007
0.02023177035152912, 0.01101044099777937
0.027934405952692032, 0.01872383803129196
0.021973157301545143, 0.015956951305270195
0.029807869344949722, 0.022028932347893715
0.029822885990142822, 0.02032293938100338
0.023094842210412025, 0.012864409945905209
0.02615303546190262, 0.017636746168136597
0.04693421348929405, 0.03023858182132244
0.04392654448747635, 0.0235406756401062
0.018398884683847427, 0.00843736995011568
0.022249288856983185, 0.01283599529415369
0.01700315810739994, 0.010333933867514133
0.011178145185112953, 0.006829410791397095
0.014104749076068401, 0.0071992757730185986
0.026712676510214806, 0.015277119353413582
0.03554155305027962, 0.03151138871908188
0.027553725987672806, 0.01866365596652031
0.022988630458712578, 0.020400051027536392
0.033673133701086044, 0.017030153423547745
0.015571285970509052, 0.011337250471115112
0.019308144226670265, 0.014224246144294739
0.01518122386187315, 0.009432819671928883
0.014626460149884224, 0.013084735721349716
0.04324823617935181, 0.027196047827601433
0.0330655463039875, 0.01952924020588398
0.02686345763504505, 0.016397491097450256
0.019699368625879288, 0.013281266205012798
0.010346421971917152, 0.010938690975308418
0.021351808682084084, 0.012185103259980679
0.01681150123476982, 0.014200635254383087
0.025199580937623978, 0.020543521270155907
0.021533744409680367, 0.01703978143632412
0.03345850482583046, 0.01796168088912964
0.04160138592123985, 0.019312847405672073
0.04567011073231697, 0.026559602469205856
0.02703416347503662, 0.01729854941368103
0.01237102597951889, 0.00783828366547823
0.022355010733008385, 0.01490013301372528
0.04435563087463379, 0.029824528843164444
0.041711997240781784, 0.028952937573194504
0.019684188067913055, 0.009549335576593876
0.02366792783141136, 0.009606878273189068
0.013937377370893955, 0.008927964605391026
0.014686793088912964, 0.01039461512118578
0.020656181499361992, 0.013938208110630512
0.02429734356701374, 0.014173614792525768
0.026231061667203903, 0.01689053699374199
0.03320391848683357, 0.01987534575164318
0.031684622168540955, 0.017509546130895615
0.03465806692838669, 0.021204952150583267
0.04333101585507393, 0.02571474388241768
0.025585705414414406, 0.01694348081946373
0.031692344695329666, 0.02167944423854351
0.022206442430615425, 0.01544424332678318
0.018685149028897285, 0.013899502344429493
0.021363351494073868, 0.015075729228556156
0.014020387083292007, 0.010069948621094227
0.049644846469163895, 0.025211066007614136
0.02739298716187477, 0.019604716449975967
0.029748234897851944, 0.017171170562505722
0.016030292958021164, 0.013056606985628605
0.023163175210356712, 0.014231032691895962
0.009329510852694511, 0.006833831313997507
0.01788896508514881, 0.010984440334141254
0.02473781444132328, 0.015250601805746555
0.015014560893177986, 0.01278553158044815
0.028900146484375, 0.01851062662899494
0.02514997124671936, 0.019187934696674347
0.017707426100969315, 0.013843151740729809
0.019871670752763748, 0.013250613585114479
0.03706447780132294, 0.02167394943535328
0.036491669714450836, 0.019404271617531776
0.01682288758456707, 0.009707633405923843
0.03023640066385269, 0.017876334488391876
0.010133295319974422, 0.005052412860095501
0.026252100244164467, 0.014495769515633583
0.01569541171193123, 0.009776774793863297
0.011526213027536869, 0.00961715541779995
0.013308786787092686, 0.009264803491532803
0.027059504762291908, 0.016433555632829666
0.024511167779564857, 0.020522333681583405
0.018056411296129227, 0.01385315041989088
0.016812119632959366, 0.01329316757619381
0.010336709208786488, 0.008912823162972927
0.017751218751072884, 0.011607659049332142
0.030115613713860512, 0.02313077636063099
0.026077602058649063, 0.014948457479476929
0.030235596001148224, 0.022789550945162773
0.026504507288336754, 0.013022630475461483
0.030534738674759865, 0.01364339143037796
0.018219444900751114, 0.018783671781420708
0.018793651834130287, 0.012244033627212048
0.01587892882525921, 0.008633584715425968
0.022802675142884254, 0.0174576286226511
0.020748144015669823, 0.013757849112153053
0.02080458216369152, 0.012607445009052753
0.015438846312463284, 0.010431216098368168
0.032866258174180984, 0.019071564078330994
0.014643498696386814, 0.011784233152866364
0.017483185976743698, 0.012069670483469963
0.026527313515543938, 0.0174879040569067
0.02563045732676983, 0.02483515255153179
0.018464216962456703, 0.011990726925432682
0.024332502856850624, 0.013581962324678898
0.024958524852991104, 0.017085494473576546
0.02327362261712551, 0.01671452447772026
0.016307197511196136, 0.010042120702564716
0.0317525751888752, 0.018355561420321465
0.011454878374934196, 0.009045095182955265
0.016124486923217773, 0.011144197545945644
0.02735934592783451, 0.016267884522676468
0.052860911935567856, 0.028324544429779053
0.021775048226118088, 0.02278224751353264
0.015778368338942528, 0.01033302117139101
0.018468916416168213, 0.010775420814752579
0.017344104126095772, 0.011738664470613003
0.018617361783981323, 0.014385423623025417
0.021466603502631187, 0.01664038747549057
0.01120718289166689, 0.008034973405301571
0.028241097927093506, 0.02348378486931324
0.042237091809511185, 0.02846764586865902
0.022320637479424477, 0.013046716339886189
0.01791926845908165, 0.009228825569152832
0.013842584565281868, 0.008804438635706902
0.02694091945886612, 0.015744945034384727
0.015333130955696106, 0.006957419216632843
0.011576131917536259, 0.007553820963948965
0.012097110971808434, 0.010425846092402935
0.010913992300629616, 0.00839137937873602
0.009068803861737251, 0.006285808980464935
0.009427256882190704, 0.008985776454210281
0.013497622683644295, 0.010490651242434978
0.022070087492465973, 0.018116474151611328
0.015584172680974007, 0.011496547609567642
0.027113931253552437, 0.02352055534720421
0.0198527742177248, 0.01948917657136917
0.012190594337880611, 0.009421482682228088
0.028337892144918442, 0.016183670610189438
0.029372597113251686, 0.017280472442507744
0.020491356030106544, 0.012870386242866516
0.02733568288385868, 0.011614988557994366
0.02511639893054962, 0.01596311666071415
0.023868674412369728, 0.013931076042354107
0.0420091450214386, 0.021744709461927414
0.025777453556656837, 0.017260968685150146
0.029640277847647667, 0.013806220144033432
0.04247044399380684, 0.018473973497748375
0.042996931821107864, 0.03211609646677971
0.021285975351929665, 0.015978405252099037
0.012062800116837025, 0.006363158579915762
0.025369198992848396, 0.015450775623321533
0.029655510559678078, 0.018233373761177063
0.04037095978856087, 0.022271208465099335
0.04522864893078804, 0.024230558425188065
0.05191032961010933, 0.03665149584412575
0.02736995927989483, 0.0116477245464921
0.018056239932775497, 0.011686068028211594
0.022698422893881798, 0.013224759139120579
0.02454768680036068, 0.014082913286983967
0.02662687376141548, 0.01359694916754961
0.012648586183786392, 0.008569138124585152
0.017650632187724113, 0.01132042333483696
0.01546969823539257, 0.012365870177745819
0.010407720692455769, 0.008615782484412193
0.03720856457948685, 0.01657511666417122
0.029494090005755424, 0.013676074333488941
0.049162108451128006, 0.02670332044363022
0.018787680193781853, 0.0152510404586792
0.02183254435658455, 0.014470487833023071
0.025054551661014557, 0.017887549474835396
0.022987306118011475, 0.017728446051478386
0.027934009209275246, 0.015182440169155598
0.03571656718850136, 0.015653379261493683
0.016789935529232025, 0.013904915191233158
0.008954737335443497, 0.008026781491935253
0.033806998282670975, 0.020511185750365257
0.04692541062831879, 0.02549479342997074
0.01841648668050766, 0.015857134014368057
0.024228153750300407, 0.013093271292746067
0.03027362935245037, 0.016137490049004555
0.034761764109134674, 0.021155649796128273
0.02691148780286312, 0.017255334183573723
0.021117720752954483, 0.014978541061282158
0.032639339566230774, 0.02046503685414791
0.0406193807721138, 0.02179906889796257
0.025060251355171204, 0.01628357358276844
0.028462205082178116, 0.015312555246055126
0.019539814442396164, 0.013032346032559872
0.02396545000374317, 0.016228104010224342
0.016623247414827347, 0.013857580721378326
0.00900318194180727, 0.00660735135897994
0.023703282698988914, 0.019003700464963913
0.05386772006750107, 0.03396327793598175
0.02048327401280403, 0.01172366552054882
0.020685693249106407, 0.013552905060350895
0.015809061005711555, 0.012205692939460278
0.03253703564405441, 0.01885637454688549
0.01854115165770054, 0.011986803263425827
0.026563411578536034, 0.013695836067199707
0.039461392909288406, 0.020661892369389534
0.01809820346534252, 0.0189285296946764
0.015588498674333096, 0.0094218160957098
0.013940329663455486, 0.011180202476680279
0.03199872747063637, 0.01983160898089409
0.033320099115371704, 0.024152293801307678
0.022105617448687553, 0.012477867305278778
0.0101731913164258, 0.009072977118194103
0.014602124691009521, 0.010851687751710415
0.017885582521557808, 0.011960928328335285
0.019757287576794624, 0.011956393718719482
0.029932400211691856, 0.021414581686258316
0.05936947837471962, 0.027134612202644348
0.01963072456419468, 0.013715974986553192
0.01869620569050312, 0.013608462177217007
0.016298573464155197, 0.014600622467696667
0.010047225281596184, 0.007569398730993271
0.008649060502648354, 0.006976776290684938
0.012155109085142612, 0.008813988417387009
0.0074283648282289505, 0.004704831168055534
0.013713756576180458, 0.01134704053401947
0.048832349479198456, 0.023183006793260574
0.03403403237462044, 0.017448704689741135
0.023748159408569336, 0.016863692551851273
0.03886197879910469, 0.02014302834868431
0.034172557294368744, 0.02051774598658085
0.032269079238176346, 0.016994837671518326
0.027012569829821587, 0.01488596759736538
0.017431452870368958, 0.013200460001826286
0.01716366782784462, 0.011893325485289097
0.011433713138103485, 0.008576949127018452
0.0361042246222496, 0.014569664373993874
0.01572667434811592, 0.011548926122486591
0.02620893158018589, 0.015411297790706158
0.037615180015563965, 0.02201724983751774
0.035841792821884155, 0.028100255876779556
0.04387696832418442, 0.026544662192463875
0.026364857330918312, 0.015190020203590393
0.01818445324897766, 0.010412638075649738
0.023126687854528427, 0.01477320957928896
0.02946355938911438, 0.01534908264875412
0.02211645431816578, 0.011047770269215107
0.017516503110527992, 0.012866119854152203
0.011275640688836575, 0.00985083356499672
0.00918371882289648, 0.004915676079690456
0.02240658737719059, 0.01691848784685135
0.048494983464479446, 0.02920769341289997
0.040665630251169205, 0.025047436356544495
0.02478349395096302, 0.011990329250693321
0.027712631970643997, 0.014343060553073883
0.012409066781401634, 0.0076524182222783566
0.0166289284825325, 0.00847632996737957
0.009287027642130852, 0.008187013678252697
0.01746119000017643, 0.013919469900429249
0.02129652351140976, 0.012154966592788696
0.04139279946684837, 0.016774475574493408
0.027589917182922363, 0.023018701002001762
0.03155423700809479, 0.017587175592780113
0.027117973193526268, 0.01681177318096161
0.020754028111696243, 0.013624208979308605
0.022281473502516747, 0.014424118213355541
0.03165449574589729, 0.01596236042678356
0.03262661397457123, 0.018634995445609093
0.01501787081360817, 0.010557623580098152
0.01248509343713522, 0.008921275846660137
0.018021106719970703, 0.01129002682864666
0.04833944886922836, 0.02721976302564144
0.022986996918916702, 0.016951797530055046
0.008073734119534492, 0.007660687901079655
0.03676103800535202, 0.023295653983950615
0.02172848954796791, 0.015108808875083923
0.02431267499923706, 0.01940060406923294
0.013035867363214493, 0.009427275508642197
0.01444368064403534, 0.008655307814478874
0.02646600268781185, 0.01608358696103096
0.01622525043785572, 0.013252547942101955
0.01988048665225506, 0.01228867657482624
0.013727439567446709, 0.010280060581862926
0.018308395519852638, 0.014802925288677216
0.03588303551077843, 0.020220307633280754
0.015582505613565445, 0.010812039487063885
0.02172892913222313, 0.018712947145104408
0.025259431451559067, 0.023525558412075043
0.033103663474321365, 0.02829352580010891
0.032777342945337296, 0.01564781740307808
0.02248539961874485, 0.014040788635611534
0.0190926231443882, 0.012716460973024368
0.023946089670062065, 0.013189625926315784
0.020080799236893654, 0.011122561059892178
0.011658331379294395, 0.009618967771530151
0.05227630212903023, 0.02024037018418312
0.047428932040929794, 0.02865864522755146
0.016838515177369118, 0.01043702382594347
0.010217106901109219, 0.010976963676512241
0.013459094800055027, 0.008583362214267254
0.007836952805519104, 0.006591096520423889
0.017192503437399864, 0.009736950509250164
0.011580518446862698, 0.007442384958267212
0.02301582507789135, 0.010103804059326649
0.013439284637570381, 0.010644814930856228
0.023221421986818314, 0.014987180009484291
0.040441419929265976, 0.021607600152492523
0.05993125960230827, 0.038622140884399414
0.08207449316978455, 0.040239110589027405
0.03483397886157036, 0.023150810971856117
0.040868524461984634, 0.025097059085965157
0.03716341406106949, 0.02173364907503128
0.020036885514855385, 0.011800575070083141
0.026385411620140076, 0.015498937107622623
0.018697844818234444, 0.012180212885141373
0.024365877732634544, 0.012903008610010147
0.022559868171811104, 0.014220092445611954
0.03388896957039833, 0.019815335050225258
0.02087532728910446, 0.01223521213978529
0.015076856128871441, 0.009995806962251663
0.028137002140283585, 0.014131833799183369
0.022963648661971092, 0.013886552304029465
0.009007571265101433, 0.007571621797978878
0.027639832347631454, 0.01585668884217739
0.028586531057953835, 0.013750551268458366
0.032447393983602524, 0.018000543117523193
0.017533935606479645, 0.011153100989758968
0.021054059267044067, 0.013943263329565525
0.007672571577131748, 0.0044649941846728325
0.010668729431927204, 0.010620294138789177
0.01733699068427086, 0.012259192764759064
0.014384397305548191, 0.011780692264437675
0.011496137827634811, 0.007879368960857391
0.01470626424998045, 0.011617615818977356
0.03909045830368996, 0.033373598009347916
0.028003308922052383, 0.024623984470963478
0.07395395636558533, 0.044359687715768814
0.03627103567123413, 0.027254555374383926
0.016431953758001328, 0.010154612362384796
0.021414106711745262, 0.012724981643259525
0.02904408797621727, 0.014324727468192577
0.01997668668627739, 0.014927636831998825
0.018289189785718918, 0.009373017586767673
0.04103083163499832, 0.023496564477682114
0.03379242122173309, 0.017460230737924576
0.025866122916340828, 0.013170353136956692
0.01514031458646059, 0.015491830185055733
0.02655399776995182, 0.019979393109679222
0.01433486957103014, 0.012416050769388676
0.015681089833378792, 0.008904299698770046
0.009916911832988262, 0.006618288345634937
0.011012830771505833, 0.00971461646258831
0.01117091067135334, 0.007622585631906986
0.013130617327988148, 0.00885248463600874
0.01692277006804943, 0.007718940731137991
0.015487689524888992, 0.009559095837175846
0.03735276311635971, 0.02658586949110031
0.016439547762274742, 0.013016137294471264
0.0227556973695755, 0.01591203175485134
0.030694816261529922, 0.015206186100840569
0.01048496924340725, 0.00837999302893877
0.026875976473093033, 0.024317363277077675
0.035376932471990585, 0.021121090278029442
0.02470383048057556, 0.014479700475931168
0.02889692224562168, 0.021833006292581558
0.007620627526193857, 0.006512784864753485
0.01368446834385395, 0.011217262595891953
0.019297441467642784, 0.01352445688098669
0.02067945897579193, 0.010352183133363724
0.020997188985347748, 0.014274060726165771
0.01364059280604124, 0.008334261365234852
0.018528230488300323, 0.012514665722846985
0.024246802553534508, 0.017782676964998245
0.030020074918866158, 0.022841336205601692
0.019532347097992897, 0.012403853237628937
0.018338322639465332, 0.01408072654157877
0.02855270728468895, 0.024229735136032104
0.02162453904747963, 0.013997316360473633
0.024667363613843918, 0.014134344644844532
0.03774479404091835, 0.01674618013203144
0.040429506450891495, 0.024975420907139778
0.026242919266223907, 0.022067541256546974
0.019002746790647507, 0.011211785487830639
0.015101051889359951, 0.010884692892432213
0.01308074314147234, 0.010146101005375385
0.017492856830358505, 0.016950402408838272
0.0353817455470562, 0.02081362158060074
0.026773372665047646, 0.016022520139813423
0.01749068684875965, 0.013711021281778812
0.02824356220662594, 0.015545581467449665
0.02550361305475235, 0.014631218276917934
0.03299605846405029, 0.016808388754725456
0.017916986718773842, 0.008492041379213333
0.014782796613872051, 0.01029226928949356
0.023082051426172256, 0.0147220054641366
0.03704309090971947, 0.019484534859657288
0.04443584010004997, 0.024793243035674095
0.02329898625612259, 0.012411457486450672
0.016394253820180893, 0.00929997768253088
0.026719413697719574, 0.01670404151082039
0.021987970918416977, 0.009487098082900047
0.024899402633309364, 0.01569577492773533
0.023163584992289543, 0.012174401432275772
0.019690513610839844, 0.015315155498683453
0.017298681661486626, 0.012295604683458805
0.02404959686100483, 0.009566245600581169
0.025508055463433266, 0.016317615285515785
0.028059521690011024, 0.01553279347717762
0.03517676517367363, 0.017855128273367882
0.03718075528740883, 0.023077335208654404
0.0204329676926136, 0.020719356834888458
0.017396945506334305, 0.008493331260979176
0.015588861890137196, 0.01080432627350092
0.018298529088497162, 0.011772776953876019
0.01937282457947731, 0.010546774603426456
0.013134022243320942, 0.011151858605444431
0.016458729282021523, 0.012678559869527817
0.011027466505765915, 0.00809874851256609
0.023139823228120804, 0.012778482399880886
0.02744165062904358, 0.017296768724918365
0.02413896471261978, 0.011876394972205162
0.036625172942876816, 0.021138910204172134
0.032981034368276596, 0.01261811051517725
0.044051896780729294, 0.02177349291741848
0.03193148598074913, 0.015259191393852234
0.008349323645234108, 0.005275249481201172
0.020352289080619812, 0.012322879396378994
0.014317727647721767, 0.008454708382487297
0.013886955566704273, 0.010313146747648716
0.036037955433130264, 0.023992883041501045
0.0323094017803669, 0.017284749075770378
0.032657720148563385, 0.01334991492331028
0.0321924164891243, 0.02069702371954918
0.020458027720451355, 0.017578279599547386
0.013488001190125942, 0.011175695806741714
0.013462173752486706, 0.012649986892938614
0.01338289212435484, 0.007911602966487408
0.012866214849054813, 0.008985472843050957
0.023618178442120552, 0.015154212713241577
0.037570398300886154, 0.01975090429186821
0.046891722828149796, 0.02544543705880642
0.034187301993370056, 0.022151753306388855
0.025470823049545288, 0.02240751124918461
0.01877409778535366, 0.011375301517546177
0.02798728458583355, 0.018422210589051247
0.023172656074166298, 0.011418354697525501
0.024893198162317276, 0.014394712634384632
0.03804534301161766, 0.022033510729670525
0.021880246698856354, 0.016218559816479683
0.0388634093105793, 0.02499019168317318
0.036686044186353683, 0.03061595745384693
0.03405184671282768, 0.02265399880707264
0.03041081316769123, 0.017174914479255676
0.009709281846880913, 0.009396092966198921
0.013790439814329147, 0.009008754976093769
0.03833761438727379, 0.025314517319202423
0.011821374297142029, 0.012735839001834393
0.02030009776353836, 0.016354892402887344
0.013397855684161186, 0.010011069476604462
0.03131293132901192, 0.020555676892399788
0.021646296605467796, 0.012600851245224476
0.02002444490790367, 0.014249429106712341
0.01808244176208973, 0.01300986297428608
0.043807219713926315, 0.02108113095164299
0.019072197377681732, 0.014941670931875706
0.019643237814307213, 0.012807642109692097
0.020399590954184532, 0.010374092496931553
0.015873707830905914, 0.008936211466789246
0.022311056032776833, 0.01327221468091011
0.013632431626319885, 0.010056656785309315
0.012273971922695637, 0.007838292047381401
0.02200734056532383, 0.013906986452639103
0.010674135759472847, 0.00849090050905943
0.03445339947938919, 0.02537594921886921
0.014687423594295979, 0.012499711476266384
0.03988143429160118, 0.02307707630097866
0.02841113694012165, 0.013141106814146042
0.07453946769237518, 0.04318842664361
0.03905203193426132, 0.03219026327133179
0.009760916233062744, 0.008160159923136234
0.01750018633902073, 0.013365195132791996
0.015416896902024746, 0.010302902199327946
0.032517869025468826, 0.019506661221385002
0.01612388715147972, 0.01380836684256792
0.02026687003672123, 0.009920918382704258
0.017038632184267044, 0.013613167218863964
0.019065750762820244, 0.014722012914717197
0.035542409867048264, 0.03295165300369263
0.02161509543657303, 0.018402038142085075
0.02343139238655567, 0.014586668461561203
0.02622683160007, 0.01230863481760025
0.014939475804567337, 0.012733321636915207
0.013798377476632595, 0.008448610082268715
0.01810070313513279, 0.01283672172576189
0.02437054179608822, 0.01644626259803772
0.014556346461176872, 0.011754566803574562
0.034829217940568924, 0.019960759207606316
0.030987448990345, 0.013192967511713505
0.023782966658473015, 0.015326926484704018
0.017844244837760925, 0.010172901675105095
0.013126817531883717, 0.011051824316382408
0.019337771460413933, 0.012224772945046425
0.021004382520914078, 0.016960015520453453
0.020612575113773346, 0.014652237296104431
0.021293817088007927, 0.010879533365368843
0.018800038844347, 0.015768004581332207
0.0213723536580801, 0.012986800633370876
0.0443817600607872, 0.021913770586252213
0.0363805815577507, 0.022942200303077698
0.022247225046157837, 0.019833628088235855
0.01763482391834259, 0.0110029187053442
0.043356090784072876, 0.025349002331495285
0.045852892100811005, 0.026561541482806206
0.013858196325600147, 0.012286136858165264
0.020275581628084183, 0.016111252829432487
0.019020723178982735, 0.014057273976504803
0.019618310034275055, 0.014411820098757744
0.009323474951088428, 0.008837027475237846
0.0194880161434412, 0.015421667136251926
0.020285626873373985, 0.01336854137480259
0.02336953766644001, 0.01580190472304821
0.018426695838570595, 0.013501064851880074
0.018675239756703377, 0.009408460929989815
0.018834538757801056, 0.013618054799735546
0.020680798217654228, 0.012269466184079647
0.018894994631409645, 0.013867598958313465
0.034639518707990646, 0.019206909462809563
0.021137811243534088, 0.02331412024796009
0.01956366002559662, 0.013754921965301037
0.015058472752571106, 0.010017997585237026
0.015710482373833656, 0.010538189671933651
0.0328376479446888, 0.013916133902966976
0.02519654668867588, 0.014468761160969734
0.03349483758211136, 0.014155101962387562
0.012747647240757942, 0.008620375767350197
0.018727732822299004, 0.013159465044736862
0.04655761271715164, 0.029376238584518433
0.02395590953528881, 0.015830323100090027
0.01357708778232336, 0.009003069251775742
0.018316123634576797, 0.011765087954699993
0.014908005483448505, 0.009105158038437366
0.014759019017219543, 0.011248959228396416
0.02703140676021576, 0.01807861402630806
0.028407543897628784, 0.01822817325592041
0.01845511794090271, 0.012985169887542725
0.022673115134239197, 0.016260311007499695
0.021311618387699127, 0.013414023444056511
0.014324622228741646, 0.010183350183069706
0.0143532520160079, 0.012979423627257347
0.012512349523603916, 0.007827169261872768
0.03058871068060398, 0.01856582798063755
0.02058904990553856, 0.01708236336708069
0.027454746887087822, 0.017545228824019432
0.035608623176813126, 0.022879472002387047
0.026336634531617165, 0.02378791756927967
0.01426662690937519, 0.01272532157599926
0.029472341760993004, 0.022087378427386284
0.03453414514660835, 0.017553281038999557
0.038784462958574295, 0.027492117136716843
0.04907185211777687, 0.0311464574187994
0.0432104654610157, 0.02117314375936985
0.03863878920674324, 0.023206816986203194
0.05238468572497368, 0.026406534016132355
0.04090649262070656, 0.022519424557685852
0.018449340015649796, 0.014248136430978775
0.03888987377285957, 0.01842329651117325
0.05522383749485016, 0.03272484242916107
0.046196334064006805, 0.028130145743489265
0.025137435644865036, 0.018006544560194016
0.02939908392727375, 0.02183125540614128
0.031047996133565903, 0.016742991283535957
0.014548891223967075, 0.011522314511239529
0.01564193144440651, 0.014414233155548573
0.03195095434784889, 0.023753179237246513
0.01837683469057083, 0.013610833324491978
0.019106516614556313, 0.016455598175525665
0.030849797651171684, 0.016294097527861595
0.033059705048799515, 0.022047845646739006
0.044947393238544464, 0.021741079166531563
0.08085542172193527, 0.042686522006988525
0.05223534628748894, 0.0286281555891037
0.02202789857983589, 0.014977365732192993
0.023703904822468758, 0.016628675162792206
0.02722978964447975, 0.016853583976626396
0.04503374174237251, 0.03002301976084709
0.02588037960231304, 0.017592869699001312
0.02591872587800026, 0.018022827804088593
0.028221765533089638, 0.014867662452161312
0.02264152094721794, 0.02099527046084404
0.025727976113557816, 0.015003455802798271
0.022337516769766808, 0.01573425717651844
0.029539503157138824, 0.01909768208861351
0.05669741705060005, 0.03566805273294449
0.0552765317261219, 0.03052976168692112
0.042773645371198654, 0.024516167119145393
0.05351324751973152, 0.031731877475976944
0.0376632995903492, 0.018664348870515823
0.022098377346992493, 0.013315293937921524
0.021774599328637123, 0.012663712725043297
0.04392780736088753, 0.02385418675839901
0.03810403496026993, 0.026209907606244087
0.04436551034450531, 0.028902707621455193
0.03143144026398659, 0.01942312717437744
0.049857910722494125, 0.032691698521375656
0.01673080399632454, 0.010999058373272419
0.03449036926031113, 0.021527092903852463
0.03207748383283615, 0.01716862991452217
0.021770501509308815, 0.01733246259391308
0.02831299416720867, 0.013855085708200932
0.04413441941142082, 0.028128016740083694
0.03219185769557953, 0.023268235847353935
0.025578832253813744, 0.01730494759976864
0.03956114873290062, 0.025993498042225838
0.022351093590259552, 0.015694428235292435
0.0508679524064064, 0.0333242304623127
0.05149015411734581, 0.02921638824045658
0.06020849198102951, 0.042071569710969925
0.053833723068237305, 0.03476179018616676
0.031803686171770096, 0.016990339383482933
0.023095468059182167, 0.017360026016831398
0.046273473650217056, 0.03383392095565796
0.04491734132170677, 0.021863017231225967
0.05430984124541283, 0.0323949009180069
0.059069838374853134, 0.03481360152363777
0.06024247407913208, 0.03689640015363693
0.057033054530620575, 0.030465995892882347
0.039706695824861526, 0.027451207861304283
0.053906187415122986, 0.040050387382507324
