mean, std
0.10766787827014923, 0.08413997292518616
0.07436665892601013, 0.04213390499353409
0.06806722283363342, 0.03765733167529106
0.09188409149646759, 0.07223594188690186
0.08616412431001663, 0.05503258481621742
0.11738760024309158, 0.07387661188840866
0.0920797735452652, 0.07374314218759537
0.17960400879383087, 0.08544646203517914
0.1498253047466278, 0.06702928990125656
0.09710454940795898, 0.04119335487484932
0.07466403394937515, 0.03767775371670723
0.051305145025253296, 0.027002008631825447
0.03434770181775093, 0.010461948812007904
0.0202452652156353, 0.010513251647353172
0.02430381253361702, 0.011387962847948074
0.015273019671440125, 0.007566805928945541
0.01768239587545395, 0.007696095854043961
0.01616504229605198, 0.0076286219991743565
0.01849963515996933, 0.00823155976831913
0.030239254236221313, 0.015156152658164501
0.017735878005623817, 0.012853735126554966
0.02778785489499569, 0.01317660789936781
0.02023555338382721, 0.01023867353796959
0.02145087532699108, 0.010391510091722012
0.025705808773636818, 0.011218497529625893
0.023911787196993828, 0.011782843619585037
0.021613888442516327, 0.007512467447668314
0.028645554557442665, 0.012236377224326134
0.01542141567915678, 0.008189667016267776
0.020265953615307808, 0.012627150863409042
0.017364371567964554, 0.008504035882651806
0.01658404804766178, 0.0059429737739264965
0.018560083582997322, 0.006740134675055742
0.010720988735556602, 0.0061886925250291824
0.01246540155261755, 0.007039377465844154
0.016316527500748634, 0.007777391467243433
0.015332011505961418, 0.008224517107009888
0.014217925257980824, 0.007129039615392685
0.015073289163410664, 0.005888397805392742
0.016573723405599594, 0.008146480657160282
0.013932251371443272, 0.008526808582246304
0.020551985129714012, 0.010237148031592369
0.01804698258638382, 0.006067168898880482
0.017677756026387215, 0.009679942391812801
0.012441479600965977, 0.005661434028297663
0.009736908599734306, 0.005422673653811216
0.013213981874287128, 0.008981989696621895
0.012131286785006523, 0.008505767211318016
0.010059424676001072, 0.007122604642063379
0.018214507028460503, 0.00877401139587164
0.02872409112751484, 0.01185112725943327
0.04023382440209389, 0.019016463309526443
0.033156540244817734, 0.014519469812512398
0.024730756878852844, 0.01597806066274643
0.012075033970177174, 0.006983821280300617
0.009263989515602589, 0.0064545306377112865
0.013946503400802612, 0.005678272806107998
0.011744986288249493, 0.005746736191213131
0.01245339959859848, 0.006234573666006327
0.01767575927078724, 0.008303318172693253
0.016603585332632065, 0.009288293309509754
0.019188273698091507, 0.012530957348644733
0.019375529140233994, 0.00767342746257782
0.016549132764339447, 0.008163549937307835
0.03897086903452873, 0.02382628060877323
0.02566198818385601, 0.019006306305527687
0.018164416775107384, 0.00854214932769537
0.013719392009079456, 0.008423276245594025
0.012033400125801563, 0.005810768809169531
0.012179604731500149, 0.00825454667210579
0.009922388941049576, 0.006251507438719273
0.015814917162060738, 0.0078592449426651
0.015821436420083046, 0.010281525552272797
0.012169674970209599, 0.006177672650665045
0.007160170469433069, 0.0034305176232010126
0.012350753881037235, 0.005208910908550024
0.012839910574257374, 0.0074063073843717575
0.012613006867468357, 0.0072746179066598415
0.015560020692646503, 0.009170791134238243
0.014183697290718555, 0.006455560214817524
0.006275839172303677, 0.0032923282124102116
0.01683824695646763, 0.009654371067881584
0.014306300319731236, 0.004806916695088148
0.017625506967306137, 0.009465985931456089
0.018389910459518433, 0.006601238157600164
0.021633336320519447, 0.007971472106873989
0.020491773262619972, 0.013144612312316895
0.029743101447820663, 0.011512534692883492
0.01779463328421116, 0.005755421705543995
0.022513067349791527, 0.010767308063805103
0.016028685495257378, 0.00676334323361516
0.020066529512405396, 0.010013280436396599
0.027414627373218536, 0.013348456472158432
0.038087353110313416, 0.0167219340801239
0.022595766931772232, 0.006800082046538591
0.021079713478684425, 0.00947923306375742
0.02087424136698246, 0.007056797854602337
0.014285051263868809, 0.0052094426937401295
0.016479624435305595, 0.0056268502958118916
0.01812579669058323, 0.0066286372020840645
0.01674947701394558, 0.006830465979874134
0.016301022842526436, 0.0047208331525325775
0.031180189922451973, 0.012068087235093117
0.02580859512090683, 0.008025440387427807
0.0188616830855608, 0.006543861236423254
0.023364324122667313, 0.008939485065639019
0.027634525671601295, 0.010682758875191212
0.025940701365470886, 0.00764094153419137
0.021192530170083046, 0.006976093631237745
0.021396171301603317, 0.009128757752478123
0.02187984250485897, 0.008223003707826138
0.021292943507432938, 0.008487239480018616
0.02407008782029152, 0.011052623391151428
0.026399726048111916, 0.01128509920090437
0.03140892833471298, 0.011375156231224537
0.024943189695477486, 0.007694769185036421
0.02552829682826996, 0.008338864892721176
0.027230817824602127, 0.01101650856435299
0.027504349127411842, 0.010588354431092739
0.030510373413562775, 0.00929289497435093
0.026318933814764023, 0.011407201178371906
0.02157738246023655, 0.007208914961665869
0.022840194404125214, 0.009798378683626652
0.026063477620482445, 0.010530398227274418
0.025432387366890907, 0.008965883404016495
0.027450568974018097, 0.011878639459609985
0.025213466957211494, 0.009290426969528198
0.022454509511590004, 0.008487451821565628
0.025413688272237778, 0.010322273708879948
0.029812315478920937, 0.012154676951467991
0.029098309576511383, 0.008267199620604515
0.027508903294801712, 0.009248699061572552
0.02758088707923889, 0.009063197299838066
0.031022245064377785, 0.011065655387938023
0.03528052195906639, 0.01467273011803627
0.0419265441596508, 0.015394434332847595
0.0327991247177124, 0.010754660703241825
0.03715578466653824, 0.015484564937651157
0.0292208269238472, 0.007048864383250475
0.02725539542734623, 0.010815178975462914
0.03098461963236332, 0.012488110922276974
0.025593163445591927, 0.007429619785398245
0.032575804740190506, 0.013181647285819054
0.02702193707227707, 0.011826164089143276
0.037626493722200394, 0.015699688345193863
0.029146572574973106, 0.00750541128218174
0.041071802377700806, 0.022843528538942337
0.08654004335403442, 0.0430019237101078
0.038831405341625214, 0.014215251430869102
0.03478571027517319, 0.010898035950958729
0.031157828867435455, 0.009832346811890602
0.03672106936573982, 0.009429331868886948
0.06670212000608444, 0.042498376220464706
0.08268953859806061, 0.03049566224217415
0.11380982398986816, 0.05132337287068367
0.12487729638814926, 0.04959028586745262
0.15070681273937225, 0.06469889730215073
0.23339229822158813, 0.11134543269872665
0.14014489948749542, 0.06377484649419785
0.1275634467601776, 0.03029368631541729
0.11475060880184174, 0.04320073872804642
0.12278609722852707, 0.04088155925273895
0.09667837619781494, 0.03428813815116882
0.1541317105293274, 0.06257247924804688
0.14298053085803986, 0.0582340732216835
0.15484189987182617, 0.04425701126456261
0.1246766522526741, 0.05208338052034378
0.11955816298723221, 0.05234341695904732
0.10243993252515793, 0.03938950225710869
0.15461865067481995, 0.04521775245666504
0.20588012039661407, 0.07058024406433105
0.13203373551368713, 0.05150153860449791
0.13764329254627228, 0.05668298527598381
0.09814462065696716, 0.029765821993350983
0.10207396000623703, 0.046333469450473785
0.0961303636431694, 0.034437790513038635
0.11856072396039963, 0.03978251665830612
0.12004600465297699, 0.04812447354197502
0.11160813271999359, 0.04864613711833954
0.08296537399291992, 0.03720657527446747
0.09127114713191986, 0.038377244025468826
0.08744335174560547, 0.034382689744234085
0.13957342505455017, 0.054077088832855225
0.12441538274288177, 0.05678679421544075
0.0991855263710022, 0.03003930114209652
0.07675842195749283, 0.02278134413063526
0.10108000040054321, 0.03719443082809448
0.09654082357883453, 0.034959517419338226
0.07323402911424637, 0.02506842091679573
0.08089353144168854, 0.032079290598630905
0.08269435912370682, 0.03252877667546272
0.0752798542380333, 0.030003150925040245
0.10326037555932999, 0.026378821581602097
0.11942277103662491, 0.04448220506310463
0.09849878400564194, 0.03298457711935043
0.0666578859090805, 0.021271461620926857
0.10175318270921707, 0.033953454345464706
0.11318083852529526, 0.04266379773616791
0.09577669203281403, 0.05414403975009918
0.08159645646810532, 0.031099777668714523
0.08455965667963028, 0.03588007763028145
0.07240980863571167, 0.027231518179178238
0.08428533375263214, 0.03114398755133152
0.09306556731462479, 0.0434587188065052
0.06679581105709076, 0.028438076376914978
0.0758368968963623, 0.04896589741110802
0.08628218621015549, 0.048588406294584274
0.09412448853254318, 0.034334030002355576
0.10103793442249298, 0.0403088741004467
0.06205613911151886, 0.027913926169276237
0.05871370807290077, 0.0112455440685153
0.08389098942279816, 0.029812399297952652
0.11269751191139221, 0.04305172711610794
0.06919301301240921, 0.03385789319872856
0.06769470125436783, 0.031906768679618835
0.07086213678121567, 0.026806633919477463
0.0754099115729332, 0.02717428095638752
0.09528820961713791, 0.03306354954838753
0.10135847330093384, 0.03913402184844017
0.08922934532165527, 0.03970101475715637
0.06628374010324478, 0.026617158204317093
0.07381490617990494, 0.0199604332447052
0.08810905367136002, 0.03683669492602348
0.06930864602327347, 0.03573032096028328
0.07602201402187347, 0.030633440241217613
0.06841397285461426, 0.031169839203357697
0.06938762962818146, 0.03738084435462952
0.07451681792736053, 0.029665902256965637
0.09501621127128601, 0.030071070417761803
0.07350573688745499, 0.03369194269180298
0.07605816423892975, 0.025600876659154892
0.09475342184305191, 0.03492896631360054
0.07846999913454056, 0.03986943140625954
0.09102826565504074, 0.040136873722076416
0.06884162873029709, 0.029774650931358337
0.07677848637104034, 0.0256182998418808
0.07918531447649002, 0.02500510774552822
0.06682921946048737, 0.03717268630862236
0.0750497505068779, 0.0386774055659771
0.06357332319021225, 0.01859998144209385
0.08718196302652359, 0.029371190816164017
0.0807422623038292, 0.029969781637191772
0.09657450765371323, 0.041639335453510284
0.08002400398254395, 0.02163088135421276
0.08092577010393143, 0.03595642000436783
0.06174232438206673, 0.023920221254229546
0.08366654813289642, 0.033255934715270996
0.08164927363395691, 0.030975721776485443
0.0774259865283966, 0.034204788506031036
0.09212691336870193, 0.019222667440772057
0.07377666234970093, 0.021002355962991714
0.0961056798696518, 0.041480354964733124
0.06947126984596252, 0.028671646490693092
0.07795257866382599, 0.030908819288015366
0.06489215046167374, 0.02594081126153469
0.0650751143693924, 0.029839081689715385
0.06838363409042358, 0.03382091969251633
0.0744556114077568, 0.058613043278455734
0.07225850969552994, 0.02508724108338356
0.07439109683036804, 0.026429204270243645
0.07481703907251358, 0.029811689630150795
0.0679837241768837, 0.03804014250636101
0.08154398947954178, 0.021112490445375443
0.08235247433185577, 0.036691050976514816
0.0883118137717247, 0.04153449088335037
0.07570310682058334, 0.024519456550478935
0.0872369259595871, 0.04135699197649956
0.08421540260314941, 0.027670932933688164
0.07346813380718231, 0.028931019827723503
0.0792100802063942, 0.020558543503284454
0.04913696274161339, 0.014076663181185722
0.08381819725036621, 0.04898727312684059
0.07467666268348694, 0.025913110002875328
0.06898552924394608, 0.022097045555710793
0.06426846981048584, 0.020355843007564545
0.06189696118235588, 0.022351471707224846
0.059092529118061066, 0.02099817618727684
0.058192718774080276, 0.024158276617527008
0.059657707810401917, 0.018372394144535065
0.09724283218383789, 0.03623256832361221
0.08707902580499649, 0.04079289361834526
0.0803181454539299, 0.04922892153263092
0.07095407694578171, 0.03684677556157112
0.0626041516661644, 0.02435440942645073
0.07248367369174957, 0.03654642030596733
0.08748934417963028, 0.027688343077898026
0.0780131071805954, 0.029137101024389267
0.07775083929300308, 0.0321517176926136
0.08308426290750504, 0.03203272819519043
0.0732768103480339, 0.0330621711909771
0.06682547181844711, 0.02353239245712757
0.06457788497209549, 0.02365472912788391
0.06740933656692505, 0.02349727973341942
0.059727516025304794, 0.03913162648677826
0.05773786082863808, 0.028173748403787613
0.06311381608247757, 0.02691962942481041
0.06234758347272873, 0.02429165504872799
0.06696167588233948, 0.028248535469174385
0.07357034832239151, 0.03253892809152603
0.07408826053142548, 0.02312310039997101
0.07710499316453934, 0.040915023535490036
0.08082019537687302, 0.03618604689836502
0.08588825166225433, 0.03284480422735214
0.0767585039138794, 0.033540643751621246
0.08534889668226242, 0.03486267849802971
0.07134983688592911, 0.03194272890686989
0.07902704179286957, 0.026466066017746925
0.09132388234138489, 0.04032318666577339
0.07402254641056061, 0.03409329801797867
0.08649645000696182, 0.022659825161099434
0.05951380729675293, 0.02894125133752823
0.06336849927902222, 0.025644341483712196
0.07113666087388992, 0.021696198731660843
0.0714002475142479, 0.03211313113570213
0.06671593338251114, 0.030612261965870857
0.07348930090665817, 0.04089118912816048
0.08427798002958298, 0.03603048250079155
0.06602948904037476, 0.03609233349561691
0.06750304251909256, 0.032610196620225906
0.06238316372036934, 0.030962157994508743
0.08024060726165771, 0.026518739759922028
0.06575167924165726, 0.024888435378670692
0.056038372218608856, 0.017642853781580925
0.08810979127883911, 0.02992927096784115
0.0804116278886795, 0.029927747324109077
0.08016742020845413, 0.03166099265217781
0.05661829933524132, 0.021887661889195442
0.08142689615488052, 0.04075096175074577
0.07435440272092819, 0.025135833770036697
0.07607665657997131, 0.027706798166036606
0.06777317821979523, 0.03362205624580383
0.06298203021287918, 0.03932912275195122
0.04562494531273842, 0.01770300604403019
0.06038685142993927, 0.031662728637456894
0.05352522060275078, 0.030360069125890732
0.057251766324043274, 0.02411038801074028
0.059159476310014725, 0.022841349244117737
0.05351388081908226, 0.018263988196849823
0.059947192668914795, 0.027727339416742325
0.08802879601716995, 0.04842347651720047
0.09689203649759293, 0.028483953326940536
0.10573209077119827, 0.03908620774745941
0.08284292370080948, 0.04011727496981621
0.06423813104629517, 0.02542571909725666
0.06347104907035828, 0.01959814317524433
0.06526271998882294, 0.024549083784222603
0.05952060967683792, 0.029930682852864265
0.06463479995727539, 0.026716411113739014
0.0698932334780693, 0.025039736181497574
0.06012445688247681, 0.022052526473999023
0.05173947289586067, 0.017524059861898422
0.056248314678668976, 0.01874365843832493
0.05774461477994919, 0.027445180341601372
0.06003716215491295, 0.026346441358327866
0.06549908965826035, 0.03366469964385033
0.07354307174682617, 0.03684443235397339
0.054654769599437714, 0.02454681135714054
0.058055195957422256, 0.02756025642156601
0.06907214969396591, 0.021122144535183907
0.0628567710518837, 0.029100190848112106
0.05727151408791542, 0.023368198424577713
0.07763385027647018, 0.03293692320585251
0.06264843046665192, 0.024008573964238167
0.06814663112163544, 0.03250453248620033
0.059844475239515305, 0.027330812066793442
0.054314013570547104, 0.027805974707007408
0.05602363124489784, 0.02392653003334999
0.07723139226436615, 0.033539067953825
0.07145964354276657, 0.025867823511362076
0.0667671263217926, 0.021676819771528244
0.08184946328401566, 0.021396905183792114
0.05496659502387047, 0.018102489411830902
0.06932960450649261, 0.026495443657040596
0.06699217110872269, 0.021535629406571388
0.06190807372331619, 0.0257731843739748
0.0748414546251297, 0.02109891176223755
0.07486167550086975, 0.023123661056160927
0.06638679653406143, 0.028084076941013336
0.07690157741308212, 0.030008459463715553
0.04848959669470787, 0.017504939809441566
0.05935634672641754, 0.01662343740463257
0.07665450125932693, 0.027124185115098953
0.06461074948310852, 0.0318685844540596
0.07879612594842911, 0.03278757631778717
0.05900298431515694, 0.02103719301521778
0.06517914682626724, 0.03062411956489086
0.06193538010120392, 0.030407510697841644
0.06068909168243408, 0.02896701544523239
0.05615609139204025, 0.031293775886297226
0.06514843553304672, 0.03072211891412735
0.056274063885211945, 0.02037862315773964
0.05838870257139206, 0.025438422337174416
0.04856032505631447, 0.01781413145363331
0.06900189071893692, 0.023451779037714005
0.06623642891645432, 0.030002586543560028
0.052464939653873444, 0.02166430465877056
0.05448451265692711, 0.020313622429966927
0.06281979382038116, 0.020168881863355637
0.05593051016330719, 0.021060073748230934
0.08310340344905853, 0.04578828439116478
0.061972618103027344, 0.02303224429488182
0.06341952830553055, 0.023205474019050598
0.07134626060724258, 0.019085945561528206
0.08752159029245377, 0.03479423373937607
0.06988104432821274, 0.029621614143252373
0.06374169141054153, 0.024532219395041466
0.0597190335392952, 0.024971019476652145
0.0638490542769432, 0.019314976409077644
0.07312875241041183, 0.0312638133764267
0.05948891118168831, 0.026911919936537743
0.0609288215637207, 0.023227157071232796
0.0692427009344101, 0.027068188413977623
0.06645236909389496, 0.027949802577495575
0.06387366354465485, 0.02630459889769554
0.06459689140319824, 0.0297626294195652
0.06263542175292969, 0.028512900695204735
0.05411294475197792, 0.019212141633033752
0.07220456749200821, 0.0381152518093586
0.06011061742901802, 0.03118881583213806
0.05392608046531677, 0.022707799449563026
0.04495074227452278, 0.017297888174653053
0.07075637578964233, 0.043487515300512314
0.05842936784029007, 0.01961805485188961
0.06784085184335709, 0.019305426627397537
0.05976300686597824, 0.02069634385406971
0.05422154441475868, 0.03223515674471855
0.06264548748731613, 0.02028650976717472
0.040651533752679825, 0.013108414597809315
0.05804624781012535, 0.03024570643901825
0.06776685267686844, 0.019414199516177177
0.05782708153128624, 0.019970448687672615
0.06737399101257324, 0.02890474908053875
0.06959398835897446, 0.03552484139800072
0.04951523244380951, 0.019468611106276512
0.04935694485902786, 0.019186651334166527
0.06235378980636597, 0.027456995099782944
0.058881018310785294, 0.0336872823536396
0.06380625069141388, 0.02447640150785446
0.0666772797703743, 0.033802781254053116
0.044463057070970535, 0.016622187569737434
0.06546059995889664, 0.02728121541440487
0.05718500167131424, 0.01901082694530487
0.07375666499137878, 0.029848819598555565
0.06731607019901276, 0.033892061561346054
0.060789890587329865, 0.022040465846657753
0.05262323096394539, 0.017605029046535492
0.06310892105102539, 0.03218084201216698
0.07815076410770416, 0.031038839370012283
0.06546685099601746, 0.023944316431879997
0.05471266806125641, 0.0310595091432333
0.06054209917783737, 0.026476366445422173
0.04911503940820694, 0.020878871902823448
0.06291019171476364, 0.02560986578464508
0.06671717762947083, 0.020904969424009323
0.07044533640146255, 0.03436509892344475
0.06105967238545418, 0.030332405120134354
0.05941307544708252, 0.028045084327459335
0.05239877849817276, 0.020364759489893913
0.06411365419626236, 0.035063907504081726
0.06395820528268814, 0.028390316292643547
0.06314897537231445, 0.023371227085590363
0.05112743377685547, 0.020681925117969513
0.06058796867728233, 0.025909557938575745
0.06482096761465073, 0.033250752836465836
0.058148715645074844, 0.020043445751070976
0.06964556127786636, 0.030816994607448578
0.057807546108961105, 0.025033319368958473
0.06614789366722107, 0.027503294870257378
0.07323437184095383, 0.025949012488126755
0.0566248781979084, 0.023986004292964935
0.057584431022405624, 0.020551132038235664
0.052476562559604645, 0.03259165585041046
0.05222746729850769, 0.02082391269505024
0.07330837100744247, 0.03112705796957016
0.05842527374625206, 0.01932891458272934
0.053530506789684296, 0.026696152985095978
0.058997590094804764, 0.01683679036796093
0.05701367184519768, 0.018252229318022728
0.06414712965488434, 0.02090117521584034
0.07227669656276703, 0.034551702439785004
0.06598857790231705, 0.02659277804195881
0.07036733627319336, 0.03109515644609928
0.06886333972215652, 0.04610216245055199
0.055068545043468475, 0.022816257551312447
0.05364018306136131, 0.0296284481883049
0.057378556579351425, 0.025459209457039833
0.052200693637132645, 0.018564075231552124
0.05674784258008003, 0.021938705816864967
0.060124900192022324, 0.021338114514946938
0.055363040417432785, 0.02240697667002678
0.066731758415699, 0.02928140200674534
0.06823883950710297, 0.024820726364850998
0.08616794645786285, 0.03323335200548172
0.08264141529798508, 0.03853167966008186
0.05287385731935501, 0.025952598080039024
0.050579771399497986, 0.01751798577606678
0.06236547976732254, 0.02675868198275566
0.07056575268507004, 0.05636124685406685
0.06836317479610443, 0.044456396251916885
0.07269002497196198, 0.027374189347028732
0.056357529014348984, 0.02836748957633972
0.0611870214343071, 0.0176951065659523
0.06767602264881134, 0.02464478835463524
0.06322354078292847, 0.02889649197459221
0.06342343240976334, 0.029055465012788773
0.06796102970838547, 0.03280411660671234
0.09373710304498672, 0.03749005123972893
0.1010626032948494, 0.03897862136363983
0.06499890238046646, 0.02883775718510151
0.06768183410167694, 0.04793952777981758
0.06726652383804321, 0.025526368990540504
0.05433138459920883, 0.027943667024374008
0.06856299191713333, 0.031137943267822266
0.07198509573936462, 0.024852236732840538
0.07366451621055603, 0.032145459204912186
0.05723549425601959, 0.023371119052171707
0.058130450546741486, 0.022137654945254326
0.05850738286972046, 0.023291705176234245
0.05537593737244606, 0.026837937533855438
0.05385250598192215, 0.01806613616645336
0.06030713766813278, 0.030741410329937935
0.06840986013412476, 0.03783616051077843
0.06350304186344147, 0.02363218553364277
0.05937095358967781, 0.040296636521816254
0.0653052106499672, 0.02487081103026867
0.06885998696088791, 0.02095942571759224
0.06748609244823456, 0.02236277051270008
0.05003045126795769, 0.01900762878358364
0.06418099999427795, 0.02341407723724842
0.06462877988815308, 0.023127267137169838
0.055268365889787674, 0.03192010521888733
0.060812726616859436, 0.028355678543448448
0.06172911450266838, 0.024629026651382446
0.049107626080513, 0.017559409141540527
0.06747055053710938, 0.028633102774620056
0.0563381128013134, 0.020520586520433426
0.062241289764642715, 0.026222314685583115
0.041186679154634476, 0.014797084033489227
0.07141280174255371, 0.029885519295930862
0.0599830225110054, 0.024290069937705994
0.06642141938209534, 0.023990381509065628
0.049367260187864304, 0.018314694985747337
0.050231289118528366, 0.019622717052698135
0.059501759707927704, 0.03119554929435253
0.04851006343960762, 0.024076828733086586
0.06816709786653519, 0.033854223787784576
0.06948529928922653, 0.026376407593488693
0.07212204486131668, 0.03189944848418236
0.06198602169752121, 0.03387823700904846
0.054638803005218506, 0.030055392533540726
0.04488925263285637, 0.013296260498464108
0.05831297114491463, 0.02186186984181404
0.059342775493860245, 0.03350682184100151
0.07325587421655655, 0.027050187811255455
0.06387868523597717, 0.01580880954861641
0.06762203574180603, 0.029680706560611725
0.07096561789512634, 0.022107010707259178
0.0678875520825386, 0.026797344908118248
0.06325477361679077, 0.02629780024290085
0.06519638746976852, 0.03604810684919357
0.07494908571243286, 0.03522615507245064
0.056918688118457794, 0.019812608137726784
0.05217711254954338, 0.02417740598320961
0.05600615218281746, 0.021631823852658272
0.06205499917268753, 0.02621378004550934
0.05644475296139717, 0.02980051562190056
0.07176075130701065, 0.018790362402796745
0.07361432164907455, 0.032821252942085266
0.08457151800394058, 0.03683330863714218
0.061807069927453995, 0.02710859850049019
0.05753578245639801, 0.020439861342310905
0.05845283716917038, 0.024738093838095665
0.05803012102842331, 0.03595719486474991
0.06681191921234131, 0.027927031740546227
0.05912407860159874, 0.030021702870726585
0.07110653817653656, 0.02654648944735527
0.08683489263057709, 0.045393794775009155
0.06391067057847977, 0.024527354165911674
0.0628662258386612, 0.025120439007878304
0.0739542692899704, 0.030263276770710945
0.056478627026081085, 0.027635199949145317
0.052073944360017776, 0.02660498023033142
0.057379234582185745, 0.0304129496216774
0.04974967986345291, 0.027919454500079155
0.04579799249768257, 0.021943937987089157
0.0675554946064949, 0.03403268754482269
0.06613484770059586, 0.02990574762225151
0.057607728987932205, 0.029457006603479385
0.08262534439563751, 0.030490823090076447
0.06178506091237068, 0.023225033655762672
0.0640546903014183, 0.038568079471588135
0.07217161357402802, 0.029509544372558594
0.06882140040397644, 0.024410072714090347
0.06552215665578842, 0.030251799151301384
0.05733034387230873, 0.018741264939308167
0.05072004348039627, 0.0247841514647007
0.04172274097800255, 0.01679818332195282
0.06894196569919586, 0.03079412318766117
0.06674950569868088, 0.019498340785503387
0.05623304098844528, 0.026021229103207588
0.06159563735127449, 0.02692176215350628
0.044583968818187714, 0.02175416238605976
0.04667512699961662, 0.021604711189866066
0.06181158125400543, 0.02467895857989788
0.05341959744691849, 0.018633035942912102
0.06713776290416718, 0.040034156292676926
0.06225654110312462, 0.029199060052633286
0.05992153659462929, 0.023822283372282982
0.07433121651411057, 0.027463503181934357
0.07042792439460754, 0.03374510258436203
0.06442442536354065, 0.043300561606884
0.0729764774441719, 0.034960802644491196
0.06898299604654312, 0.038017433136701584
0.057646386325359344, 0.022964857518672943
0.06688617914915085, 0.03018706850707531
0.06203165277838707, 0.019922086969017982
0.057746708393096924, 0.01804858259856701
0.05687117576599121, 0.02413179725408554
0.05384537950158119, 0.018943114206194878
0.044607680290937424, 0.013263385742902756
0.06409678608179092, 0.02464182861149311
0.048992376774549484, 0.030017364770174026
0.05218741297721863, 0.013684225268661976
0.06179405003786087, 0.023062366992235184
0.05301623418927193, 0.02676454745233059
0.054802048951387405, 0.020523138344287872
0.057020023465156555, 0.02594650909304619
0.050005458295345306, 0.025971608236432076
0.049304891377687454, 0.03132346644997597
0.05759959667921066, 0.018505755811929703
0.045176923274993896, 0.01799820549786091
0.05190602317452431, 0.024346036836504936
0.04378879815340042, 0.017917290329933167
0.05029480904340744, 0.018740784376859665
0.07183296978473663, 0.03407415375113487
0.07271687686443329, 0.020220983773469925
0.0630464106798172, 0.02370002679526806
0.06620222330093384, 0.025627372786402702
0.06178213655948639, 0.02655825950205326
0.05704483017325401, 0.0197184719145298
0.056459419429302216, 0.027945926412940025
0.06219242885708809, 0.02864028699696064
0.07243752479553223, 0.02950935997068882
0.05696729198098183, 0.0236700139939785
0.07059688121080399, 0.025628605857491493
0.05384330078959465, 0.02471046894788742
0.05611143633723259, 0.04179490730166435
0.03877134621143341, 0.016413666307926178
0.0495951883494854, 0.014187537133693695
0.0575881153345108, 0.024712136015295982
0.08250293880701065, 0.04734134301543236
0.06801608949899673, 0.031926460564136505
0.06874316185712814, 0.02436872571706772
0.06773760169744492, 0.02671065926551819
0.0799865648150444, 0.034806132316589355
0.06605497002601624, 0.027309978380799294
0.04786435142159462, 0.01296697836369276
0.06110157445073128, 0.028219087049365044
0.0712251141667366, 0.03549470752477646
0.06427208334207535, 0.03268184885382652
0.04958924278616905, 0.023460976779460907
0.07761436700820923, 0.03540768474340439
0.05905056744813919, 0.032298918813467026
0.07118586450815201, 0.037664640694856644
0.055080246180295944, 0.021183516830205917
0.049521345645189285, 0.026413537561893463
0.06749147176742554, 0.02608993649482727
0.060887064784765244, 0.03184788301587105
0.06582462042570114, 0.020945368334650993
0.06274982541799545, 0.027888476848602295
0.05654096603393555, 0.025243381038308144
0.05672108009457588, 0.032175417989492416
0.05475817620754242, 0.025930972769856453
0.050291407853364944, 0.01743263751268387
0.06640491634607315, 0.04486394673585892
0.07426774501800537, 0.032646965235471725
0.07076335698366165, 0.028361065313220024
0.056065645068883896, 0.020993640646338463
0.061287879943847656, 0.02370884083211422
0.055903639644384384, 0.027817603200674057
0.09460621327161789, 0.04345560818910599
0.075347401201725, 0.03105762228369713
0.06392904371023178, 0.03131648153066635
0.06106599047780037, 0.03121892921626568
0.08176707476377487, 0.06332939863204956
0.07636095583438873, 0.03238473832607269
0.053653329610824585, 0.023306742310523987
0.050161950290203094, 0.01562355738133192
0.05796711891889572, 0.03114316239953041
0.05565857142210007, 0.02248677983880043
0.06508096307516098, 0.031294532120227814
0.05733073502779007, 0.021248701959848404
0.05827963352203369, 0.025422658771276474
0.08752154558897018, 0.04001450166106224
0.04340803250670433, 0.011123357340693474
0.05796632543206215, 0.0423009879887104
0.057705357670784, 0.027407707646489143
0.06503334641456604, 0.03493557497859001
0.06932258605957031, 0.020614854991436005
0.09299077838659286, 0.04464872553944588
0.06132188066840172, 0.03297955542802811
0.05911080911755562, 0.021053161472082138
0.05752237141132355, 0.020419051870703697
0.08071664720773697, 0.027008632197976112
0.0741940289735794, 0.03733500838279724
0.05011267960071564, 0.020757056772708893
0.05478153005242348, 0.018991058692336082
0.05877586081624031, 0.030398115515708923
0.05459165945649147, 0.02963222749531269
0.04979977384209633, 0.02005995251238346
0.0557837076485157, 0.026368578895926476
0.09610679000616074, 0.04908433556556702
0.058769989758729935, 0.03040025383234024
0.05676118656992912, 0.022845612838864326
0.04674622043967247, 0.020423995330929756
0.05202414095401764, 0.029083149507641792
0.04600943997502327, 0.022331686690449715
0.054354406893253326, 0.02852638065814972
0.059016335755586624, 0.04118375480175018
0.06689818203449249, 0.03193110227584839
0.04845953732728958, 0.025589771568775177
0.05404643714427948, 0.01647479087114334
0.0698910802602768, 0.024772731587290764
0.09413781017065048, 0.03816337138414383
0.08280149102210999, 0.03336436673998833
0.06773412227630615, 0.02804112620651722
0.054366715252399445, 0.01842009834945202
0.053013335913419724, 0.026844440028071404
0.04478584975004196, 0.018884839490056038
0.06199077144265175, 0.019826719537377357
0.0717666894197464, 0.04352383315563202
0.06358963251113892, 0.021490883082151413
0.049842435866594315, 0.019463298842310905
0.05895055830478668, 0.01590445078909397
0.04771130904555321, 0.019592994824051857
0.05534035712480545, 0.017355235293507576
0.036777693778276443, 0.021482346579432487
0.0472312793135643, 0.017385179176926613
0.062412943691015244, 0.025548867881298065
0.04822848364710808, 0.016517700627446175
0.05814331769943237, 0.026669824495911598
0.06121230125427246, 0.02606017142534256
0.07731745392084122, 0.02542545646429062
0.07311376929283142, 0.02177937515079975
0.05404788255691528, 0.013753696344792843
0.0514262393116951, 0.01473917718976736
0.05980455130338669, 0.020807340741157532
0.05216408893465996, 0.026142718270421028
0.04234788566827774, 0.012852401472628117
0.05848215892910957, 0.02284567803144455
0.07068871706724167, 0.026732852682471275
0.06520971655845642, 0.03322520852088928
0.05477048084139824, 0.03230869770050049
0.06176355108618736, 0.029230700805783272
0.06115453690290451, 0.02414580248296261
0.059416063129901886, 0.020621169358491898
0.0599256232380867, 0.015456164255738258
0.04995255172252655, 0.018081512302160263
0.052008405327796936, 0.018678072839975357
0.06406547129154205, 0.031177280470728874
0.07673125714063644, 0.02953248657286167
0.05367380753159523, 0.022209087386727333
0.05209694430232048, 0.015136382542550564
0.04855484515428543, 0.02306463196873665
0.057810742408037186, 0.029970752075314522
0.06272262334823608, 0.023915186524391174
0.062394917011260986, 0.05387076362967491
0.06267842650413513, 0.023789718747138977
0.056934792548418045, 0.02397971600294113
0.05881254002451897, 0.02117137238383293
0.06049348786473274, 0.02563443034887314
0.05477286875247955, 0.02203323319554329
0.05621295049786568, 0.020616663619875908
0.08531882613897324, 0.03342904523015022
0.05943509563803673, 0.02894977107644081
0.06295342743396759, 0.034045007079839706
0.052646175026893616, 0.019734183326363564
0.053212035447359085, 0.03891286998987198
0.04470113292336464, 0.026483779773116112
0.04172927141189575, 0.013402236625552177
0.06071712076663971, 0.024052659049630165
0.05759263038635254, 0.02956383116543293
0.0440906397998333, 0.014967422932386398
0.04743676632642746, 0.01549525372684002
0.05140085890889168, 0.019531287252902985
0.05069541558623314, 0.020656481385231018
0.05891432240605354, 0.035773128271102905
0.053202442824840546, 0.03101172484457493
0.04977399483323097, 0.02591107226908207
0.09324007481336594, 0.09085364639759064
0.05309556797146797, 0.018221931532025337
0.06063634902238846, 0.029928551986813545
0.05251254513859749, 0.03215893730521202
0.0536741279065609, 0.01882094331085682
0.06407372653484344, 0.03879402577877045
0.06732730567455292, 0.033035460859537125
0.06983622163534164, 0.024200081825256348
0.047300051897764206, 0.014280447736382484
0.06149297207593918, 0.031043492257595062
0.06391279399394989, 0.019201545044779778
0.060453932732343674, 0.02225039154291153
0.06490038335323334, 0.027144774794578552
0.0701783075928688, 0.03325711563229561
0.04809245467185974, 0.022468654438853264
0.050066716969013214, 0.013484040275216103
0.061369530856609344, 0.026469342410564423
0.05517411231994629, 0.02811318263411522
0.05465434864163399, 0.02284972369670868
0.06981346011161804, 0.02926427312195301
0.052955854684114456, 0.027489643543958664
0.054237429052591324, 0.018752112984657288
0.06265457719564438, 0.03165791183710098
0.06871011108160019, 0.02015501819550991
0.07267433404922485, 0.041562531143426895
0.05882469192147255, 0.021241653710603714
0.07286407053470612, 0.025790346786379814
0.057286884635686874, 0.020614802837371826
0.06493709981441498, 0.02133248932659626
0.06865303963422775, 0.03752318024635315
0.05640488862991333, 0.018231645226478577
0.04821716621518135, 0.015085604973137379
0.050171103328466415, 0.016064483672380447
0.05089472979307175, 0.018828585743904114
0.051455914974212646, 0.02422449365258217
0.0623461939394474, 0.02874879352748394
0.05288807302713394, 0.024617798626422882
0.05317505821585655, 0.021818242967128754
0.04559046030044556, 0.02223196066915989
0.04252006486058235, 0.013868005014955997
0.05302498862147331, 0.025843285024166107
0.05035187676548958, 0.020055046305060387
0.04381157457828522, 0.01915883831679821
0.05077606439590454, 0.025704987347126007
0.06652089208364487, 0.0506749153137207
0.05246671661734581, 0.020611325278878212
0.05285269021987915, 0.019884753972291946
0.04517704248428345, 0.013362333178520203
0.045252475887537, 0.026060495525598526
0.06964726746082306, 0.048698220402002335
0.042661476880311966, 0.018782606348395348
0.06162659451365471, 0.030344905331730843
0.05350874736905098, 0.024993695318698883
0.04820147156715393, 0.01974034309387207
0.06197984516620636, 0.02579408325254917
0.056628379970788956, 0.028537888079881668
0.05430557206273079, 0.02339819073677063
0.0534796379506588, 0.019305607303977013
0.05907842144370079, 0.030141422525048256
0.057024676352739334, 0.03432055935263634
0.05210454761981964, 0.022779714316129684
0.07099296152591705, 0.048090364784002304
0.0667247399687767, 0.026886355131864548
0.058448825031518936, 0.022062474861741066
0.06147278845310211, 0.020882368087768555
0.05459379032254219, 0.028504081070423126
0.055752404034137726, 0.030159737914800644
0.05945027619600296, 0.02979978360235691
0.0699768140912056, 0.04743219166994095
0.07164891064167023, 0.027326911687850952
0.06892956793308258, 0.029624147340655327
0.07634121924638748, 0.03480247035622597
0.062209222465753555, 0.024181421846151352
0.06453879922628403, 0.02457447163760662
0.06843551248311996, 0.03217685967683792
0.07717934250831604, 0.03664476424455643
0.053604528307914734, 0.020092856138944626
0.054694388061761856, 0.026507889851927757
0.060505371540784836, 0.024399369955062866
0.04658837616443634, 0.019820431247353554
0.06250490248203278, 0.02608456276357174
0.048068154603242874, 0.0216737799346447
0.050636984407901764, 0.031076692044734955
0.042020540684461594, 0.017805742099881172
0.04907144978642464, 0.015841573476791382
0.07158773392438889, 0.041796669363975525
0.05692306533455849, 0.026733381673693657
0.05344446003437042, 0.03366556763648987
0.04659624025225639, 0.022427277639508247
0.04877019301056862, 0.021431205794215202
0.05022072046995163, 0.02210693061351776
0.04961996152997017, 0.025480924174189568
0.05073396861553192, 0.014531886205077171
0.06740689277648926, 0.02874143421649933
0.043511707335710526, 0.024791521951556206
0.05830040201544762, 0.02831941284239292
0.07792732864618301, 0.03559622913599014
0.06483975797891617, 0.019602349027991295
0.04769592359662056, 0.018659135326743126
0.04881368204951286, 0.02274450846016407
0.04761975258588791, 0.02342739887535572
0.048090945929288864, 0.026665309444069862
0.044285327196121216, 0.01714145950973034
0.048913296312093735, 0.025590064004063606
0.10542997717857361, 0.052345406264066696
0.06777195632457733, 0.03501873463392258
0.05923660472035408, 0.031234771013259888
0.060552649199962616, 0.024942956864833832
0.04615119472146034, 0.01789439097046852
0.052298180758953094, 0.020794473588466644
0.04765983298420906, 0.01879662647843361
0.07552063465118408, 0.08641716837882996
0.06695777922868729, 0.01963650994002819
0.06398201733827591, 0.031029796227812767
0.04375890642404556, 0.016815045848488808
0.04315333813428879, 0.015106449835002422
0.04924923926591873, 0.02626344934105873
0.05660733953118324, 0.024913428351283073
0.05371785908937454, 0.022193942219018936
0.05334779620170593, 0.02246769703924656
0.07228804379701614, 0.036225978285074234
0.06209365651011467, 0.03480283170938492
0.06491795927286148, 0.02967218868434429
0.05857987701892853, 0.0198740866035223
0.04988200217485428, 0.02006140537559986
0.03991098701953888, 0.02141035720705986
0.06365314871072769, 0.03275251388549805
0.058896057307720184, 0.024959154427051544
0.06637654453516006, 0.02748924493789673
0.04801257327198982, 0.019429994747042656
0.05632304027676582, 0.027638034895062447
0.06726129353046417, 0.027667537331581116
0.05021705850958824, 0.02234240435063839
0.06988260895013809, 0.02453547716140747
0.05145622044801712, 0.027108799666166306
0.047532111406326294, 0.029343031346797943
0.06090036407113075, 0.01903574913740158
0.07575588673353195, 0.026076186448335648
0.060419559478759766, 0.029460780322551727
0.0657450258731842, 0.01886173151433468
0.08692225068807602, 0.037902556359767914
0.07192862033843994, 0.040730882436037064
0.06189514696598053, 0.03583699092268944
0.0606108196079731, 0.032272838056087494
0.06352216750383377, 0.028868678957223892
0.05738862231373787, 0.02743109129369259
0.06551574170589447, 0.018760409206151962
0.05341832712292671, 0.022647863253951073
0.052533600479364395, 0.021399017423391342
0.06456004083156586, 0.029390810057520866
0.05111929401755333, 0.01917700096964836
0.045207660645246506, 0.021755017340183258
0.052485883235931396, 0.02867991104722023
0.05043262243270874, 0.020428070798516273
0.04980352148413658, 0.018882358446717262
0.06855931878089905, 0.029986292123794556
0.04690981283783913, 0.01634184643626213
0.0565221793949604, 0.0187147818505764
0.048301585018634796, 0.018026240170001984
0.059591736644506454, 0.02135942503809929
0.06689552962779999, 0.03250109776854515
0.06695248186588287, 0.03418213129043579
0.05000555142760277, 0.02677132934331894
0.04160739853978157, 0.023142894729971886
0.04524170234799385, 0.019077658653259277
0.04415043815970421, 0.018334275111556053
0.04818792641162872, 0.020169612020254135
0.04749086871743202, 0.016163419932127
0.07746735215187073, 0.035180963575839996
0.05903342738747597, 0.022457750514149666
0.07103017717599869, 0.03675159811973572
0.06455827504396439, 0.028543949127197266
0.0701446384191513, 0.04785483703017235
0.06653787195682526, 0.03141866624355316
0.06532153487205505, 0.023722432553768158
0.054231878370046616, 0.021117517724633217
0.0466039702296257, 0.01635189726948738
0.04091179370880127, 0.015278610400855541
0.057400114834308624, 0.020258674398064613
0.04746115952730179, 0.024079998955130577
0.045891277492046356, 0.019593918696045876
0.05163736268877983, 0.02480706013739109
0.046821560710668564, 0.013950176537036896
0.053279537707567215, 0.02229013293981552
0.0562148354947567, 0.03228701278567314
0.04997803643345833, 0.020692164078354836
0.05815728008747101, 0.019818125292658806
0.0643121525645256, 0.02991935983300209
0.06578241288661957, 0.0340677946805954
0.0453847236931324, 0.016904568299651146
0.05471675470471382, 0.017233803868293762
0.05384805426001549, 0.031088531017303467
0.05675988644361496, 0.030762577429413795
0.04481847584247589, 0.017935506999492645
0.04764511063694954, 0.014565752819180489
0.04871049523353577, 0.020312970504164696
0.04987313225865364, 0.025008993223309517
0.06318552792072296, 0.037595801055431366
0.061554670333862305, 0.03142552822828293
0.05320331081748009, 0.0223382618278265
0.06398684531450272, 0.019325807690620422
0.06511145830154419, 0.03800211101770401
0.03771746903657913, 0.011240898631513119
0.0564059279859066, 0.030050182715058327
0.049339499324560165, 0.02031947672367096
0.045653365552425385, 0.019130708649754524
0.05354239046573639, 0.01891697756946087
0.03614510968327522, 0.014001885429024696
0.05870915949344635, 0.017689170315861702
0.07437904179096222, 0.020936835557222366
0.05088089779019356, 0.025114892050623894
0.03703249245882034, 0.012801446951925755
0.04277383163571358, 0.02207108587026596
0.04406197369098663, 0.017803415656089783
0.04501086100935936, 0.015610146336257458
0.03609176725149155, 0.01326333824545145
0.048442620784044266, 0.0201946422457695
0.047882020473480225, 0.03099091351032257
0.04502365365624428, 0.028697382658720016
0.05647587776184082, 0.02755744941532612
0.04744761064648628, 0.01989949308335781
0.05995422601699829, 0.03971833363175392
0.03926008567214012, 0.014417608268558979
0.06798543781042099, 0.030204199254512787
0.057757776230573654, 0.021712472662329674
0.10385434329509735, 0.057805974036455154
0.061790067702531815, 0.02398485131561756
0.05142053961753845, 0.03045360930263996
0.0515960156917572, 0.022335313260555267
0.04341786354780197, 0.018569504842162132
0.043304506689310074, 0.018683532252907753
0.05575341731309891, 0.022860951721668243
0.061931855976581573, 0.027007868513464928
0.05932874232530594, 0.024819757789373398
0.047460563480854034, 0.01982966437935829
0.04709327593445778, 0.019343119114637375
0.0539524108171463, 0.027279194444417953
0.04114989936351776, 0.012267752550542355
0.03227393701672554, 0.012913646176457405
0.04318683221936226, 0.01511323545128107
0.06006091088056564, 0.01987571269273758
0.05427923426032066, 0.011957691982388496
0.06283575296401978, 0.027089690789580345
0.06045889854431152, 0.018367260694503784
0.05120815709233284, 0.018561726436018944
0.04531973972916603, 0.015301205217838287
0.04951596260070801, 0.018121387809515
0.052728962153196335, 0.02716720849275589
0.05530985817313194, 0.022980188950896263
0.06135719269514084, 0.035682402551174164
0.07344646006822586, 0.03501555696129799
0.044295430183410645, 0.016865242272615433
0.04567744582891464, 0.018197229132056236
0.046966370195150375, 0.01566266268491745
0.05830208584666252, 0.0194698479026556
0.06233789026737213, 0.01780676655471325
0.04977891966700554, 0.022828247398138046
0.04959152266383171, 0.02577601559460163
0.08588379621505737, 0.04820092022418976
0.07453499734401703, 0.04425664246082306
0.06116711348295212, 0.02766716293990612
0.05956370383501053, 0.02430013008415699
0.04765037074685097, 0.026092462241649628
0.045045796781778336, 0.020307624712586403
0.05812802538275719, 0.023380212485790253
0.05498625338077545, 0.019019251689314842
0.0666232481598854, 0.05530135706067085
0.059791259467601776, 0.020242899656295776
0.054087307304143906, 0.01858632266521454
0.05151129886507988, 0.022650746628642082
0.054021287709474564, 0.02648376114666462
0.051214732229709625, 0.03501221910119057
0.06186501309275627, 0.01960042677819729
0.05190625041723251, 0.028258299455046654
0.05332588031888008, 0.01990998536348343
0.05526716262102127, 0.025236647576093674
0.05744711682200432, 0.04150466248393059
0.06055347993969917, 0.014892321079969406
0.06798552721738815, 0.049716152250766754
0.0562552809715271, 0.028551841154694557
0.05782616138458252, 0.029269613325595856
0.07232294231653214, 0.014532226137816906
0.04988370090723038, 0.014953350648283958
0.06349824368953705, 0.02324443683028221
0.06294552236795425, 0.04186593368649483
0.05591850355267525, 0.02177741564810276
0.05364607647061348, 0.027511335909366608
0.04917055740952492, 0.027028106153011322
0.05533139407634735, 0.019280610606074333
0.050346795469522476, 0.02508082427084446
0.04737306013703346, 0.018430454656481743
0.05198725685477257, 0.03639166057109833
0.0711563304066658, 0.05578623712062836
0.07333705574274063, 0.02894754707813263
0.0661141648888588, 0.03776384890079498
0.049629393965005875, 0.028772296383976936
0.04500790312886238, 0.01974218152463436
0.03966051712632179, 0.026969294995069504
0.05524097755551338, 0.03003927506506443
0.07504367083311081, 0.032511793076992035
0.062089987099170685, 0.019833417609333992
0.038963887840509415, 0.01569465361535549
0.0515749417245388, 0.03039233200252056
0.05357497185468674, 0.02142324298620224
0.05469006672501564, 0.025445260107517242
0.057561252266168594, 0.031559258699417114
0.04238190874457359, 0.0256612841039896
0.036218881607055664, 0.019735852256417274
0.03651632368564606, 0.014556881971657276
0.05746609717607498, 0.01728305220603943
0.0667276680469513, 0.037400953471660614
0.09869492799043655, 0.04785192385315895
0.07588060945272446, 0.028748128563165665
0.05479840189218521, 0.0293673537671566
0.05631594732403755, 0.021028947085142136
0.061839401721954346, 0.02112768404185772
0.04452282190322876, 0.011871776543557644
0.04467461258172989, 0.027404291555285454
0.04592203348875046, 0.02271409146487713
0.050262391567230225, 0.019785935059189796
0.04498562589287758, 0.014443391934037209
0.07187312096357346, 0.03792407736182213
0.059493184089660645, 0.028736276552081108
0.06270793825387955, 0.020014410838484764
0.06683120876550674, 0.030295493081212044
0.04501880332827568, 0.019621817395091057
0.06267764419317245, 0.03666655719280243
0.08527139574289322, 0.059669267386198044
0.054302651435136795, 0.02043044939637184
0.061776477843523026, 0.03295839577913284
0.0558009035885334, 0.026016199961304665
0.05461083725094795, 0.035497184842824936
0.040894992649555206, 0.012904440984129906
0.042971011251211166, 0.019404439255595207
0.06001847982406616, 0.025705723091959953
0.055023934692144394, 0.020754100754857063
0.056639302521944046, 0.02978038415312767
0.0406169556081295, 0.014596294611692429
0.04340238869190216, 0.022998467087745667
0.0381295420229435, 0.01673109270632267
0.0388038344681263, 0.010571900755167007
0.044091951102018356, 0.015797536820173264
0.06307204812765121, 0.025400882586836815
0.05357769504189491, 0.019060244783759117
0.05530884116888046, 0.02215411886572838
0.05031481012701988, 0.019364818930625916
0.04170689731836319, 0.014509419910609722
0.04837006330490112, 0.019558705389499664
0.03765862435102463, 0.017181819304823875
0.05074531212449074, 0.018506139516830444
0.04055149480700493, 0.013902442529797554
0.043414156883955, 0.024200260639190674
0.03775927796959877, 0.015377438627183437
0.04176913946866989, 0.017852487042546272
0.04696207121014595, 0.012188073247671127
0.047013748437166214, 0.014770730398595333
0.06529107689857483, 0.06348066031932831
0.08784071356058121, 0.04335334524512291
0.06441915035247803, 0.023526078090071678
0.06188054382801056, 0.029290251433849335
0.04454163461923599, 0.019995328038930893
0.03591850399971008, 0.015963038429617882
0.04793672636151314, 0.01868101768195629
0.03287665545940399, 0.012969323433935642
0.03740688040852547, 0.017684785649180412
0.035854190587997437, 0.012746430933475494
0.06996356695890427, 0.04548624902963638
0.08541806042194366, 0.04158451035618782
0.07163649797439575, 0.05057647451758385
0.05634127929806709, 0.0322297029197216
0.044037509709596634, 0.025413865223526955
0.051882799714803696, 0.016489604488015175
0.0508103221654892, 0.017870839685201645
0.048613835126161575, 0.022319696843624115
0.04600660875439644, 0.02024453692138195
0.04862669110298157, 0.020850248634815216
0.04050741717219353, 0.016394807025790215
0.048401735723018646, 0.02271387353539467
0.05357937142252922, 0.016192592680454254
0.05397437885403633, 0.017495008185505867
0.038275349885225296, 0.014396357350051403
0.038010433316230774, 0.020304163917899132
0.04069162905216217, 0.01626427099108696
0.030499935150146484, 0.011263151653110981
0.04106137156486511, 0.015603771433234215
0.036048706620931625, 0.019127804785966873
0.050598613917827606, 0.03063066489994526
0.04997023940086365, 0.02266714535653591
0.04626867547631264, 0.020381063222885132
0.06279674917459488, 0.028307098895311356
0.06278670579195023, 0.023006385192275047
0.08193422108888626, 0.03152818977832794
0.07357973605394363, 0.04282371327280998
0.05879393592476845, 0.022718222811818123
0.04476619511842728, 0.016119346022605896
0.046037282794713974, 0.023657988756895065
0.05678286775946617, 0.03315243870019913
0.04725157096982002, 0.02121848054230213
0.05203944072127342, 0.0188753679394722
0.04005536064505577, 0.013571505434811115
0.05288739874958992, 0.025865430012345314
0.03999945521354675, 0.019987335428595543
0.050102949142456055, 0.02411898598074913
0.040447916835546494, 0.013164750300347805
0.036667924374341965, 0.018809329718351364
0.04154074937105179, 0.022041305899620056
0.046361811459064484, 0.014285371638834476
0.04569406062364578, 0.021024661138653755
0.05120256170630455, 0.01683814264833927
0.03596165403723717, 0.014321910217404366
0.03591547906398773, 0.013254263438284397
0.03483859822154045, 0.018383676186203957
0.04735218361020088, 0.02335474081337452
0.05131302773952484, 0.030443411320447922
0.04665094241499901, 0.018369685858488083
0.048263393342494965, 0.03209276869893074
0.04367880895733833, 0.018150461837649345
0.12382868677377701, 0.07699236273765564
0.0900268480181694, 0.04762756824493408
0.07825504243373871, 0.03035776875913143
0.05698833987116814, 0.023247167468070984
0.04271923378109932, 0.018077917397022247
0.044541895389556885, 0.012268817983567715
0.03777023404836655, 0.016610031947493553
0.038943592458963394, 0.014963148161768913
0.04808977246284485, 0.02144436165690422
0.06753619760274887, 0.03273507580161095
0.043062835931777954, 0.01658342406153679
0.04884412884712219, 0.017622467130422592
0.073465995490551, 0.050164174288511276
0.05597630515694618, 0.021619750186800957
0.04198728874325752, 0.015910176560282707
0.03658919036388397, 0.015176013112068176
0.03468378260731697, 0.0102767962962389
0.03979884833097458, 0.018658915534615517
0.03434784337878227, 0.018482455983757973
0.046967778354883194, 0.022476738318800926
0.05219767615199089, 0.029858442023396492
0.07176700234413147, 0.051070503890514374
0.055537257343530655, 0.02317322976887226
0.04299865663051605, 0.020807571709156036
0.04142279922962189, 0.015492389909923077
0.04350975528359413, 0.011728688143193722
0.03540422394871712, 0.012272094376385212
0.052887190133333206, 0.02806713432073593
0.05542554706335068, 0.022954590618610382
0.051266398280858994, 0.023900911211967468
0.0527636781334877, 0.015571173280477524
0.039017558097839355, 0.021034128963947296
0.04574980214238167, 0.02288118377327919
0.03869379311800003, 0.012517076916992664
0.04075498878955841, 0.014106789603829384
0.03993544355034828, 0.016475172713398933
0.04529453068971634, 0.02262147143483162
0.061815328896045685, 0.027847817167639732
0.06309045106172562, 0.023528417572379112
0.0894831195473671, 0.058949120342731476
0.05329610034823418, 0.02883167564868927
0.07562588900327682, 0.04691171273589134
0.0743386372923851, 0.03530579060316086
0.07588046044111252, 0.05029791593551636
0.04481787607073784, 0.01585797779262066
0.04534485563635826, 0.009871674701571465
0.049855127930641174, 0.016839196905493736
0.05295412614941597, 0.02173924446105957
0.052199672907590866, 0.01809653267264366
0.04763244837522507, 0.019072333350777626
0.04324141889810562, 0.021479535847902298
0.05488845705986023, 0.03428003937005997
0.04976506158709526, 0.01726411283016205
0.04683755338191986, 0.02017585001885891
0.04814799875020981, 0.028475649654865265
0.047635819762945175, 0.021141547709703445
0.041226573288440704, 0.016874369233846664
0.04937383532524109, 0.014645901508629322
0.03699026256799698, 0.011890915222465992
0.05147862434387207, 0.03129158541560173
0.06575652956962585, 0.03486165404319763
0.057115428149700165, 0.02345331944525242
0.07178070396184921, 0.03669141232967377
0.055114321410655975, 0.028016222640872
0.054148126393556595, 0.0435824878513813
0.05119594186544418, 0.023001505061984062
0.053881771862506866, 0.018853874877095222
0.0658550038933754, 0.05921315774321556
0.08348415046930313, 0.051884975284338
0.06202925741672516, 0.022398816421628
0.04670499637722969, 0.021288959309458733
0.05030861869454384, 0.021257922053337097
0.054158031940460205, 0.030346693471074104
0.0671105831861496, 0.044767700135707855
0.1213451474905014, 0.08139539510011673
0.06699962168931961, 0.03284726291894913
0.05021375045180321, 0.02288697101175785
0.052531976252794266, 0.02626318298280239
0.037560075521469116, 0.020398849621415138
0.0476863868534565, 0.020277239382267
0.058400239795446396, 0.03459087386727333
0.039025940001010895, 0.012871532700955868
0.04600846394896507, 0.021691113710403442
0.05443510785698891, 0.029585281386971474
0.07078481465578079, 0.028993114829063416
0.044367749243974686, 0.014905477873980999
0.03804817423224449, 0.015827909111976624
0.04879935458302498, 0.01760462112724781
0.052838291972875595, 0.022189145907759666
0.049492333084344864, 0.012186494655907154
0.04711323231458664, 0.02355337329208851
0.04268202558159828, 0.023821236565709114
0.046491898596286774, 0.022533131763339043
0.04029284045100212, 0.012437872588634491
0.043767690658569336, 0.017354246228933334
0.046952396631240845, 0.016264282166957855
0.045645635575056076, 0.024704553186893463
0.04808574542403221, 0.022315485402941704
0.04794403538107872, 0.019584253430366516
0.039400614798069, 0.015117048285901546
0.038310468196868896, 0.014653830789029598
0.03706059604883194, 0.01659400202333927
0.040359579026699066, 0.019224602729082108
0.0566968210041523, 0.021596591919660568
0.04778929427266121, 0.015544775873422623
0.06812754273414612, 0.03921876475214958
0.06481878459453583, 0.029447397217154503
0.06398390233516693, 0.023437121883034706
0.050340618938207626, 0.0197056345641613
0.04412170127034187, 0.023994559422135353
0.049495063722133636, 0.016341501846909523
0.046590548008680344, 0.02433163858950138
0.039996251463890076, 0.01316090952605009
0.0824773833155632, 0.06292085349559784
0.05606772378087044, 0.031776197254657745
0.05353226140141487, 0.024591585621237755
0.053176261484622955, 0.022934241220355034
0.04326287657022476, 0.018161309882998466
0.051047828048467636, 0.014977577142417431
0.0446142815053463, 0.02024322748184204
0.04231498762965202, 0.018946873024106026
0.044901132583618164, 0.019225766882300377
0.04017534852027893, 0.019920343533158302
0.04045957326889038, 0.014902273193001747
0.03643837943673134, 0.01640106923878193
0.04523378610610962, 0.01712876744568348
0.04925800859928131, 0.0204548891633749
0.03275986760854721, 0.008288765326142311
0.03732777014374733, 0.017156757414340973
0.045402850955724716, 0.015864022076129913
0.04177229106426239, 0.015494804829359055
0.038115788251161575, 0.018420593813061714
0.03486402705311775, 0.014752179384231567
0.03424639254808426, 0.015552608296275139
0.03187139704823494, 0.012741290032863617
0.03480824455618858, 0.020621271803975105
0.0407639779150486, 0.019816149026155472
0.0395905040204525, 0.014177888631820679
0.05039938539266586, 0.02223171666264534
0.057745032012462616, 0.033631402999162674
0.05661370977759361, 0.03341187909245491
0.04582376778125763, 0.013767356052994728
0.042472876608371735, 0.012173192575573921
0.07079044729471207, 0.02581036649644375
0.0566728301346302, 0.017509566619992256
0.048055488616228104, 0.02072230540215969
0.033036116510629654, 0.012440124526619911
0.02857072465121746, 0.008713928051292896
0.05002548173069954, 0.020471515133976936
0.060358718037605286, 0.03284190595149994
0.05313675105571747, 0.02611630968749523
0.06212392821907997, 0.030205585062503815
0.08043602854013443, 0.07235278189182281
0.10749343037605286, 0.050087686628103256
0.04324163869023323, 0.015284803695976734
0.04735088720917702, 0.018994886428117752
0.06328210234642029, 0.040177151560783386
0.05281654745340347, 0.020086385309696198
0.05125941336154938, 0.031386569142341614
0.03468208387494087, 0.016838930547237396
0.047415100038051605, 0.020375797525048256
0.03548603504896164, 0.013529074378311634
0.0443151518702507, 0.01955375447869301
0.04168921709060669, 0.01861639879643917
0.049563199281692505, 0.032235901802778244
0.04891510307788849, 0.023123551160097122
0.033737264573574066, 0.011243483982980251
0.03361276164650917, 0.021472817286849022
0.03238333389163017, 0.01030975766479969
0.03839355707168579, 0.015009833499789238
0.04633472487330437, 0.02180318906903267
0.06571682542562485, 0.05482834205031395
0.05996425449848175, 0.02512231096625328
0.06921728700399399, 0.025681104511022568
0.06786911934614182, 0.034881964325904846
0.057203445583581924, 0.030680183321237564
0.04453288018703461, 0.02041575498878956
0.05173823609948158, 0.02047366462647915
0.05722217634320259, 0.02026824653148651
0.06302046030759811, 0.06661614030599594
0.11682406067848206, 0.08816289156675339
0.05452023819088936, 0.018806593492627144
0.10474900901317596, 0.07857637107372284
0.04528820887207985, 0.020977146923542023
0.0433947779238224, 0.020721517503261566
0.03869350627064705, 0.012004174292087555
0.038207486271858215, 0.015491043217480183
0.07673291116952896, 0.030013076961040497
0.057214830070734024, 0.03597009927034378
0.039728809148073196, 0.01747927814722061
0.03653557971119881, 0.015101460739970207
0.0390545055270195, 0.014747189357876778
0.06581401824951172, 0.04968618229031563
0.0478811040520668, 0.020668726414442062
0.03541244566440582, 0.01344061829149723
0.028627553954720497, 0.012561190873384476
0.04125402122735977, 0.024693671613931656
0.04281647875905037, 0.01893860287964344
0.04695404693484306, 0.021470975130796432
0.040452342480421066, 0.014238578267395496
0.03478926792740822, 0.014911127276718616
0.033809155225753784, 0.016787543892860413
0.04985036328434944, 0.016897128894925117
0.0441000759601593, 0.015177799388766289
0.03309040516614914, 0.010497163981199265
0.03808046504855156, 0.016763078048825264
0.04386911168694496, 0.027126451954245567
0.05482005327939987, 0.019839879125356674
0.05260145291686058, 0.03065010905265808
0.045225318521261215, 0.023834174498915672
0.035377342253923416, 0.0156436488032341
0.036414071917533875, 0.012778634205460548
0.04117812588810921, 0.021824313327670097
0.045186929404735565, 0.014906509779393673
0.034507233649492264, 0.008906273171305656
0.0423528291285038, 0.021639646962285042
0.03881733492016792, 0.01189899817109108
0.04305253550410271, 0.014432142488658428
0.03733419254422188, 0.010549202561378479
0.050090376287698746, 0.023289410397410393
0.042551230639219284, 0.015803758054971695
0.04874582216143608, 0.018422003835439682
0.03962499275803566, 0.013911076821386814
0.13093413412570953, 0.07438807934522629
0.09162314236164093, 0.023711545392870903
0.06342557817697525, 0.026429433375597
0.05115751177072525, 0.01642947643995285
0.04428650438785553, 0.013766825199127197
0.04992644861340523, 0.013738670386373997
0.046354472637176514, 0.016102641820907593
0.0468137189745903, 0.02313321828842163
0.04924400895833969, 0.02953335829079151
0.055948786437511444, 0.02943454496562481
0.05721120908856392, 0.03485710918903351
0.04744712635874748, 0.017589403316378593
0.052686192095279694, 0.037645187228918076
0.03528216853737831, 0.010494758374989033
0.03690020367503166, 0.019431790336966515
0.0598403736948967, 0.054158732295036316
0.13054919242858887, 0.10167989134788513
0.054162509739398956, 0.023108433932065964
0.04772414639592171, 0.03313636779785156
0.049730297178030014, 0.02437056414783001
0.07396665960550308, 0.05508141592144966
0.054087817668914795, 0.014864182099699974
0.07598104327917099, 0.03010295331478119
0.05011104792356491, 0.017908843234181404
0.05583689734339714, 0.018795199692249298
0.06573204696178436, 0.05442443862557411
0.043169163167476654, 0.018465066328644753
0.11287462711334229, 0.1114671379327774
0.07671169936656952, 0.03388843685388565
0.07338642328977585, 0.04336020350456238
0.06425755470991135, 0.03369973599910736
0.047971442341804504, 0.018868612125515938
0.055021531879901886, 0.021543079987168312
0.06149405241012573, 0.032196417450904846
0.04437398910522461, 0.017402155324816704
0.07033468037843704, 0.04376022890210152
0.11221013963222504, 0.0791831985116005
0.061205487698316574, 0.02051585726439953
0.06620249897241592, 0.021284841001033783
0.0784468948841095, 0.05176408216357231
0.05532485619187355, 0.0199330672621727
0.05230656638741493, 0.01969577744603157
0.09637997299432755, 0.06889836490154266
0.10538308322429657, 0.061974018812179565
0.08663035184144974, 0.047502439469099045
0.08881747722625732, 0.07244167476892471
0.08628834038972855, 0.037378549575805664
0.04200819879770279, 0.016042424365878105
0.06377890706062317, 0.04561455920338631
0.06375525146722794, 0.0360615998506546
0.05913980305194855, 0.03513779491186142
0.05020086094737053, 0.01548363734036684
0.07170180976390839, 0.041563570499420166
0.054691411554813385, 0.021739434450864792
0.07452032715082169, 0.03984938934445381
0.11253971606492996, 0.08751551806926727
0.06470669060945511, 0.056028369814157486
0.05255572497844696, 0.02044915407896042
0.1292068362236023, 0.1470073163509369
0.23380036652088165, 0.16263450682163239
0.09435059130191803, 0.029537810012698174
0.05575301870703697, 0.02890731580555439
0.05895969644188881, 0.03304531052708626
0.06984791904687881, 0.03799430653452873
0.09537623077630997, 0.06283517181873322
0.06939948350191116, 0.03489729389548302
0.06495867669582367, 0.023616233840584755
0.06846897304058075, 0.028734153136610985
0.0895364060997963, 0.08405410498380661
0.10019271075725555, 0.08305448293685913
0.07881474494934082, 0.024554066359996796
