mean, std
0.08764360100030899, 0.06853076070547104
0.06042616441845894, 0.03422249108552933
0.055342357605695724, 0.030619818717241287
0.07455412298440933, 0.05864357203245163
0.06988140195608139, 0.044617436826229095
0.09615431725978851, 0.05998782441020012
0.09728234261274338, 0.06262773275375366
0.21857139468193054, 0.08733022958040237
0.2608143091201782, 0.09897353500127792
0.18874011933803558, 0.07447750866413116
0.32521986961364746, 0.163052499294281
0.2190077006816864, 0.12549740076065063
0.13166218996047974, 0.04048555716872215
0.08269665390253067, 0.04211615398526192
0.08361409604549408, 0.03302561864256859
0.049781590700149536, 0.024937473237514496
0.06710132956504822, 0.033877111971378326
0.06514454632997513, 0.029618993401527405
0.06864798069000244, 0.041358672082424164
0.12509803473949432, 0.07521083950996399
0.0576951764523983, 0.03446892648935318
0.09473670274019241, 0.0390622615814209
0.07083674520254135, 0.0378153957426548
0.09411241114139557, 0.055469609797000885
0.08929949998855591, 0.030253643169999123
0.08873707801103592, 0.03944786638021469
0.08088646084070206, 0.03622424975037575
0.10727879405021667, 0.044356927275657654
0.06783457845449448, 0.03878084942698479
0.08070476353168488, 0.05307280644774437
0.07147399336099625, 0.04539335519075394
0.06363760679960251, 0.026670195162296295
0.0753926932811737, 0.03178771957755089
0.03930923342704773, 0.0231491606682539
0.047743335366249084, 0.033393748104572296
0.06107277423143387, 0.031859710812568665
0.06160503625869751, 0.033901553601026535
0.059441983699798584, 0.03753233700990677
0.055647481232881546, 0.02378224767744541
0.055082619190216064, 0.024751922115683556
0.04914543777704239, 0.02343141846358776
0.06415622681379318, 0.029259102419018745
0.06455408036708832, 0.023232752457261086
0.06101788952946663, 0.0300443097949028
0.0436585433781147, 0.025133291259407997
0.03642420098185539, 0.022773664444684982
0.04528467729687691, 0.026891740038990974
0.03942936658859253, 0.028095191344618797
0.034966833889484406, 0.02425019070506096
0.059465840458869934, 0.02600357122719288
0.11486611515283585, 0.05790458992123604
0.147866353392601, 0.07054363191127777
0.11272428929805756, 0.04022799804806709
0.07383646070957184, 0.043960049748420715
0.043124452233314514, 0.02604307420551777
0.03202148154377937, 0.023946348577737808
0.05409938097000122, 0.02558113820850849
0.041254449635744095, 0.02634190022945404
0.04248585179448128, 0.02442682534456253
0.062479306012392044, 0.029323246330022812
0.06047589331865311, 0.03351479768753052
0.06195279583334923, 0.033843543380498886
0.07135806232690811, 0.028533456847071648
0.0543808713555336, 0.031161339953541756
0.1340889185667038, 0.07889825105667114
0.08990955352783203, 0.05790993943810463
0.06228233873844147, 0.031681254506111145
0.05120207741856575, 0.03584475442767143
0.03468165919184685, 0.016404658555984497
0.04813519865274429, 0.03570755571126938
0.034211087971925735, 0.020074943080544472
0.05436192825436592, 0.018564686179161072
0.05197752267122269, 0.03253237530589104
0.04325079545378685, 0.018852856010198593
0.025783445686101913, 0.015672270208597183
0.04166293889284134, 0.019190287217497826
0.04128261283040047, 0.023159770295023918
0.04491882398724556, 0.026200290769338608
0.05673794820904732, 0.035887911915779114
0.04696790501475334, 0.018762001767754555
0.02164745144546032, 0.009915719740092754
0.058405883610248566, 0.030046626925468445
0.04426932707428932, 0.01634415239095688
0.06829538941383362, 0.03905937448143959
0.060298431664705276, 0.025784064084291458
0.06675994396209717, 0.02414914220571518
0.06669799238443375, 0.04876849427819252
0.09501564502716064, 0.04184793680906296
0.04020244628190994, 0.018252534791827202
0.04820399731397629, 0.022697096690535545
0.03266214206814766, 0.02083342708647251
0.04849281907081604, 0.031930845230817795
0.09053477644920349, 0.055604394525289536
0.11810097843408585, 0.056954484432935715
0.05490231513977051, 0.022461021319031715
0.057122427970170975, 0.0343574583530426
0.03892338648438454, 0.012340905144810677
0.029418297111988068, 0.01291002705693245
0.04068826511502266, 0.017724664881825447
0.0418555848300457, 0.019977381452918053
0.034392256289720535, 0.015567462891340256
0.03063587099313736, 0.015197142027318478
0.07549804449081421, 0.04288613796234131
0.06513016670942307, 0.027100667357444763
0.043594326823949814, 0.01443578116595745
0.05328856781125069, 0.024235086515545845
0.06642141938209534, 0.03037448041141033
0.06487900763750076, 0.02311677299439907
0.05429118871688843, 0.03490946814417839
0.053303565829992294, 0.02672685869038105
0.046568188816308975, 0.02186933346092701
0.045261774212121964, 0.021133476868271828
0.05753142386674881, 0.028980677947402
0.06286241859197617, 0.036986373364925385
0.07476974278688431, 0.0390656441450119
0.05725981667637825, 0.03345638886094093
0.04503099247813225, 0.013951507396996021
0.05103990435600281, 0.018959268927574158
0.05701137334108353, 0.023257603868842125
0.06635583192110062, 0.029924340546131134
0.0627584457397461, 0.0328192301094532
0.04560307040810585, 0.02222396805882454
0.04405898228287697, 0.020755339413881302
0.04292701557278633, 0.01682249829173088
0.05054651200771332, 0.01784558594226837
0.05860159918665886, 0.025627542287111282
0.044677067548036575, 0.01867901161313057
0.03721199929714203, 0.013483159244060516
0.05306556075811386, 0.022389760240912437
0.05019466578960419, 0.018601547926664352
0.06253820657730103, 0.022633690387010574
0.05276336148381233, 0.021398020908236504
0.05412670224905014, 0.02069973014295101
0.05979084223508835, 0.029322292655706406
0.08339390903711319, 0.043458204716444016
0.08836714178323746, 0.039326321333646774
0.07367406040430069, 0.028946109116077423
0.09674126654863358, 0.05257817357778549
0.0682595744729042, 0.023902595043182373
0.05180654674768448, 0.017060041427612305
0.06102997064590454, 0.021308962255716324
0.06019538640975952, 0.02055148407816887
0.07623612135648727, 0.03006845898926258
0.05183563008904457, 0.023404600098729134
0.09152420610189438, 0.05245542153716087
0.06768504530191422, 0.026303185150027275
0.12009431421756744, 0.08433466404676437
0.2703062891960144, 0.15777131915092468
0.09719525277614594, 0.03954118862748146
0.06312260776758194, 0.015997404232621193
0.06812242418527603, 0.032130271196365356
0.09117071330547333, 0.03422264754772186
0.16635961830615997, 0.11639981716871262
0.21744407713413239, 0.09086053818464279
0.2914043664932251, 0.14637598395347595
0.3278144598007202, 0.08552554249763489
0.44245368242263794, 0.21204189956188202
0.7399052977561951, 0.35345807671546936
0.2910218834877014, 0.14045926928520203
0.31275007128715515, 0.11561789363622665
0.2941663861274719, 0.12526383996009827
0.3225932717323303, 0.14877380430698395
0.33502867817878723, 0.14864972233772278
0.6127555966377258, 0.29507768154144287
0.46098580956459045, 0.19734443724155426
0.4933578670024872, 0.1847994178533554
0.28112342953681946, 0.1589030772447586
0.28166353702545166, 0.1308898627758026
0.3384723663330078, 0.16849058866500854
0.5799976587295532, 0.27748849987983704
0.6773704886436462, 0.2903365194797516
0.40607208013534546, 0.16207477450370789
0.502077043056488, 0.22757647931575775
0.29144275188446045, 0.16679759323596954
0.25699475407600403, 0.11102624237537384
0.30710700154304504, 0.18058522045612335
0.3938583731651306, 0.1469399631023407
0.36209627985954285, 0.1352706402540207
0.3508045971393585, 0.10804083198308945
0.25080737471580505, 0.09602460265159607
0.2566925287246704, 0.14031878113746643
0.258672833442688, 0.10953380167484283
0.5133230686187744, 0.2011304795742035
0.4239181578159332, 0.17436103522777557
0.3454498052597046, 0.11523156613111496
0.321503609418869, 0.10644994676113129
0.2855662405490875, 0.10576258599758148
0.2741013467311859, 0.1396408975124359
0.20607306063175201, 0.08120333403348923
0.20263458788394928, 0.0627753734588623
0.20980457961559296, 0.07272028177976608
0.21270591020584106, 0.07761895656585693
0.34163472056388855, 0.15053074061870575
0.4610777497291565, 0.22773264348506927
0.2889781594276428, 0.12222128361463547
0.18394240736961365, 0.06535841524600983
0.26057446002960205, 0.10644906759262085
0.34405285120010376, 0.14180082082748413
0.2065451592206955, 0.11587996780872345
0.16601258516311646, 0.056974995881319046
0.23696865141391754, 0.0971638411283493
0.2525259554386139, 0.09549358487129211
0.23429417610168457, 0.11130301654338837
0.21885350346565247, 0.1060463935136795
0.1674484759569168, 0.09306181967258453
0.21995656192302704, 0.17066435515880585
0.3282928764820099, 0.14933031797409058
0.3115403652191162, 0.1368185579776764
0.286591112613678, 0.10364086180925369
0.18785597383975983, 0.0934181809425354
0.188258558511734, 0.10432474315166473
0.24399913847446442, 0.09464576840400696
0.42850247025489807, 0.14539572596549988
0.18481065332889557, 0.08061590045690536
0.19484305381774902, 0.10130459070205688
0.15046176314353943, 0.044945940375328064
0.298372745513916, 0.1444810926914215
0.26609715819358826, 0.11988427489995956
0.23176129162311554, 0.08488224446773529
0.2084287852048874, 0.11947918683290482
0.22235025465488434, 0.08272085338830948
0.21305100619792938, 0.07802044600248337
0.2555125057697296, 0.09415962547063828
0.19373996555805206, 0.09999751299619675
0.1888175904750824, 0.08000838756561279
0.13834412395954132, 0.08202620595693588
0.12807972729206085, 0.0667271837592125
0.2019069641828537, 0.07655058056116104
0.19726966321468353, 0.08064264059066772
0.19735117256641388, 0.06290191411972046
0.22963444888591766, 0.12029007077217102
0.3364700675010681, 0.15073779225349426
0.24560454487800598, 0.0896591767668724
0.27204880118370056, 0.13021688163280487
0.1642453670501709, 0.0844721645116806
0.2355295866727829, 0.09631620347499847
0.26237770915031433, 0.12679003179073334
0.1398238241672516, 0.0624149851500988
0.09752067178487778, 0.055149197578430176
0.29037514328956604, 0.10569995641708374
0.22621501982212067, 0.09648920595645905
0.277630090713501, 0.15863221883773804
0.2785903215408325, 0.1491536945104599
0.27341005206108093, 0.10754689574241638
0.2154667228460312, 0.07380209118127823
0.21625111997127533, 0.15654081106185913
0.28926900029182434, 0.12405175715684891
0.26571735739707947, 0.11223351210355759
0.22053907811641693, 0.12187684327363968
0.3760431706905365, 0.1426880955696106
0.22481399774551392, 0.09233979135751724
0.26365429162979126, 0.095176100730896
0.19680044054985046, 0.06337601691484451
0.11979225277900696, 0.06442465633153915
0.16028320789337158, 0.08142013102769852
0.15803015232086182, 0.06707050651311874
0.1612703651189804, 0.0914212167263031
0.12113761901855469, 0.055802393704652786
0.18323512375354767, 0.06369663029909134
0.23328907787799835, 0.10066860914230347
0.21035055816173553, 0.07591952383518219
0.20591028034687042, 0.11308164894580841
0.3374263644218445, 0.13908600807189941
0.21459521353244781, 0.08768001198768616
0.2895165681838989, 0.10737154632806778
0.252844899892807, 0.08748507499694824
0.2836625874042511, 0.13307873904705048
0.3713046610355377, 0.17459186911582947
0.18705983459949493, 0.10626722127199173
0.22528311610221863, 0.08365503698587418
0.13710014522075653, 0.05675740912556648
0.13682113587856293, 0.05965244397521019
0.16083435714244843, 0.07637982815504074
0.18744130432605743, 0.06753706187009811
0.19016097486019135, 0.06753302365541458
0.12489105761051178, 0.06426036357879639
0.13288043439388275, 0.058229245245456696
0.2147929072380066, 0.14548590779304504
0.18223032355308533, 0.08599107712507248
0.31265807151794434, 0.13429619371891022
0.21374818682670593, 0.10457348823547363
0.16517703235149384, 0.06445004045963287
0.10634981840848923, 0.06098637357354164
0.16249237954616547, 0.07921785116195679
0.18543358147144318, 0.09699001163244247
0.2589053213596344, 0.09986458718776703
0.3876715302467346, 0.1477658599615097
0.24362240731716156, 0.11996758729219437
0.25509217381477356, 0.07335299253463745
0.2831136882305145, 0.14240998029708862
0.1715068519115448, 0.061340104788541794
0.16847752034664154, 0.0629127249121666
0.16272646188735962, 0.06430356204509735
0.1207055151462555, 0.06891076266765594
0.16962696611881256, 0.06340639293193817
0.22100307047367096, 0.1148580014705658
0.1851644366979599, 0.08531428128480911
0.1999070793390274, 0.09668157249689102
0.2012280374765396, 0.09331759065389633
0.2612899839878082, 0.10688388347625732
0.17633838951587677, 0.08943337947130203
0.1824052929878235, 0.06865588575601578
0.3058018088340759, 0.11416039615869522
0.24226106703281403, 0.1420881450176239
0.21782462298870087, 0.09821192175149918
0.20315620303153992, 0.08627346158027649
0.2817205786705017, 0.08598913252353668
0.23352758586406708, 0.11189147084951401
0.231553852558136, 0.11722274124622345
0.32156458497047424, 0.12297984957695007
0.21233128011226654, 0.08819931745529175
0.18773072957992554, 0.10110542923212051
0.20546357333660126, 0.08150603622198105
0.11962924152612686, 0.05323807895183563
0.16166497766971588, 0.06905222684144974
0.15472754836082458, 0.09364987909793854
0.1290961354970932, 0.055552177131175995
0.17692029476165771, 0.06733757257461548
0.14502841234207153, 0.06287851184606552
0.18723374605178833, 0.10385186225175858
0.2311258614063263, 0.088929682970047
0.2962464988231659, 0.11574480682611465
0.18212756514549255, 0.08071191608905792
0.2356387823820114, 0.09182742983102798
0.2056429535150528, 0.09275343269109726
0.17866191267967224, 0.07521682232618332
0.1775135099887848, 0.07861372083425522
0.21582943201065063, 0.10237867385149002
0.17893385887145996, 0.08367687463760376
0.21240706741809845, 0.09452967345714569
0.1032043993473053, 0.056329526007175446
0.12491047382354736, 0.0607457309961319
0.09669958055019379, 0.04021277278661728
0.13312789797782898, 0.06963561475276947
0.11257421970367432, 0.06389584392309189
0.1473841667175293, 0.09962566196918488
0.12706711888313293, 0.055840425193309784
0.1613926738500595, 0.08338240534067154
0.15181736648082733, 0.06943308562040329
0.16978533565998077, 0.06776551902294159
0.34660664200782776, 0.19976310431957245
0.3356713354587555, 0.1350688934326172
0.16735313832759857, 0.07539352774620056
0.195454940199852, 0.0722232535481453
0.22973425686359406, 0.076472207903862
0.20298916101455688, 0.09277727454900742
0.14562596380710602, 0.048836346715688705
0.20286187529563904, 0.09086280316114426
0.20208944380283356, 0.09218189865350723
0.22203370928764343, 0.12290233373641968
0.16765515506267548, 0.10108679533004761
0.1496405303478241, 0.05612735077738762
0.16615737974643707, 0.07846657186746597
0.15644045174121857, 0.06943602859973907
0.17844198644161224, 0.10203520208597183
0.1672721654176712, 0.06497600674629211
0.12298941612243652, 0.0559040866792202
0.12538380920886993, 0.056028030812740326
0.3714328110218048, 0.16610611975193024
0.17574748396873474, 0.11595969647169113
0.17040400207042694, 0.06739839166402817
0.24982526898384094, 0.11337409168481827
0.19916975498199463, 0.0774383470416069
0.19904614984989166, 0.07258002460002899
0.17675156891345978, 0.09159749001264572
0.11501871049404144, 0.05925328657031059
0.12932786345481873, 0.05336496978998184
0.21775907278060913, 0.09850707650184631
0.27569878101348877, 0.1250145137310028
0.28230467438697815, 0.12181569635868073
0.3272489607334137, 0.11704541742801666
0.25415855646133423, 0.13408327102661133
0.20259733498096466, 0.06134393811225891
0.2017809897661209, 0.06339993327856064
0.13852672278881073, 0.05884777009487152
0.1551584154367447, 0.10062448680400848
0.20680803060531616, 0.09961249679327011
0.13186335563659668, 0.07936365157365799
0.26076045632362366, 0.09070640057325363
0.1704953908920288, 0.047686684876680374
0.1624031811952591, 0.08064043521881104
0.17326124012470245, 0.10177573561668396
0.16508689522743225, 0.07053115218877792
0.3858111798763275, 0.15847042202949524
0.18309541046619415, 0.10047394037246704
0.1199585348367691, 0.04849494248628616
0.19909356534481049, 0.08401326835155487
0.14629068970680237, 0.0681740939617157
0.11160560697317123, 0.05758865922689438
0.14188356697559357, 0.07384952902793884
0.1749383956193924, 0.07276909798383713
0.1694510281085968, 0.06490416079759598
0.16460609436035156, 0.0714963898062706
0.19927862286567688, 0.0974973663687706
0.22461049258708954, 0.08374002575874329
0.11987858265638351, 0.05441175028681755
0.14781105518341064, 0.07039511948823929
0.13946260511875153, 0.0565371960401535
0.28710052371025085, 0.17328660190105438
0.16275036334991455, 0.06499490141868591
0.21461321413516998, 0.07568899542093277
0.2586318850517273, 0.14725658297538757
0.3775753676891327, 0.18688637018203735
0.29130667448043823, 0.10582073777914047
0.15787029266357422, 0.09981381893157959
0.11812727898359299, 0.0581996776163578
0.13542291522026062, 0.07291126996278763
0.21402913331985474, 0.10557176917791367
0.1625780463218689, 0.07525169104337692
0.1906774491071701, 0.10611452907323837
0.15894697606563568, 0.07984183728694916
0.20199079811573029, 0.08837614953517914
0.20382213592529297, 0.06596462428569794
0.16386698186397552, 0.07421569526195526
0.16298161447048187, 0.08419380336999893
0.22555463016033173, 0.05428403988480568
0.128305122256279, 0.06696637719869614
0.1017327681183815, 0.046201400458812714
0.11052128672599792, 0.05900261178612709
0.13706091046333313, 0.0642244890332222
0.11992677301168442, 0.04845679551362991
0.14329087734222412, 0.07982289791107178
0.14929494261741638, 0.0731423869729042
0.25405585765838623, 0.10187356919050217
0.15245115756988525, 0.04685894027352333
0.12551742792129517, 0.055431947112083435
0.2154671996831894, 0.08857818692922592
0.13603650033473969, 0.0850079357624054
0.16891495883464813, 0.051556918770074844
0.2581678330898285, 0.1283094435930252
0.18513570725917816, 0.06953131407499313
0.2407558560371399, 0.08742642402648926
0.14624769985675812, 0.06364529579877853
0.16301563382148743, 0.07653162628412247
0.11319395154714584, 0.05489979311823845
0.13070876896381378, 0.06623756140470505
0.15821833908557892, 0.07193679362535477
0.11148560047149658, 0.05020058900117874
0.1512816697359085, 0.07058413326740265
0.1707523614168167, 0.08874255418777466
0.24969042837619781, 0.0936826840043068
0.18220418691635132, 0.07688262313604355
0.2110224813222885, 0.11315707862377167
0.1670723706483841, 0.05298376455903053
0.1739313155412674, 0.06715783476829529
0.15861286222934723, 0.044691331684589386
0.15536876022815704, 0.060877636075019836
0.24006444215774536, 0.1275966614484787
0.228103369474411, 0.1206008568406105
0.11337865889072418, 0.04745101556181908
0.11713498085737228, 0.06303298473358154
0.12448610365390778, 0.05468541011214256
0.15975259244441986, 0.03969699516892433
0.22731728851795197, 0.0811094343662262
0.1542578637599945, 0.08509644120931625
0.1340436488389969, 0.08630648255348206
0.1240549385547638, 0.05339791998267174
0.1146843433380127, 0.03202562779188156
0.1553989201784134, 0.047792643308639526
0.15339334309101105, 0.07955271005630493
0.22270607948303223, 0.07562488317489624
0.1927279382944107, 0.07031174749135971
0.17443476617336273, 0.07404313236474991
0.13355012238025665, 0.058937907218933105
0.10533646494150162, 0.04282624274492264
0.17913654446601868, 0.0817999392747879
0.1549440175294876, 0.06665952503681183
0.1825278103351593, 0.08098708838224411
0.21036231517791748, 0.08424165844917297
0.2230498492717743, 0.09178169816732407
0.152629554271698, 0.07463087141513824
0.1324896365404129, 0.0563846081495285
0.16873660683631897, 0.10065411776304245
0.22833959758281708, 0.11926670372486115
0.18383873999118805, 0.06030578538775444
0.20391426980495453, 0.07447008788585663
0.179595485329628, 0.058852970600128174
0.1494733691215515, 0.07670062780380249
0.18745525181293488, 0.06617752462625504
0.2303881198167801, 0.09213954955339432
0.24337127804756165, 0.11165811121463776
0.21328110992908478, 0.11462979763746262
0.13323725759983063, 0.04306056350469589
0.13977184891700745, 0.0895535871386528
0.13416780531406403, 0.07476837933063507
0.11720817536115646, 0.045295849442481995
0.12936203181743622, 0.08150577545166016
0.1811775416135788, 0.09718416631221771
0.12238968908786774, 0.06095196679234505
0.10987851023674011, 0.05896115303039551
0.14388488233089447, 0.07956590503454208
0.23067446053028107, 0.12389493733644485
0.29142895340919495, 0.09827584773302078
0.17983409762382507, 0.08802121877670288
0.13976497948169708, 0.044532645493745804
0.13805361092090607, 0.06431704759597778
0.15669937431812286, 0.09555961936712265
0.11181974411010742, 0.046583957970142365
0.1625540405511856, 0.059744857251644135
0.22660385072231293, 0.10902231931686401
0.1692284196615219, 0.10364533215761185
0.2053048014640808, 0.11279849708080292
0.203004390001297, 0.08213378489017487
0.15774448215961456, 0.06382347643375397
0.14214003086090088, 0.07625824213027954
0.1860782504081726, 0.07380916178226471
0.4405815005302429, 0.1787717193365097
0.38690313696861267, 0.183457151055336
0.2078542560338974, 0.13309311866760254
0.12049128115177155, 0.06114880368113518
0.20129802823066711, 0.06746772676706314
0.11426059156656265, 0.07142364978790283
0.09731574356555939, 0.03150217980146408
0.20905007421970367, 0.08024091273546219
0.14984555542469025, 0.06905605643987656
0.09324762970209122, 0.047525472939014435
0.13230000436306, 0.046333540230989456
0.17317447066307068, 0.11916094273328781
0.1333305388689041, 0.07101422548294067
0.13284285366535187, 0.05331049859523773
0.2184884250164032, 0.09328269958496094
0.20929653942584991, 0.10779549181461334
0.1501430720090866, 0.07721370458602905
0.12539662420749664, 0.04931027814745903
0.1545541137456894, 0.07259220629930496
0.23176421225070953, 0.0781550258398056
0.18593624234199524, 0.05317680910229683
0.1393769532442093, 0.07955563068389893
0.10892123728990555, 0.04181084409356117
0.17620807886123657, 0.06478311866521835
0.12236886471509933, 0.05336996167898178
0.2330842763185501, 0.081779345870018
0.1686234027147293, 0.09409516304731369
0.22366197407245636, 0.11189956963062286
0.17336109280586243, 0.06562161445617676
0.1714620292186737, 0.06775347143411636
0.18946783244609833, 0.08325783163309097
0.13133318722248077, 0.06201283261179924
0.13945944607257843, 0.04064556583762169
0.14774878323078156, 0.06944786012172699
0.2573973834514618, 0.09962593019008636
0.1735314428806305, 0.07100020349025726
0.16740833222866058, 0.08029905706644058
0.11266016960144043, 0.05046797916293144
0.08237338066101074, 0.04066735506057739
0.14050069451332092, 0.07001250237226486
0.13796366751194, 0.07278401404619217
0.1830647736787796, 0.08686062693595886
0.18336929380893707, 0.0704338401556015
0.16540312767028809, 0.07383754104375839
0.15593312680721283, 0.07362443208694458
0.23794908821582794, 0.08675514161586761
0.15465350449085236, 0.08192787319421768
0.0994335189461708, 0.04910649359226227
0.13854840397834778, 0.056436341255903244
0.21063196659088135, 0.0990661159157753
0.3607427179813385, 0.14421646296977997
0.22032348811626434, 0.0977504700422287
0.19063082337379456, 0.0952594131231308
0.23188917338848114, 0.12375152111053467
0.24700386822223663, 0.10705201327800751
0.15332940220832825, 0.06753280013799667
0.13104815781116486, 0.05604095757007599
0.10712114721536636, 0.06437453627586365
0.13068927824497223, 0.04505016282200813
0.10954616963863373, 0.06092022359371185
0.2058698683977127, 0.07078700512647629
0.122074194252491, 0.05107162892818451
0.19650451838970184, 0.1094304546713829
0.2532186210155487, 0.10412612557411194
0.13407345116138458, 0.05854063853621483
0.10004322230815887, 0.0423935130238533
0.11006466299295425, 0.0534391924738884
0.18065011501312256, 0.06753391772508621
0.2690138518810272, 0.12380554527044296
0.22566252946853638, 0.08000512421131134
0.17820589244365692, 0.08137425035238266
0.22819797694683075, 0.09734645485877991
0.24140773713588715, 0.11062726378440857
0.24525804817676544, 0.10692507028579712
0.10136733204126358, 0.0519823282957077
0.10471047461032867, 0.042861465364694595
0.09161178767681122, 0.05382620543241501
0.10728250443935394, 0.05035049468278885
0.12294229120016098, 0.052467912435531616
0.20072638988494873, 0.09242430329322815
0.20201675593852997, 0.09383867681026459
0.1578591912984848, 0.0983179435133934
0.29176729917526245, 0.10734289139509201
0.193120077252388, 0.057308852672576904
0.16020037233829498, 0.10208459943532944
0.2207014113664627, 0.09457263350486755
0.14481963217258453, 0.0597095750272274
0.14213652908802032, 0.04917154833674431
0.13040122389793396, 0.05836765840649605
0.1328069269657135, 0.059997472912073135
0.12027925997972488, 0.03625612333416939
0.13636064529418945, 0.04526277631521225
0.14414797723293304, 0.058427199721336365
0.12453726679086685, 0.06057252734899521
0.09441226720809937, 0.038511309772729874
0.1368904709815979, 0.050299569964408875
0.1377478390932083, 0.057247012853622437
0.11898897588253021, 0.05952991917729378
0.12250644713640213, 0.04127432033419609
0.11428133398294449, 0.05110198259353638
0.20133431255817413, 0.08451289683580399
0.2145894169807434, 0.08237549662590027
0.2021254450082779, 0.10321950167417526
0.13854119181632996, 0.041471321135759354
0.14372733235359192, 0.0637984573841095
0.1262437105178833, 0.07901483029127121
0.1328313797712326, 0.060231100767850876
0.13439509272575378, 0.052343472838401794
0.1867194026708603, 0.07903879135847092
0.20945437252521515, 0.11676395684480667
0.20638351142406464, 0.07467711716890335
0.13590991497039795, 0.0478963702917099
0.09597896784543991, 0.05300836265087128
0.10375306010246277, 0.047438833862543106
0.15893010795116425, 0.06774193048477173
0.12258917838335037, 0.06055144965648651
0.24796274304389954, 0.07911745458841324
0.2260339856147766, 0.07930902391672134
0.19684182107448578, 0.13455747067928314
0.19552049040794373, 0.10232223570346832
0.1312149614095688, 0.06683794409036636
0.10166692733764648, 0.04865620285272598
0.10408004373311996, 0.05503388121724129
0.16612251102924347, 0.09989350289106369
0.11568044126033783, 0.06552476435899734
0.09964515268802643, 0.04912890866398811
0.07990732789039612, 0.03278341516852379
0.15034812688827515, 0.07971428334712982
0.14721617102622986, 0.06431741267442703
0.22668687999248505, 0.06477567553520203
0.14233899116516113, 0.05840897932648659
0.18390364944934845, 0.06129199266433716
0.2108944207429886, 0.10206066071987152
0.21803708374500275, 0.1016382947564125
0.1207028478384018, 0.05428691208362579
0.21600143611431122, 0.07827834039926529
0.18298010528087616, 0.07230854779481888
0.16083309054374695, 0.06335529685020447
0.23247204720973969, 0.07927173376083374
0.12518368661403656, 0.04528800770640373
0.09434129297733307, 0.03723789379000664
0.084288090467453, 0.04078042507171631
0.13844862580299377, 0.056259360164403915
0.10122890025377274, 0.04347478598356247
0.0993325263261795, 0.04050378501415253
0.11760369688272476, 0.053697552531957626
0.12950284779071808, 0.05376659333705902
0.11096727848052979, 0.06288338452577591
0.18405182659626007, 0.09436743706464767
0.20956440269947052, 0.0635114386677742
0.1565740406513214, 0.05923409387469292
0.15676119923591614, 0.07081510126590729
0.14995308220386505, 0.07815568894147873
0.14681145548820496, 0.06685274094343185
0.08489686995744705, 0.04201164096593857
0.1515093296766281, 0.05677613243460655
0.11612118780612946, 0.06093031167984009
0.16612635552883148, 0.07136647403240204
0.12476260215044022, 0.07038953900337219
0.140818789601326, 0.05580157786607742
0.1638273149728775, 0.0695490837097168
0.1610182374715805, 0.08443591743707657
0.16347600519657135, 0.05215552821755409
0.1543106734752655, 0.06892881542444229
0.16127081215381622, 0.061854247003793716
0.12364457547664642, 0.05107680708169937
0.10049332678318024, 0.04322996363043785
0.15026864409446716, 0.06580580025911331
0.09972205758094788, 0.05023519694805145
0.1702326536178589, 0.07007554918527603
0.14611680805683136, 0.04919056221842766
0.1707257479429245, 0.042657334357500076
0.18103967607021332, 0.08062395453453064
0.14159558713436127, 0.07650695741176605
0.20623542368412018, 0.08693237602710724
0.20107975602149963, 0.08360283076763153
0.09605804085731506, 0.05503569915890694
0.09933093190193176, 0.04528888687491417
0.11274567991495132, 0.041006702929735184
0.14414672553539276, 0.06032371520996094
0.19286154210567474, 0.11197113245725632
0.20982380211353302, 0.07397054880857468
0.23843370378017426, 0.0930350124835968
0.17051981389522552, 0.07302770763635635
0.12383559346199036, 0.040340252220630646
0.10103794187307358, 0.03672250732779503
0.11813749372959137, 0.06316117942333221
0.20542773604393005, 0.08832918107509613
0.19792507588863373, 0.0610789991915226
0.17321579158306122, 0.06609272956848145
0.14065678417682648, 0.050710730254650116
0.1284462958574295, 0.045454420149326324
0.21297305822372437, 0.09226507693529129
0.14512230455875397, 0.05739928036928177
0.09512151032686234, 0.04656515270471573
0.1431669145822525, 0.05034228786826134
0.18039125204086304, 0.04922890290617943
0.17921379208564758, 0.0801996961236
0.13399165868759155, 0.06916917860507965
0.11401847004890442, 0.062114134430885315
0.16897621750831604, 0.05086090788245201
0.10626455396413803, 0.04868340864777565
0.08932054042816162, 0.03455279767513275
0.12166770547628403, 0.06611398607492447
0.143227219581604, 0.07164465636014938
0.11477416008710861, 0.05113070830702782
0.1391492486000061, 0.04252307489514351
0.12744814157485962, 0.0794021487236023
0.10048665851354599, 0.04141329973936081
0.07574324309825897, 0.03208879753947258
0.09157062321901321, 0.04174114763736725
0.11813751608133316, 0.05958967283368111
0.09164909273386002, 0.03993743285536766
0.11802736669778824, 0.05329296365380287
0.12490623444318771, 0.0551731176674366
0.11645364761352539, 0.04214740917086601
0.15459242463111877, 0.061486706137657166
0.21543200314044952, 0.0884830430150032
0.2416141778230667, 0.08290184289216995
0.21260187029838562, 0.08247588574886322
0.1435309499502182, 0.06901273876428604
0.10417193919420242, 0.039957866072654724
0.17247632145881653, 0.07373318821191788
0.19945800304412842, 0.1009795069694519
0.18822064995765686, 0.09302808344364166
0.12819239497184753, 0.0630204826593399
0.1468033790588379, 0.06129087135195732
0.13920873403549194, 0.0572892427444458
0.0971372202038765, 0.051658451557159424
0.09966591745615005, 0.03924545273184776
0.08416638523340225, 0.043725211173295975
0.1421211063861847, 0.05293729528784752
0.12513002753257751, 0.04742890223860741
0.1665230542421341, 0.0894591435790062
0.16081948578357697, 0.08178139477968216
0.1615932583808899, 0.0736197754740715
0.18547727167606354, 0.07155986875295639
0.2519485354423523, 0.10702544450759888
0.1438889056444168, 0.06388933211565018
0.2036731094121933, 0.08504865318536758
0.15045617520809174, 0.07223866134881973
0.12573738396167755, 0.0471235066652298
0.11779361218214035, 0.052290432155132294
0.15354573726654053, 0.08041475713253021
0.1436011791229248, 0.0754757672548294
0.08602859079837799, 0.04735211282968521
0.10829587280750275, 0.05776806175708771
0.10621455311775208, 0.046130500733852386
0.13033169507980347, 0.06413402408361435
0.14101630449295044, 0.06352872401475906
0.2263074666261673, 0.08490298688411713
0.16954071819782257, 0.0617951974272728
0.15907712280750275, 0.05518217012286186
0.12682867050170898, 0.04770616069436073
0.17435552179813385, 0.06006257236003876
0.20423711836338043, 0.10013396292924881
0.19746799767017365, 0.05719621106982231
0.13876545429229736, 0.056919027119874954
0.13668528199195862, 0.05276627466082573
0.13836510479450226, 0.04561784490942955
0.08559572696685791, 0.0512755885720253
0.14792439341545105, 0.05522964149713516
0.14629553258419037, 0.05597580224275589
0.12359072268009186, 0.05355459079146385
0.12966832518577576, 0.06020059809088707
0.16477374732494354, 0.06575900316238403
0.16643205285072327, 0.05739448592066765
0.19808340072631836, 0.10407166928052902
0.12504932284355164, 0.07299388945102692
0.12712843716144562, 0.04978487268090248
0.14064612984657288, 0.061349306255578995
0.10898535698652267, 0.0470108836889267
0.09930349141359329, 0.06634188443422318
0.15544874966144562, 0.07259758561849594
0.18038196861743927, 0.07462509721517563
0.10522588342428207, 0.04310384392738342
0.0973711758852005, 0.03899664431810379
0.11502349376678467, 0.04457575082778931
0.15311357378959656, 0.06769458204507828
0.12745191156864166, 0.08206091821193695
0.12325870990753174, 0.051064468920230865
0.0968664214015007, 0.04556272551417351
0.09866998344659805, 0.06139656528830528
0.11704752594232559, 0.06731470674276352
0.10111195594072342, 0.05108743533492088
0.11041927337646484, 0.05147867277264595
0.11127335578203201, 0.04418294504284859
0.1448177993297577, 0.04498014971613884
0.11247850954532623, 0.039972882717847824
0.09322863817214966, 0.030753331258893013
0.16149938106536865, 0.06671763956546783
0.11102262884378433, 0.053024545311927795
0.15937042236328125, 0.07420866936445236
0.1752445250749588, 0.05735468491911888
0.1438930481672287, 0.04133007302880287
0.11511716991662979, 0.060231566429138184
0.1598590463399887, 0.08799661695957184
0.11453250795602798, 0.033919572830200195
0.1375989466905594, 0.04982469975948334
0.19335408508777618, 0.06921034306287766
0.142505943775177, 0.06931064277887344
0.1354871690273285, 0.05338570848107338
0.12176550924777985, 0.06921729445457458
0.1256771683692932, 0.05868601053953171
0.26891911029815674, 0.11810215562582016
0.1419113725423813, 0.07148531824350357
0.2158636599779129, 0.07754234969615936
0.17723706364631653, 0.0636766329407692
0.1912025511264801, 0.09003844857215881
0.1359732300043106, 0.07630447298288345
0.16701814532279968, 0.0579700842499733
0.14450544118881226, 0.04766891524195671
0.19261576235294342, 0.10304227471351624
0.16011953353881836, 0.05802004411816597
0.1946370154619217, 0.07846348732709885
0.17436052858829498, 0.0704975426197052
0.1531311571598053, 0.06361965835094452
0.11486480385065079, 0.08480695635080338
0.11896101385354996, 0.046529948711395264
0.07199511677026749, 0.029020560905337334
0.10162122547626495, 0.043237172067165375
0.154371976852417, 0.050996292382478714
0.13235102593898773, 0.06681607663631439
0.15806420147418976, 0.08422521501779556
0.10632689297199249, 0.04239143803715706
0.09759841114282608, 0.04753684997558594
0.10985324531793594, 0.04520450532436371
0.21139056980609894, 0.10607302933931351
0.17606206238269806, 0.07478086650371552
0.14431728422641754, 0.06170118972659111
0.09348592907190323, 0.0475180447101593
0.08156955242156982, 0.04302283003926277
0.11825960129499435, 0.04549325630068779
0.1058083102107048, 0.027623284608125687
0.06698644906282425, 0.04067444056272507
0.16309820115566254, 0.06775492429733276
0.1533847153186798, 0.07309794425964355
0.11306728422641754, 0.05044056475162506
0.07602328807115555, 0.03794943541288376
0.1184786707162857, 0.06505214422941208
0.12224231660366058, 0.04145040363073349
0.16211514174938202, 0.05854681879281998
0.1106720119714737, 0.05316087603569031
0.11754686385393143, 0.05258515104651451
0.13643361628055573, 0.050340790301561356
0.20265841484069824, 0.0670078843832016
0.18375669419765472, 0.08029217272996902
0.25333887338638306, 0.1400551050901413
0.11721716076135635, 0.049435798078775406
0.09468749165534973, 0.034706033766269684
0.13106977939605713, 0.10051114112138748
0.26087403297424316, 0.07416801154613495
0.2503150403499603, 0.08291932195425034
0.1117011159658432, 0.04362112283706665
0.07536955177783966, 0.025785915553569794
0.15552431344985962, 0.0890158861875534
0.18139858543872833, 0.0983879417181015
0.19757282733917236, 0.060138966888189316
0.2869793474674225, 0.1430422067642212
0.11801169067621231, 0.06691031157970428
0.10202928632497787, 0.06056364253163338
0.22023245692253113, 0.08061383664608002
0.10799870640039444, 0.05755867436528206
0.0654415637254715, 0.03664299100637436
0.10553936660289764, 0.05252136290073395
0.10805469751358032, 0.047552429139614105
0.08485214412212372, 0.03955792263150215
0.08108595758676529, 0.040535591542720795
0.1506170630455017, 0.05657835304737091
0.10510767996311188, 0.0440697968006134
0.1185779869556427, 0.05105911195278168
0.05850188061594963, 0.028373917564749718
0.12125632911920547, 0.038293663412332535
0.17379175126552582, 0.05489780753850937
0.12017659097909927, 0.0701277032494545
0.12529663741588593, 0.05318612977862358
0.12260641157627106, 0.06550240516662598
0.1267598569393158, 0.06773029267787933
0.132583349943161, 0.03745220974087715
0.19232937693595886, 0.0953189954161644
0.2171645164489746, 0.05848633497953415
0.11676759272813797, 0.0448044054210186
0.09503456950187683, 0.03833001106977463
0.09095409512519836, 0.022997984662652016
0.06666864454746246, 0.022626124322414398
0.0861087515950203, 0.028368888422846794
0.11213018000125885, 0.042624764144420624
0.17348891496658325, 0.09254215657711029
0.17972888052463531, 0.07306574285030365
0.16067208349704742, 0.054585814476013184
0.1283332109451294, 0.049440108239650726
0.11003489792346954, 0.043162886053323746
0.12472424656152725, 0.0568854957818985
0.10096768289804459, 0.040200650691986084
0.09965986758470535, 0.05360902473330498
0.18574301898479462, 0.07339237630367279
0.1500953584909439, 0.0569612942636013
0.11153099685907364, 0.04176747426390648
0.1409393697977066, 0.07041449099779129
0.11087445169687271, 0.04717360809445381
0.10585194081068039, 0.03465111553668976
0.09518261253833771, 0.04417255520820618
0.1251004934310913, 0.05160508304834366
0.1246362030506134, 0.0720561146736145
0.13734333217144012, 0.046868715435266495
0.2037069946527481, 0.08682621270418167
0.2017136663198471, 0.09552887082099915
0.15883919596672058, 0.07097084820270538
0.11185101419687271, 0.044517554342746735
0.10993825644254684, 0.04007360339164734
0.1770685911178589, 0.10077445954084396
0.19351612031459808, 0.10779914259910583
0.09785626828670502, 0.03134883940219879
0.15545403957366943, 0.059853505343198776
0.08170551061630249, 0.03468458354473114
0.11926925182342529, 0.05868937075138092
0.14945904910564423, 0.07155664265155792
0.12253064662218094, 0.06658750027418137
0.12109167128801346, 0.0542416088283062
0.1713411659002304, 0.0604306124150753
0.13219229876995087, 0.04736508056521416
0.17973226308822632, 0.08073141425848007
0.1871958076953888, 0.05723217874765396
0.17669014632701874, 0.07624896615743637
0.13258734345436096, 0.07517442852258682
0.10266115516424179, 0.05323067307472229
0.10337776690721512, 0.03746539726853371
0.10321976989507675, 0.04402310401201248
0.13903219997882843, 0.07077733427286148
0.2208716720342636, 0.06601248681545258
0.17162366211414337, 0.07093475013971329
0.15296420454978943, 0.06546266376972198
0.11837821453809738, 0.049301788210868835
0.1187954917550087, 0.038488395512104034
0.08890888094902039, 0.041475631296634674
0.08232048153877258, 0.029569853097200394
0.12153465300798416, 0.03995518013834953
0.10732308030128479, 0.04321545735001564
0.16800394654273987, 0.06279074400663376
0.14217999577522278, 0.058982182294130325
0.1075175553560257, 0.04533074051141739
0.09597137570381165, 0.03691527619957924
0.1936529576778412, 0.10047176480293274
0.16264742612838745, 0.062384314835071564
0.10040632635354996, 0.03156133368611336
0.15445423126220703, 0.09710643440485
0.10429605096578598, 0.053363870829343796
0.11539631336927414, 0.06252100318670273
0.09803733974695206, 0.04491648077964783
0.09502021968364716, 0.047085996717214584
0.10403662174940109, 0.06051173806190491
0.14611300826072693, 0.047099433839321136
0.1386408507823944, 0.06395677477121353
0.10782080888748169, 0.0357590988278389
0.09635356068611145, 0.0372379906475544
0.08961660414934158, 0.04055066779255867
0.11722663789987564, 0.044488970190286636
0.2014854997396469, 0.08695193380117416
0.16598813235759735, 0.06641055643558502
0.13977423310279846, 0.07196218520402908
0.13830134272575378, 0.06577456742525101
0.1420840173959732, 0.039526499807834625
0.12651176750659943, 0.05958889052271843
0.10041944682598114, 0.04569149389863014
0.1167755275964737, 0.05713003873825073
0.1485884189605713, 0.06974142044782639
0.09441743046045303, 0.04547285661101341
0.1180335283279419, 0.055742233991622925
0.08344046026468277, 0.027693340554833412
0.16784876585006714, 0.08983787894248962
0.08606938272714615, 0.0392882339656353
0.10358420759439468, 0.03315934166312218
0.15992547571659088, 0.08110611885786057
0.1422877311706543, 0.055057767778635025
0.11129382252693176, 0.04875677451491356
0.1119522899389267, 0.05234294757246971
0.14568524062633514, 0.05869930982589722
0.11814675480127335, 0.052104830741882324
0.13081185519695282, 0.0824313759803772
0.1534615010023117, 0.05067642033100128
0.06821208447217941, 0.015898140147328377
0.11171413958072662, 0.03802977502346039
0.14320005476474762, 0.049045611172914505
0.2164999395608902, 0.0733705535531044
0.13200540840625763, 0.07724720984697342
0.07386508584022522, 0.02509567141532898
0.09711961448192596, 0.032607488334178925
0.0710882693529129, 0.02556520141661167
0.11685214936733246, 0.044834062457084656
0.12975609302520752, 0.0523897185921669
0.10428723692893982, 0.06013976037502289
0.21414311230182648, 0.10361939668655396
0.22310596704483032, 0.07320069521665573
0.14255177974700928, 0.059706464409828186
0.08598296344280243, 0.03539077192544937
0.08841529488563538, 0.04354937747120857
0.12209251523017883, 0.03634168207645416
0.09742013365030289, 0.03411955386400223
0.09880229830741882, 0.05123757943511009
0.0769861713051796, 0.04025683179497719
0.05937610939145088, 0.026727495715022087
0.0645742192864418, 0.028840670362114906
0.07579576969146729, 0.03905241936445236
0.09664194285869598, 0.05620746314525604
0.131521537899971, 0.05576160550117493
0.10591527819633484, 0.035649221390485764
0.15090230107307434, 0.06581111997365952
0.12498092651367188, 0.05193211883306503
0.08559761196374893, 0.043491847813129425
0.14953795075416565, 0.046286337077617645
0.12652941048145294, 0.061776407063007355
0.1036609560251236, 0.038034338504076004
0.10552681237459183, 0.04486730694770813
0.13525883853435516, 0.05478614196181297
0.16470743715763092, 0.0847492590546608
0.1750318855047226, 0.07065493613481522
0.12648281455039978, 0.05617677420377731
0.124124675989151, 0.04261184483766556
0.20951226353645325, 0.08864665776491165
0.2082424759864807, 0.15292951464653015
0.10997385531663895, 0.04876864701509476
0.09070084244012833, 0.03159599006175995
0.1018441691994667, 0.03814684599637985
0.14659157395362854, 0.06603384763002396
0.20657335221767426, 0.09716180711984634
0.1680014282464981, 0.07140684127807617
0.2233952134847641, 0.08938220143318176
0.11099427193403244, 0.0423969030380249
0.11593292653560638, 0.07306361943483353
0.1720319539308548, 0.0915369763970375
0.13933779299259186, 0.05190647020936012
0.12402749061584473, 0.04390754923224449
0.0941225215792656, 0.04658079519867897
0.10246280580759048, 0.04305873066186905
0.11165620386600494, 0.057748470455408096
0.08520380407571793, 0.03789482265710831
0.15506882965564728, 0.05371097847819328
0.1446753591299057, 0.06757968664169312
0.21396173536777496, 0.0959572121500969
0.10546449571847916, 0.04075390100479126
0.1611897200345993, 0.048358798027038574
0.10950411111116409, 0.04250023141503334
0.1289808452129364, 0.07489923387765884
0.13322295248508453, 0.050171129405498505
0.1498144268989563, 0.05814119428396225
0.08799391984939575, 0.04443330690264702
0.0744534507393837, 0.029054811224341393
0.1796245127916336, 0.05649607628583908
0.18735606968402863, 0.07574092596769333
0.13088256120681763, 0.05193736404180527
0.12391793727874756, 0.050646595656871796
0.16318698227405548, 0.047357987612485886
0.1407877504825592, 0.0837482139468193
0.14623017609119415, 0.06384659558534622
0.15656594932079315, 0.10318277776241302
0.18538981676101685, 0.08051547408103943
0.18839426338672638, 0.10126983374357224
0.13664166629314423, 0.049675412476062775
0.11141467094421387, 0.040550027042627335
0.1251620501279831, 0.069002166390419
0.13140027225017548, 0.055941544473171234
0.14202705025672913, 0.06623464822769165
0.07562538981437683, 0.031628452241420746
0.2019997090101242, 0.09835271537303925
0.22040291130542755, 0.08528386801481247
0.13401468098163605, 0.06105382740497589
0.11059414595365524, 0.04766424745321274
0.12573575973510742, 0.05492378771305084
0.1707085520029068, 0.06398650258779526
0.12165091931819916, 0.05503910407423973
0.13584792613983154, 0.061736803501844406
0.16638687252998352, 0.07241607457399368
0.12808847427368164, 0.05059688910841942
0.09578768908977509, 0.031941670924425125
0.10127754509449005, 0.0430542528629303
0.1819552630186081, 0.09282441437244415
0.1544092297554016, 0.07151919603347778
0.14906175434589386, 0.06652525812387466
0.060631997883319855, 0.02368081919848919
0.0866086557507515, 0.03401380777359009
0.07865390181541443, 0.04821925237774849
0.09185335785150528, 0.03654402494430542
0.18063274025917053, 0.08411646634340286
0.236282616853714, 0.06868749856948853
0.09666495025157928, 0.04739737510681152
0.10147199779748917, 0.04746997728943825
0.10101104527711868, 0.04616837203502655
0.06628790497779846, 0.023841863498091698
0.0786982923746109, 0.044355276972055435
0.08589546382427216, 0.03879977762699127
0.05090098828077316, 0.02032388374209404
0.11019225418567657, 0.03989928588271141
0.2528575658798218, 0.11559999734163284
0.1529054194688797, 0.07618783414363861
0.1336234211921692, 0.04077417030930519
0.1655188798904419, 0.054047439247369766
0.1512942612171173, 0.0581747367978096
0.14686547219753265, 0.05221288651227951
0.11153197288513184, 0.034116365015506744
0.13120830059051514, 0.05142844095826149
0.12258575111627579, 0.06705504655838013
0.09001115709543228, 0.04921063035726547
0.142739400267601, 0.04173097386956215
0.07898999005556107, 0.03196193650364876
0.13533876836299896, 0.058199234306812286
0.15046684443950653, 0.07146215438842773
0.1922491490840912, 0.07238645106554031
0.15479059517383575, 0.07873466610908508
0.1183379665017128, 0.0720980167388916
0.0827086791396141, 0.044290654361248016
0.17940862476825714, 0.08469941467046738
0.12335140258073807, 0.046979669481515884
0.09692523628473282, 0.03584791347384453
0.10712448507547379, 0.0364634171128273
0.08636130392551422, 0.042212147265672684
0.06528259068727493, 0.030483543872833252
0.11322804540395737, 0.05201519653201103
0.21993647515773773, 0.1263156682252884
0.20278242230415344, 0.09108803421258926
0.1384894698858261, 0.07524208724498749
0.1152787059545517, 0.04817736893892288
0.06506355106830597, 0.02180461958050728
0.10072197765111923, 0.03979436308145523
0.09692418575286865, 0.04463662579655647
0.19342894852161407, 0.095118448138237
0.14194731414318085, 0.06047810614109039
0.17119961977005005, 0.0526471808552742
0.1868891417980194, 0.06721083074808121
0.13774803280830383, 0.04599582776427269
0.1282128095626831, 0.048506129533052444
0.13302069902420044, 0.060871537774801254
0.11282241344451904, 0.03276679292321205
0.12998412549495697, 0.05134076625108719
0.1250007450580597, 0.0681263729929924
0.09666875749826431, 0.04073351249098778
0.07092098146677017, 0.032378461211919785
0.11695253849029541, 0.05311691015958786
0.1873333752155304, 0.07896815985441208
0.13048548996448517, 0.040533825755119324
0.12733542919158936, 0.057614944875240326
0.1957683116197586, 0.0771159678697586
0.15666183829307556, 0.06660427898168564
0.13105621933937073, 0.04581387713551521
0.0887548178434372, 0.0391276590526104
0.09349558502435684, 0.037212297320365906
0.11791279911994934, 0.0385696105659008
0.09918633848428726, 0.04189261421561241
0.09265867620706558, 0.036597538739442825
0.1399811953306198, 0.07852298766374588
0.10492765158414841, 0.04878268390893936
0.12800298631191254, 0.04419729486107826
0.09466329962015152, 0.047046709805727005
0.141789972782135, 0.05625546723604202
0.12901298701763153, 0.0621008537709713
0.15607789158821106, 0.0982651636004448
0.11735817044973373, 0.0407765731215477
0.08565514534711838, 0.04332427307963371
0.1245381310582161, 0.04023871570825577
0.14431531727313995, 0.06828417629003525
0.11540760099887848, 0.04799096658825874
0.07223815470933914, 0.029373446479439735
0.2448214441537857, 0.11410057544708252
0.17838475108146667, 0.07338368147611618
0.08952585607767105, 0.02603074535727501
0.06241467967629433, 0.03119545429944992
0.06611020117998123, 0.02575048618018627
0.08243631571531296, 0.034644171595573425
0.0796026661992073, 0.02989976294338703
0.07782270759344101, 0.03648258000612259
0.1184416115283966, 0.04255175217986107
0.14578206837177277, 0.06644114851951599
0.14869695901870728, 0.06962445378303528
0.1774086058139801, 0.06830371171236038
0.2276788055896759, 0.1300579160451889
0.30168280005455017, 0.10527876019477844
0.24838444590568542, 0.08837679028511047
0.20218682289123535, 0.08675740659236908
0.13594502210617065, 0.0535096749663353
0.1307712197303772, 0.05070943385362625
0.12641309201717377, 0.061330921947956085
0.10769186168909073, 0.05192067101597786
0.12227848917245865, 0.046115562319755554
0.13883677124977112, 0.05617319047451019
0.14762379229068756, 0.05631914362311363
0.1304326355457306, 0.05106177553534508
0.13962562382221222, 0.0740654245018959
0.14364899694919586, 0.03986950218677521
0.09436474740505219, 0.0419994480907917
0.09164493530988693, 0.04291808232665062
0.13543124496936798, 0.04728395491838455
0.15280194580554962, 0.06160983070731163
0.14284075796604156, 0.04864758998155594
0.08570133149623871, 0.030981678515672684
0.11538639664649963, 0.04953764006495476
0.09396033734083176, 0.037617940455675125
0.08949626982212067, 0.03395303711295128
0.09678047150373459, 0.0330139584839344
0.09578243643045425, 0.03988073393702507
0.10168677568435669, 0.06255505234003067
0.11751283705234528, 0.047808364033699036
0.20916491746902466, 0.10882589221000671
0.27521583437919617, 0.13153211772441864
0.27804282307624817, 0.12844637036323547
0.1980699598789215, 0.09370734542608261
0.15182918310165405, 0.06485719978809357
0.10508839786052704, 0.042323485016822815
0.13483668863773346, 0.04820917174220085
0.11320999264717102, 0.03670607507228851
0.10825564712285995, 0.060695353895425797
0.23177973926067352, 0.06547918915748596
0.11949307471513748, 0.049953896552324295
0.1647406667470932, 0.05838966369628906
0.07390338182449341, 0.04418572038412094
0.1266314685344696, 0.05417677387595177
0.0985589548945427, 0.04780522733926773
0.07673352211713791, 0.028199223801493645
0.07559618353843689, 0.03705982863903046
0.07445065677165985, 0.027503132820129395
0.06660326570272446, 0.03930343687534332
0.09384699165821075, 0.06447654217481613
0.09643776714801788, 0.0415012501180172
0.08898361027240753, 0.02762802131474018
0.15516534447669983, 0.07080156356096268
0.10149059444665909, 0.05656355991959572
0.12587927281856537, 0.06002097204327583
0.12231791019439697, 0.0424247644841671
0.07537125051021576, 0.030978234484791756
0.15650393068790436, 0.08405303955078125
0.15814918279647827, 0.0802057608962059
0.1585850715637207, 0.055500198155641556
0.11356697976589203, 0.052314069122076035
0.05739890784025192, 0.02282293699681759
0.07892356067895889, 0.04450371116399765
0.13187982141971588, 0.058867197483778
0.10331784188747406, 0.03912050276994705
0.0913645327091217, 0.05008041858673096
0.10385145246982574, 0.05040748789906502
0.11983166635036469, 0.05208650976419449
0.1341002732515335, 0.05638086795806885
0.1365664005279541, 0.04533131420612335
0.09539217501878738, 0.04432034492492676
0.09984375536441803, 0.04297177121043205
0.1454271376132965, 0.07243508845567703
0.12496331334114075, 0.03801201283931732
0.13696175813674927, 0.06755690276622772
0.1654568910598755, 0.05883031710982323
0.16269522905349731, 0.0849914401769638
0.14084231853485107, 0.0697692334651947
0.0982336774468422, 0.044859107583761215
0.09653624147176743, 0.04550160840153694
0.11326131969690323, 0.0494421049952507
0.08786140382289886, 0.04725657403469086
0.16814160346984863, 0.05220253765583038
0.11805663257837296, 0.03743262216448784
0.10413996875286102, 0.04109435901045799
0.13918542861938477, 0.061117444187402725
0.1258114129304886, 0.059636201709508896
0.16306863725185394, 0.07336924225091934
0.09291664510965347, 0.028729340061545372
0.07271690666675568, 0.02527880296111107
0.11470180004835129, 0.03728488087654114
0.1691291630268097, 0.05512629449367523
0.17288875579833984, 0.06984999030828476
0.09483986347913742, 0.02983362227678299
0.09292867034673691, 0.03912283480167389
0.10705458372831345, 0.04157135635614395
0.1470901519060135, 0.06525774300098419
0.136562317609787, 0.05671952664852142
0.11221795529127121, 0.03508949652314186
0.10398369282484055, 0.044649574905633926
0.12381914258003235, 0.03946371003985405
0.10278363525867462, 0.028472954407334328
0.10307502001523972, 0.03937266021966934
0.11187323182821274, 0.048204489052295685
0.20777767896652222, 0.0842040628194809
0.18733452260494232, 0.043709978461265564
0.11268272995948792, 0.05933709442615509
0.10387653112411499, 0.04663502424955368
0.0810762420296669, 0.03928140178322792
0.0960840955376625, 0.0456368662416935
0.11268680542707443, 0.03979581966996193
0.09704206138849258, 0.0439210906624794
0.10574733465909958, 0.045546747744083405
0.0721030980348587, 0.02838667668402195
0.13711333274841309, 0.08209185302257538
0.11451632529497147, 0.04595077410340309
0.10209333151578903, 0.05024174228310585
0.14823685586452484, 0.05863310396671295
0.11932674795389175, 0.03876713290810585
0.18593978881835938, 0.0659172460436821
0.18902991712093353, 0.07076945900917053
0.07887616008520126, 0.03332973271608353
0.1002424955368042, 0.04731227084994316
0.09696196764707565, 0.051124658435583115
0.12254098057746887, 0.04623160511255264
0.1311885118484497, 0.07187817990779877
0.16212235391139984, 0.05880590155720711
0.15282447636127472, 0.06111868843436241
0.16848695278167725, 0.07770290225744247
0.11470838636159897, 0.0523441918194294
0.09036967903375626, 0.04402225837111473
0.0937485471367836, 0.050904255360364914
0.08242515474557877, 0.02673274651169777
0.11036142706871033, 0.05642494559288025
0.14168749749660492, 0.054906126111745834
0.15690231323242188, 0.06940826773643494
0.23136980831623077, 0.07647119462490082
0.22132886946201324, 0.09779845178127289
0.14182324707508087, 0.061797406524419785
0.1201709508895874, 0.06722469627857208
0.17087383568286896, 0.046284269541502
0.11943372339010239, 0.041410114616155624
0.13495734333992004, 0.07175435870885849
0.1659778356552124, 0.0819196105003357
0.12144216150045395, 0.05846911296248436
0.16629250347614288, 0.07889247685670853
0.18749745190143585, 0.09896692633628845
0.15658770501613617, 0.07991821318864822
0.16048261523246765, 0.09826011955738068
0.07072681933641434, 0.04071925953030586
0.09241364151239395, 0.02999282255768776
0.1696283370256424, 0.07617998123168945
0.08509241789579391, 0.04377014935016632
0.10903505235910416, 0.04508592188358307
0.08555272221565247, 0.041135407984256744
0.11450403183698654, 0.05619033798575401
0.0951831266283989, 0.027293993160128593
0.09812549501657486, 0.06871239840984344
0.125401571393013, 0.06945623457431793
0.17658811807632446, 0.05120066553354263
0.10465984046459198, 0.05801333859562874
0.10348496586084366, 0.048030875623226166
0.12076273560523987, 0.05547304078936577
0.08720578998327255, 0.03860291466116905
0.10083907097578049, 0.046657729893922806
0.09093769639730453, 0.042681124061346054
0.12405095249414444, 0.08041508495807648
0.127729132771492, 0.049467552453279495
0.08517584949731827, 0.036115020513534546
0.15553194284439087, 0.069646455347538
0.11877547204494476, 0.049215517938137054
0.16708463430404663, 0.04857539013028145
0.1347038298845291, 0.03958353027701378
0.29319027066230774, 0.1291767656803131
0.16310934722423553, 0.0839695930480957
0.07584882527589798, 0.03031086176633835
0.10250316560268402, 0.04438531771302223
0.1076723039150238, 0.04954277724027634
0.1642380803823471, 0.07755955308675766
0.13384754955768585, 0.0443885400891304
0.12380924820899963, 0.03471045941114426
0.07898785918951035, 0.036198295652866364
0.11292408406734467, 0.04904336482286453
0.1698836237192154, 0.08492758125066757
0.12293950468301773, 0.0472869947552681
0.1094265803694725, 0.03988790884613991
0.11776103079319, 0.04337494447827339
0.10848647356033325, 0.043323684483766556
0.1000814288854599, 0.049285802990198135
0.12104596197605133, 0.04171363264322281
0.11252769082784653, 0.04088148847222328
0.0809866264462471, 0.028455447405576706
0.15329721570014954, 0.05306651070713997
0.14582431316375732, 0.04605088382959366
0.10777924209833145, 0.053473666310310364
0.1136205717921257, 0.04779575765132904
0.08331143110990524, 0.041968390345573425
0.08956243097782135, 0.03952540457248688
0.09224310517311096, 0.0430067740380764
0.09357676655054092, 0.037504665553569794
0.10544344037771225, 0.04407939687371254
0.11513514071702957, 0.055905070155858994
0.17900821566581726, 0.05744000896811485
0.1929212063550949, 0.061257459223270416
0.18849804997444153, 0.07150620967149734
0.13266411423683167, 0.06428612023591995
0.13775570690631866, 0.05441317707300186
0.24871426820755005, 0.10318583250045776
0.192853644490242, 0.07029873132705688
0.1236284151673317, 0.06425082683563232
0.12872371077537537, 0.05430128052830696
0.10040183365345001, 0.05138469487428665
0.11887350678443909, 0.05399569123983383
0.09534430503845215, 0.04153899475932121
0.10434284806251526, 0.040576327592134476
0.11398780345916748, 0.043614231050014496
0.11660584062337875, 0.056492194533348083
0.10806737840175629, 0.04837949201464653
0.15076464414596558, 0.04825211316347122
0.11961384862661362, 0.03674912080168724
0.08802182972431183, 0.035467538982629776
0.11426721513271332, 0.05661962926387787
0.1442285031080246, 0.05319054797291756
0.1153184324502945, 0.0625324621796608
0.11727040261030197, 0.043522994965314865
0.10311407595872879, 0.035740580409765244
0.08706628531217575, 0.03614116460084915
0.1345374435186386, 0.052499834448099136
0.11806542426347733, 0.043330322951078415
0.14661414921283722, 0.0641537606716156
0.1123996302485466, 0.045287515968084335
0.10910622030496597, 0.04947599768638611
0.2077021449804306, 0.07435712963342667
0.16279380023479462, 0.07511275261640549
0.09724538028240204, 0.04643019661307335
0.10321720689535141, 0.053843919187784195
0.09991876035928726, 0.04966071620583534
0.09705664217472076, 0.040867600589990616
0.11695686727762222, 0.04258037731051445
0.15556195378303528, 0.05603262409567833
0.1347714066505432, 0.05548704415559769
0.13325656950473785, 0.06831088662147522
0.10149300843477249, 0.034975770860910416
0.11482486873865128, 0.047231681644916534
0.07565762847661972, 0.03107624500989914
0.08573208004236221, 0.027875233441591263
0.11898790299892426, 0.04557138681411743
0.11469818651676178, 0.04435625672340393
0.14793412387371063, 0.06837821751832962
0.16647537052631378, 0.07376917451620102
0.12908031046390533, 0.06666207313537598
0.1363866925239563, 0.051107197999954224
0.14567191898822784, 0.07802402228116989
0.16522349417209625, 0.07823944091796875
0.22199054062366486, 0.053129032254219055
0.20652538537979126, 0.077540323138237
0.19825759530067444, 0.08685441315174103
0.13095611333847046, 0.06556620448827744
0.22620180249214172, 0.09303280711174011
0.1601712852716446, 0.08430995792150497
0.10503939539194107, 0.04651034623384476
0.20021982491016388, 0.06919465959072113
0.2649365961551666, 0.09938683360815048
0.1957477480173111, 0.086119145154953
0.11372754722833633, 0.040123287588357925
0.14202305674552917, 0.05850568041205406
0.144150510430336, 0.06341227889060974
0.10046299546957016, 0.02713037095963955
0.08907658606767654, 0.04266667366027832
0.16099698841571808, 0.052200280129909515
0.12269286066293716, 0.04686753451824188
0.12316744774580002, 0.06038714945316315
0.16448557376861572, 0.07418131083250046
0.1424826830625534, 0.039949141442775726
0.20718225836753845, 0.09186240285634995
0.34988072514533997, 0.12386780977249146
0.1994275599718094, 0.07779672741889954
0.10042652487754822, 0.048703525215387344
0.11160344630479813, 0.0603739395737648
0.1619575321674347, 0.06847323477268219
0.19355013966560364, 0.08710230141878128
0.1387820541858673, 0.059481557458639145
0.23055192828178406, 0.08229458332061768
0.1781357079744339, 0.043685030192136765
0.11844564974308014, 0.05611773952841759
0.13385652005672455, 0.056809503585100174
0.12261736392974854, 0.040460873395204544
0.18806807696819305, 0.07128429412841797
0.28946319222450256, 0.15756314992904663
0.2320614904165268, 0.11913397908210754
0.21742919087409973, 0.07032449543476105
0.181868314743042, 0.065808966755867
0.20305927097797394, 0.08669868856668472
0.21119506657123566, 0.09042216092348099
0.13423071801662445, 0.041848912835121155
0.19787804782390594, 0.09110959619283676
0.2223328799009323, 0.1007734015583992
0.18860122561454773, 0.06300854682922363
0.1495867371559143, 0.05503386631608009
0.21922267973423004, 0.10064978897571564
0.15084508061408997, 0.07362236827611923
0.18698471784591675, 0.05666492134332657
0.1445932686328888, 0.055807389318943024
0.12806306779384613, 0.056629251688718796
0.14496974647045135, 0.04544399306178093
0.20350627601146698, 0.09481263160705566
0.21321862936019897, 0.09090214967727661
0.21087956428527832, 0.09510666877031326
0.19338054955005646, 0.07814209908246994
0.2069978415966034, 0.07551214843988419
0.21083565056324005, 0.11929347366094589
0.283744215965271, 0.13022060692310333
0.25306466221809387, 0.09588155895471573
0.22847798466682434, 0.08410152047872543
0.1969427466392517, 0.07223012298345566
0.20899510383605957, 0.07788421958684921
0.31098389625549316, 0.12809349596500397
0.18564601242542267, 0.0457245297729969
0.21613408625125885, 0.10198291391134262
0.32699236273765564, 0.17001985013484955
0.2289281189441681, 0.09707017987966537
0.26760876178741455, 0.11068231612443924
0.2172868400812149, 0.09159856289625168
0.29649603366851807, 0.17531542479991913
