mean, std
0.3278774619102478, 0.01699267514050007
0.3288559913635254, 0.01753997802734375
0.32987022399902344, 0.018454445526003838
0.3262566328048706, 0.015874044969677925
0.3271685540676117, 0.015906337648630142
0.3287293016910553, 0.01827513799071312
0.3242087662220001, 0.01743488758802414
0.27928587794303894, 0.03521298989653587
0.19728948175907135, 0.0122126629576087
0.1761009246110916, 0.013697533868253231
0.1687813550233841, 0.014849255792796612
0.1674446165561676, 0.010490489192306995
0.1662873476743698, 0.01026614848524332
0.1658124476671219, 0.013948250561952591
0.16623680293560028, 0.013173720799386501
0.16541968286037445, 0.010590621270239353
0.16618134081363678, 0.0130018824711442
0.16587162017822266, 0.01175319217145443
0.166176900267601, 0.01653851941227913
0.16609732806682587, 0.01197583694010973
0.16552655398845673, 0.01284076552838087
0.1659277379512787, 0.011289721354842186
0.16509608924388885, 0.010592712089419365
0.16558685898780823, 0.011407366953790188
0.16632039844989777, 0.010975638404488564
0.16645367443561554, 0.010628280229866505
0.16668696701526642, 0.011934744194149971
0.1660243272781372, 0.009583047591149807
0.16649776697158813, 0.011944451369345188
0.1658535897731781, 0.014204496517777443
0.16678114235401154, 0.010951003059744835
0.1664838343858719, 0.011964970268309116
0.16559095680713654, 0.012241033837199211
0.16611257195472717, 0.013174149207770824
0.16521909832954407, 0.013801053166389465
0.1656094342470169, 0.015703223645687103
0.16543881595134735, 0.0146608492359519
0.16513939201831818, 0.013388454914093018
0.1656791716814041, 0.013443982228636742
0.16604341566562653, 0.008411688730120659
0.16553713381290436, 0.011325492523610592
0.16590328514575958, 0.011940847150981426
0.16700685024261475, 0.012482629157602787
0.16553016006946564, 0.012687879614531994
0.1663292944431305, 0.013501795008778572
0.1648319512605667, 0.01773018017411232
0.16552358865737915, 0.012158408761024475
0.16677270829677582, 0.011611027643084526
0.16560137271881104, 0.013599536381661892
0.166231170296669, 0.008694805204868317
0.16606338322162628, 0.01287822425365448
0.16538721323013306, 0.016828909516334534
0.16541264951229095, 0.014755427837371826
0.16608206927776337, 0.01162034459412098
0.16616106033325195, 0.011832132935523987
0.16629666090011597, 0.012954415753483772
0.16600877046585083, 0.010940155014395714
0.16600298881530762, 0.01365759875625372
0.16676169633865356, 0.010930999182164669
0.16622187197208405, 0.013530418276786804
0.1654929667711258, 0.011693199165165424
0.16682302951812744, 0.010239662602543831
0.16675569117069244, 0.012456786818802357
0.1664644032716751, 0.011624648235738277
0.16708433628082275, 0.011218921281397343
0.1661607325077057, 0.014688302762806416
0.16591879725456238, 0.010778971016407013
0.16565223038196564, 0.016016589477658272
0.16617083549499512, 0.009632883593440056
0.16542470455169678, 0.013320422731339931
0.16524046659469604, 0.012727881781756878
0.16621877253055573, 0.010906096547842026
0.16646640002727509, 0.013585496693849564
0.16498751938343048, 0.010359175503253937
0.16677217185497284, 0.010542873293161392
0.16604287922382355, 0.010688237845897675
0.16635285317897797, 0.010381047613918781
0.16578666865825653, 0.013971040025353432
0.1661035120487213, 0.013721290044486523
0.16638904809951782, 0.0121898353099823
0.16564346849918365, 0.008993229828774929
0.16579216718673706, 0.01376030221581459
0.16533316671848297, 0.012086015194654465
0.16479983925819397, 0.015766598284244537
0.16609935462474823, 0.0137001508846879
0.16570785641670227, 0.012147990055382252
0.1654507964849472, 0.01544556301087141
0.1647462397813797, 0.014136770740151405
0.16691990196704865, 0.010245207697153091
0.16672523319721222, 0.013447403907775879
0.16586314141750336, 0.011385196819901466
0.1664661020040512, 0.014758439734578133
0.16643284261226654, 0.011817430146038532
0.16543738543987274, 0.009228184819221497
0.1649939864873886, 0.015511159785091877
0.166793093085289, 0.008723814971745014
0.16595982015132904, 0.011299843899905682
0.16636739671230316, 0.009452946484088898
0.16543719172477722, 0.013837818056344986
0.16592738032341003, 0.01092479657381773
0.1660255342721939, 0.009861182421445847
0.1651328057050705, 0.00979797076433897
0.16661925613880157, 0.013481453992426395
0.165730282664299, 0.007294198963791132
0.16549202799797058, 0.010406045243144035
0.16550879180431366, 0.016355156898498535
0.16591709852218628, 0.010404893197119236
0.16562893986701965, 0.0074299112893640995
0.16472816467285156, 0.011431774124503136
0.16530048847198486, 0.01116970181465149
0.1650722771883011, 0.009364813566207886
0.16479241847991943, 0.0149583350867033
0.16470521688461304, 0.013025835156440735
0.16502651572227478, 0.011598080396652222
0.16537225246429443, 0.014706780202686787
0.16617853939533234, 0.013714372180402279
0.16506366431713104, 0.011672875843942165
0.164659783244133, 0.017150595784187317
0.16701671481132507, 0.013004690408706665
0.16634497046470642, 0.014626352116465569
0.16482901573181152, 0.010224816389381886
0.1658809930086136, 0.015104166232049465
0.1654338240623474, 0.015477037988603115
0.16507594287395477, 0.013744693249464035
0.165345698595047, 0.010708405636250973
0.16472826898097992, 0.010497250594198704
0.16532613337039948, 0.01142923068255186
0.16442427039146423, 0.009864302352070808
0.16496102511882782, 0.015285006724298
0.1640639305114746, 0.012487891130149364
0.1651703268289566, 0.011027701199054718
0.16536517441272736, 0.013122934848070145
0.16536305844783783, 0.013149742037057877
0.16512353718280792, 0.012243110686540604
0.1650504618883133, 0.013308868743479252
0.1659417748451233, 0.011313177645206451
0.16554486751556396, 0.014476656913757324
0.16458198428153992, 0.014401393011212349
0.16469821333885193, 0.010836386121809483
0.16614337265491486, 0.007819303311407566
0.1647864282131195, 0.014225930906832218
0.16471326351165771, 0.01917189545929432
0.16478808224201202, 0.012626301497220993
0.1652342826128006, 0.010383635759353638
0.16462574899196625, 0.015804462134838104
0.16557365655899048, 0.011154488660395145
0.16437073051929474, 0.011667942628264427
0.1654454618692398, 0.014671395532786846
0.16436977684497833, 0.012515879236161709
0.16434533894062042, 0.012914138846099377
0.16268035769462585, 0.017142603173851967
0.16360367834568024, 0.013051691465079784
0.1620495319366455, 0.011304016225039959
0.16220934689044952, 0.010766792111098766
0.1565237045288086, 0.01640375703573227
0.15163683891296387, 0.013200878165662289
0.14896640181541443, 0.014633593149483204
0.15260329842567444, 0.015185900963842869
0.14531651139259338, 0.016168661415576935
0.14514145255088806, 0.010153289884328842
0.1419009417295456, 0.013121037743985653
0.13956096768379211, 0.01320209726691246
0.13941283524036407, 0.013279580511152744
0.1374557763338089, 0.013464050367474556
0.13464520871639252, 0.014073681086301804
0.1324099600315094, 0.015498518943786621
0.1286820024251938, 0.010810867883265018
0.12558896839618683, 0.01133830938488245
0.12460222840309143, 0.015016600489616394
0.12594518065452576, 0.011650264263153076
0.12686094641685486, 0.01335261669009924
0.12524321675300598, 0.012896092608571053
0.12492358684539795, 0.011320367455482483
0.12276727706193924, 0.013305425643920898
0.12295881658792496, 0.011666708625853062
0.12321172654628754, 0.01686609350144863
0.12348542362451553, 0.01396161038428545
0.1216028556227684, 0.011814313009381294
0.1219099909067154, 0.0155238788574934
0.12120583653450012, 0.012263346463441849
0.12211181223392487, 0.01108844019472599
0.12150457501411438, 0.014012215659022331
0.12243212759494781, 0.014846721664071083
0.12170226126909256, 0.01443738117814064
0.12339554727077484, 0.012005363591015339
0.12169570475816727, 0.011150621809065342
0.12026844173669815, 0.01482541486620903
0.12176099419593811, 0.013011450879275799
0.12198308110237122, 0.014582662843167782
0.12222138047218323, 0.00994536280632019
0.12145727127790451, 0.010137149132788181
0.12139521539211273, 0.014527806080877781
0.12209434062242508, 0.00886472873389721
0.12221751362085342, 0.010162432678043842
0.12212315201759338, 0.01509918924421072
0.12096305936574936, 0.009772257879376411
0.12190471589565277, 0.01114528439939022
0.12101186811923981, 0.01223473995923996
0.12242446839809418, 0.012031778693199158
0.12138218432664871, 0.012221800163388252
0.12052994221448898, 0.013036325573921204
0.12015567719936371, 0.012061841785907745
0.12015239149332047, 0.012433950789272785
0.12028530240058899, 0.014055946841835976
0.12077919393777847, 0.011037574149668217
0.12099502235651016, 0.013691481202840805
0.12066279351711273, 0.008876219391822815
0.1217217817902565, 0.013200570829212666
0.12126117199659348, 0.013725454919040203
0.12061283737421036, 0.013086491264402866
0.12033336609601974, 0.0146291833370924
0.12086735665798187, 0.013116896152496338
0.12039908021688461, 0.013804566115140915
0.12129195779561996, 0.009914630092680454
0.11927757412195206, 0.011457840912044048
0.11932945251464844, 0.010960708372294903
0.12068487703800201, 0.014341063797473907
0.11943279206752777, 0.011875438503921032
0.12126147747039795, 0.012595178559422493
0.12116523832082748, 0.00983279850333929
0.12026696652173996, 0.010838487185537815
0.12017977237701416, 0.011506532318890095
0.12069068849086761, 0.009262642823159695
0.12089399248361588, 0.011228762567043304
0.11916390061378479, 0.009993582963943481
0.1198040023446083, 0.01222726609557867
0.12081893533468246, 0.010484067723155022
0.12040100991725922, 0.013671551831066608
0.12109516561031342, 0.009825091809034348
0.119661845266819, 0.012600420974195004
0.1205679178237915, 0.0074156587943434715
0.11972568929195404, 0.012340733781456947
0.11993148922920227, 0.013333499431610107
0.11971940100193024, 0.010415690019726753
0.12075959146022797, 0.012649629265069962
0.12011974304914474, 0.01411170419305563
0.11988397687673569, 0.011040017940104008
0.11931318789720535, 0.011093697510659695
0.11974699050188065, 0.010821245610713959
0.12079695612192154, 0.008575799874961376
0.12049994617700577, 0.01266089454293251
0.11972500383853912, 0.01082870177924633
0.12055161595344543, 0.013767092488706112
0.12050286680459976, 0.010906634852290154
0.12141202390193939, 0.013937277719378471
0.12036728858947754, 0.011805037036538124
0.12091074883937836, 0.011300649493932724
0.12001345306634903, 0.011596736498177052
0.12102506309747696, 0.01359504833817482
0.12047725170850754, 0.015340864658355713
0.12048191577196121, 0.010938282124698162
0.12061917781829834, 0.010000062175095081
0.12003840506076813, 0.0106964111328125
0.12115871906280518, 0.013154962100088596
0.12075175344944, 0.01415302511304617
0.12115202099084854, 0.010106297209858894
0.12026283890008926, 0.00935057271271944
0.12046049535274506, 0.014929388649761677
0.12009378522634506, 0.011680321767926216
0.11987955123186111, 0.010117395780980587
0.12064463645219803, 0.010237893089652061
0.1211535781621933, 0.012135026976466179
0.12059293687343597, 0.011961852200329304
0.11937541514635086, 0.009870952926576138
0.12054990231990814, 0.012161443941295147
0.1208462342619896, 0.01277474407106638
0.11993502080440521, 0.014196517877280712
0.12184153497219086, 0.010637854225933552
0.1206592470407486, 0.009222639724612236
0.12032686173915863, 0.014510847628116608
0.12027113884687424, 0.01254241168498993
0.11978450417518616, 0.010848376899957657
0.1189352422952652, 0.014490294270217419
0.12037386000156403, 0.011393425986170769
0.11980787664651871, 0.01141649205237627
0.11950328946113586, 0.012177795171737671
0.11987556517124176, 0.011119755916297436
0.11939402669668198, 0.012580410577356815
0.12029601633548737, 0.013498663902282715
0.12127802520990372, 0.013352601788938046
0.119755320250988, 0.01511235348880291
0.12034028023481369, 0.01317670289427042
0.12004902958869934, 0.011117609217762947
0.11979160457849503, 0.013982309959828854
0.11923149973154068, 0.01218391302973032
0.12003210932016373, 0.010152309201657772
0.12015504390001297, 0.011107227765023708
0.1209259182214737, 0.009720280766487122
0.12005311995744705, 0.009897750802338123
0.12016553431749344, 0.015477432869374752
0.12013651430606842, 0.012880017049610615
0.1200055405497551, 0.011479901149868965
0.1195661798119545, 0.011212950572371483
0.11937415599822998, 0.015042757615447044
0.12042959779500961, 0.009306223131716251
0.11987469345331192, 0.010520844720304012
0.12016509473323822, 0.01231860276311636
0.12042930722236633, 0.008416873402893543
0.12015831470489502, 0.008970203809440136
0.11905761808156967, 0.01235335972160101
0.12083785980939865, 0.006993572227656841
0.1200457289814949, 0.011063975282013416
0.11919260025024414, 0.007439525332301855
0.11996238678693771, 0.017100268974900246
0.11996100097894669, 0.016361143440008163
0.11969985067844391, 0.01113236416131258
0.12127742916345596, 0.011387131176888943
0.12052757292985916, 0.01139850914478302
0.12055770307779312, 0.013415017165243626
0.12120064347982407, 0.011340594850480556
0.11991875618696213, 0.009777900762856007
0.11900162696838379, 0.010745381936430931
0.11908803135156631, 0.015459476970136166
0.12003174424171448, 0.009634588845074177
0.12006347626447678, 0.013355230912566185
0.12122791260480881, 0.010608255863189697
0.12012439221143723, 0.014010580256581306
0.12081943452358246, 0.011068126186728477
0.12037568539381027, 0.01268710382282734
0.11979663372039795, 0.010800238698720932
0.12022353708744049, 0.010699871927499771
0.11942794919013977, 0.012372308410704136
0.11970501393079758, 0.017792707309126854
0.11930909752845764, 0.009749306365847588
0.12033486366271973, 0.011863453313708305
0.12029317021369934, 0.01069686096161604
0.12097866088151932, 0.012305725365877151
0.11941719055175781, 0.011810403317213058
0.11983581632375717, 0.012867780402302742
0.11996039003133774, 0.009450121782720089
0.12007611244916916, 0.013927527703344822
0.1204683780670166, 0.008793484419584274
0.12051451206207275, 0.010437254793941975
0.11887992918491364, 0.008576269261538982
0.12017586827278137, 0.009087374433875084
0.11981288343667984, 0.013543877750635147
0.11938922852277756, 0.012744450941681862
0.11987439543008804, 0.013443481177091599
0.11985503137111664, 0.011262984946370125
0.11929073929786682, 0.01279514841735363
0.11972228437662125, 0.01361122727394104
0.12123189121484756, 0.014224235899746418
0.11971427500247955, 0.010014601051807404
0.1185695230960846, 0.01183877419680357
0.11957333981990814, 0.007369058672338724
0.12005797028541565, 0.011777549050748348
0.11951569467782974, 0.013289986178278923
0.12014011293649673, 0.01249776128679514
0.1200505793094635, 0.011044787243008614
0.1193525642156601, 0.012926445342600346
0.12090902775526047, 0.011747457087039948
0.11921325325965881, 0.013076122850179672
0.12015179544687271, 0.012760321609675884
0.11905964463949203, 0.011484017595648766
0.12033955007791519, 0.013700449839234352
0.11952923238277435, 0.011917687021195889
0.11974193155765533, 0.01362532563507557
0.12024299055337906, 0.016812290996313095
0.12016749382019043, 0.01279556006193161
0.12009826302528381, 0.012811134569346905
0.11917904019355774, 0.01167678739875555
0.11870221048593521, 0.015441050752997398
0.12018096446990967, 0.01302720233798027
0.11888130754232407, 0.011069320142269135
0.12088485807180405, 0.011817310005426407
0.1194649264216423, 0.011336717754602432
0.12064698338508606, 0.011726044118404388
0.11995730549097061, 0.011166238225996494
0.11876244097948074, 0.013834352605044842
0.120485320687294, 0.009006410837173462
0.12045783549547195, 0.013655721209943295
0.1206376701593399, 0.016404565423727036
0.1214054599404335, 0.0092436159029603
0.12084248661994934, 0.011963156051933765
0.1203954741358757, 0.008616969920694828
0.12003246694803238, 0.013555924408137798
0.11923779547214508, 0.010610545054078102
0.1191088929772377, 0.011577528901398182
0.12010542303323746, 0.014485020190477371
0.1201944351196289, 0.012625235132873058
0.12050769478082657, 0.010404102504253387
0.11947567015886307, 0.014954661950469017
0.12091060727834702, 0.010302615351974964
0.12008097767829895, 0.014665178954601288
0.11998079717159271, 0.013578394427895546
0.1205199807882309, 0.010786511935293674
0.1195104792714119, 0.009399022907018661
0.12060689926147461, 0.010577528737485409
0.11933260411024094, 0.012990308925509453
0.119808129966259, 0.012654737569391727
0.12066052854061127, 0.013960280455648899
0.1196792796254158, 0.013247756287455559
0.12037418782711029, 0.012370997108519077
0.11916261166334152, 0.014525013975799084
0.12037539482116699, 0.011163362301886082
0.11916591227054596, 0.013933430425822735
0.11969343572854996, 0.01509054098278284
0.12000565975904465, 0.011606688611209393
0.12020597606897354, 0.013466304168105125
0.12005901336669922, 0.014394551515579224
0.11977268755435944, 0.015254678204655647
0.1202126070857048, 0.01121740322560072
0.1216004267334938, 0.012305544689297676
0.1206854060292244, 0.011487449519336224
0.12042310833930969, 0.013101493939757347
0.11797727644443512, 0.021671190857887268
0.11987405270338058, 0.014285726472735405
0.11947289854288101, 0.009240646846592426
0.12031266838312149, 0.010458514094352722
0.1201927661895752, 0.014921174384653568
0.11768034845590591, 0.011575181037187576
0.12066900730133057, 0.00904220249503851
0.12027601152658463, 0.01012693252414465
0.11983878165483475, 0.01148232165724039
0.1209043562412262, 0.011312926188111305
0.11980649083852768, 0.010928372852504253
0.12055092304944992, 0.013037133030593395
0.1196712926030159, 0.010720854625105858
0.11977602541446686, 0.009503697976469994
0.119740791618824, 0.01413492951542139
0.12029960751533508, 0.013418975286185741
0.12033005803823471, 0.007449823897331953
0.12019482254981995, 0.012417348101735115
0.11968030035495758, 0.008771101012825966
0.12020368129014969, 0.008787713013589382
0.11957558244466782, 0.006642771419137716
0.11933864653110504, 0.01209881342947483
0.11900748312473297, 0.010913437232375145
0.11930397897958755, 0.01310617383569479
0.1204548254609108, 0.010299654677510262
0.1196075826883316, 0.01076938584446907
0.12005414068698883, 0.01410889532417059
0.11969319730997086, 0.012441297061741352
0.12113196402788162, 0.011177345179021358
0.12002604454755783, 0.01212350931018591
0.11950336396694183, 0.009586632251739502
0.12073636054992676, 0.010052449069917202
0.12060943990945816, 0.009513515047729015
0.12060490250587463, 0.012523290701210499
0.12030895799398422, 0.010082525201141834
0.11952412128448486, 0.012088298797607422
0.12050769478082657, 0.010146078653633595
0.12024705857038498, 0.01215678732842207
0.11966572701931, 0.010405625216662884
0.1189611479640007, 0.01260906271636486
0.11964106559753418, 0.011883556842803955
0.12078700959682465, 0.011126521974802017
0.12162935733795166, 0.009489438496530056
0.12051328271627426, 0.008258838206529617
0.11909130960702896, 0.011641141958534718
0.1212337389588356, 0.011050071567296982
0.12103717774152756, 0.01122335810214281
0.11948434263467789, 0.012320909649133682
0.12004739791154861, 0.012105093337595463
0.12043503671884537, 0.014176860451698303
0.11941564083099365, 0.012319504283368587
0.11954555660486221, 0.012259774841368198
0.1205267682671547, 0.00836125761270523
0.11903480440378189, 0.012061855755746365
0.11909604072570801, 0.010692790150642395
0.11925683170557022, 0.010966762900352478
0.1193838119506836, 0.015833904966711998
0.12061537802219391, 0.009737635031342506
0.12010008841753006, 0.011640246957540512
0.11921045929193497, 0.012222797609865665
0.12124837934970856, 0.01025358960032463
0.11974906921386719, 0.01140021625906229
0.11998026818037033, 0.014805616810917854
0.11997095495462418, 0.011051734909415245
0.12008726596832275, 0.012714212760329247
0.11951763182878494, 0.014301339164376259
0.1191292330622673, 0.014704272150993347
0.11942926049232483, 0.010201012715697289
0.11923733353614807, 0.012966177426278591
0.11867264658212662, 0.014881426468491554
0.11834362149238586, 0.013643940910696983
0.11975465714931488, 0.016404997557401657
0.11970613896846771, 0.012441868893802166
0.1204170286655426, 0.011336651630699635
0.11995244026184082, 0.01028712559491396
0.11952250450849533, 0.014878980815410614
0.11980436742305756, 0.014080396853387356
0.12022427469491959, 0.014696341007947922
0.12038898468017578, 0.009669218212366104
0.1201724112033844, 0.005514051765203476
0.12010317295789719, 0.014795434661209583
0.1199071928858757, 0.013682379387319088
0.11948540806770325, 0.014067024923861027
0.12061042338609695, 0.009161579422652721
0.11918996274471283, 0.013111102394759655
0.11918111890554428, 0.013115713372826576
0.12054215371608734, 0.00961595494300127
0.11978300660848618, 0.012439116835594177
0.12018074095249176, 0.014616182073950768
0.1204100176692009, 0.009095681831240654
0.12020853906869888, 0.013765443116426468
0.1193399429321289, 0.012978849932551384
0.12066970020532608, 0.01135055162012577
0.11994829773902893, 0.007550634443759918
0.11998558044433594, 0.013624105602502823
0.12049848586320877, 0.006477843038737774
0.12044645845890045, 0.01263784896582365
0.1204972118139267, 0.011359545402228832
0.11902258545160294, 0.013903331011533737
0.12040327489376068, 0.013709324412047863
0.1205374151468277, 0.010411460883915424
0.12111058831214905, 0.009684143587946892
0.1204972043633461, 0.013086346909403801
0.12063410878181458, 0.012942013330757618
0.12010908126831055, 0.011872716248035431
0.11924363672733307, 0.011604727245867252
0.11884280294179916, 0.01048009842634201
0.11930468678474426, 0.012631301768124104
0.12001989781856537, 0.01291972678154707
0.120290108025074, 0.01179048977792263
0.11829989403486252, 0.013177924789488316
0.11977973580360413, 0.014342264272272587
0.12081708014011383, 0.011093939654529095
0.1198868602514267, 0.013144356198608875
0.11982464790344238, 0.013364146463572979
0.12059133499860764, 0.01216566190123558
0.11942791938781738, 0.0159209743142128
0.11963734775781631, 0.013488641940057278
0.12017174810171127, 0.012376885861158371
0.1201995462179184, 0.014194253832101822
0.11917267739772797, 0.019136255607008934
0.12064770609140396, 0.011468010023236275
0.12007861584424973, 0.01173425279557705
0.11988767236471176, 0.009214022196829319
0.12008336186408997, 0.012380106374621391
0.12006284296512604, 0.01196057628840208
0.12003404647111893, 0.01039186306297779
0.11903015524148941, 0.010638429783284664
0.1209055557847023, 0.014455785974860191
0.12114151567220688, 0.010696901939809322
0.11988575011491776, 0.012426362372934818
0.11989367008209229, 0.014253833331167698
0.12061413377523422, 0.0126792648807168
0.1201196238398552, 0.014185835607349873
0.12003570050001144, 0.011307783424854279
0.12036923319101334, 0.014065866358578205
0.11953752487897873, 0.012539894320070744
0.11994142085313797, 0.011232935823500156
0.12030816078186035, 0.010096793062984943
0.12092895060777664, 0.012011962942779064
0.12036977708339691, 0.010125407949090004
0.1200079694390297, 0.01142472680658102
0.12058605253696442, 0.011895747855305672
0.11989416182041168, 0.01244931947439909
0.12050463259220123, 0.008766540326178074
0.11987712979316711, 0.012852379120886326
0.12018634378910065, 0.011573133058845997
0.11967048794031143, 0.010471271350979805
0.12016912549734116, 0.01153956726193428
0.12002547830343246, 0.009782343171536922
0.11970530450344086, 0.014037756249308586
0.12084922939538956, 0.013265230692923069
0.12015827745199203, 0.013568341732025146
0.11903349310159683, 0.017137959599494934
0.11945898085832596, 0.012012735940515995
0.11985039710998535, 0.011101297102868557
0.119337297976017, 0.01290395949035883
0.11971533298492432, 0.008164259605109692
0.1198297068476677, 0.011065224185585976
0.12054598331451416, 0.010001735761761665
0.12029540538787842, 0.010301755741238594
0.1195496991276741, 0.010963121429085732
0.11883825808763504, 0.011660672724246979
0.11955955624580383, 0.00976194441318512
0.12092089653015137, 0.00931461714208126
0.11899677664041519, 0.012587493285536766
0.1186513751745224, 0.011860709637403488
0.12139926850795746, 0.008403059095144272
0.12010102719068527, 0.012174294330179691
0.11956752836704254, 0.011817878112196922
0.12045398354530334, 0.01105689350515604
0.12002537399530411, 0.012930406257510185
0.11938071250915527, 0.014105978421866894
0.11965236812829971, 0.010769667103886604
0.11990967392921448, 0.0109650157392025
0.11926966160535812, 0.011891474016010761
0.11941409111022949, 0.0103762811049819
0.12058787792921066, 0.01117399800568819
0.11982117593288422, 0.012229573912918568
0.11984377354383469, 0.009451409801840782
0.11832475662231445, 0.00985305942595005
0.12020213156938553, 0.009641938842833042
0.1199047863483429, 0.007963196374475956
0.12094684690237045, 0.0135060278698802
0.11987332254648209, 0.01256501954048872
0.12016231566667557, 0.010038862936198711
0.12003041803836823, 0.010395916178822517
0.12079201638698578, 0.009643332101404667
0.12015809118747711, 0.01063646748661995
0.12029967457056046, 0.00860194955021143
0.12006759643554688, 0.013700447976589203
0.11884865909814835, 0.011297279968857765
0.11944825202226639, 0.014508790336549282
0.11875806003808975, 0.01201576367020607
0.12049566209316254, 0.011620678007602692
0.11944670230150223, 0.01306579913944006
0.11842972785234451, 0.011665238998830318
0.12054668366909027, 0.008671066723763943
0.11926400661468506, 0.011449872516095638
0.120076484978199, 0.010443322360515594
0.12055201083421707, 0.01283953245729208
0.11999081075191498, 0.007168568205088377
0.11997807025909424, 0.013543426990509033
0.12016842514276505, 0.010055136866867542
0.11985883861780167, 0.011628080159425735
0.12036926299333572, 0.011697251349687576
0.11960075050592422, 0.011101086623966694
0.12018483132123947, 0.011843211948871613
0.118885837495327, 0.012357744388282299
0.11931220442056656, 0.010320819914340973
0.12051175534725189, 0.012802218087017536
0.11950559169054031, 0.010810106061398983
0.11929387599229813, 0.011862191371619701
0.120138980448246, 0.011200926266610622
0.1194641962647438, 0.009073368273675442
0.11883772909641266, 0.008230255916714668
0.11932007223367691, 0.01628216914832592
0.11963004618883133, 0.012774888426065445
0.11936500668525696, 0.014571772888302803
0.11936839669942856, 0.012723764404654503
0.11931978166103363, 0.010722912847995758
0.12036740779876709, 0.013252274133265018
0.11990543454885483, 0.013855881989002228
0.12019957602024078, 0.009144200943410397
0.11952636390924454, 0.01407056674361229
0.11922941356897354, 0.010944856330752373
0.11980476975440979, 0.014141708612442017
0.11974392086267471, 0.013621382415294647
0.11956679821014404, 0.014368829317390919
0.11936111003160477, 0.013295223005115986
0.12135498970746994, 0.010886826552450657
0.11966419219970703, 0.01259602326899767
0.119541235268116, 0.01095729973167181
0.12050309777259827, 0.01160251721739769
0.12043092399835587, 0.009655541740357876
0.11889012902975082, 0.014316003769636154
0.12023190408945084, 0.011915463022887707
0.12080514430999756, 0.013383498415350914
0.11889759451150894, 0.013686723075807095
0.12076792865991592, 0.010318441316485405
0.12008680403232574, 0.006809168960899115
0.11905322223901749, 0.01287425123155117
0.12005490809679031, 0.01011465210467577
0.11992040276527405, 0.013155980966985226
0.1207534447312355, 0.011147961020469666
0.11986521631479263, 0.009858405217528343
0.11872140318155289, 0.0103079192340374
0.12062165886163712, 0.01321108266711235
0.11998159438371658, 0.011349059641361237
0.11928314715623856, 0.015287543646991253
0.11959727853536606, 0.011907754465937614
0.11980153620243073, 0.01026679016649723
0.12043505162000656, 0.011535639874637127
0.12070664018392563, 0.008607766591012478
0.1194930225610733, 0.0138371791690588
0.11986231803894043, 0.009911724366247654
0.11967978626489639, 0.015830839052796364
0.12011788040399551, 0.01107064075767994
0.12023581564426422, 0.010061360895633698
0.12030180543661118, 0.012431317940354347
0.119431272149086, 0.011503434740006924
0.11913435906171799, 0.012914715334773064
0.11984239518642426, 0.010624049231410027
0.12015974521636963, 0.010142148472368717
0.12049908190965652, 0.013461011461913586
0.11889467388391495, 0.01280417200177908
0.11820705980062485, 0.014267866499722004
0.11938748508691788, 0.010669524781405926
0.12006725370883942, 0.014959685504436493
0.1203312873840332, 0.012407653033733368
0.118962861597538, 0.012288917787373066
0.12057031691074371, 0.010552918538451195
0.1205027624964714, 0.009604592807590961
0.11940108239650726, 0.012995033524930477
0.11842130124568939, 0.017028260976076126
0.12063487619161606, 0.012197662144899368
0.11923056095838547, 0.010137166827917099
0.12024185806512833, 0.012197866104543209
0.11904050409793854, 0.01232796162366867
0.12005068361759186, 0.010542154312133789
0.11800331622362137, 0.010574442334473133
0.11945830285549164, 0.011910765431821346
0.11992409825325012, 0.011747713200747967
0.12032023817300797, 0.00986411515623331
0.12008199840784073, 0.01443319208920002
0.11956904083490372, 0.009664948098361492
0.11964926868677139, 0.014986359514296055
0.11948028206825256, 0.014932849444448948
0.11972618103027344, 0.011760272085666656
0.12006732076406479, 0.01192118413746357
0.12113914638757706, 0.008885018527507782
0.11922916024923325, 0.009678374044597149
0.11977876722812653, 0.012666499242186546
0.12012723833322525, 0.011571653187274933
0.11919055134057999, 0.013841412030160427
0.12025661021471024, 0.01041924674063921
0.12070177495479584, 0.008785689249634743
0.11967156082391739, 0.012155355885624886
0.12041226029396057, 0.012259162031114101
0.11884704977273941, 0.011649472638964653
0.11878236383199692, 0.012085371650755405
0.12059328705072403, 0.011701013892889023
0.11778223514556885, 0.0194809902459383
0.11892879009246826, 0.011168565601110458
0.11983118951320648, 0.010477541945874691
0.1195729449391365, 0.01062796451151371
0.12030580639839172, 0.01264104899019003
0.12040220201015472, 0.009220387786626816
0.11826213449239731, 0.012283660471439362
0.12069254368543625, 0.008103854022920132
0.12063737958669662, 0.00941851269453764
0.11979802697896957, 0.013038723729550838
0.11857373267412186, 0.017051685601472855
0.11922190338373184, 0.009592533111572266
0.12017346918582916, 0.01105689536780119
0.11894802004098892, 0.011297912336885929
0.11940870434045792, 0.014883598312735558
0.11952446401119232, 0.010400625877082348
0.1201963722705841, 0.011471317149698734
0.12036298215389252, 0.012646157294511795
0.11939773708581924, 0.012769194319844246
0.12047435343265533, 0.010227052494883537
0.1194021999835968, 0.01218259334564209
0.11964056640863419, 0.012775707989931107
0.1196809634566307, 0.010823302902281284
0.12040779739618301, 0.012546641752123833
0.12061288952827454, 0.012161401100456715
0.12025046348571777, 0.014001015573740005
0.11941970884799957, 0.011232911609113216
0.11989901214838028, 0.015444574877619743
0.11877308785915375, 0.013950121589004993
0.11929302662611008, 0.014009999111294746
0.11940974742174149, 0.01175865437835455
0.11997555196285248, 0.010175134986639023
0.12039872258901596, 0.007926339283585548
0.12044619023799896, 0.01104364451020956
0.11992333829402924, 0.009118856862187386
0.12081180512905121, 0.010316268540918827
0.11990652233362198, 0.010331295430660248
0.11939384043216705, 0.011600860394537449
0.119363933801651, 0.009713367559015751
0.11933096498250961, 0.011723663657903671
0.11980251222848892, 0.012462498620152473
0.12000606954097748, 0.012247568927705288
0.12022745609283447, 0.008799555711448193
0.11960037797689438, 0.010626130737364292
0.11972847580909729, 0.013333609327673912
0.11970187723636627, 0.01572687365114689
0.11929593235254288, 0.011688594706356525
0.12024189531803131, 0.01576879434287548
0.12083762139081955, 0.01289084367454052
0.12128221988677979, 0.008012463338673115
0.12026442587375641, 0.011433985084295273
0.1205880269408226, 0.011983092874288559
0.12033787369728088, 0.01345058623701334
0.12036257237195969, 0.007423572242259979
0.11863672733306885, 0.013023283332586288
0.11979247629642487, 0.010440398007631302
0.12015386670827866, 0.01028992235660553
0.12018149346113205, 0.01245533861219883
0.11987653374671936, 0.013612757436931133
0.11882392317056656, 0.012878959998488426
0.12002505362033844, 0.012294789776206017
0.11991410702466965, 0.01104534137994051
0.11950598657131195, 0.009695226326584816
0.11849922686815262, 0.01501514483243227
0.11947708576917648, 0.015134820714592934
0.12006379663944244, 0.013689425773918629
0.12055671215057373, 0.011915361508727074
0.11825116723775864, 0.014571428298950195
0.12089277803897858, 0.010190782137215137
0.11994266510009766, 0.011455120518803596
0.11936140060424805, 0.01645820587873459
0.11968103051185608, 0.008185661397874355
0.11948425322771072, 0.012930680066347122
0.11911606788635254, 0.010418483056128025
0.11861351877450943, 0.009865127503871918
0.11974246054887772, 0.009311784990131855
0.12006090581417084, 0.011888017877936363
0.11946330964565277, 0.013810141943395138
0.11916576325893402, 0.015103233978152275
0.1204904168844223, 0.011032537557184696
0.12012653797864914, 0.012435607612133026
0.11919981986284256, 0.012770330533385277
0.11953743547201157, 0.012238542549312115
0.1201009526848793, 0.01192887406796217
0.1186048611998558, 0.01371906790882349
0.11952260881662369, 0.0108773373067379
0.11984317749738693, 0.012053977698087692
0.11942499130964279, 0.011479721404612064
0.11991221457719803, 0.012084344401955605
0.11907809227705002, 0.014981373213231564
0.11999554187059402, 0.011249865405261517
0.11952441185712814, 0.011293352581560612
0.11973627656698227, 0.010712864808738232
0.11750631779432297, 0.015837660059332848
0.1189470961689949, 0.011063117533922195
0.12015402317047119, 0.01062533725053072
0.11973734945058823, 0.011003266088664532
0.11901650577783585, 0.014154416508972645
0.12010788917541504, 0.014398908242583275
0.11870133876800537, 0.011969080194830894
0.11875411123037338, 0.01357086282223463
0.11986752599477768, 0.011169846169650555
0.1191212460398674, 0.008473439142107964
0.12039382010698318, 0.01219532173126936
0.12009645998477936, 0.013013719581067562
0.11914180219173431, 0.014147428795695305
0.11880423128604889, 0.012616285122931004
0.11937864869832993, 0.01447202917188406
0.11927472054958344, 0.015528354793787003
0.11981075257062912, 0.013885542750358582
0.1197989284992218, 0.014106642454862595
0.12031859904527664, 0.01179309468716383
0.1203300729393959, 0.00800376757979393
0.11969557404518127, 0.012335601262748241
0.11972994357347488, 0.012778178788721561
0.11977822333574295, 0.010169562883675098
0.11906763166189194, 0.014062419533729553
0.1194891706109047, 0.011832783930003643
0.11937401443719864, 0.006848931312561035
0.1194741353392601, 0.009971226565539837
0.11864948272705078, 0.00906453002244234
0.11993782967329025, 0.01128007285296917
0.11957406997680664, 0.013470093719661236
0.1189952939748764, 0.012853800319135189
0.11835062503814697, 0.012016907334327698
0.11926228553056717, 0.012210083194077015
0.12032440304756165, 0.010186509229242802
0.11978006362915039, 0.01524241641163826
0.11997123807668686, 0.01385091058909893
0.12090779840946198, 0.008726471103727818
0.11928350478410721, 0.009109877981245518
0.11972374469041824, 0.011114618740975857
0.1187291145324707, 0.012015900574624538
0.11960522085428238, 0.013475465588271618
0.1199541762471199, 0.012636297382414341
0.11939086019992828, 0.010302613489329815
0.1189492717385292, 0.012686976231634617
0.11905649304389954, 0.009714793413877487
0.11837424337863922, 0.010141980834305286
0.11982345581054688, 0.009616500698029995
0.11911927163600922, 0.010521085932850838
0.12011989206075668, 0.012409752234816551
0.11961854994297028, 0.013887694105505943
0.1200927346944809, 0.012492310255765915
0.12001238763332367, 0.01332353800535202
0.11945553869009018, 0.012620109133422375
0.12028825283050537, 0.012826832011342049
0.11981383711099625, 0.010890712961554527
0.11869966983795166, 0.012243085540831089
0.11994705349206924, 0.012461720034480095
0.12052322924137115, 0.009808244183659554
0.11972133070230484, 0.015730829909443855
0.11981621384620667, 0.01098751462996006
0.11931163817644119, 0.014035588130354881
0.12023312598466873, 0.012773345224559307
0.12098198384046555, 0.011160792782902718
0.1196121945977211, 0.013913330622017384
0.1202731505036354, 0.009476066567003727
0.11887640506029129, 0.013074005022644997
0.11829911172389984, 0.010075552389025688
0.11967974156141281, 0.010704545304179192
0.11929937452077866, 0.010236908681690693
0.11941581219434738, 0.01310142781585455
0.11863825470209122, 0.015921393409371376
0.11957326531410217, 0.014075979590415955
0.11930467188358307, 0.011300364509224892
0.1191052570939064, 0.012098683044314384
0.12048131972551346, 0.014220264740288258
0.11802680045366287, 0.014192932285368443
0.11958318203687668, 0.012116951867938042
0.11988959461450577, 0.011769489385187626
0.11942075192928314, 0.013370105065405369
0.11945242434740067, 0.014514468610286713
0.1195770800113678, 0.013651725836098194
0.12028683722019196, 0.010300938040018082
0.11943386495113373, 0.012307495810091496
0.12003644555807114, 0.01005562487989664
0.11958641558885574, 0.014157356694340706
0.11994041502475739, 0.01220486406236887
0.11951463669538498, 0.010884818620979786
0.11990991979837418, 0.013261785730719566
0.12072726339101791, 0.011443926021456718
0.11955492943525314, 0.009945194236934185
0.11975959688425064, 0.010933658108115196
0.11915923655033112, 0.013801109045743942
0.11946675926446915, 0.01173643209040165
0.12088643014431, 0.013371367007493973
0.11782211810350418, 0.010565537959337234
0.11908939480781555, 0.00967457890510559
0.11883705109357834, 0.011369658634066582
0.12018299102783203, 0.013524479232728481
0.12015198171138763, 0.013095665723085403
0.1201956570148468, 0.012768321670591831
0.12002069503068924, 0.013252333737909794
0.12014961242675781, 0.013605310581624508
0.11850954592227936, 0.015995457768440247
0.11929094791412354, 0.01452661119401455
0.12038913369178772, 0.010140984319150448
0.11924946308135986, 0.011359256692230701
0.11919591575860977, 0.008998907171189785
0.12057279050350189, 0.010704836808145046
0.1193787008523941, 0.014911994338035583
0.11827228963375092, 0.01088509988039732
0.12012733519077301, 0.012598947621881962
0.11989167332649231, 0.013776238076388836
0.1187286227941513, 0.013633858412504196
0.12031185626983643, 0.01057872548699379
0.11914601922035217, 0.013863121159374714
0.11920201778411865, 0.01004074513912201
0.11940579861402512, 0.011466054245829582
0.11926473677158356, 0.009877375327050686
0.11989355087280273, 0.00832366943359375
0.11998993903398514, 0.011152433231472969
0.12001273781061172, 0.012194843962788582
0.1186956837773323, 0.014716845005750656
0.11933483183383942, 0.011391451582312584
0.11908315122127533, 0.01293931994587183
0.11964305490255356, 0.011602692306041718
0.1190585047006607, 0.011211847886443138
0.11821658164262772, 0.012324046343564987
0.12037497013807297, 0.01246385183185339
0.12045078724622726, 0.011553889140486717
0.11958973854780197, 0.01597367227077484
0.12020532041788101, 0.010872665792703629
0.11904982477426529, 0.010906361974775791
0.11831637471914291, 0.013112013228237629
0.11952339112758636, 0.014068083837628365
0.11867761611938477, 0.015194248408079147
0.1198536679148674, 0.015670698136091232
0.11978712677955627, 0.010216616094112396
0.12028998881578445, 0.00994917657226324
0.11985456943511963, 0.012637317180633545
0.1205630674958229, 0.010030560195446014
0.11928842216730118, 0.011713461019098759
0.11976304650306702, 0.014453967101871967
0.11858667433261871, 0.012568855658173561
0.1208237037062645, 0.011004163883626461
0.11895190179347992, 0.012733450159430504
0.1199209988117218, 0.01081100758165121
0.11930347979068756, 0.01166477706283331
0.11954043805599213, 0.010102319531142712
0.11992735415697098, 0.014799865894019604
0.12024863809347153, 0.012113991193473339
0.11965003609657288, 0.011875812895596027
0.11995748430490494, 0.010076253674924374
0.11932776123285294, 0.012187644839286804
0.1198551133275032, 0.01024990901350975
0.11953800171613693, 0.011617513373494148
0.11873667687177658, 0.011985085904598236
0.1199726015329361, 0.01296242605894804
0.11929599195718765, 0.01046102587133646
0.11955849081277847, 0.014071592129766941
0.12027042359113693, 0.01160375215113163
0.11992253363132477, 0.014578361995518208
0.12064262479543686, 0.012416347861289978
0.11885183304548264, 0.011615961790084839
0.12093926966190338, 0.010084954090416431
0.11948982626199722, 0.015304780565202236
0.12012474983930588, 0.011736100539565086
0.11907859891653061, 0.015062977559864521
0.12052620947360992, 0.010698470287024975
0.11969266086816788, 0.014067119918763638
0.1193656250834465, 0.010822567157447338
0.11921466886997223, 0.009370541200041771
0.11859747022390366, 0.01267855055630207
0.12024006992578506, 0.011783022433519363
0.11917690187692642, 0.013055822812020779
0.11964458972215652, 0.011619390919804573
0.11972703039646149, 0.012111285701394081
0.11953454464673996, 0.012028095312416553
0.12014194577932358, 0.00923964474350214
0.12068535387516022, 0.00900090392678976
0.11916381865739822, 0.014127165079116821
0.12016633152961731, 0.011711892671883106
0.11906342953443527, 0.013319379650056362
0.11988142877817154, 0.011008062399923801
0.11882176995277405, 0.010259419679641724
0.11881136894226074, 0.015443149022758007
0.11914845556020737, 0.01193958055227995
0.11931231617927551, 0.009702672250568867
0.11991599947214127, 0.008124865591526031
0.12006805092096329, 0.011523474007844925
0.11941266059875488, 0.011949959211051464
0.11916465312242508, 0.009600009769201279
0.12032033503055573, 0.009011290036141872
0.11820772290229797, 0.011456627398729324
0.11863134056329727, 0.012500414624810219
0.11960192769765854, 0.010580304078757763
0.12004068493843079, 0.012244693003594875
0.11872078478336334, 0.0121084563434124
0.11983672529459, 0.009905671700835228
0.12050407379865646, 0.008151471614837646
0.12022180110216141, 0.009148824028670788
0.11959157884120941, 0.012392525561153889
0.1205819845199585, 0.011634736321866512
0.11845605820417404, 0.01201660092920065
0.11904651671648026, 0.011049610562622547
0.1189851239323616, 0.015037414617836475
0.11917844414710999, 0.014394273050129414
0.11911354959011078, 0.010927167721092701
0.11918546259403229, 0.00972337368875742
0.11996931582689285, 0.012348501943051815
0.1186496838927269, 0.011954281479120255
0.1208445206284523, 0.011965757235884666
0.1189371719956398, 0.01261156890541315
0.1196763664484024, 0.009710720740258694
0.12002517282962799, 0.01027345098555088
0.11993677169084549, 0.014212104491889477
0.12010639160871506, 0.010087494738399982
0.12050271034240723, 0.013204938732087612
0.1202925592660904, 0.013599293306469917
0.11913955211639404, 0.011792037636041641
0.11869994550943375, 0.013960846699774265
0.1189899742603302, 0.012934519909322262
0.11956854909658432, 0.013364225625991821
0.11958874762058258, 0.012292925268411636
0.12033167481422424, 0.011528377421200275
0.12039889395236969, 0.011787660419940948
0.12014944106340408, 0.011721475049853325
0.11911473423242569, 0.015957830473780632
0.11945409327745438, 0.011530537158250809
0.11932767927646637, 0.012761510908603668
0.1194564625620842, 0.010763988830149174
0.11958249658346176, 0.00980974268168211
0.11986957490444183, 0.012679526582360268
0.12010851502418518, 0.013964656740427017
0.12031495571136475, 0.011426701210439205
0.11950788646936417, 0.012855175882577896
0.12043385952711105, 0.012760713696479797
0.11893714964389801, 0.010010593570768833
0.1196448802947998, 0.011608780361711979
0.11895334720611572, 0.011047335341572762
0.11986969411373138, 0.010358769446611404
0.12023896723985672, 0.012993262149393559
0.11873740702867508, 0.013533391058444977
0.12030478566884995, 0.013937310315668583
0.11946222931146622, 0.013031049631536007
0.12041298300027847, 0.012990481220185757
0.11996302753686905, 0.011144602671265602
0.11859692633152008, 0.01241794042289257
0.11970482021570206, 0.010687735863029957
0.12004342675209045, 0.010153461247682571
0.12088702619075775, 0.009540428407490253
0.1195240169763565, 0.012270277366042137
0.11988046765327454, 0.01049440260976553
0.11929366737604141, 0.013829117640852928
0.12018067389726639, 0.013705132529139519
0.11865940690040588, 0.013938424177467823
0.11952519416809082, 0.012205863371491432
0.11837693303823471, 0.01141742616891861
0.1197906881570816, 0.011084182187914848
0.11857034265995026, 0.015868615359067917
0.12020222097635269, 0.009123293682932854
0.12010294944047928, 0.011630785651504993
0.11945486068725586, 0.014694387093186378
0.11956404149532318, 0.014552559703588486
0.11992537975311279, 0.014591728337109089
0.11857271194458008, 0.01468780916184187
0.1191549301147461, 0.01100677065551281
0.1198418140411377, 0.010291583836078644
0.11960601806640625, 0.015850896015763283
0.11972158402204514, 0.010386176407337189
0.1188618466258049, 0.012115908786654472
0.12007331848144531, 0.01148407906293869
0.11937259137630463, 0.01187670137733221
0.11758458614349365, 0.014015797525644302
0.11927143484354019, 0.015088146552443504
0.1200704574584961, 0.012465674430131912
0.1197831928730011, 0.012770961970090866
0.118629589676857, 0.014702104963362217
0.1188526526093483, 0.01036542933434248
0.12021882086992264, 0.011594840325415134
0.11936958879232407, 0.011196433566510677
0.11970392614603043, 0.017122047021985054
0.11983540654182434, 0.015002647414803505
0.11957897245883942, 0.010635724291205406
0.11980349570512772, 0.008764947764575481
0.11957179009914398, 0.014889937825500965
0.11967454850673676, 0.012707008980214596
0.12019329518079758, 0.00965388584882021
0.11881455034017563, 0.012415402568876743
0.11952003091573715, 0.013311918824911118
0.11998327821493149, 0.01189322117716074
0.12002252042293549, 0.013190800324082375
0.11928660422563553, 0.009441681206226349
0.11980288475751877, 0.009976949542760849
0.11960510164499283, 0.009904192760586739
0.11950576305389404, 0.012143637053668499
0.11902826279401779, 0.011412803083658218
0.12009734660387039, 0.012169208377599716
0.11902909725904465, 0.012724709697067738
0.11923711746931076, 0.013796432875096798
0.1198975145816803, 0.012034582905471325
0.12015790492296219, 0.010334362275898457
0.1194816306233406, 0.014517875388264656
0.12002687901258469, 0.013175076805055141
0.11982684582471848, 0.010086110793054104
0.11957253515720367, 0.0143765052780509
0.1194932609796524, 0.009073011577129364
0.11974608898162842, 0.013303919695317745
0.12021280825138092, 0.011750534176826477
0.11938879638910294, 0.012591005302965641
0.11968883126974106, 0.0115803312510252
0.11995097249746323, 0.01297904085367918
0.11875857412815094, 0.013572589494287968
0.11974135041236877, 0.01328737661242485
0.12041333317756653, 0.012484277598559856
0.1184694766998291, 0.012781992554664612
0.11933835595846176, 0.01139741949737072
0.11986873298883438, 0.012127704918384552
0.11844909191131592, 0.01027084980159998
0.11939993500709534, 0.008242450654506683
0.11883347481489182, 0.01322687417268753
0.11853626370429993, 0.00992840901017189
0.12027428299188614, 0.010375629179179668
0.12007268518209457, 0.010633597150444984
0.1201883926987648, 0.012672359123826027
0.11903668940067291, 0.01405701506882906
0.12003644555807114, 0.01529716420918703
0.11928308010101318, 0.010876758955419064
0.11907400190830231, 0.012936929240822792
0.11859796941280365, 0.01193024218082428
0.11816635727882385, 0.016633644700050354
0.11971793323755264, 0.013655886985361576
0.12109880894422531, 0.00740196043625474
0.11921914666891098, 0.0107067059725523
0.11914873123168945, 0.008120227605104446
0.11988414824008942, 0.013582713901996613
0.12013513594865799, 0.014294502325356007
0.1187998428940773, 0.011469992808997631
0.11956315487623215, 0.014512150548398495
0.1202789917588234, 0.0108719477429986
0.11937694996595383, 0.010096833109855652
0.11802477389574051, 0.014830191619694233
0.11964767426252365, 0.012454703450202942
0.12038172781467438, 0.009478317573666573
0.1194586530327797, 0.011304528452455997
0.11991117894649506, 0.012987705878913403
0.11965581029653549, 0.010786451399326324
0.12000428140163422, 0.0136118708178401
0.12062917649745941, 0.011497906409204006
0.12010516226291656, 0.012910687364637852
0.11925293505191803, 0.010568811558187008
0.11745303124189377, 0.01141124777495861
0.11941058188676834, 0.009551525115966797
0.11977966874837875, 0.012722285464406013
0.11971582472324371, 0.016281461343169212
0.12013936042785645, 0.011085602454841137
0.12005395442247391, 0.01297892164438963
0.11918956786394119, 0.015348157845437527
0.1206500381231308, 0.011359027586877346
0.11902765184640884, 0.011890639550983906
0.11789482086896896, 0.014096786268055439
0.11986151337623596, 0.012350527569651604
0.11966291069984436, 0.008981837891042233
0.11984022706747055, 0.011911965906620026
0.11794529855251312, 0.007509980816394091
0.12045340985059738, 0.01418221928179264
0.1186167523264885, 0.008627585135400295
0.11925891041755676, 0.011126955971121788
0.12006808817386627, 0.010430588386952877
0.11931029707193375, 0.01077247690409422
0.11914180219173431, 0.012420049868524075
0.1191989853978157, 0.010467997752130032
0.11986146867275238, 0.01264595240354538
0.11957825720310211, 0.012126152403652668
0.11935797333717346, 0.007316012866795063
0.1202041432261467, 0.013409852050244808
0.11961439251899719, 0.01280305627733469
0.11964739859104156, 0.015735803171992302
0.11959461122751236, 0.016080113127827644
0.11903280764818192, 0.013459703885018826
0.11897386610507965, 0.012918011285364628
0.12070098519325256, 0.009940479882061481
0.12046991288661957, 0.009084970690310001
0.11999545991420746, 0.015009277500212193
0.11936429142951965, 0.011959564872086048
0.11996922641992569, 0.009866938926279545
0.1180838868021965, 0.012125451117753983
0.11932696402072906, 0.01039416715502739
0.11930333077907562, 0.013180882669985294
0.11982200294733047, 0.012287822552025318
0.11941863596439362, 0.013259104453027248
0.11954990029335022, 0.0135353934019804
0.11996389925479889, 0.012852076441049576
0.11897066980600357, 0.013226425275206566
0.1198384240269661, 0.011196384206414223
0.1198354959487915, 0.012880626134574413
0.11873643845319748, 0.01136748306453228
0.12005267292261124, 0.01353596244007349
0.12006498873233795, 0.009614170528948307
0.11916724592447281, 0.012246581725776196
0.11943747103214264, 0.00944836251437664
0.12037304043769836, 0.010872517712414265
0.11983297020196915, 0.007456864230334759
0.11940141767263412, 0.014066471718251705
0.11967246979475021, 0.016990970820188522
0.11861924082040787, 0.013604436069726944
0.1197502464056015, 0.013575499877333641
0.11988043785095215, 0.01216569822281599
0.1208290159702301, 0.011937448754906654
0.11866398900747299, 0.013062143698334694
0.11885135620832443, 0.01593293622136116
0.12014249712228775, 0.010953468270599842
0.11987888813018799, 0.012843437492847443
0.12020549923181534, 0.012775513343513012
0.11987801641225815, 0.012618107721209526
0.11998103559017181, 0.008608733303844929
0.12054705619812012, 0.008860747329890728
0.11974146962165833, 0.00977279618382454
0.11852369457483292, 0.018533695489168167
0.11988014727830887, 0.01056346669793129
0.1199193000793457, 0.015817057341337204
0.11873381584882736, 0.01214691437780857
0.11883912235498428, 0.010098636150360107
0.117914117872715, 0.01056009903550148
0.11999654769897461, 0.007987693883478642
0.11926297098398209, 0.015735138207674026
0.11870992183685303, 0.012655149213969707
0.11941162496805191, 0.010178128257393837
0.11893255263566971, 0.008835957385599613
0.11974213272333145, 0.01409535575658083
0.11864594370126724, 0.01328964252024889
0.1188250407576561, 0.012681575492024422
0.11897315084934235, 0.012220244854688644
0.11980940401554108, 0.012439161539077759
0.11970741301774979, 0.009473488666117191
0.11922547966241837, 0.01661628484725952
0.11984390765428543, 0.010473314672708511
0.12088632583618164, 0.01106069702655077
0.1203446239233017, 0.011758568696677685
0.11934777349233627, 0.013673792593181133
0.11942823976278305, 0.010218583978712559
0.12022221088409424, 0.011643012054264545
0.11895325779914856, 0.012310918420553207
0.11977074295282364, 0.009505251422524452
0.11903529614210129, 0.01002774853259325
0.12051600962877274, 0.010436647571623325
0.12051338702440262, 0.008114083670079708
0.11900851875543594, 0.012516879476606846
0.12003196775913239, 0.010922012850642204
0.11946681886911392, 0.010038002394139767
0.11819134652614594, 0.012375250458717346
0.11971178650856018, 0.007442179601639509
0.11966510862112045, 0.01201823353767395
0.11951979249715805, 0.012689156457781792
0.11999838799238205, 0.013424234464764595
0.1189526692032814, 0.012343866750597954
0.11898806691169739, 0.010556995868682861
0.119681216776371, 0.009309671819210052
0.11871228367090225, 0.012008972465991974
0.11972571909427643, 0.009844797663390636
0.11962204426527023, 0.013377523049712181
0.11983765661716461, 0.013139655813574791
0.11995194107294083, 0.013558339327573776
0.11943089962005615, 0.009400409646332264
0.11990698426961899, 0.013282069936394691
0.11874653398990631, 0.011911186389625072
0.11991320550441742, 0.008817910216748714
0.11911565810441971, 0.015068944543600082
0.11978527158498764, 0.012149079702794552
0.11941251903772354, 0.01159369945526123
0.11989586800336838, 0.01079451385885477
0.1199500560760498, 0.014865069650113583
0.1195758581161499, 0.011241004802286625
0.12008305639028549, 0.01255199033766985
0.12135349214076996, 0.008690381422638893
0.12121304124593735, 0.012761061079800129
0.11879590898752213, 0.015129905194044113
0.12025226652622223, 0.01174108125269413
0.11967732012271881, 0.011878415010869503
0.12093452364206314, 0.010599485598504543
0.12013966590166092, 0.012113092467188835
0.1203765720129013, 0.013843449763953686
0.1190313771367073, 0.010120455175638199
0.12011914700269699, 0.007874433882534504
0.1188102588057518, 0.011746808886528015
0.118906669318676, 0.015985440462827682
0.11913522332906723, 0.011369387619197369
0.11917274445295334, 0.013058826327323914
0.1193147525191307, 0.014174187555909157
0.11928950250148773, 0.011490821838378906
0.11938437074422836, 0.011308192275464535
0.12009979784488678, 0.008851203136146069
0.12032929807901382, 0.011505139991641045
0.11853215843439102, 0.008692413568496704
0.12044959515333176, 0.011744662187993526
0.1202511414885521, 0.009828738868236542
0.11826727539300919, 0.011279826052486897
0.11949768662452698, 0.012077389284968376
0.11868039518594742, 0.01569734513759613
0.12000808864831924, 0.011194895952939987
0.11928223073482513, 0.012826323509216309
0.11925148963928223, 0.0150346290320158
0.11958788335323334, 0.011104793287813663
0.1190297082066536, 0.01163118053227663
0.11917458474636078, 0.009177214466035366
0.11957689374685287, 0.010532807558774948
0.1201433315873146, 0.0117845693603158
0.11784408986568451, 0.011075371876358986
0.11884299665689468, 0.011940200813114643
0.12001097202301025, 0.01032070443034172
0.11849537491798401, 0.017951318994164467
0.11970745027065277, 0.012281862087547779
0.12024668604135513, 0.014219425618648529
0.1194021999835968, 0.01301583368331194
0.12090788781642914, 0.009091350249946117
0.11959060281515121, 0.012222962453961372
0.12005583196878433, 0.015115904621779919
0.11872218549251556, 0.01187800895422697
0.11863487213850021, 0.013516593724489212
0.12034629285335541, 0.012221040204167366
0.11964721232652664, 0.0119606489315629
0.11967132985591888, 0.01442886982113123
0.11899024993181229, 0.011716687120497227
0.12084542214870453, 0.009054242633283138
0.11912403255701065, 0.013873450458049774
0.12016308307647705, 0.014933211728930473
0.11935684829950333, 0.012002836912870407
0.11874331533908844, 0.010246076621115208
0.11931467056274414, 0.017864912748336792
0.118656687438488, 0.010408098809421062
0.11941664665937424, 0.012933924794197083
0.11951172351837158, 0.010822134092450142
0.11905205249786377, 0.011045468039810658
0.11866477131843567, 0.016535114496946335
0.11937713623046875, 0.012365438975393772
0.11922907829284668, 0.009355133399367332
0.11943461000919342, 0.01423713006079197
0.11880675703287125, 0.012240072712302208
0.11898820847272873, 0.011386758647859097
0.11802288144826889, 0.014220419339835644
0.11997240036725998, 0.010599306784570217
0.11956344544887543, 0.012931253761053085
0.1200832799077034, 0.010200711898505688
0.11940109729766846, 0.013843245804309845
0.11986173689365387, 0.009520105086266994
0.1197730153799057, 0.009760002605617046
0.12002766132354736, 0.01380172185599804
0.11872521042823792, 0.010096662677824497
0.11955373734235764, 0.012570447288453579
0.11872776597738266, 0.011535292491316795
0.11976263672113419, 0.012505139224231243
0.11948631703853607, 0.011530480347573757
0.11959195137023926, 0.011922263540327549
0.12021161615848541, 0.01011443231254816
0.11800990998744965, 0.0145414462313056
0.11947526037693024, 0.011784949339926243
0.1198267936706543, 0.01062687672674656
0.11909107118844986, 0.013752911239862442
0.11947226524353027, 0.012071996927261353
0.12013314664363861, 0.010368464514613152
0.12000352889299393, 0.010717377066612244
0.11952829360961914, 0.012962255626916885
0.11990109831094742, 0.014885472133755684
0.11879929155111313, 0.012293010018765926
0.11990155279636383, 0.011258257552981377
0.11839766055345535, 0.014551542699337006
0.11983416974544525, 0.009707423858344555
0.1193336546421051, 0.012512953951954842
0.1198740005493164, 0.010159648023545742
0.11883187294006348, 0.011863337829709053
0.11936972290277481, 0.009648170322179794
0.1185835748910904, 0.015425212681293488
0.11929164081811905, 0.012908117845654488
0.11844636499881744, 0.01260911300778389
0.11957144737243652, 0.01371718104928732
0.119377002120018, 0.011767842806875706
0.11947808414697647, 0.009649614803493023
0.11895913630723953, 0.010888433083891869
0.11993984133005142, 0.011332790367305279
0.11961029469966888, 0.013090829364955425
0.11960746347904205, 0.011578346602618694
0.11970482766628265, 0.013677896000444889
0.1187632754445076, 0.012156111188232899
0.11933628469705582, 0.012340018525719643
0.11918079853057861, 0.010488861240446568
0.11965368688106537, 0.01028477307409048
0.11905136704444885, 0.008994478732347488
0.119587741792202, 0.014492361806333065
0.11893992871046066, 0.014342624694108963
0.11907625198364258, 0.013076605275273323
0.11894503235816956, 0.01113500352948904
0.1193743422627449, 0.00868754368275404
0.11994385719299316, 0.01403981726616621
0.11934324353933334, 0.010988086462020874
0.11907296627759933, 0.014289514161646366
0.1181965246796608, 0.010703292675316334
0.11857245862483978, 0.016024433076381683
0.1191151812672615, 0.009827842935919762
0.11897819489240646, 0.019272655248641968
0.11980853974819183, 0.010950420051813126
0.11927901208400726, 0.013062115758657455
0.11970210075378418, 0.01221130508929491
0.11894652992486954, 0.010159104131162167
0.11927447468042374, 0.011868434026837349
0.11847466975450516, 0.011070488952100277
0.11882860213518143, 0.011582099832594395
0.11851586401462555, 0.012518485076725483
0.11980251222848892, 0.01348972599953413
0.1191413402557373, 0.012647115625441074
0.11953723430633545, 0.009705149568617344
0.11976459622383118, 0.011419439688324928
0.1191709041595459, 0.012491733767092228
0.11908670514822006, 0.011153008788824081
0.11778076738119125, 0.014292677864432335
0.11913205683231354, 0.014418470673263073
0.11989426612854004, 0.014775405637919903
0.1191054955124855, 0.016067810356616974
0.11925024539232254, 0.015528433956205845
0.11813231557607651, 0.01424534060060978
0.11981905996799469, 0.0075102029368281364
0.1194346472620964, 0.013033433817327023
0.11896274238824844, 0.010700233280658722
0.1194339171051979, 0.010203697718679905
0.11899774521589279, 0.01526218093931675
0.11871777474880219, 0.012997916899621487
0.11918563395738602, 0.012366659939289093
0.11902067810297012, 0.015202428214251995
0.11964383721351624, 0.011134075000882149
0.11843422055244446, 0.01301413681358099
0.11925351619720459, 0.008915780112147331
0.11956296861171722, 0.015999259427189827
0.11885982006788254, 0.011503164656460285
0.11964485794305801, 0.011088931933045387
0.11953701078891754, 0.014135300181806087
0.12010826170444489, 0.010260974057018757
0.11794774979352951, 0.012702667154371738
0.11919060349464417, 0.010956162586808205
0.11893141269683838, 0.011730711907148361
0.11919783055782318, 0.013499340042471886
0.12005440145730972, 0.008844120427966118
0.12007597833871841, 0.012341655790805817
0.11951160430908203, 0.016184136271476746
0.11942970752716064, 0.01174312923103571
0.12051864713430405, 0.008645393885672092
0.11918781697750092, 0.009438232518732548
0.11876479536294937, 0.011306287720799446
0.11968877911567688, 0.011643394827842712
0.11989794671535492, 0.011740513145923615
0.11985063552856445, 0.013665255159139633
0.11910504847764969, 0.01317320205271244
0.12047836929559708, 0.01105655450373888
0.11927620321512222, 0.0150748360902071
0.11876069009304047, 0.014153465628623962
0.11968782544136047, 0.012460732832551003
0.11910663545131683, 0.01026653591543436
0.11806739866733551, 0.01090630330145359
0.11906663328409195, 0.014493062160909176
0.12004799395799637, 0.01126853097230196
0.11981596052646637, 0.01120760478079319
0.11892594397068024, 0.01172639336436987
0.11842625588178635, 0.011684071272611618
0.11859206110239029, 0.0122293159365654
0.11882676184177399, 0.011785699985921383
0.11881271749734879, 0.011534761637449265
0.11862263828516006, 0.01448332890868187
0.11987630277872086, 0.009976307861506939
0.11870191246271133, 0.01671816036105156
0.11965445429086685, 0.00956454686820507
0.1198170855641365, 0.011762730777263641
0.11981809139251709, 0.011013111099600792
0.11781848967075348, 0.016567425802350044
0.11959555745124817, 0.011544667184352875
0.11907357722520828, 0.01068425364792347
0.12005049735307693, 0.013051793910562992
0.11935719102621078, 0.014032239094376564
0.11957148462533951, 0.011465604417026043
0.11901197582483292, 0.013276475481688976
0.11878040432929993, 0.014446941204369068
0.11967165023088455, 0.014075217768549919
0.1197156235575676, 0.010368593968451023
0.11946500837802887, 0.010822187177836895
0.11884848028421402, 0.012483768165111542
0.11798880994319916, 0.009592725895345211
0.11888442188501358, 0.012906154617667198
0.11921848356723785, 0.012082083150744438
0.1193108856678009, 0.013684096746146679
0.11886552721261978, 0.013764848001301289
0.11890578269958496, 0.013387548737227917
0.11883584409952164, 0.013901649042963982
0.12285171449184418, 0.012689041905105114
0.11956894397735596, 0.012168499641120434
0.11960754543542862, 0.01228254847228527
0.11863332241773605, 0.009101016446948051
0.12005849927663803, 0.00836434680968523
0.11980655789375305, 0.009887800551950932
0.11997605860233307, 0.011326227337121964
0.11904563009738922, 0.014590834267437458
0.11921200901269913, 0.01307058334350586
0.11865215748548508, 0.013601835817098618
0.11926158517599106, 0.010970140807330608
0.11958471685647964, 0.013974528759717941
