mean, std
0.2011774778366089, 0.12167910486459732
0.10434141755104065, 0.05390995740890503
0.09479004889726639, 0.0579005666077137
0.12754106521606445, 0.1014632061123848
0.11945240944623947, 0.07858020812273026
0.16455242037773132, 0.10439904034137726
0.12700146436691284, 0.11184093356132507
0.11195540428161621, 0.07353533804416656
0.1263955682516098, 0.08953864872455597
0.132825568318367, 0.10919898748397827
0.17227843403816223, 0.1074841246008873
0.19726787507534027, 0.15116435289382935
0.15410779416561127, 0.1258024126291275
0.07036701589822769, 0.05687226355075836
0.059300847351551056, 0.035725727677345276
0.0417461097240448, 0.025461841374635696
0.044475097209215164, 0.040040042251348495
0.035318851470947266, 0.023085011169314384
0.0536375418305397, 0.02380531281232834
0.03827067092061043, 0.024809690192341805
0.025859840214252472, 0.017886249348521233
0.03407740220427513, 0.021885108202695847
0.028785083442926407, 0.018140364438295364
0.019728727638721466, 0.0124684302136302
0.012323804199695587, 0.010086341761052608
0.013601971790194511, 0.0073153916746377945
0.019818514585494995, 0.010921708308160305
0.015703577548265457, 0.009779838845133781
0.01174717303365469, 0.011668025515973568
0.010761931538581848, 0.006645195186138153
0.012371658347547054, 0.009531836025416851
0.02231202833354473, 0.019284874200820923
0.036436330527067184, 0.020011918619275093
0.0234490055590868, 0.013649076223373413
0.01755041815340519, 0.016505973413586617
0.02146245539188385, 0.014951571822166443
0.021130945533514023, 0.013463740237057209
0.011322932317852974, 0.006877760402858257
0.013204873539507389, 0.012219167314469814
0.014868674799799919, 0.009383064694702625
0.030359579250216484, 0.013581170700490475
0.02150873653590679, 0.013794752769172192
0.011829071678221226, 0.0093411048874259
0.016102800145745277, 0.013812722638249397
0.014907140284776688, 0.014171929098665714
0.015492113307118416, 0.009350534528493881
0.011786107905209064, 0.009515796788036823
0.0089924531057477, 0.00514522660523653
0.011530175805091858, 0.008534272201359272
0.018150851130485535, 0.012693806551396847
0.013582414016127586, 0.010484189726412296
0.008764472790062428, 0.008241508156061172
0.01254555955529213, 0.009828496724367142
0.01668967865407467, 0.011691712774336338
0.020375508815050125, 0.012464083731174469
0.00898590125143528, 0.006113079842180014
0.011243310756981373, 0.00701068015769124
0.013028190471231937, 0.007777825929224491
0.031073590740561485, 0.016999511048197746
0.02407728135585785, 0.01650913804769516
0.01851360872387886, 0.01220766268670559
0.021637052297592163, 0.012576086446642876
0.010514594614505768, 0.007252298295497894
0.012615473940968513, 0.00899690855294466
0.013364155776798725, 0.009916911832988262
0.017373094335198402, 0.011715191416442394
0.02676183357834816, 0.02277466095983982
0.03713535889983177, 0.018832983449101448
0.02029263786971569, 0.011152404360473156
0.015020502731204033, 0.012144628912210464
0.014457263983786106, 0.00786595232784748
0.024376386776566505, 0.016787417232990265
0.011389953084290028, 0.008418502286076546
0.009916841983795166, 0.006753492634743452
0.013873261399567127, 0.009056822396814823
0.026098664849996567, 0.016984527930617332
0.02104436419904232, 0.011603394523262978
0.021263914182782173, 0.014444701373577118
0.01568417064845562, 0.011258979327976704
0.010063077323138714, 0.005771286319941282
0.008793017826974392, 0.006204140838235617
0.025247851386666298, 0.013398160226643085
0.013333682902157307, 0.008420655503869057
0.013478366658091545, 0.010144742205739021
0.011316505260765553, 0.009258206933736801
0.024061137810349464, 0.013025854714214802
0.01696271263062954, 0.012021316215395927
0.010515083558857441, 0.008568979799747467
0.015456665307283401, 0.009064238518476486
0.02441786788403988, 0.01534142903983593
0.017767423763871193, 0.011055203154683113
0.023934610188007355, 0.012781716883182526
0.012410400435328484, 0.008511937223374844
0.007837772369384766, 0.005306100472807884
0.010437366552650928, 0.006603086367249489
0.017631735652685165, 0.014561740681529045
0.012122546322643757, 0.012517781928181648
0.01407626736909151, 0.007861917838454247
0.008547692559659481, 0.0037508646491914988
0.012173515744507313, 0.009812518954277039
0.013324533589184284, 0.010143953375518322
0.01180186215788126, 0.007830075919628143
0.020719656720757484, 0.01356403436511755
0.022481568157672882, 0.012851766310632229
0.025853315368294716, 0.015156363137066364
0.029375208541750908, 0.017154164612293243
0.023289650678634644, 0.015098799020051956
0.02088451012969017, 0.011829926632344723
0.013031971640884876, 0.007734923157840967
0.01442729588598013, 0.010314101353287697
0.007544760126620531, 0.0052803377620875835
0.014735511504113674, 0.014151406474411488
0.009344016201794147, 0.007250782568007708
0.021561630070209503, 0.015298103913664818
0.014299619942903519, 0.010884503833949566
0.010998052544891834, 0.00891339685767889
0.012523025274276733, 0.00779674993827939
0.02029360830783844, 0.01442879531532526
0.01717665232717991, 0.01151794008910656
0.01902313344180584, 0.012924195267260075
0.023259373381733894, 0.015765303745865822
0.025938808917999268, 0.015692690387368202
0.014219817705452442, 0.010081768967211246
0.008617394603788853, 0.005745094735175371
0.008714519441127777, 0.006582576781511307
0.019700730219483376, 0.009556867182254791
0.01095084473490715, 0.009275001473724842
0.015606937929987907, 0.008158604614436626
0.012610791251063347, 0.007702720817178488
0.014249879866838455, 0.009985283948481083
0.020898299291729927, 0.01400422677397728
0.013384674675762653, 0.010522214695811272
0.017258521169424057, 0.010680955834686756
0.014304135926067829, 0.010729684494435787
0.007330861408263445, 0.006224265322089195
0.00965979415923357, 0.006067950744181871
0.009555482305586338, 0.007152416277676821
0.012654541060328484, 0.009216392412781715
0.008990908041596413, 0.006725057028234005
0.01193768810480833, 0.007623656652867794
0.007036297582089901, 0.0054887933656573296
0.008873608894646168, 0.005014363210648298
0.009250315837562084, 0.01054622232913971
0.01764831878244877, 0.009666555561125278
0.0218758936971426, 0.011706776916980743
0.01311736274510622, 0.012240984477102757
0.016266057267785072, 0.008688803762197495
0.015024836175143719, 0.011987601406872272
0.009255548007786274, 0.008243981748819351
0.015449906699359417, 0.011511045508086681
0.00810190662741661, 0.007503670174628496
0.02082638256251812, 0.012066441588103771
0.007980984635651112, 0.006515082903206348
0.004921393934637308, 0.002578666666522622
0.00863761268556118, 0.00787512306123972
0.020124537870287895, 0.014667358249425888
0.01387019082903862, 0.007761768996715546
0.00900464877486229, 0.005531240254640579
0.009888867847621441, 0.007385293487459421
0.011923015117645264, 0.010028413496911526
0.01024253573268652, 0.007341853808611631
0.011532295495271683, 0.007547980640083551
0.018302790820598602, 0.010397214442491531
0.018241534009575844, 0.011518468149006367
0.018667764961719513, 0.012296450324356556
0.028573179617524147, 0.013755585998296738
0.013208345510065556, 0.007661719340831041
0.011767301708459854, 0.007044622208923101
0.009695806540548801, 0.007622768171131611
0.023968709632754326, 0.012756015174090862
0.015355088748037815, 0.006872548256069422
0.009228779003024101, 0.009248293936252594
0.011942628771066666, 0.00913174357265234
0.010743001475930214, 0.006605560891330242
0.008349105715751648, 0.007202515844255686
0.012180310674011707, 0.008447855710983276
0.01834111474454403, 0.01248870324343443
0.022210078313946724, 0.01733410358428955
0.011851436458528042, 0.008265805430710316
0.019119469448924065, 0.01274694874882698
0.012988084927201271, 0.009445792995393276
0.008775345049798489, 0.006536823231726885
0.014911972917616367, 0.008762619458138943
0.021756364032626152, 0.00930099468678236
0.010176966898143291, 0.005848351866006851
0.00845898874104023, 0.005403142888098955
0.010968302376568317, 0.007418639026582241
0.011352891102433205, 0.008225863799452782
0.01964067667722702, 0.01412148680537939
0.007753932848572731, 0.004448730498552322
0.009027717635035515, 0.005554890725761652
0.017334921285510063, 0.00993991270661354
0.021455416455864906, 0.010336626321077347
0.02008059062063694, 0.012240099720656872
0.010188271291553974, 0.011969068087637424
0.0064720031805336475, 0.005151021759957075
0.010980010032653809, 0.0072620022110641
0.016645194962620735, 0.00855204463005066
0.011996966786682606, 0.010063216090202332
0.008877040818333626, 0.00683977035805583
0.015586407855153084, 0.009668043814599514
0.013658267445862293, 0.007242109160870314
0.006399020552635193, 0.004741360433399677
0.013581350445747375, 0.007905062288045883
0.010036231949925423, 0.006719636265188456
0.01749083213508129, 0.00982214417308569
0.009321589954197407, 0.0066470191814005375
0.006164959166198969, 0.005862840451300144
0.014210221357643604, 0.008460110053420067
0.014691490679979324, 0.007169264834374189
0.015929656103253365, 0.012881515547633171
0.01746365986764431, 0.009126768447458744
0.024875523522496223, 0.013496640138328075
0.011294885538518429, 0.007851695641875267
0.011897063814103603, 0.00841363612562418
0.01353052631020546, 0.010289421305060387
0.020723585039377213, 0.011344507336616516
0.018325434997677803, 0.012170931324362755
0.021258223801851273, 0.012425817549228668
0.009665004909038544, 0.006141952238976955
0.019798913970589638, 0.012073011137545109
0.017343396320939064, 0.010726504027843475
0.013581829145550728, 0.008835377171635628
0.011298452503979206, 0.010260923765599728
0.008630828931927681, 0.00526766199618578
0.009562155231833458, 0.0066509186290204525
0.015325565822422504, 0.013950858265161514
0.018141726031899452, 0.012164358049631119
0.015336273238062859, 0.009161978028714657
0.014935160987079144, 0.010080842301249504
0.012704934924840927, 0.007119547110050917
0.010931476019322872, 0.0077978502959012985
0.005992225371301174, 0.005746988579630852
0.007530196104198694, 0.0050772554241120815
0.015123264864087105, 0.011186969466507435
0.01711898297071457, 0.012182952836155891
0.019963284954428673, 0.009440679103136063
0.013977966271340847, 0.00874713808298111
0.014034181833267212, 0.00843654666095972
0.017162717878818512, 0.010888512246310711
0.023729996755719185, 0.017131678760051727
0.013221201486885548, 0.008848343044519424
0.012917278334498405, 0.005552074871957302
0.011843247339129448, 0.008128168061375618
0.013092772103846073, 0.008173882029950619
0.012530552223324776, 0.007229519542306662
0.009725254960358143, 0.006818090565502644
0.010258043184876442, 0.006706504616886377
0.02532867155969143, 0.016241172328591347
0.013063608668744564, 0.010133338160812855
0.013154187239706516, 0.006516523193567991
0.01567145623266697, 0.010522550903260708
0.009773827157914639, 0.006449915003031492
0.01497709285467863, 0.010871831327676773
0.024546826258301735, 0.013350175693631172
0.012269334867596626, 0.006833583116531372
0.01173158548772335, 0.008286621421575546
0.011265945620834827, 0.00829873513430357
0.014016379602253437, 0.00854324921965599
0.011272657662630081, 0.005965929478406906
0.01554069109261036, 0.009540287777781487
0.009393222630023956, 0.008055648766458035
0.010266637429594994, 0.006441935896873474
0.017038626596331596, 0.01048816554248333
0.013238298706710339, 0.007590093184262514
0.009481966495513916, 0.006477174814790487
0.01337515003979206, 0.008181972429156303
0.019302411004900932, 0.010630493052303791
0.017784276977181435, 0.015888653695583344
0.013272625394165516, 0.009727740660309792
0.015967408195137978, 0.010527538135647774
0.01672976277768612, 0.009292980656027794
0.009924042038619518, 0.0072577171958982944
0.007670579943805933, 0.006781496573239565
0.01624513417482376, 0.009951775893568993
0.02682214230298996, 0.014655701816082
0.020177768543362617, 0.010540280491113663
0.01932164840400219, 0.012475160881876945
0.021006423979997635, 0.010356430895626545
0.01299583725631237, 0.008930365554988384
0.013090642169117928, 0.009054957889020443
0.02139832265675068, 0.010317188687622547
0.022036632522940636, 0.016682500019669533
0.015115940012037754, 0.01188082154840231
0.014844028279185295, 0.009257085621356964
0.011653128080070019, 0.007228917442262173
0.017003457993268967, 0.009440714493393898
0.011253329925239086, 0.00811970978975296
0.012395353056490421, 0.010180175304412842
0.021953484043478966, 0.013638646341860294
0.013529999181628227, 0.009264145977795124
0.023475734516978264, 0.016525110229849815
0.016195232048630714, 0.010179749689996243
0.011130094528198242, 0.005623342003673315
0.01411453913897276, 0.010266382247209549
0.019631313160061836, 0.008818307891488075
0.019848760217428207, 0.01216904167085886
0.013363366946578026, 0.00801953487098217
0.01759135164320469, 0.011702407151460648
0.014598865993320942, 0.0107929902151227
0.014796295203268528, 0.009026490151882172
0.01116181444376707, 0.009838330559432507
0.010595749132335186, 0.010042548179626465
0.02027444913983345, 0.013266300782561302
0.012851276434957981, 0.013046381995081902
0.013325569219887257, 0.006500651594251394
0.020070292055606842, 0.01051776297390461
0.01783929206430912, 0.011212307028472424
0.017581965774297714, 0.011907393112778664
0.015980878844857216, 0.010325081646442413
0.023050975054502487, 0.01164449192583561
0.020898140966892242, 0.014735535718500614
0.011672526597976685, 0.0076712570153176785
0.009737578220665455, 0.006625381764024496
0.011323202401399612, 0.011085491627454758
0.02580016851425171, 0.013337376527488232
0.018131090328097343, 0.00990294199436903
0.017730779945850372, 0.011451926082372665
0.01117305550724268, 0.010011260397732258
0.023323606699705124, 0.012949696741998196
0.012113029137253761, 0.008964156731963158
0.011588441208004951, 0.008732958696782589
0.027774039655923843, 0.012679697945713997
0.016368720680475235, 0.011955171823501587
0.024873610585927963, 0.011406275443732738
0.02118801884353161, 0.015031686052680016
0.01246209628880024, 0.007438513450324535
0.027173668146133423, 0.015370025299489498
0.027393987402319908, 0.014865582808852196
0.01593066193163395, 0.012136755511164665
0.018429189920425415, 0.012154930271208286
0.01385174784809351, 0.008774558082222939
0.015256645157933235, 0.010593223385512829
0.01693253591656685, 0.01336604356765747
0.027281323447823524, 0.013498838059604168
0.013144032098352909, 0.010049422271549702
0.014855163171887398, 0.013181079179048538
0.01765136606991291, 0.016782911494374275
0.018586130812764168, 0.01753458008170128
0.02112412080168724, 0.01697649620473385
0.01908024773001671, 0.01365415658801794
0.0140185272321105, 0.010217102244496346
0.012960993684828281, 0.009304200299084187
0.026684442535042763, 0.016361037269234657
0.018628409132361412, 0.013135449029505253
0.024463314563035965, 0.01814351975917816
0.013953955844044685, 0.01109341811388731
0.018627187237143517, 0.011900589801371098
0.01549530029296875, 0.015326026827096939
0.019887082278728485, 0.015962477773427963
0.02028917334973812, 0.01234329491853714
0.02059134840965271, 0.011588252149522305
0.026427187025547028, 0.020261304453015327
0.020466536283493042, 0.011280493810772896
0.028587142005562782, 0.01449640467762947
0.021176213398575783, 0.013190336525440216
0.02369067072868347, 0.013620574027299881
0.02642238885164261, 0.01733071357011795
0.02986653335392475, 0.018922822549939156
0.020637841895222664, 0.014217980206012726
0.02679488994181156, 0.017665434628725052
0.04315957799553871, 0.025737665593624115
0.03368685394525528, 0.024826008826494217
0.03543776273727417, 0.025559814646840096
0.026836397126317024, 0.014491474255919456
0.03492388874292374, 0.025565393269062042
0.028010988608002663, 0.019385164603590965
0.021034441888332367, 0.020557543262839317
0.024918485432863235, 0.017514195293188095
0.030129287391901016, 0.022592805325984955
0.02486160583794117, 0.016661372035741806
0.019382866099476814, 0.01596599631011486
0.02230590395629406, 0.017597349360585213
0.020895125344395638, 0.020727114751935005
0.03931094706058502, 0.020439958199858665
0.01615925133228302, 0.012017863802611828
0.01902272365987301, 0.015889015048742294
0.024132730439305305, 0.015677429735660553
0.020060978829860687, 0.013434029184281826
0.030916336923837662, 0.020911384373903275
0.01993047632277012, 0.015698596835136414
0.02456330880522728, 0.017124537378549576
0.0425712950527668, 0.036139316856861115
0.03263166919350624, 0.020147617906332016
0.028319140896201134, 0.02029339410364628
0.03175301104784012, 0.024745207279920578
0.027501124888658524, 0.02035544253885746
0.024888157844543457, 0.01956898160278797
0.03439507633447647, 0.017895467579364777
0.026244357228279114, 0.018498999997973442
0.023408837616443634, 0.014399264007806778
0.03794673830270767, 0.025856351479887962
0.02431267872452736, 0.01645447500050068
0.035686150193214417, 0.031764429062604904
0.03400802984833717, 0.02303512580692768
0.02644624561071396, 0.021667050197720528
0.03362153843045235, 0.022132916375994682
0.04623236879706383, 0.021682731807231903
0.0183134526014328, 0.016654085367918015
0.05625366047024727, 0.04090528190135956
0.04839140921831131, 0.027404723688960075
0.031906161457300186, 0.0185838770121336
0.020594732835888863, 0.013625962659716606
0.024816196411848068, 0.016490137204527855
0.04507966712117195, 0.023389901965856552
0.029858533293008804, 0.016083363443613052
0.04145373776555061, 0.027817556634545326
0.039989229291677475, 0.022158706560730934
0.01985640451312065, 0.01431729644536972
0.024681441485881805, 0.017366623505949974
0.042157839983701706, 0.03322630748152733
0.021710362285375595, 0.012409999035298824
0.02663157880306244, 0.021390434354543686
0.02299906499683857, 0.013917256146669388
0.02214442752301693, 0.015299138613045216
0.02476709894835949, 0.014862371608614922
0.022879144176840782, 0.01786675676703453
0.02484041638672352, 0.020067892968654633
0.034461796283721924, 0.028384732082486153
0.053617045283317566, 0.021389534696936607
0.03830678015947342, 0.02324712462723255
0.027600297704339027, 0.01943477988243103
0.03284044563770294, 0.02107228711247444
0.03381391242146492, 0.02429693192243576
0.027115220203995705, 0.019141927361488342
0.030901934951543808, 0.02493446320295334
0.023357361555099487, 0.014680580236017704
0.02521664835512638, 0.018327824771404266
0.02222302369773388, 0.014444353058934212
0.026058368384838104, 0.02263634093105793
0.03964546322822571, 0.0315568633377552
0.038722775876522064, 0.02543853409588337
0.055684734135866165, 0.03032475709915161
0.03611587733030319, 0.03420725092291832
0.025733375921845436, 0.011455253697931767
0.041613440960645676, 0.027757350355386734
0.023068351671099663, 0.020213676616549492
0.03345330432057381, 0.023576997220516205
0.019751915708184242, 0.01476297713816166
0.02393016219139099, 0.016677122563123703
0.0216850433498621, 0.015247025527060032
0.03258940204977989, 0.02452707663178444
0.02586127631366253, 0.019816773012280464
0.0302762258797884, 0.020486464723944664
0.03368545323610306, 0.02757161669433117
0.025363262742757797, 0.021778089925646782
0.03195624426007271, 0.018233556300401688
0.02608068846166134, 0.017946340143680573
0.023692438378930092, 0.020219147205352783
0.024755656719207764, 0.02208475023508072
0.022467203438282013, 0.020711196586489677
0.03110366128385067, 0.017425380647182465
0.032441042363643646, 0.02800092101097107
0.03050016425549984, 0.024302326142787933
0.021207686513662338, 0.016086453571915627
0.029984649270772934, 0.019902363419532776
0.029812289401888847, 0.01567828096449375
0.031433235853910446, 0.022163860499858856
0.03172009065747261, 0.020923824980854988
0.02224855124950409, 0.01871766522526741
0.026698077097535133, 0.016792818903923035
0.02625575289130211, 0.018673177808523178
0.032559894025325775, 0.018295584246516228
0.03945207968354225, 0.028527405112981796
0.04441938176751137, 0.022351901978254318
0.041763100773096085, 0.030269406735897064
0.03023076429963112, 0.021027522161602974
0.02972981333732605, 0.02739964798092842
0.03297845646739006, 0.017615914344787598
0.018989959731698036, 0.014175675809383392
0.028769638389348984, 0.02833384834229946
0.027444908395409584, 0.01776251755654812
0.017383018508553505, 0.015123802237212658
0.03353699669241905, 0.02426305040717125
0.03815161809325218, 0.025255130603909492
0.03448641300201416, 0.02176172100007534
0.02921125665307045, 0.024754958227276802
0.03245269134640694, 0.02040243148803711
0.030151987448334694, 0.020263684913516045
0.031005365774035454, 0.02701668255031109
0.0377269946038723, 0.02716856077313423
0.026252875104546547, 0.019834045320749283
0.024254174903035164, 0.021741196513175964
0.027958447113633156, 0.022312460467219353
0.033554889261722565, 0.02028251439332962
0.03325364366173744, 0.029952578246593475
0.03419836238026619, 0.030665088444948196
0.03341015428304672, 0.019843515008687973
0.02713768742978573, 0.023799365386366844
0.036377109587192535, 0.01781279407441616
0.03012256883084774, 0.02490033209323883
0.02077770233154297, 0.015574106015264988
0.024403560906648636, 0.0187790896743536
0.03486014902591705, 0.023081457242369652
0.0419052354991436, 0.04107068106532097
0.03957163169980049, 0.0266984011977911
0.02773912623524666, 0.02294652909040451
0.03665263205766678, 0.02940361760556698
0.03240801393985748, 0.020413046702742577
0.024577533826231956, 0.023579252883791924
0.023924635723233223, 0.016531692817807198
0.021121526136994362, 0.020715797320008278
0.025144556537270546, 0.02071831189095974
0.044965241104364395, 0.0324007123708725
0.03177435323596001, 0.018850473687052727
0.029199667274951935, 0.020755978301167488
0.02285325527191162, 0.01932806707918644
0.04796219989657402, 0.03254147246479988
0.02919713966548443, 0.0255589596927166
0.03586701303720474, 0.020491506904363632
0.025415437296032906, 0.020435204729437828
0.02657369337975979, 0.015541013330221176
0.01765589416027069, 0.017276475206017494
0.033908434212207794, 0.03268064185976982
0.03314471244812012, 0.02471146360039711
0.027438005432486534, 0.02230094186961651
0.019413277506828308, 0.015558169223368168
0.02266743779182434, 0.0165910292416811
0.023611238226294518, 0.02447492443025112
0.020668067038059235, 0.015817955136299133
0.02533375471830368, 0.017390385270118713
0.02741391770541668, 0.021797556430101395
0.016608797013759613, 0.01847759075462818
0.03313278406858444, 0.02856263890862465
0.023077087476849556, 0.021954333409667015
0.026308981701731682, 0.01637975126504898
0.023172345012426376, 0.015919044613838196
0.02309652976691723, 0.01734388805925846
0.030037084594368935, 0.021999020129442215
0.04155700281262398, 0.03109697997570038
0.026442434638738632, 0.01649714820086956
0.04037429764866829, 0.02212139405310154
0.027647484093904495, 0.0240795761346817
0.019946305081248283, 0.01615339145064354
0.019071558490395546, 0.01691518723964691
0.03123190626502037, 0.0268732700496912
0.028060102835297585, 0.02290978841483593
0.026209380477666855, 0.025826817378401756
0.033666446805000305, 0.02066570334136486
0.029373282566666603, 0.01841648668050766
0.02179333195090294, 0.01197418849915266
0.025495586916804314, 0.025159351527690887
0.025409303605556488, 0.01685585081577301
0.03256995975971222, 0.025404509156942368
0.03148220479488373, 0.023312101140618324
0.027929339557886124, 0.02330758050084114
0.038872454315423965, 0.022749874740839005
0.028047654777765274, 0.02725839428603649
0.033255767077207565, 0.021944016218185425
0.02955498918890953, 0.021797670051455498
0.02120596170425415, 0.017771879211068153
0.04827488213777542, 0.029486268758773804
0.030421733856201172, 0.024363942444324493
0.020428774878382683, 0.016167186200618744
0.027414144948124886, 0.017023766413331032
0.02269255556166172, 0.015776995569467545
0.026908261701464653, 0.016960179433226585
0.02808593027293682, 0.023964937776327133
0.021072236821055412, 0.01765253022313118
0.024727627635002136, 0.020805127918720245
0.035049766302108765, 0.024617178365588188
0.02264452911913395, 0.01883738674223423
0.028917448595166206, 0.019556045532226562
0.02570546604692936, 0.016029804944992065
0.02580207958817482, 0.02042296901345253
0.032432671636343, 0.023600753396749496
0.027629131451249123, 0.019174333661794662
0.028303679078817368, 0.025974957272410393
0.03278942033648491, 0.02248433232307434
0.031021127477288246, 0.027294468134641647
0.03254805877804756, 0.02176438830792904
0.02938077598810196, 0.021530870348215103
0.02125314064323902, 0.019702311605215073
0.02507435902953148, 0.017524302005767822
0.028688570484519005, 0.022192662581801414
0.028897160664200783, 0.021012822166085243
0.03358019143342972, 0.022479740902781487
0.02243632823228836, 0.01858527399599552
0.036320123821496964, 0.01778748631477356
0.027427205815911293, 0.021367773413658142
0.03277569264173508, 0.023169832304120064
0.0250925961881876, 0.024722866714000702
0.025133522227406502, 0.02733762376010418
0.02625451050698757, 0.018630212172865868
0.03126251697540283, 0.026913007721304893
0.03066202439367771, 0.0194183848798275
0.02962701953947544, 0.02191108465194702
0.04199317470192909, 0.0299849696457386
0.03632684424519539, 0.023400668054819107
0.04494912177324295, 0.029510987922549248
0.036414436995983124, 0.032036326825618744
0.029608840122818947, 0.02115892991423607
0.03247350454330444, 0.026522183790802956
0.02460222877562046, 0.018586507067084312
0.037902116775512695, 0.021322201937437057
0.033504877239465714, 0.021920684725046158
0.04223482683300972, 0.019159048795700073
0.03983357548713684, 0.02873177081346512
0.04234449565410614, 0.025788893923163414
0.02650054544210434, 0.019970009103417397
0.023894784972071648, 0.014555523172020912
0.02523856796324253, 0.014003222808241844
0.016555307433009148, 0.011870577931404114
0.02382398024201393, 0.015994369983673096
0.036726679652929306, 0.032971590757369995
0.03691445663571358, 0.027644256129860878
0.03855355456471443, 0.024862878024578094
0.022573402151465416, 0.02099648490548134
0.03415963798761368, 0.025638878345489502
0.020831942558288574, 0.015371756628155708
0.028823843225836754, 0.018102100118994713
0.03893904760479927, 0.03264755383133888
0.029165783897042274, 0.018976852297782898
0.02760600857436657, 0.02620258927345276
0.03091301955282688, 0.02520539052784443
0.026490025222301483, 0.020937902852892876
0.02635105326771736, 0.02623535320162773
0.02730794996023178, 0.024919558316469193
0.028116561472415924, 0.02462019957602024
0.01858917810022831, 0.015413009561598301
0.02641054429113865, 0.01652096025645733
0.03598088026046753, 0.02721763402223587
0.024402974173426628, 0.021233920007944107
0.03532182052731514, 0.022779369726777077
0.027724500745534897, 0.024170083925127983
0.02549893409013748, 0.018581727519631386
0.032737866044044495, 0.019094042479991913
0.024579545482993126, 0.01993507519364357
0.02252456173300743, 0.024838624522089958
0.026164302602410316, 0.023677878081798553
0.028837794438004494, 0.024898413568735123
0.027198512107133865, 0.01868191733956337
0.021418672055006027, 0.019762950018048286
0.026791095733642578, 0.017763834446668625
0.03292521834373474, 0.025368764996528625
0.03341672942042351, 0.027545759454369545
0.02920243889093399, 0.024083487689495087
0.028443200513720512, 0.02737104706466198
0.02968529611825943, 0.021384838968515396
0.023212723433971405, 0.01996677741408348
0.03153971955180168, 0.01798163913190365
0.0323665626347065, 0.02687649428844452
0.03218301758170128, 0.022815752774477005
0.02683885768055916, 0.01504290010780096
0.034832533448934555, 0.026692287996411324
0.022780073806643486, 0.021365009248256683
0.027071692049503326, 0.020853303372859955
0.035952404141426086, 0.017281146720051765
0.024320505559444427, 0.015939122065901756
0.0286654494702816, 0.025147613137960434
0.03261662274599075, 0.025013430044054985
0.018773121759295464, 0.011031689122319221
0.01702156476676464, 0.013125218451023102
0.017420068383216858, 0.019005360081791878
0.028909172862768173, 0.01783062145113945
0.02228083647787571, 0.013943322002887726
0.02977748028934002, 0.026500951498746872
0.024786168709397316, 0.018130909651517868
0.03238295018672943, 0.02564205974340439
0.030191680416464806, 0.027416767552495003
0.02277516759932041, 0.016400853171944618
0.02483418583869934, 0.016543081030249596
0.03227665275335312, 0.019133318215608597
0.023105885833501816, 0.015299755148589611
0.036959558725357056, 0.023405537009239197
0.01650581881403923, 0.01751268282532692
0.031378619372844696, 0.015008683316409588
0.029715651646256447, 0.020418087020516396
0.029928484931588173, 0.022170821204781532
0.04481169953942299, 0.03307068720459938
0.033671461045742035, 0.03274783119559288
0.0355742871761322, 0.027023835107684135
0.03236589580774307, 0.02105802670121193
0.02877342328429222, 0.02333604358136654
0.02517167665064335, 0.01979689486324787
0.025704525411128998, 0.018430661410093307
0.029750274494290352, 0.017091521993279457
0.03628646209836006, 0.02413332276046276
0.032057203352451324, 0.02290910854935646
0.03208469599485397, 0.017042838037014008
0.036286916583776474, 0.023735390976071358
0.031172921881079674, 0.01674952730536461
0.032280996441841125, 0.02334444783627987
0.02648518793284893, 0.01456914097070694
0.026749227195978165, 0.025516008958220482
0.03445030748844147, 0.022360296919941902
0.032755304127931595, 0.024569006636738777
0.03103797324001789, 0.022751199081540108
0.031674668192863464, 0.030084986239671707
0.025813166052103043, 0.021963438019156456
0.023961277678608894, 0.014347946271300316
0.030897852033376694, 0.021048709750175476
0.021136965602636337, 0.014673775061964989
0.032338012009859085, 0.022840773686766624
0.027702756226062775, 0.019785448908805847
0.02446768619120121, 0.018883738666772842
0.026958702132105827, 0.022995352745056152
0.034013692289590836, 0.01681712083518505
0.023777717724442482, 0.016557175666093826
0.04298628121614456, 0.023239076137542725
0.02848934754729271, 0.020164478570222855
0.03426355496048927, 0.02255147695541382
0.018858928233385086, 0.018382159993052483
0.02309483103454113, 0.014017950743436813
0.022616229951381683, 0.018386898562312126
0.02491259016096592, 0.019958488643169403
0.030487580224871635, 0.022406913340091705
0.028142200782895088, 0.025487462058663368
0.026754925027489662, 0.022560084238648415
0.020752988755702972, 0.019264543429017067
0.029676219448447227, 0.02010057494044304
0.015030448324978352, 0.01391256507486105
0.015446100383996964, 0.01600126549601555
0.02262790873646736, 0.024770140647888184
0.04042704403400421, 0.02885862998664379
0.025470782071352005, 0.017535937950015068
0.029528582468628883, 0.015806449577212334
0.02724853716790676, 0.021529175341129303
0.02576872892677784, 0.02058667130768299
0.023560401052236557, 0.02652217447757721
0.025344187393784523, 0.01898636482656002
0.031549617648124695, 0.026981575414538383
0.026128673925995827, 0.017554303631186485
0.022679759189486504, 0.017729248851537704
0.029927518218755722, 0.013673940673470497
0.031362246721982956, 0.023298056796193123
0.03387085348367691, 0.03185686841607094
0.03859248384833336, 0.02216002345085144
0.02884783037006855, 0.014859887771308422
0.037529829889535904, 0.024248266592621803
0.030124792829155922, 0.016445212066173553
0.019961858168244362, 0.015064364299178123
0.03156440332531929, 0.019419485703110695
0.033689387142658234, 0.025235582143068314
0.029933840036392212, 0.028070788830518723
0.025992240756750107, 0.017863724380731583
0.03358893468976021, 0.02066330425441265
0.027003677561879158, 0.019639495760202408
0.01867741532623768, 0.011513232253491879
0.026225851848721504, 0.016322853043675423
0.02146242745220661, 0.016322648152709007
0.027328655123710632, 0.018741661682724953
0.030773639678955078, 0.031153978779911995
0.03723189979791641, 0.029422389343380928
0.03585025668144226, 0.03196381777524948
0.032147057354450226, 0.024797586724162102
0.01935505121946335, 0.015202734619379044
0.024357877671718597, 0.019207380712032318
0.034882400184869766, 0.02568843588232994
0.028055787086486816, 0.021309657022356987
0.026565290987491608, 0.021115943789482117
0.031352683901786804, 0.022463835775852203
0.02943197824060917, 0.022479038685560226
0.035467520356178284, 0.02237526699900627
0.021873582154512405, 0.014625865034759045
0.02091575227677822, 0.015656547620892525
0.023408198729157448, 0.01820499822497368
0.03459777310490608, 0.026727603748440742
0.03614383935928345, 0.027974102646112442
0.022736404091119766, 0.019266875460743904
0.025206347927451134, 0.024174096062779427
0.023897916078567505, 0.021962935104966164
0.0290940310806036, 0.02370680868625641
0.0341462679207325, 0.022909995168447495
0.038229335099458694, 0.02881028689444065
0.031003568321466446, 0.03136533126235008
0.04444529488682747, 0.027214419096708298
0.0397149994969368, 0.03192942216992378
0.022185223177075386, 0.020057180896401405
0.02712990529835224, 0.018971912562847137
0.029452115297317505, 0.01864275522530079
0.01771187223494053, 0.017733696848154068
0.028896981850266457, 0.02025415562093258
0.02724706567823887, 0.020502954721450806
0.03743211179971695, 0.03160689398646355
0.030685395002365112, 0.022288775071501732
0.029463807120919228, 0.01614818349480629
0.02555844560265541, 0.020687125623226166
0.021257607266306877, 0.020219024270772934
0.024605611339211464, 0.02164521999657154
0.026669997721910477, 0.022518320009112358
0.029478149488568306, 0.017294520512223244
0.030111005529761314, 0.022970259189605713
0.02710234932601452, 0.01825062185525894
0.027605943381786346, 0.022296056151390076
0.028478235006332397, 0.020101189613342285
0.03318668529391289, 0.01933310553431511
0.0244436077773571, 0.020701196044683456
0.027467278763651848, 0.016549473628401756
0.02963395230472088, 0.025623314082622528
0.017938513308763504, 0.014320259913802147
0.036313142627477646, 0.02496078796684742
0.030106568709015846, 0.02735722064971924
0.03161286190152168, 0.02687842585146427
0.025685379281640053, 0.01929088495671749
0.03166799619793892, 0.027626192197203636
0.03577203303575516, 0.019687529653310776
0.021722927689552307, 0.016052300110459328
0.02265044115483761, 0.014330935664474964
0.024476567283272743, 0.017374737188220024
0.03653554245829582, 0.02454260177910328
0.017168764024972916, 0.010623058304190636
0.029442198574543, 0.020575063303112984
0.03427362069487572, 0.026371188461780548
0.02306828834116459, 0.021581225097179413
0.02910744771361351, 0.024913007393479347
0.03625327721238136, 0.02782394178211689
0.028740230947732925, 0.01573196053504944
0.021968655288219452, 0.013104982674121857
0.028321756049990654, 0.02284296788275242
0.020958714187145233, 0.013642258942127228
0.03424890711903572, 0.02278769761323929
0.032476503401994705, 0.015372619964182377
0.03169327974319458, 0.03005285933613777
0.03628186881542206, 0.023063242435455322
0.020606711506843567, 0.013745054602622986
0.024743424728512764, 0.022053413093090057
0.02439585141837597, 0.018468907102942467
0.026809561997652054, 0.020182210952043533
0.026533836498856544, 0.01381862536072731
0.022106146439909935, 0.013043386861681938
0.024971937760710716, 0.0188385471701622
0.0298165250569582, 0.020562361925840378
0.018079066649079323, 0.012454737909138203
0.026016751304268837, 0.019330520182847977
0.025526994839310646, 0.016003061085939407
0.021647688001394272, 0.01839730516076088
0.029604243114590645, 0.02219950407743454
0.02404322661459446, 0.01885961927473545
0.036187734454870224, 0.021702010184526443
0.03382955864071846, 0.027584802359342575
0.04497905820608139, 0.029963260516524315
0.01753583736717701, 0.013958930037915707
0.028427399694919586, 0.016520824283361435
0.0225862804800272, 0.01288613025099039
0.02585943043231964, 0.015133357606828213
0.031776126474142075, 0.020124228671193123
0.023514658212661743, 0.01769435591995716
0.020066548138856888, 0.019419357180595398
0.023667657747864723, 0.01790974661707878
0.03375555947422981, 0.02338593080639839
0.025682205334305763, 0.010156814940273762
0.03723138943314552, 0.021057134494185448
0.03164488077163696, 0.02104545757174492
0.034094490110874176, 0.020375240594148636
0.03210451081395149, 0.02558048442006111
0.033618200570344925, 0.02182854153215885
0.024673353880643845, 0.015767155215144157
0.02261587604880333, 0.019581042230129242
0.019034454599022865, 0.01817084476351738
0.022093990817666054, 0.01405553612858057
0.02971094474196434, 0.03336042910814285
0.034361254423856735, 0.018227094784379005
0.03435550630092621, 0.02534443512558937
0.02934170700609684, 0.018927179276943207
0.03657258301973343, 0.02439267560839653
0.036061011254787445, 0.025031678378582
0.03810707852244377, 0.022185180336236954
0.02853504754602909, 0.015081017278134823
0.02850160002708435, 0.02302810177206993
0.024627406150102615, 0.020035885274410248
0.020362356677651405, 0.015569005161523819
0.020389484241604805, 0.012630689889192581
0.023383725434541702, 0.01587582752108574
0.020100735127925873, 0.015236729755997658
0.02673938497900963, 0.021117189899086952
0.019097447395324707, 0.016382673755288124
0.025903532281517982, 0.022674690932035446
0.021083544939756393, 0.012114047072827816
0.01945529319345951, 0.011442266404628754
0.026798034086823463, 0.016775069758296013
0.025429079309105873, 0.016603996977210045
0.01675344444811344, 0.016895098611712456
0.02790418267250061, 0.020066579803824425
0.0256267748773098, 0.012717555277049541
0.027019616216421127, 0.02413526363670826
0.025843404233455658, 0.013062327168881893
0.022831793874502182, 0.015747370198369026
0.026897089555859566, 0.02085520513355732
0.0208039078861475, 0.01314957533031702
0.021317461505532265, 0.012379066087305546
0.020295197144150734, 0.017541145905852318
0.03167248144745827, 0.022042127326130867
0.02218182198703289, 0.014006576500833035
0.02851274609565735, 0.018441859632730484
0.040969062596559525, 0.027408849447965622
0.03150844946503639, 0.021121328696608543
0.027459654957056046, 0.02246573381125927
0.03480987623333931, 0.026180105283856392
0.032630592584609985, 0.020961081609129906
0.036473557353019714, 0.02864110842347145
0.03139648959040642, 0.015131378546357155
0.021128445863723755, 0.010354452766478062
0.029976584017276764, 0.01704353839159012
0.030866222456097603, 0.01826583407819271
0.0303835216909647, 0.0233787652105093
0.02442253939807415, 0.013930683955550194
0.022891320288181305, 0.014437057077884674
0.034526169300079346, 0.021787073463201523
0.027245717123150826, 0.019151238724589348
0.029613954946398735, 0.01571505516767502
0.01819063164293766, 0.014294403605163097
0.02444847673177719, 0.018768690526485443
0.04128754138946533, 0.021907076239585876
0.03024057298898697, 0.02235999144613743
0.020168058574199677, 0.014841717667877674
0.029196185991168022, 0.023742269724607468
0.032064344733953476, 0.014321111142635345
0.027728671208024025, 0.01903037540614605
0.021299058571457863, 0.012411477044224739
0.025738351047039032, 0.017524005845189095
0.020694361999630928, 0.0167484562844038
0.024259023368358612, 0.017067374661564827
0.03657694160938263, 0.025664234533905983
0.0335223488509655, 0.01482032798230648
0.02224891260266304, 0.017740415409207344
0.024335084483027458, 0.020071620121598244
0.018287722021341324, 0.013567899353802204
0.02653169073164463, 0.018275897949934006
0.027592649683356285, 0.02236142009496689
0.0310655664652586, 0.023948779329657555
0.03180701658129692, 0.02320697344839573
0.030560268089175224, 0.018349580466747284
0.024492459371685982, 0.01840274967253208
0.038635339587926865, 0.030637100338935852
0.030848562717437744, 0.024638231843709946
0.024851735681295395, 0.016358239576220512
0.02178916707634926, 0.016819089651107788
0.019150450825691223, 0.010448464192450047
0.02671332098543644, 0.021470848470926285
0.031242424622178078, 0.03183983638882637
0.028091318905353546, 0.01895739510655403
0.03321250528097153, 0.021348092705011368
0.019427264109253883, 0.013958883471786976
0.029050499200820923, 0.025325126945972443
0.03209371492266655, 0.02336273528635502
0.032249994575977325, 0.023949407041072845
0.028728412464261055, 0.0205736942589283
0.0327288955450058, 0.02213744819164276
0.03623254969716072, 0.027720380574464798
0.0321069210767746, 0.017566582188010216
0.029774166643619537, 0.02562345750629902
0.03048601746559143, 0.021541567519307137
0.021589670330286026, 0.018702147528529167
0.021135324612259865, 0.017656700685620308
0.03241357207298279, 0.023403210565447807
0.032522089779376984, 0.018911167979240417
0.033111851662397385, 0.01799573376774788
0.027516186237335205, 0.01765955425798893
0.019914789125323296, 0.01617468148469925
0.024304354563355446, 0.02393859624862671
0.021146260201931, 0.014553483575582504
0.026365527883172035, 0.017959630116820335
0.019538307562470436, 0.01409352570772171
0.02471446432173252, 0.019630184397101402
0.022886022925376892, 0.015926875174045563
0.028272010385990143, 0.01988893188536167
0.026307472959160805, 0.018989883363246918
0.013494452461600304, 0.013721151277422905
0.034736938774585724, 0.03204358369112015
0.027468016371130943, 0.016209842637181282
0.018187154084444046, 0.015414353460073471
0.027376839891076088, 0.02246825024485588
0.024558300152420998, 0.018560392782092094
0.03743506222963333, 0.03214401751756668
0.044236015528440475, 0.028398258611559868
0.019730709493160248, 0.013472282327711582
0.018757659941911697, 0.015787925571203232
0.020361850038170815, 0.01737404800951481
0.029526183381676674, 0.024880090728402138
0.02658023126423359, 0.017457783222198486
0.01894112303853035, 0.013611969538033009
0.028342025354504585, 0.01876838505268097
0.02666090801358223, 0.019925450906157494
0.029028402641415596, 0.020931312814354897
0.01650058478116989, 0.013222948648035526
0.02958344854414463, 0.022816915065050125
0.029028574004769325, 0.018538309261202812
0.018697557970881462, 0.014970296062529087
0.0242000725120306, 0.01519617810845375
0.025521473959088326, 0.013152810744941235
0.026154931634664536, 0.02259693667292595
0.026016445830464363, 0.02123776078224182
0.02047109790146351, 0.013729377649724483
0.02159121260046959, 0.015137098729610443
0.020059172064065933, 0.014312127605080605
0.02230558730661869, 0.013110296800732613
0.026529157534241676, 0.020324643701314926
0.03197202458977699, 0.01660650037229061
0.022773131728172302, 0.01952606812119484
0.021811459213495255, 0.01956314966082573
0.02615431323647499, 0.015163986943662167
0.026807747781276703, 0.019711323082447052
0.020637905225157738, 0.017665021121501923
0.022165797650814056, 0.015467643737792969
0.02195560559630394, 0.014036288484930992
0.02406933344900608, 0.020476361736655235
0.026814352720975876, 0.02519569732248783
0.027355268597602844, 0.013467907905578613
0.02447889931499958, 0.018605317920446396
0.025096233934164047, 0.025185074657201767
0.03398105129599571, 0.012670580297708511
0.031333256512880325, 0.0293405894190073
0.02880030870437622, 0.02654990740120411
0.020486928522586823, 0.014735205098986626
0.034094568341970444, 0.02344634383916855
0.03148120641708374, 0.022289447486400604
0.025247955694794655, 0.02475772239267826
0.024816954508423805, 0.01896457001566887
0.02736678346991539, 0.021324414759874344
0.01990220695734024, 0.014290794730186462
0.020602867007255554, 0.010406414978206158
0.019216787070035934, 0.014577309601008892
0.022308364510536194, 0.013367465697228909
0.030316760763525963, 0.029657114297151566
0.020464541390538216, 0.014599896036088467
0.018436556681990623, 0.011851704679429531
0.01640920527279377, 0.011291136033833027
0.016601411625742912, 0.00998114887624979
0.018228424713015556, 0.015437513589859009
0.01544127520173788, 0.013670301996171474
0.01917935349047184, 0.013291765935719013
0.015954704955220222, 0.010437686927616596
0.027584267780184746, 0.01735939085483551
0.02738085389137268, 0.019504785537719727
0.022891292348504066, 0.0208356361836195
0.02203325368463993, 0.020981747657060623
0.03846317529678345, 0.020292924717068672
0.02294616587460041, 0.01264425553381443
0.023442203179001808, 0.014756273478269577
0.02534990757703781, 0.016767699271440506
0.011282128281891346, 0.008678462356328964
0.02285309135913849, 0.014108276925981045
0.021653562784194946, 0.012676096521317959
0.030115462839603424, 0.020095566287636757
0.028885062783956528, 0.018036583438515663
0.014449911192059517, 0.010691966861486435
0.02178223989903927, 0.012514258734881878
0.022793209180235863, 0.015335524454712868
0.024481115862727165, 0.014709589071571827
0.018195442855358124, 0.008737880736589432
0.01690630614757538, 0.011245088651776314
0.02305351383984089, 0.021035954356193542
0.02010747604072094, 0.020431801676750183
0.010345286689698696, 0.008023257367312908
0.02278134785592556, 0.01723254658281803
0.02601468935608864, 0.01436026580631733
0.009944957681000233, 0.007989351637661457
0.016862696036696434, 0.012167764827609062
0.023791810497641563, 0.014736860990524292
0.01583006978034973, 0.01010298915207386
0.0135991545394063, 0.016239548102021217
0.023204585537314415, 0.013144253753125668
0.018221305683255196, 0.016108624637126923
0.03588787838816643, 0.022739894688129425
0.03373340517282486, 0.022052742540836334
0.031611986458301544, 0.024288315325975418
0.022532761096954346, 0.01625712774693966
0.022316142916679382, 0.019359400495886803
0.016873043030500412, 0.012110493145883083
0.017046205699443817, 0.01390962302684784
0.03195677697658539, 0.01804737187922001
0.024098480120301247, 0.02021447941660881
0.02603575959801674, 0.019997211173176765
0.03129034861922264, 0.019183846190571785
0.015602598898112774, 0.013013925403356552
0.01989678107202053, 0.012266439385712147
0.025322193279862404, 0.017083074897527695
0.02319488860666752, 0.02054111659526825
0.02440187707543373, 0.01577671244740486
0.015069069340825081, 0.013290909118950367
0.028014475479722023, 0.02094884216785431
0.02814486064016819, 0.01555977389216423
0.0494207926094532, 0.02310161478817463
0.041879963129758835, 0.018499042838811874
0.04590730741620064, 0.020622046664357185
0.034857939928770065, 0.022448232397437096
0.02577104978263378, 0.014754781499505043
0.027515754103660583, 0.019115932285785675
0.023292001336812973, 0.013413634151220322
0.031453270465135574, 0.023458391427993774
0.026800209656357765, 0.01785668544471264
0.01961914636194706, 0.015286898240447044
0.023039618507027626, 0.016138074919581413
0.022899596020579338, 0.016163397580385208
0.020402265712618828, 0.016004975885152817
0.023651350289583206, 0.018725210800766945
0.017516611143946648, 0.01664375513792038
0.013613050803542137, 0.01371708419173956
0.02356349490582943, 0.01680576242506504
0.014331744983792305, 0.010391658172011375
0.028386328369379044, 0.017049778252840042
0.021192559972405434, 0.01797594130039215
0.03025924600660801, 0.017031541094183922
0.0160814318805933, 0.00971212424337864
0.019968098029494286, 0.017736008390784264
0.02118346095085144, 0.017158284783363342
0.026046747341752052, 0.014348817989230156
0.018402183428406715, 0.014290777035057545
0.024281853809952736, 0.01804579794406891
0.019529180601239204, 0.015031218528747559
0.01938541792333126, 0.011787939816713333
0.02053811587393284, 0.016939887776970863
0.027504583820700645, 0.01988370716571808
0.026746505871415138, 0.018916917964816093
0.034420184791088104, 0.02207937091588974
0.021368276327848434, 0.011928013525903225
0.013835899531841278, 0.010123775340616703
0.023134330287575722, 0.014013642445206642
0.019979367032647133, 0.011391754262149334
0.02015960030257702, 0.015186327509582043
0.018798984587192535, 0.010985893197357655
0.022710604593157768, 0.014830497093498707
0.03527055308222771, 0.020428713411092758
0.03318067267537117, 0.0135855907574296
0.03525921329855919, 0.021666718646883965
0.024905532598495483, 0.019505392760038376
0.024218257516622543, 0.018037382513284683
0.024328865110874176, 0.017601262778043747
0.02180890552699566, 0.012567704543471336
0.020946631208062172, 0.014485770836472511
0.01889920048415661, 0.012837027199566364
0.025309232994914055, 0.024732718244194984
0.03260529413819313, 0.017958151176571846
0.02816985733807087, 0.021416090428829193
0.017872054129838943, 0.01213980745524168
0.01783793419599533, 0.010490571148693562
0.01617802120745182, 0.01253612618893385
0.020521188154816628, 0.012968603521585464
0.026241064071655273, 0.01602569781243801
0.02594594843685627, 0.015217824839055538
0.023959672078490257, 0.021324241533875465
0.031107932329177856, 0.017079906538128853
0.021841907873749733, 0.017958512529730797
0.02804904244840145, 0.024465303868055344
0.02607104368507862, 0.022036833688616753
0.027956614270806313, 0.020119326189160347
0.02604774944484234, 0.023558715358376503
0.020783299580216408, 0.014364326372742653
0.018841221928596497, 0.012386049143970013
0.01910250075161457, 0.013550549745559692
0.01716161146759987, 0.015602115541696548
0.02140675112605095, 0.01612749882042408
0.024912502616643906, 0.014086754992604256
0.015987064689397812, 0.013724728487432003
0.01683002896606922, 0.013692393898963928
0.02125789225101471, 0.013764778152108192
0.020049575716257095, 0.01417531631886959
0.014354171231389046, 0.00945715606212616
0.01573384366929531, 0.011969654820859432
0.01879999227821827, 0.0158622357994318
0.020630521699786186, 0.013599582947790623
0.023629724979400635, 0.017502009868621826
0.017546065151691437, 0.017731614410877228
0.01932579278945923, 0.012860984541475773
0.02210036851465702, 0.01532012689858675
0.016566801816225052, 0.01181830745190382
0.015355614013969898, 0.012300495058298111
0.030817458406090736, 0.023047974333167076
0.027780728414654732, 0.017754001542925835
0.020253116264939308, 0.015514044091105461
0.026557976379990578, 0.024043111130595207
0.023874713107943535, 0.019154809415340424
0.02239462174475193, 0.01413332112133503
0.014465035870671272, 0.01366401743143797
0.023509372025728226, 0.016361873596906662
0.022149231284856796, 0.017090683802962303
0.023232247680425644, 0.014731884934008121
0.03929688408970833, 0.03010808862745762
0.02231663651764393, 0.017766499891877174
0.03426625207066536, 0.02029416710138321
0.02452048845589161, 0.01715540513396263
0.015500328503549099, 0.01565762609243393
0.02418580651283264, 0.017453545704483986
0.01835913024842739, 0.01407207828015089
0.0170704685151577, 0.015948565676808357
0.01565176621079445, 0.008776170201599598
0.02896190620958805, 0.015339367091655731
0.03559684753417969, 0.026020191609859467
0.020654473453760147, 0.01481928862631321
0.022562557831406593, 0.019443688914179802
0.019508957862854004, 0.01303100399672985
0.02170095033943653, 0.018543915823101997
0.021935410797595978, 0.013017178513109684
0.02384389191865921, 0.01618616282939911
0.023990826681256294, 0.018224766477942467
0.020674092695116997, 0.012711378745734692
0.022898171097040176, 0.015226146206259727
0.0259320680052042, 0.018945032730698586
0.029212692752480507, 0.016867268830537796
0.01824081875383854, 0.01144819799810648
0.017341624945402145, 0.01486703846603632
0.017397508025169373, 0.015980567783117294
0.015952972695231438, 0.014797467738389969
0.016213422641158104, 0.011217433959245682
0.017222430557012558, 0.013563701882958412
0.024812987074255943, 0.01236465759575367
0.013692686334252357, 0.009481485933065414
0.018147090449929237, 0.010980759747326374
0.032357584685087204, 0.013731912709772587
0.02895570732653141, 0.016840970143675804
0.019642338156700134, 0.015801262110471725
0.019338436424732208, 0.017361463978886604
0.017619768157601357, 0.010312642902135849
0.01702260971069336, 0.009082426317036152
0.027066946029663086, 0.01750664785504341
0.026354972273111343, 0.020735623314976692
0.017353033646941185, 0.015163727104663849
0.0198161993175745, 0.012848759070038795
0.026378804817795753, 0.01776290498673916
0.02043808437883854, 0.012757902964949608
0.01743667759001255, 0.011048353277146816
0.015240209177136421, 0.012516237795352936
0.019015680998563766, 0.018614018335938454
0.020173251628875732, 0.014210328459739685
0.021372737362980843, 0.016318010166287422
0.0321735255420208, 0.0212097130715847
0.03213576227426529, 0.022230058908462524
0.02002602070569992, 0.01583203114569187
0.019234299659729004, 0.012467063032090664
0.02247832715511322, 0.018225649371743202
0.026447545737028122, 0.018207548186182976
0.019330214709043503, 0.011237407103180885
0.017339996993541718, 0.013898871839046478
0.018379054963588715, 0.012322589755058289
0.01859557069838047, 0.009687761776149273
0.013732407242059708, 0.008860628120601177
0.018723879009485245, 0.011721670627593994
0.031238164752721786, 0.017191750928759575
0.02619294635951519, 0.01693539135158062
0.015973905101418495, 0.010548699647188187
0.02311454899609089, 0.02083508111536503
0.018622543662786484, 0.014611260034143925
0.020729679614305496, 0.01711152121424675
0.023267712444067, 0.016323886811733246
0.020153028890490532, 0.010973433963954449
0.02398490719497204, 0.018022814765572548
0.018054775893688202, 0.009270977228879929
0.018746841698884964, 0.015511331148445606
0.017349475994706154, 0.011475242674350739
0.02265246771275997, 0.015378273092210293
0.032763078808784485, 0.022102104499936104
0.03252372890710831, 0.020761877298355103
0.01647868938744068, 0.014072279445827007
0.009330147877335548, 0.00653719762340188
0.027633992955088615, 0.01685398444533348
0.020097753033041954, 0.013640359975397587
0.02636202983558178, 0.01575302705168724
0.021193932741880417, 0.011364561505615711
0.015514840371906757, 0.011748004704713821
0.01431766152381897, 0.012791904620826244
0.011896545067429543, 0.00874372385442257
0.015470844693481922, 0.00964172650128603
0.0181242935359478, 0.012802395969629288
0.022046830505132675, 0.010651543736457825
0.014208904467523098, 0.011553130112588406
0.021438300609588623, 0.012161116115748882
0.022983621805906296, 0.02277536503970623
0.018970463424921036, 0.01458386518061161
0.02416929230093956, 0.01886620931327343
0.024818552657961845, 0.010395990684628487
0.027401939034461975, 0.019139772281050682
0.031781360507011414, 0.015554029494524002
0.03041028417646885, 0.019671346992254257
0.02410193718969822, 0.019318919628858566
0.01975451223552227, 0.01578926108777523
0.019527994096279144, 0.016086935997009277
0.014364325441420078, 0.011201940476894379
0.02010802924633026, 0.014223403297364712
0.015529630705714226, 0.013613262213766575
0.02299860678613186, 0.014599132351577282
0.0228342916816473, 0.015424042008817196
0.017548942938447, 0.011783113703131676
0.02882429026067257, 0.018256787210702896
0.02590337209403515, 0.01602231338620186
0.018984293565154076, 0.01522508542984724
0.013273151591420174, 0.010163207538425922
0.026003355160355568, 0.02039598487317562
0.020311782136559486, 0.015070421621203423
0.019741306081414223, 0.019555268809199333
0.014558677561581135, 0.012686002999544144
0.01655818708240986, 0.015359126962721348
0.015821244567632675, 0.009262192994356155
0.021537352353334427, 0.012574568390846252
0.02617662400007248, 0.019647298380732536
0.02760808728635311, 0.015927111729979515
0.02127939648926258, 0.015130915679037571
0.02581142447888851, 0.018988417461514473
0.024446800351142883, 0.016369281336665154
0.0173446387052536, 0.011823351494967937
0.021798480302095413, 0.013228725641965866
0.02055814303457737, 0.019167441874742508
0.013763983733952045, 0.010452639311552048
0.02986089698970318, 0.022109098732471466
0.01632842980325222, 0.009289710782468319
0.019099367782473564, 0.012677149847149849
0.03176267445087433, 0.017905395478010178
0.03033684752881527, 0.021224115043878555
0.028691096231341362, 0.016468454152345657
0.0226565171033144, 0.012654160149395466
0.019175780937075615, 0.014346032403409481
0.019814714789390564, 0.01211878564208746
0.016548719257116318, 0.012326016090810299
0.028252754360437393, 0.022633936256170273
0.01438481267541647, 0.010610926896333694
0.024973871186375618, 0.016157783567905426
0.020177116617560387, 0.01733778603374958
0.020356079563498497, 0.011811118572950363
0.017352968454360962, 0.013168323785066605
0.02132570557296276, 0.014089814387261868
0.016317937523126602, 0.014043447561562061
0.014351523481309414, 0.012603195384144783
0.027968188747763634, 0.019237585365772247
0.020603207871317863, 0.013759637251496315
0.024528181180357933, 0.01336453203111887
0.026852505281567574, 0.014283069409430027
0.017042256891727448, 0.014556909911334515
0.023204151540994644, 0.014060848392546177
0.02495252899825573, 0.012614093720912933
0.020373372361063957, 0.016946731135249138
0.02491368167102337, 0.020080380141735077
0.03855793923139572, 0.025969112291932106
0.02887735702097416, 0.020091043785214424
0.023230114951729774, 0.017742957919836044
0.020576560869812965, 0.01659207046031952
0.02132468856871128, 0.015295886434614658
0.015037056989967823, 0.009094891138374805
0.030111346393823624, 0.017918283119797707
0.023606255650520325, 0.012194921262562275
0.019912468269467354, 0.014172104187309742
0.02674284763634205, 0.01768569089472294
0.015727318823337555, 0.010203314945101738
0.015508400276303291, 0.009749515913426876
0.016386577859520912, 0.010538528673350811
0.012799766846001148, 0.009033098816871643
0.014785836450755596, 0.01083738449960947
0.012846283614635468, 0.011065125465393066
0.02638814225792885, 0.019371597096323967
0.027044454589486122, 0.019695235416293144
0.02213633432984352, 0.013506883755326271
0.021069033071398735, 0.011069984175264835
0.020800508558750153, 0.01464097946882248
0.028791530057787895, 0.013935238122940063
0.01550119649618864, 0.019323954358696938
0.02119845151901245, 0.01690068282186985
0.019016632810235023, 0.011107688769698143
0.021497512236237526, 0.012033509090542793
0.018076881766319275, 0.010111243464052677
0.017690978944301605, 0.011112275533378124
0.020789187401533127, 0.011657988652586937
0.017469296231865883, 0.009523101150989532
0.01822722889482975, 0.011477162130177021
0.017494015395641327, 0.011115321889519691
0.018550682812929153, 0.013689105398952961
0.018759379163384438, 0.015236989594995975
0.019493984058499336, 0.016056105494499207
0.018003465607762337, 0.01330958679318428
0.022531801834702492, 0.013809558935463428
0.015275612473487854, 0.009286625310778618
0.020575376227498055, 0.012601940892636776
0.017566794529557228, 0.02014867402613163
0.014164320193231106, 0.012268127873539925
0.019491171464323997, 0.013265800662338734
0.01186461467295885, 0.007765653543174267
0.022678455337882042, 0.014692479744553566
0.02061045728623867, 0.012809752486646175
0.024063799530267715, 0.020351506769657135
0.029898835346102715, 0.020881259813904762
0.01899302378296852, 0.014566028490662575
0.018396681174635887, 0.0167718306183815
0.01609504222869873, 0.011693465523421764
0.020047325640916824, 0.012712775729596615
0.02192954160273075, 0.010129444301128387
0.015329645946621895, 0.014106751419603825
0.017614077776670456, 0.011247771792113781
0.02682017907500267, 0.012734764255583286
0.013790552504360676, 0.01190376840531826
0.02636934258043766, 0.01500020269304514
0.015226953662931919, 0.012398474849760532
0.013367069885134697, 0.008603513240814209
0.020649593323469162, 0.012348819524049759
0.020245874300599098, 0.014917969703674316
0.022727826610207558, 0.016403445973992348
0.01869247294962406, 0.014751364476978779
0.016393905505537987, 0.01539361197501421
0.01794314570724964, 0.013490400277078152
0.018979983404278755, 0.016047388315200806
0.023913631215691566, 0.018090398982167244
0.016721876338124275, 0.015686508268117905
0.023751994594931602, 0.013874157331883907
0.02006673999130726, 0.013734882697463036
0.016737233847379684, 0.012256260961294174
0.015912765637040138, 0.010693402029573917
0.020759064704179764, 0.014400896616280079
0.026224875822663307, 0.017027536407113075
0.0269142035394907, 0.02075619250535965
0.02239670418202877, 0.017672130838036537
0.021698275581002235, 0.014215255156159401
0.012194892391562462, 0.009527758695185184
0.02885102666914463, 0.017869330942630768
0.017452096566557884, 0.0162271149456501
0.009583297185599804, 0.007669647224247456
0.014553828164935112, 0.009442450478672981
0.02461763471364975, 0.014059631153941154
0.01765361614525318, 0.011159169487655163
0.019565708935260773, 0.01693996973335743
0.019515449181199074, 0.012371158227324486
0.02588130719959736, 0.019568126648664474
0.018823016434907913, 0.010578176937997341
0.019420692697167397, 0.013165672309696674
0.026412399485707283, 0.018959498032927513
0.02521670050919056, 0.018898991867899895
0.023930711671710014, 0.013797330670058727
0.024294694885611534, 0.012128767557442188
0.018332911655306816, 0.013961132615804672
0.025511331856250763, 0.016851088032126427
0.024585900828242302, 0.014003139920532703
0.015154878608882427, 0.012078211642801762
0.023496348410844803, 0.018384216353297234
0.02487115003168583, 0.016936980187892914
0.025042276829481125, 0.019176112487912178
0.01760110631585121, 0.015186639502644539
0.027522452175617218, 0.018376698717474937
0.024673178791999817, 0.017593074589967728
0.01865534856915474, 0.01531468890607357
0.019052058458328247, 0.012722086161375046
0.018176788464188576, 0.012631578370928764
0.01666993647813797, 0.011776173487305641
0.019751662388443947, 0.011999390088021755
0.023700745776295662, 0.014164629392325878
0.016840195283293724, 0.00870997179299593
0.01718279719352722, 0.009854136034846306
0.01531712245196104, 0.01361814048141241
0.020672405138611794, 0.014859561808407307
0.0140513451769948, 0.009948249906301498
0.02091863378882408, 0.013995913788676262
0.019784443080425262, 0.010803922079503536
0.021829143166542053, 0.01627514511346817
0.01587735489010811, 0.013544859364628792
0.02398230880498886, 0.012737466022372246
0.029308395460247993, 0.018705055117607117
0.02206984907388687, 0.013785312883555889
0.018169483169913292, 0.01537993922829628
0.022885898128151894, 0.01186978816986084
0.015437078662216663, 0.010764798149466515
0.02100248448550701, 0.01245923712849617
0.024587899446487427, 0.01620630919933319
0.022220492362976074, 0.019077284261584282
0.017518337815999985, 0.010153436101973057
0.020556053146719933, 0.010919127613306046
0.017088083550333977, 0.011620164848864079
0.016056645661592484, 0.01616426557302475
0.017267098650336266, 0.013733817264437675
0.03293426334857941, 0.020096993073821068
0.022083371877670288, 0.013879753649234772
0.03140126168727875, 0.021025696769356728
0.019511321559548378, 0.013125582598149776
0.01811910606920719, 0.015072762034833431
0.019143937155604362, 0.01645485684275627
0.019267013296484947, 0.013924804516136646
0.01958603411912918, 0.014200643636286259
0.016337940469384193, 0.012423563748598099
0.020185543224215508, 0.012229819782078266
0.013749822042882442, 0.011421985924243927
0.021185273304581642, 0.016003336757421494
0.026264682412147522, 0.0204990953207016
0.023313773795962334, 0.01817670464515686
0.019859248772263527, 0.013179306872189045
0.01438358798623085, 0.011153428815305233
0.018331335857510567, 0.012335596606135368
0.019283795729279518, 0.01410345733165741
0.0204237699508667, 0.012975761666893959
0.021192360669374466, 0.014170162379741669
0.011346886865794659, 0.009500154294073582
0.019578516483306885, 0.014973361045122147
0.017754485830664635, 0.015526197850704193
0.02006385661661625, 0.018856560811400414
0.020537713542580605, 0.011613204143941402
0.021923314779996872, 0.01465856283903122
0.014998672530055046, 0.011992418207228184
0.013964295387268066, 0.009726221673190594
0.017531128600239754, 0.013534676283597946
0.01632813550531864, 0.01238800585269928
0.015869267284870148, 0.014443949796259403
0.019188880920410156, 0.012700721621513367
0.024620408192276955, 0.01463317684829235
0.02332070842385292, 0.015762383118271828
0.023038648068904877, 0.012115382589399815
0.01752854324877262, 0.012883741408586502
0.01585862971842289, 0.01361139491200447
0.01594633422791958, 0.010210479609668255
0.02107173763215542, 0.01209175307303667
0.020136022940278053, 0.013471662998199463
0.013709841296076775, 0.01053014025092125
0.013631929643452168, 0.009997610934078693
0.020253535360097885, 0.01562795601785183
0.021406304091215134, 0.016069166362285614
0.017226658761501312, 0.011896713636815548
0.014015765860676765, 0.011109689250588417
0.017050886526703835, 0.010589576326310635
