mean, std
0.13416540622711182, 0.08133157342672348
0.06902540475130081, 0.03562664985656738
0.06257752329111099, 0.03826289251446724
0.08341142535209656, 0.06645368039608002
0.07780513167381287, 0.051154784858226776
0.1074778214097023, 0.06811872869729996
0.08306217938661575, 0.07302187383174896
0.0726718083024025, 0.04709698632359505
0.08390027284622192, 0.055383481085300446
0.09509364515542984, 0.06350943446159363
0.12470192462205887, 0.06054680421948433
0.16641442477703094, 0.07385315746068954
0.10864891111850739, 0.08066315948963165
0.05527060851454735, 0.03699116408824921
0.05339435115456581, 0.023948129266500473
0.04119385778903961, 0.018776388838887215
0.05091787129640579, 0.03109414502978325
0.032182708382606506, 0.017894282937049866
0.04595004394650459, 0.016071897000074387
0.03523028641939163, 0.020727219060063362
0.024997267872095108, 0.015732819214463234
0.03126172721385956, 0.01849806122481823
0.025932559743523598, 0.014987642876803875
0.02103159949183464, 0.010759331285953522
0.012154344469308853, 0.007660647854208946
0.012946287170052528, 0.007028599269688129
0.019193172454833984, 0.009461091831326485
0.015676071867346764, 0.008031472563743591
0.011955310590565205, 0.009936438873410225
0.011280612088739872, 0.004207779187709093
0.012992823496460915, 0.008301959373056889
0.0203679408878088, 0.015468854457139969
0.03163351118564606, 0.017156602814793587
0.022749032825231552, 0.011852053925395012
0.015433939173817635, 0.012745017185807228
0.019283374771475792, 0.011645613238215446
0.01892467401921749, 0.00989174097776413
0.011640830896794796, 0.0055807409808039665
0.01631404086947441, 0.010015484876930714
0.014480996876955032, 0.008654027245938778
0.027212677523493767, 0.010126198641955853
0.019199803471565247, 0.011002710089087486
0.013184105977416039, 0.008977271616458893
0.015925513580441475, 0.01045177225023508
0.014567087404429913, 0.01193299051374197
0.014021428301930428, 0.007894450798630714
0.011737443506717682, 0.007325219921767712
0.009122389368712902, 0.0039014206267893314
0.012078527361154556, 0.008085543289780617
0.0193968266248703, 0.010694094002246857
0.01413057092577219, 0.009045831859111786
0.010879158042371273, 0.0065107764676213264
0.013520627282559872, 0.007950262166559696
0.01599237509071827, 0.008929215371608734
0.018821096047759056, 0.011186324059963226
0.009753481484949589, 0.005253958515822887
0.011067689396440983, 0.00585494190454483
0.012399565428495407, 0.00744408555328846
0.02844192273914814, 0.01230343896895647
0.020983552560210228, 0.013736646622419357
0.017060445621609688, 0.009837171994149685
0.020692814141511917, 0.009783183224499226
0.010977345518767834, 0.005807362496852875
0.014066704548895359, 0.006705312058329582
0.01379495207220316, 0.007480952423065901
0.016377899795770645, 0.01040860079228878
0.025449829176068306, 0.017642971128225327
0.03397919610142708, 0.016700634732842445
0.01879212260246277, 0.009235632605850697
0.014583304524421692, 0.010042184963822365
0.014063754118978977, 0.007148833945393562
0.022246554493904114, 0.014166222885251045
0.011986351571977139, 0.007051347754895687
0.012186799198389053, 0.005912232678383589
0.013436038047075272, 0.007288156542927027
0.02367340959608555, 0.013323473744094372
0.02010897547006607, 0.009004929102957249
0.02007470838725567, 0.011962605640292168
0.015470415353775024, 0.010411713272333145
0.010542950592935085, 0.0046630739234387875
0.009185591712594032, 0.005024600774049759
0.023918969556689262, 0.01058897189795971
0.014741146005690098, 0.005261292215436697
0.013491533696651459, 0.008073357865214348
0.011570626869797707, 0.008027007803320885
0.02249259687960148, 0.011306875385344028
0.01813688315451145, 0.008802156895399094
0.01223902776837349, 0.007099289447069168
0.015959342941641808, 0.0072893486358225346
0.022976279258728027, 0.013579174876213074
0.016943274065852165, 0.008958814665675163
0.023803571239113808, 0.010762406513094902
0.011938412673771381, 0.0071520428173244
0.010257131420075893, 0.005024207290261984
0.011364616453647614, 0.006312920246273279
0.018507657572627068, 0.009857416152954102
0.014872593805193901, 0.009999808855354786
0.01766245625913143, 0.006427958607673645
0.011203736998140812, 0.0040166908875107765
0.012031187303364277, 0.008063778281211853
0.014559505507349968, 0.008857584558427334
0.01242855191230774, 0.006550105754286051
0.02032848261296749, 0.011991530656814575
0.022269584238529205, 0.010519149713218212
0.025546157732605934, 0.012858456000685692
0.026722600683569908, 0.015117686241865158
0.022031713277101517, 0.012370229698717594
0.020388133823871613, 0.011101959273219109
0.012810924090445042, 0.006956019904464483
0.014657997526228428, 0.007787622045725584
0.009180834516882896, 0.003248459193855524
0.017111439257860184, 0.01081694383174181
0.012405198998749256, 0.006550805643200874
0.02150728926062584, 0.013410935178399086
0.014669343829154968, 0.008735841140151024
0.010954789817333221, 0.0069594173692166805
0.01394799817353487, 0.006826549768447876
0.021619440987706184, 0.012257344089448452
0.01667492277920246, 0.00943920947611332
0.018503038212656975, 0.010875851847231388
0.022059092298150063, 0.013133326545357704
0.02511480264365673, 0.014243348501622677
0.013457690365612507, 0.00861769076436758
0.008955624885857105, 0.004271228332072496
0.009368068538606167, 0.004919782746583223
0.0191999152302742, 0.008415835909545422
0.01239151880145073, 0.007304531522095203
0.015576466917991638, 0.0066445814445614815
0.013359609991312027, 0.007246638648211956
0.016438312828540802, 0.008582871407270432
0.021337971091270447, 0.010902401059865952
0.014229276217520237, 0.008737679570913315
0.016032041981816292, 0.008605179376900196
0.014583027921617031, 0.008800260722637177
0.008698978461325169, 0.0047492836602032185
0.011166589334607124, 0.004316108301281929
0.010812615044414997, 0.00554359145462513
0.013075698167085648, 0.008574008010327816
0.011198228225111961, 0.004816912580281496
0.01449202373623848, 0.00570394704118371
0.009203697554767132, 0.0036044407170265913
0.009067341685295105, 0.003760667983442545
0.011291179805994034, 0.009370038285851479
0.017306189984083176, 0.00886624213308096
0.021746819838881493, 0.00971160363405943
0.014981402084231377, 0.00889124721288681
0.017119044438004494, 0.008275439962744713
0.01670614257454872, 0.011065407656133175
0.010027346201241016, 0.007169283460825682
0.016232725232839584, 0.009798484854400158
0.011269559152424335, 0.0059199221432209015
0.021204272285103798, 0.010874347761273384
0.00989244319498539, 0.005448482930660248
0.007719193119555712, 0.0024115650448948145
0.010653533041477203, 0.005851930472999811
0.01995217427611351, 0.012924016453325748
0.015093637630343437, 0.005683472845703363
0.010032068938016891, 0.004749215207993984
0.012329209595918655, 0.005892003420740366
0.013007580302655697, 0.008436713367700577
0.012967785820364952, 0.005826935637742281
0.014406857080757618, 0.007409853860735893
0.018762927502393723, 0.008750403299927711
0.019342558458447456, 0.010023875162005424
0.019493021070957184, 0.009908651001751423
0.03013973869383335, 0.013388564810156822
0.014944110997021198, 0.00650148605927825
0.012652543373405933, 0.005573345348238945
0.011352824978530407, 0.00666978070512414
0.023746902123093605, 0.011466413736343384
0.01666184701025486, 0.006776702124625444
0.013726187869906425, 0.008528022095561028
0.013738956302404404, 0.008364149369299412
0.012421826831996441, 0.004649118985980749
0.0116471778601408, 0.0050469450652599335
0.016350403428077698, 0.007111154496669769
0.02206224761903286, 0.009319737553596497
0.025622965767979622, 0.013244250789284706
0.017388787120580673, 0.006656161975115538
0.019985724240541458, 0.010795150883495808
0.01618313044309616, 0.007019085809588432
0.012670834548771381, 0.005784598644822836
0.017139965668320656, 0.006661927327513695
0.022754166275262833, 0.008809204213321209
0.013462821021676064, 0.004282739944756031
0.01193135604262352, 0.004932939540594816
0.014171821065247059, 0.006346074398607016
0.01502594817429781, 0.008075726218521595
0.022827988490462303, 0.010385386645793915
0.012067806906998158, 0.004319339524954557
0.015549729578197002, 0.005302994512021542
0.019735578447580338, 0.007629746105521917
0.02426397241652012, 0.00928476545959711
0.02239660546183586, 0.010513728484511375
0.015820762142539024, 0.01029785256832838
0.015306008979678154, 0.007391692604869604
0.01990109123289585, 0.01075661089271307
0.023156635463237762, 0.009175548329949379
0.02071962133049965, 0.008890903554856777
0.020314764231443405, 0.009724141098558903
0.022464662790298462, 0.007150815799832344
0.020904166623950005, 0.008025333285331726
0.015731200575828552, 0.0063428329303860664
0.02498268149793148, 0.010179472155869007
0.023089148104190826, 0.00999809056520462
0.025620954111218452, 0.009373946115374565
0.019335288554430008, 0.008030292578041553
0.01809450052678585, 0.008825447410345078
0.025054102763533592, 0.008090277202427387
0.02182585932314396, 0.00904053170233965
0.025798123329877853, 0.011356149800121784
0.02736074849963188, 0.008632735349237919
0.03303893283009529, 0.013839531689882278
0.0254194475710392, 0.0104775195941329
0.02671068347990513, 0.012272036634385586
0.027090027928352356, 0.011998588219285011
0.027576157823204994, 0.014910049736499786
0.03188404068350792, 0.015225372277200222
0.03555430844426155, 0.013951987028121948
0.025230268016457558, 0.012779677286744118
0.03352447599172592, 0.0117265610024333
0.029852284118533134, 0.010951230302453041
0.030794557183980942, 0.017894145101308823
0.029277928173542023, 0.015968965366482735
0.026687463745474815, 0.014298663474619389
0.024841615930199623, 0.015538672916591167
0.03532254323363304, 0.014362601563334465
0.037550367414951324, 0.018778139725327492
0.03389598801732063, 0.017057839781045914
0.02927904762327671, 0.013927102088928223
0.028042061254382133, 0.015249688178300858
0.0304753128439188, 0.010607397183775902
0.02772999182343483, 0.0129868658259511
0.021938297897577286, 0.006433351896703243
0.031576789915561676, 0.012204155325889587
0.03716011345386505, 0.018610434606671333
0.03193837031722069, 0.01374740432947874
0.026700982823967934, 0.011029394343495369
0.029870113357901573, 0.014292081817984581
0.03203843906521797, 0.014692544005811214
0.03355342149734497, 0.014038299210369587
0.02362062968313694, 0.00911522563546896
0.0287359319627285, 0.013204335235059261
0.02764054760336876, 0.007101941853761673
0.024947818368673325, 0.014982594177126884
0.03125179558992386, 0.013061612844467163
0.02871367707848549, 0.014989325776696205
0.029506782069802284, 0.01303069107234478
0.04547125846147537, 0.017161518335342407
0.03137526661157608, 0.014054986648261547
0.03018149361014366, 0.021376417949795723
0.03077380172908306, 0.012688630260527134
0.027495549991726875, 0.010352830402553082
0.035740695893764496, 0.01196941826492548
0.03476715460419655, 0.012576805427670479
0.03438340872526169, 0.022872325032949448
0.031876541674137115, 0.021068692207336426
0.036661162972450256, 0.01733304001390934
0.03173144534230232, 0.016514385119080544
0.029550466686487198, 0.011390904895961285
0.028948187828063965, 0.012438381090760231
0.03282908350229263, 0.018158087506890297
0.033779844641685486, 0.014586182311177254
0.03633810579776764, 0.016608430072665215
0.03027941845357418, 0.01773441582918167
0.03316716104745865, 0.01733233779668808
0.028351731598377228, 0.01544165425002575
0.03550693765282631, 0.013301430270075798
0.03450729325413704, 0.020669985562562943
0.029982993379235268, 0.011653244495391846
0.035140324383974075, 0.014723819680511951
0.03840896114706993, 0.016933705657720566
0.03506588935852051, 0.015189646743237972
0.040302105247974396, 0.02268064022064209
0.038499537855386734, 0.017398446798324585
0.03658441826701164, 0.014258733950555325
0.03950922191143036, 0.014086473733186722
0.0339747853577137, 0.014438606798648834
0.03558818995952606, 0.014498068019747734
0.029187841340899467, 0.011676129885017872
0.034396808594465256, 0.019408565014600754
0.03959520161151886, 0.021334735676646233
0.0414370521903038, 0.013652297668159008
0.035689860582351685, 0.015913819894194603
0.03397827222943306, 0.014107082970440388
0.028986824676394463, 0.011751778423786163
0.028265347704291344, 0.013965576887130737
0.040406882762908936, 0.021589389070868492
0.04436499997973442, 0.019559752196073532
0.03662924841046333, 0.014510247856378555
0.02875080704689026, 0.010011302307248116
0.032350681722164154, 0.01794012449681759
0.03607742115855217, 0.023553859442472458
0.043116990476846695, 0.018252883106470108
0.03134879097342491, 0.011256774887442589
0.03785819932818413, 0.016412699595093727
0.03688345476984978, 0.013318884186446667
0.036798324435949326, 0.02094128541648388
0.03484531491994858, 0.012266450561583042
0.035847242921590805, 0.021788429468870163
0.03888162598013878, 0.019567841663956642
0.04025613144040108, 0.02001768723130226
0.042776212096214294, 0.02330348640680313
0.04272373020648956, 0.02137213572859764
0.03871084004640579, 0.01673942431807518
0.03241904079914093, 0.017657943069934845
0.03289161995053291, 0.011559903621673584
0.04207061603665352, 0.019724473357200623
0.035942867398262024, 0.017232364043593407
0.041083503514528275, 0.014987615868449211
0.04505937546491623, 0.020140284672379494
0.039778366684913635, 0.017137521877884865
0.035105813294649124, 0.02263636700809002
0.028648413717746735, 0.012964601628482342
0.044957179576158524, 0.03014562278985977
0.04446214437484741, 0.020182395353913307
0.04031219333410263, 0.01577404886484146
0.035899773240089417, 0.015136189758777618
0.04149698093533516, 0.019343316555023193
0.03774473816156387, 0.014838414266705513
0.03719080239534378, 0.019357405602931976
0.03884484991431236, 0.0209418423473835
0.04814137518405914, 0.01802285760641098
0.04121679067611694, 0.01851014979183674
0.04351900517940521, 0.013407347723841667
0.034103281795978546, 0.01341936830431223
0.03408228978514671, 0.01596967689692974
0.044604070484638214, 0.0178415235131979
0.05359010398387909, 0.02069302648305893
0.04107506945729256, 0.020040780305862427
0.03868196904659271, 0.01808173581957817
0.0374615378677845, 0.015551025047898293
0.037783145904541016, 0.02066846564412117
0.03372230753302574, 0.01686011627316475
0.04461224004626274, 0.01569032296538353
0.03296307101845741, 0.01736406423151493
0.04352746158838272, 0.020112385973334312
0.040433306246995926, 0.01965850591659546
0.04631210118532181, 0.023448443040251732
0.041311636567115784, 0.018678762018680573
0.043252695351839066, 0.016609229147434235
0.04036276414990425, 0.020174572244286537
0.03645939752459526, 0.018812498077750206
0.048795126378536224, 0.017898445948958397
0.04862621799111366, 0.019888874143362045
0.05378231778740883, 0.024509243667125702
0.04526227340102196, 0.026389295235276222
0.04691058397293091, 0.016194021329283714
0.03653823211789131, 0.016422884538769722
0.04362042248249054, 0.0208255834877491
0.05177531763911247, 0.01622590236365795
0.04052033647894859, 0.01807825081050396
0.05580966919660568, 0.02698618173599243
0.04802649840712547, 0.020500125363469124
0.05043068155646324, 0.018925847485661507
0.05675668269395828, 0.03042149730026722
0.04858158528804779, 0.018921589478850365
0.0531155951321125, 0.022859247401356697
0.05973253771662712, 0.03114868514239788
0.06322653591632843, 0.033663053065538406
0.05621055141091347, 0.027252910658717155
0.0688047781586647, 0.024402732029557228
0.0735752284526825, 0.028932102024555206
0.05332352593541145, 0.02627445198595524
0.05360078811645508, 0.021618729457259178
0.050566691905260086, 0.02671246975660324
0.06258989870548248, 0.0272535290569067
0.052374303340911865, 0.025478558614850044
0.05380617454648018, 0.02691614255309105
0.08182031661272049, 0.03994729369878769
0.056721772998571396, 0.02635624073445797
0.06346000730991364, 0.0293778907507658
0.06367085129022598, 0.03050442971289158
0.0676744133234024, 0.03167850524187088
0.057653799653053284, 0.016521787270903587
0.06823889166116714, 0.0468565970659256
0.05735452473163605, 0.020748727023601532
0.06019097566604614, 0.027541743591427803
0.06326955556869507, 0.029381634667515755
0.06015559658408165, 0.02475312165915966
0.07599334418773651, 0.042525120079517365
0.06434885412454605, 0.017395751550793648
0.08668123930692673, 0.04605169966816902
0.07395002990961075, 0.03495233133435249
0.07659544795751572, 0.03297131508588791
0.07210016995668411, 0.02295813523232937
0.05781508982181549, 0.022607555612921715
0.08362163603305817, 0.04602869227528572
0.07804062962532043, 0.025138847529888153
0.07247046381235123, 0.020820017904043198
0.06904741376638412, 0.023005232214927673
0.06493838876485825, 0.024196777492761612
0.06713156402111053, 0.021719150245189667
0.09239617735147476, 0.05891804397106171
0.07538125663995743, 0.02879953756928444
0.06895845383405685, 0.04333193227648735
0.08305574953556061, 0.039992429316043854
0.09712556004524231, 0.04304669052362442
0.07275158911943436, 0.04113469272851944
0.11076228320598602, 0.053332939743995667
0.07681277394294739, 0.03028944507241249
0.07691609114408493, 0.040775883942842484
0.06127944961190224, 0.03367847204208374
0.07182353734970093, 0.042057186365127563
0.09589166194200516, 0.040668100118637085
0.07682998478412628, 0.0363522432744503
0.07442627847194672, 0.023740846663713455
0.09635626524686813, 0.036163270473480225
0.05699360370635986, 0.028489846736192703
0.06970483064651489, 0.03308391943573952
0.08325039595365524, 0.0375649631023407
0.06491469591856003, 0.027820857241749763
0.07123168557882309, 0.03236047551035881
0.05388425290584564, 0.020613649860024452
0.06745979934930801, 0.02071562595665455
0.06940960139036179, 0.045625604689121246
0.07639286667108536, 0.045831914991140366
0.07555723190307617, 0.03566497564315796
0.07193480432033539, 0.029526596888899803
0.0916610062122345, 0.03951774165034294
0.07835335284471512, 0.024661656469106674
0.08466427028179169, 0.04511513188481331
0.0830402597784996, 0.043509893119335175
0.07948318123817444, 0.03696120157837868
0.08448817580938339, 0.038487792015075684
0.1012757197022438, 0.05546700954437256
0.07644819468259811, 0.03290366753935814
0.06991313397884369, 0.03424545004963875
0.06856752932071686, 0.03000561334192753
0.07096079736948013, 0.024738185107707977
0.08794257044792175, 0.03908885270357132
0.09788001328706741, 0.048532843589782715
0.09494910389184952, 0.026577619835734367
0.1068253368139267, 0.0558084174990654
0.08502603322267532, 0.0650777667760849
0.12411083281040192, 0.07410164177417755
0.08475876599550247, 0.051553789526224136
0.09205956012010574, 0.04860074818134308
0.09746340662240982, 0.07109836488962173
0.09202174097299576, 0.049853283911943436
0.08086080104112625, 0.02900850772857666
0.08101456612348557, 0.05120997875928879
0.08796437084674835, 0.06396463513374329
0.08933939039707184, 0.040842149406671524
0.1206808090209961, 0.10086635500192642
0.08178970217704773, 0.03939006105065346
0.09504009038209915, 0.05390302464365959
0.0885515809059143, 0.03183496743440628
0.08328766375780106, 0.04452190548181534
0.09184771031141281, 0.058156803250312805
0.09030405431985855, 0.04380016773939133
0.0821785032749176, 0.04320495203137398
0.08026693016290665, 0.044857218861579895
0.10330048948526382, 0.049758799374103546
0.09768234938383102, 0.053063590079545975
0.0982755720615387, 0.047869183123111725
0.1134616956114769, 0.087628073990345
0.10689952969551086, 0.059287119656801224
0.08997974544763565, 0.042831189930438995
0.0950152799487114, 0.04919065535068512
0.09684769809246063, 0.07179587334394455
0.08828826248645782, 0.053869765251874924
0.09394191950559616, 0.048752740025520325
0.11237862706184387, 0.055369019508361816
0.10812404006719589, 0.054028723388910294
0.09338108450174332, 0.06949460506439209
0.10759687423706055, 0.05869041383266449
0.08401106297969818, 0.05040068179368973
0.09650140255689621, 0.056450773030519485
0.08849690109491348, 0.04577566683292389
0.0775071531534195, 0.04939775913953781
0.08758086711168289, 0.0561581514775753
0.10568830370903015, 0.06970064342021942
0.09112979471683502, 0.05333993211388588
0.09315628558397293, 0.03842424228787422
0.13200527429580688, 0.10295030474662781
0.0954475849866867, 0.06326842308044434
0.09625963121652603, 0.052683375775814056
0.08791321516036987, 0.04484203830361366
0.11044446378946304, 0.08906500786542892
0.1011403501033783, 0.04128996282815933
0.10684820264577866, 0.06866701692342758
0.10858067870140076, 0.05977043882012367
0.09916264563798904, 0.04885871335864067
0.09470895677804947, 0.045751653611660004
0.10257246345281601, 0.06254928559064865
0.0946887880563736, 0.0479462668299675
0.08761414140462875, 0.04689909890294075
0.09553191810846329, 0.047616105526685715
0.10949049890041351, 0.060576338320970535
0.11293276399374008, 0.06505459547042847
0.0840485543012619, 0.0557454414665699
0.09000851213932037, 0.053278848528862
0.13030365109443665, 0.08440886437892914
0.11361440271139145, 0.05227695778012276
0.0944889634847641, 0.032359566539525986
0.08920245617628098, 0.03628421947360039
0.12214718014001846, 0.06946495920419693
0.09480929374694824, 0.054075583815574646
0.10474143177270889, 0.06205717474222183
0.0788133442401886, 0.029373764991760254
0.12292758375406265, 0.05048513785004616
0.09888127446174622, 0.06532157957553864
0.13311584293842316, 0.08869653195142746
0.1361965388059616, 0.08097098022699356
0.08589291572570801, 0.03313348814845085
0.09925846010446548, 0.06879913806915283
0.12214326858520508, 0.0785781666636467
0.1250172257423401, 0.05397241562604904
0.10362961888313293, 0.06590387225151062
0.08530168235301971, 0.035328615456819534
0.1031147912144661, 0.061710335314273834
0.09962339699268341, 0.06297452747821808
0.11487575620412827, 0.06764630973339081
0.09487764537334442, 0.05876650661230087
0.08981397747993469, 0.04902569204568863
0.09075900912284851, 0.055945415049791336
0.09505949169397354, 0.059273045510053635
0.09204858541488647, 0.04568727687001228
0.09476890414953232, 0.05254862830042839
0.07114950567483902, 0.042640965431928635
0.08308164775371552, 0.04804544895887375
0.08499618619680405, 0.053632330149412155
0.09952635318040848, 0.04726455733180046
0.08230005204677582, 0.050513677299022675
0.09289345890283585, 0.060635313391685486
0.09159716218709946, 0.0407811738550663
0.09330817312002182, 0.06181664764881134
0.11483851075172424, 0.06825879961252213
0.10269318521022797, 0.06848660856485367
0.08624959737062454, 0.039285942912101746
0.1045767292380333, 0.04896991327404976
0.09580385684967041, 0.05315994843840599
0.07847637683153152, 0.035331204533576965
0.09970418363809586, 0.059540409594774246
0.10005959123373032, 0.04939970374107361
0.09059663116931915, 0.04624086245894432
0.09444155544042587, 0.11000291258096695
0.10291531682014465, 0.07472541183233261
0.09138543903827667, 0.04482343792915344
0.09957228600978851, 0.053235508501529694
0.08387214690446854, 0.04081573709845543
0.10115436464548111, 0.053415145725011826
0.0886172354221344, 0.049498870968818665
0.10595431923866272, 0.05913126841187477
0.10487145930528641, 0.06079405918717384
0.10960821062326431, 0.05736403912305832
0.10047604888677597, 0.056292079389095306
0.12140178680419922, 0.07753841578960419
0.092495396733284, 0.041507456451654434
0.10474453866481781, 0.060538116842508316
0.09955356270074844, 0.043050218373537064
0.11994731426239014, 0.04956243187189102
0.0918937548995018, 0.060257717967033386
0.10199172049760818, 0.04500506818294525
0.08748891204595566, 0.03811699151992798
0.0941912829875946, 0.051093872636556625
0.09846470504999161, 0.08218450099229813
0.09459395706653595, 0.05911707878112793
0.09353586286306381, 0.07441097497940063
0.11743002384901047, 0.0753164142370224
0.0884048119187355, 0.06074094399809837
0.10462760180234909, 0.04876091331243515
0.09434336423873901, 0.04829820245504379
0.11208879947662354, 0.078255794942379
0.11004618555307388, 0.028128832578659058
0.10577987134456635, 0.07165130227804184
0.10246547311544418, 0.0682249441742897
0.10870493948459625, 0.07596195489168167
0.09212659299373627, 0.07566287368535995
0.09107472002506256, 0.04343615099787712
0.09304504096508026, 0.07005132734775543
0.103099025785923, 0.06903759390115738
0.10994046926498413, 0.06242164224386215
0.09493937343358994, 0.043861959129571915
0.09333699196577072, 0.06073756888508797
0.10812736302614212, 0.06745325773954391
0.09143024682998657, 0.06708414107561111
0.10885007679462433, 0.06276403367519379
0.09709716588258743, 0.05284755676984787
0.08716493099927902, 0.05340826138854027
0.09252246469259262, 0.05302637815475464
0.0959189385175705, 0.06357429176568985
0.09265095740556717, 0.06132156029343605
0.10940717160701752, 0.06733844429254532
0.11444054543972015, 0.054334912449121475
0.11266031861305237, 0.07077591866254807
0.10351841151714325, 0.06338071078062057
0.10432785749435425, 0.05186980217695236
0.1328250616788864, 0.11485210061073303
0.13620829582214355, 0.11866048723459244
0.1218247264623642, 0.06075458228588104
0.12980765104293823, 0.07620146125555038
0.10162421315908432, 0.051223449409008026
0.11297321319580078, 0.047865431755781174
0.12586016952991486, 0.10829851031303406
0.10667187720537186, 0.05476043373346329
0.109952911734581, 0.07169535011053085
0.08947271853685379, 0.06311953812837601
0.10085652023553848, 0.05803217366337776
0.10136622935533524, 0.07121308147907257
0.10560700297355652, 0.06451600044965744
0.10213100165128708, 0.05849093943834305
0.08894433826208115, 0.05284986272454262
0.09856896102428436, 0.06569094210863113
0.11140593141317368, 0.07529085129499435
0.12824685871601105, 0.07910856604576111
0.09740008413791656, 0.049493785947561264
0.1105111688375473, 0.07221747189760208
0.10386283695697784, 0.058132294565439224
0.11350701749324799, 0.08272404223680496
0.11701072752475739, 0.09237878769636154
0.10968302935361862, 0.06651703268289566
0.09420217573642731, 0.05406169965863228
0.11671433597803116, 0.045262403786182404
0.08664269000291824, 0.052664536982774734
0.09833434969186783, 0.07491711527109146
0.09666214138269424, 0.05141096189618111
0.09096977114677429, 0.05467818304896355
0.08656338602304459, 0.06020480766892433
0.08190931379795074, 0.04503506049513817
0.11560443043708801, 0.06419574469327927
0.11923127621412277, 0.06284678727388382
0.12380153685808182, 0.06763020157814026
0.08762980997562408, 0.04941469430923462
0.08302012085914612, 0.061174459755420685
0.11160241067409515, 0.057929858565330505
0.08851567655801773, 0.05866372957825661
0.10969123989343643, 0.08487711101770401
0.11133921146392822, 0.06552784144878387
0.1104605570435524, 0.070327028632164
0.09319516271352768, 0.06166810542345047
0.095014788210392, 0.046917032450437546
0.08489535748958588, 0.044471003115177155
0.10771302133798599, 0.04752429202198982
0.11952323466539383, 0.10017768293619156
0.10388720035552979, 0.05592940375208855
0.10188944637775421, 0.07506623864173889
0.11074844747781754, 0.05654088780283928
0.07561907917261124, 0.04235347360372543
0.10548429936170578, 0.05423353239893913
0.10478554666042328, 0.06892119348049164
0.12243042886257172, 0.09747404605150223
0.08360927551984787, 0.045749321579933167
0.11302059143781662, 0.0827460065484047
0.07910492271184921, 0.03851065784692764
0.10012028366327286, 0.05067764222621918
0.11147897690534592, 0.06038517877459526
0.1035904586315155, 0.06712589412927628
0.1005450040102005, 0.04944518208503723
0.11328385770320892, 0.06797309964895248
0.09038522839546204, 0.0416756272315979
0.0947028324007988, 0.04270005598664284
0.08927679061889648, 0.05820422247052193
0.1008044108748436, 0.06919120252132416
0.09477938711643219, 0.05188446864485741
0.09178970009088516, 0.06485205143690109
0.1062219962477684, 0.06539496034383774
0.11869030445814133, 0.08061247318983078
0.10819115489721298, 0.07067935913801193
0.10775770246982574, 0.05875955522060394
0.09105793386697769, 0.043871574103832245
0.09296289831399918, 0.047284189611673355
0.07890975475311279, 0.04987451806664467
0.128280907869339, 0.05899956449866295
0.09640979766845703, 0.05321352183818817
0.10844049602746964, 0.07062787562608719
0.10893300175666809, 0.05477587506175041
0.10699018090963364, 0.06557188183069229
0.13500410318374634, 0.10190573334693909
0.09791406989097595, 0.07931306958198547
0.0926857590675354, 0.04021491855382919
0.10143862664699554, 0.05991778150200844
0.10981285572052002, 0.06608372181653976
0.09005383402109146, 0.04920482262969017
0.09864471852779388, 0.07067219913005829
0.07947687059640884, 0.04034446179866791
0.09006134420633316, 0.03853233531117439
0.10349643975496292, 0.057183217257261276
0.10847412049770355, 0.0695086419582367
0.11265533417463303, 0.08141318708658218
0.10415831953287125, 0.05935915559530258
0.10710824280977249, 0.08876669406890869
0.11160475760698318, 0.05217709019780159
0.10271262377500534, 0.07444825023412704
0.1011887863278389, 0.043081291019916534
0.09906317293643951, 0.051777053624391556
0.1018337681889534, 0.03772922232747078
0.10805511474609375, 0.05519644916057587
0.09827829152345657, 0.0525062121450901
0.09000352770090103, 0.026901135221123695
0.11480773985385895, 0.05927060917019844
0.11208510398864746, 0.07866042107343674
0.10525007545948029, 0.05814938619732857
0.10781936347484589, 0.06401129066944122
0.09946240484714508, 0.05072605237364769
0.09532352536916733, 0.04946926236152649
0.11319861561059952, 0.08713990449905396
0.09773661196231842, 0.05320170894265175
0.10780896246433258, 0.0667845755815506
0.10161595046520233, 0.036187153309583664
0.10611791163682938, 0.06863176077604294
0.12032260000705719, 0.06165183335542679
0.09178214520215988, 0.04654128476977348
0.09716407209634781, 0.055646080523729324
0.08828861266374588, 0.05036842077970505
0.13088162243366241, 0.11655676364898682
0.10423509776592255, 0.05139723792672157
0.09092676639556885, 0.0569528192281723
0.08794942498207092, 0.046449217945337296
0.0926022157073021, 0.049452170729637146
0.09757629781961441, 0.052183013409376144
0.10520793497562408, 0.0656154453754425
0.10828372091054916, 0.057697709649801254
0.11283142119646072, 0.06669099628925323
0.13279494643211365, 0.08142173290252686
0.11403220146894455, 0.07794412225484848
0.08555702120065689, 0.0516105554997921
0.0915181040763855, 0.041081640869379044
0.11256909370422363, 0.07114237546920776
0.1144266128540039, 0.060593243688344955
0.1049562320113182, 0.04764753580093384
0.12125815451145172, 0.0892484039068222
0.093763567507267, 0.05513869598507881
0.11900390684604645, 0.07660303264856339
0.11597803235054016, 0.03449621796607971
0.09755296260118484, 0.06355388462543488
0.10443100333213806, 0.05481412261724472
0.09704449772834778, 0.05648881196975708
0.09954497218132019, 0.05516554415225983
0.09003612399101257, 0.05984082818031311
0.12259379029273987, 0.09469664841890335
0.11011301726102829, 0.06675415486097336
0.11494963616132736, 0.06603800505399704
0.10161633789539337, 0.06963682919740677
0.10667017102241516, 0.0689212754368782
0.12658843398094177, 0.11584518104791641
0.0911007821559906, 0.04219627007842064
0.09200962632894516, 0.0701015368103981
0.08224412798881531, 0.04158947244286537
0.09395628422498703, 0.06535704433917999
0.08970475941896439, 0.057796016335487366
0.09186557680368423, 0.06194227561354637
0.11283402889966965, 0.0770529955625534
0.09322045743465424, 0.0624830387532711
0.11163069307804108, 0.057577215135097504
0.09495425224304199, 0.055844809859991074
0.1042676642537117, 0.05520528927445412
0.08862806111574173, 0.07403752952814102
0.10106375813484192, 0.0641186311841011
0.0817672461271286, 0.04193374887108803
0.10044226050376892, 0.07910194247961044
0.10410948842763901, 0.07162974774837494
0.0826989933848381, 0.03597499057650566
0.1025775671005249, 0.04536499083042145
0.0963352769613266, 0.07161703705787659
0.10091671347618103, 0.05642302334308624
0.10655946284532547, 0.057056061923503876
0.11881470680236816, 0.07444087415933609
0.08554740995168686, 0.042167190462350845
0.09151392430067062, 0.059960830956697464
0.08918172121047974, 0.039203111082315445
0.1018969789147377, 0.050725676119327545
0.10247040539979935, 0.048828527331352234
0.10106533020734787, 0.049888886511325836
0.09925547987222672, 0.051053956151008606
0.11964046955108643, 0.051672760397195816
0.11360678821802139, 0.043137580156326294
0.08965913206338882, 0.052455391734838486
0.08175147324800491, 0.04748093709349632
0.0874786451458931, 0.04189188405871391
0.08952564001083374, 0.061202384531497955
0.10113602876663208, 0.052557364106178284
0.10506089776754379, 0.059058550745248795
0.1223965734243393, 0.06959284842014313
0.0850600153207779, 0.03211364895105362
0.10217863321304321, 0.06127878651022911
0.08818612992763519, 0.04910097271203995
0.09303664416074753, 0.038601670414209366
0.08838358521461487, 0.05302952975034714
0.09912191331386566, 0.04859185591340065
0.10249905288219452, 0.0475793182849884
0.08296368271112442, 0.05415254086256027
0.08657589554786682, 0.03405452519655228
0.10352198034524918, 0.05819816142320633
0.09322604537010193, 0.0543581061065197
0.09908774495124817, 0.05244968459010124
0.07957230508327484, 0.03131985664367676
0.08817260712385178, 0.05720356106758118
0.09385689347982407, 0.04622427374124527
0.08568660914897919, 0.03946680948138237
0.12083741277456284, 0.07757633179426193
0.10615114867687225, 0.050980810075998306
0.09342306107282639, 0.06798380613327026
0.08695093542337418, 0.04284171760082245
0.10510990023612976, 0.06959856301546097
0.09649118781089783, 0.03798941895365715
0.10289465636014938, 0.04257609322667122
0.0886845737695694, 0.06276383250951767
0.08960051834583282, 0.047157712280750275
0.10677941143512726, 0.051261257380247116
0.08094354718923569, 0.04106243699789047
0.09822658449411392, 0.0698581114411354
0.08686985075473785, 0.046087563037872314
0.08045171201229095, 0.040948204696178436
0.12741558253765106, 0.08153245598077774
0.09053079038858414, 0.044436920434236526
0.09234781563282013, 0.03620252385735512
0.08077013492584229, 0.07175809890031815
0.10831627249717712, 0.0792594850063324
0.08643132448196411, 0.03690244257450104
0.10247470438480377, 0.0796576663851738
0.08195482194423676, 0.0484091080725193
0.10792092978954315, 0.05925251916050911
0.10382799059152603, 0.05779096111655235
0.10315196961164474, 0.0479772612452507
0.08784797787666321, 0.04735180735588074
0.09662376344203949, 0.06392400711774826
0.11442579329013824, 0.07398912310600281
0.08884093165397644, 0.04863840714097023
0.08735755831003189, 0.05589453876018524
0.09199503809213638, 0.047174885869026184
0.08509968221187592, 0.028317740187048912
0.07854173332452774, 0.04490062966942787
0.10453707724809647, 0.05708060786128044
0.08963314443826675, 0.051310691982507706
0.0770459771156311, 0.051998548209667206
0.10347814112901688, 0.06520391255617142
0.0897718220949173, 0.05010256916284561
0.12396828085184097, 0.07352964580059052
0.1053725928068161, 0.05788804590702057
0.10316172242164612, 0.06644341349601746
0.0964791551232338, 0.050282709300518036
0.12018721550703049, 0.06207199767231941
0.09828253835439682, 0.053328052163124084
0.08211025595664978, 0.03888358175754547
0.10330498218536377, 0.04542861878871918
0.07828383147716522, 0.03418133780360222
0.09210310131311417, 0.03669443726539612
0.08896847069263458, 0.04455402493476868
0.10947034507989883, 0.0699431300163269
0.09466874599456787, 0.05204623565077782
0.09123192727565765, 0.04509209841489792
0.09950746595859528, 0.04469046741724014
0.08877463638782501, 0.04188162088394165
0.10500608384609222, 0.048046812415122986
0.09679105132818222, 0.051298629492521286
0.09332707524299622, 0.04352058470249176
0.09464438259601593, 0.04210902005434036
0.07813946157693863, 0.0416976697742939
0.09109055250883102, 0.04278070479631424
0.095572330057621, 0.10240203142166138
0.08237093687057495, 0.027864821255207062
0.10764382034540176, 0.05791208893060684
0.10814865678548813, 0.059455014765262604
0.08458457887172699, 0.043617140501737595
0.11648193746805191, 0.061199311167001724
0.11434785276651382, 0.05143718048930168
0.10223624110221863, 0.05392669141292572
0.1005413681268692, 0.07202030718326569
0.09809086471796036, 0.0753217563033104
0.08530326187610626, 0.040467485785484314
0.08370635658502579, 0.02853521518409252
0.07597741484642029, 0.04616928473114967
0.08921109884977341, 0.04138237610459328
0.08566132932901382, 0.043206170201301575
0.08544056117534637, 0.04437892138957977
0.10963357239961624, 0.076168954372406
0.07158739119768143, 0.038198888301849365
0.10116834193468094, 0.07950278371572495
0.0780758261680603, 0.037191130220890045
0.10042408853769302, 0.05686833709478378
0.07319343835115433, 0.03505247086286545
0.09141818434000015, 0.06448642164468765
0.08779508620500565, 0.0358458086848259
0.09025586396455765, 0.05282732471823692
0.09617726504802704, 0.05630187317728996
0.09757209569215775, 0.03509163856506348
0.10481039434671402, 0.03886492922902107
0.07856668531894684, 0.04306285083293915
0.09977654367685318, 0.061479490250349045
0.11254303902387619, 0.06605180352926254
0.09008929133415222, 0.06707724183797836
0.08952909708023071, 0.04639280587434769
0.10646481812000275, 0.07126934826374054
0.1078350841999054, 0.06967731565237045
0.09654989838600159, 0.04562927410006523
0.09249143302440643, 0.07871592044830322
0.10389785468578339, 0.06270080804824829
0.09831204265356064, 0.06320090591907501
0.12440310418605804, 0.060397520661354065
0.08072202652692795, 0.038958411663770676
0.07605887949466705, 0.03488244116306305
0.10515473037958145, 0.07607660442590714
0.08585429191589355, 0.0331445187330246
0.10236404091119766, 0.06053626537322998
0.09010285884141922, 0.05554208531975746
0.08559256047010422, 0.04504596069455147
0.08651820570230484, 0.04674994572997093
0.09770406782627106, 0.06234987825155258
0.0872209221124649, 0.0441402941942215
0.09754958748817444, 0.045258596539497375
0.09467648714780807, 0.05256378650665283
0.10434114187955856, 0.05451449006795883
0.10456644743680954, 0.05357781797647476
0.08777470141649246, 0.03957422450184822
0.0902654305100441, 0.04229336604475975
0.11026221513748169, 0.05718463659286499
0.10244301706552505, 0.04095294326543808
0.09337777644395828, 0.055701036006212234
0.0952073335647583, 0.0518559105694294
0.0991799533367157, 0.06215115264058113
0.08349858969449997, 0.03857994079589844
0.08732964098453522, 0.045937277376651764
0.08770863711833954, 0.04542895406484604
0.059193432331085205, 0.030837934464216232
0.08379539102315903, 0.031264204531908035
0.07927487045526505, 0.03697436302900314
0.09641057997941971, 0.05547276511788368
0.0965542271733284, 0.04714561253786087
0.10278058052062988, 0.05180588364601135
0.07881638407707214, 0.04085617884993553
0.08583877235651016, 0.050948046147823334
0.0920974388718605, 0.04966646432876587
0.08471635729074478, 0.04256637021899223
0.09610749036073685, 0.054911546409130096
0.08515800535678864, 0.03876377269625664
0.10063330084085464, 0.060086578130722046
0.07879188656806946, 0.04372568055987358
0.09744290262460709, 0.04835737496614456
0.10296184569597244, 0.08656197041273117
0.10204602032899857, 0.04956677556037903
0.10861469805240631, 0.06304647028446198
0.09186292439699173, 0.0408642403781414
0.11448238044977188, 0.0661626085639
0.0915604904294014, 0.040054477751255035
0.11103791743516922, 0.06030874326825142
0.10983392596244812, 0.057939667254686356
0.1017305850982666, 0.060395799577236176
0.10345999151468277, 0.062356576323509216
0.09469522535800934, 0.059601955115795135
0.12052515149116516, 0.08293608576059341
0.10501924902200699, 0.08489703387022018
0.08458112925291061, 0.036520686000585556
0.0910722091794014, 0.056127432733774185
0.10441569983959198, 0.07456096261739731
0.1105530634522438, 0.06179555132985115
0.1099802553653717, 0.05431666225194931
0.09114107489585876, 0.06460564583539963
0.09176215529441833, 0.04963579773902893
0.108719602227211, 0.08733244985342026
0.09198516607284546, 0.03990263491868973
0.09058913588523865, 0.05234655737876892
0.08763054758310318, 0.054592449218034744
0.08198007941246033, 0.0379130095243454
0.08452027291059494, 0.0622628815472126
0.09414520859718323, 0.060044918209314346
0.09279388934373856, 0.04483934864401817
0.0883234515786171, 0.05255844071507454
0.12674804031848907, 0.0711243599653244
0.09359028935432434, 0.038455791771411896
0.08542588353157043, 0.04230064898729324
0.09385863691568375, 0.05610901862382889
0.08731358498334885, 0.04393211007118225
0.09428533166646957, 0.06157677248120308
0.0915919616818428, 0.04379764944314957
0.07537534832954407, 0.04276582598686218
0.08340702205896378, 0.04259197786450386
0.09417913109064102, 0.05955299735069275
0.087974414229393, 0.037183526903390884
0.08825627714395523, 0.04984153434634209
0.09431343525648117, 0.05255507677793503
0.10811769217252731, 0.06816288828849792
0.08623834699392319, 0.036734439432621
0.07776350528001785, 0.05482388287782669
0.07796236872673035, 0.04225560277700424
0.08191946893930435, 0.04200107976794243
0.09297648817300797, 0.042007628828287125
0.0869285985827446, 0.07127481698989868
0.07531832903623581, 0.031168902292847633
0.08506467938423157, 0.044786643236875534
0.09750667959451675, 0.06796741485595703
0.08806388080120087, 0.06646909564733505
0.09878046065568924, 0.08173757046461105
0.09137210994958878, 0.055706847459077835
0.08578106015920639, 0.057432349771261215
0.08866802603006363, 0.04290825501084328
0.08576307445764542, 0.053211428225040436
0.10529021173715591, 0.057703569531440735
0.08574669063091278, 0.03444509580731392
0.08959592878818512, 0.0669589564204216
0.09789123386144638, 0.05617464333772659
0.0897064059972763, 0.043496023863554
0.077957883477211, 0.03252483904361725
0.07976413518190384, 0.050779689103364944
0.09147489815950394, 0.042442552745342255
0.09670151770114899, 0.03907037898898125
0.09755516797304153, 0.06020282208919525
0.0751691684126854, 0.029431458562612534
0.08878714591264725, 0.06035148352384567
0.08238580822944641, 0.0516023226082325
0.09677595645189285, 0.04775151610374451
0.07639281451702118, 0.05195194110274315
0.08565235882997513, 0.03207380324602127
0.07988877594470978, 0.05025456100702286
0.0712362676858902, 0.03890638425946236
0.07949016988277435, 0.03862151876091957
0.09505771100521088, 0.06073484197258949
0.09474405646324158, 0.0699794739484787
0.0697358027100563, 0.02736208215355873
0.07819768786430359, 0.04585128650069237
0.06934240460395813, 0.03702419996261597
0.08341363817453384, 0.05423907935619354
0.07523569464683533, 0.039505913853645325
0.07385721802711487, 0.03779178485274315
0.07769923657178879, 0.04599802941083908
0.07880605757236481, 0.05365423485636711
0.0788416862487793, 0.0455152653157711
0.08183711767196655, 0.05092573165893555
0.08236078172922134, 0.05112280696630478
0.07315642386674881, 0.038019005209207535
0.09337813407182693, 0.03829875960946083
0.09530480951070786, 0.05640528351068497
0.08534980565309525, 0.038542039692401886
0.08103888481855392, 0.04825116693973541
0.07846184819936752, 0.04870050027966499
0.07758403569459915, 0.03570834547281265
0.08112040907144547, 0.04193893074989319
0.07066884636878967, 0.042991865426301956
0.08575484901666641, 0.03984425589442253
0.07097975164651871, 0.04890802875161171
0.06636437773704529, 0.032714176923036575
0.06916054338216782, 0.034572795033454895
0.07735677063465118, 0.04417292773723602
0.0898195132613182, 0.04053983464837074
0.0885985717177391, 0.0615476630628109
0.07939322292804718, 0.06616251170635223
0.07495476305484772, 0.04367661848664284
0.08929711580276489, 0.05648546665906906
0.08021882176399231, 0.04241740703582764
0.06756392866373062, 0.03894824907183647
0.07280846685171127, 0.04528435692191124
0.0770227238535881, 0.03660034388303757
0.07234697043895721, 0.04401850327849388
0.09927400201559067, 0.0831305980682373
0.07364455610513687, 0.03272687643766403
0.0704486295580864, 0.035269200801849365
0.07362961769104004, 0.04619067907333374
0.05321785807609558, 0.03249956667423248
0.08030864596366882, 0.04633967950940132
0.07778450846672058, 0.04369977116584778
0.07168883085250854, 0.037914033979177475
0.07059428095817566, 0.038173165172338486
0.08075113594532013, 0.037768665701150894
0.08750740438699722, 0.04626395180821419
0.09054401516914368, 0.07598249614238739
0.0897330641746521, 0.030803512781858444
0.09802477806806564, 0.06031658127903938
0.08246467262506485, 0.05529544875025749
0.08476179838180542, 0.052189651876688004
0.08033163845539093, 0.04500873014330864
0.10606566071510315, 0.051007695496082306
0.0887409970164299, 0.04321349039673805
0.1131749153137207, 0.05818413943052292
0.0929148867726326, 0.04195547476410866
0.08709178119897842, 0.035719580948352814
0.10319773852825165, 0.05893386900424957
0.09272123873233795, 0.06143438071012497
0.082113116979599, 0.036246757954359055
0.09949199110269547, 0.0475415401160717
0.08007171750068665, 0.04116207733750343
0.10921011865139008, 0.07199212908744812
0.08185359835624695, 0.05185885354876518
0.09459114074707031, 0.0474323071539402
0.11067123711109161, 0.07270056009292603
0.10079355537891388, 0.0413346029818058
0.0877319946885109, 0.047219667583703995
0.09450944513082504, 0.0543140284717083
0.11562327295541763, 0.06727831810712814
0.08335746079683304, 0.04954526945948601
0.09725980460643768, 0.09054446965456009
0.10064586997032166, 0.06297235935926437
0.07375254482030869, 0.04282568022608757
0.09641674906015396, 0.06826179474592209
0.07870680838823318, 0.051133785396814346
0.09973486512899399, 0.06410924345254898
0.08002182841300964, 0.03864080458879471
0.07919855415821075, 0.05864951014518738
0.09768503904342651, 0.07193585485219955
0.08035458624362946, 0.045242276042699814
0.08623611927032471, 0.04890340939164162
0.09974261373281479, 0.0508294515311718
0.0806734561920166, 0.05567441135644913
0.10382012277841568, 0.06774609535932541
0.10835687071084976, 0.0818224847316742
0.08421174436807632, 0.06031159311532974
0.07099154591560364, 0.04224983602762222
0.07689119130373001, 0.042039655148983
0.08537111431360245, 0.03460436314344406
0.09922442585229874, 0.07803250104188919
0.08809993416070938, 0.04003898426890373
0.0951969251036644, 0.04897075146436691
0.0788876935839653, 0.056136857718229294
0.11397451907396317, 0.08692026883363724
0.09346790611743927, 0.04362340271472931
0.07884550094604492, 0.03179515525698662
0.08112107962369919, 0.04743565246462822
0.07397790253162384, 0.04645932838320732
0.08573044836521149, 0.04695639759302139
0.08531400561332703, 0.058216046541929245
0.10665109008550644, 0.08228965848684311
0.10226169973611832, 0.08801111578941345
0.10437733680009842, 0.0744166150689125
0.08833173662424088, 0.05074620991945267
0.08431784808635712, 0.038538143038749695
0.11480975151062012, 0.04870094358921051
0.11915980279445648, 0.07354947179555893
0.09248262643814087, 0.04942919686436653
0.0768505185842514, 0.05551600456237793
0.0891076996922493, 0.06364496797323227
0.08209793269634247, 0.06281726062297821
0.08255568891763687, 0.04155559092760086
0.10278607159852982, 0.05502018332481384
0.06730257719755173, 0.03370191156864166
0.0948873832821846, 0.05140642821788788
0.09387489408254623, 0.05251345783472061
0.11602216213941574, 0.05105319619178772
0.08339011669158936, 0.04238804429769516
0.10256814956665039, 0.06151494383811951
0.08924804627895355, 0.05342906340956688
0.07775035500526428, 0.045543938875198364
0.08522292971611023, 0.04924635961651802
0.09526634216308594, 0.05136677995324135
0.09892168641090393, 0.07897810637950897
0.09094230085611343, 0.03554419055581093
0.10139350593090057, 0.06695292890071869
0.11401865631341934, 0.07299818843603134
0.08491718024015427, 0.046262480318546295
0.08513660728931427, 0.03991450369358063
0.08372090011835098, 0.0718771368265152
0.08935276418924332, 0.05639251694083214
0.10069207102060318, 0.054811716079711914
0.07373266667127609, 0.04218562692403793
0.06677019596099854, 0.036080505698919296
0.07018719613552094, 0.045199859887361526
0.09464071691036224, 0.05135919526219368
0.08355467021465302, 0.041453830897808075
0.08134317398071289, 0.04644707590341568
0.09386234730482101, 0.059897251427173615
0.08143411576747894, 0.06236003711819649
0.06657860428094864, 0.03351680561900139
0.10772258788347244, 0.0907982662320137
0.10140448063611984, 0.08551385253667831
0.08573897182941437, 0.05034986510872841
0.07558604329824448, 0.0518878735601902
0.06893039494752884, 0.03815552219748497
0.08667229115962982, 0.05062291398644447
0.08416686207056046, 0.059756744652986526
0.09948334097862244, 0.05921252444386482
0.07598341256380081, 0.0372924841940403
0.08199882507324219, 0.04935073107481003
0.06602604687213898, 0.032079845666885376
0.09324675798416138, 0.0493866465985775
0.11080331355333328, 0.08495848625898361
0.07531962543725967, 0.054569169878959656
0.07167152315378189, 0.06602425873279572
0.09254398196935654, 0.08098220080137253
0.10413915663957596, 0.0688004419207573
0.08094926178455353, 0.06262431293725967
0.0877959132194519, 0.0599529966711998
0.09244285523891449, 0.04550166800618172
0.09989185631275177, 0.066529281437397
0.08575504273176193, 0.05153822526335716
0.08491776138544083, 0.043359994888305664
0.09109682589769363, 0.05763775110244751
0.08169849961996078, 0.05008490011096001
0.09755019098520279, 0.06444568932056427
0.08730261772871017, 0.07245878875255585
0.08939055353403091, 0.05389748513698578
0.0732630044221878, 0.03777414932847023
0.08497141301631927, 0.05500427260994911
0.08229023218154907, 0.04522097855806351
0.10073848813772202, 0.07533228397369385
0.07990340888500214, 0.054217368364334106
0.08098555356264114, 0.037949781864881516
0.10505587607622147, 0.08047529309988022
0.0722988024353981, 0.03809197247028351
0.07591072469949722, 0.057913053780794144
0.08246750384569168, 0.05679040402173996
0.09051259607076645, 0.050252776592969894
0.08901907503604889, 0.06400229036808014
0.09059298783540726, 0.0533779114484787
0.08084427565336227, 0.04387582838535309
0.09443838894367218, 0.0651446059346199
0.07912000268697739, 0.05658349767327309
0.09756786376237869, 0.06399977952241898
0.09734422713518143, 0.05255879834294319
0.10304749011993408, 0.04944079741835594
0.09176236391067505, 0.06408093869686127
0.08104199171066284, 0.04491691291332245
0.08312526345252991, 0.04990316554903984
0.07283487915992737, 0.04107567295432091
0.07338720560073853, 0.035595688968896866
0.09100892394781113, 0.04120323434472084
0.07758091390132904, 0.049717675894498825
0.11877579241991043, 0.10084429383277893
0.09447286278009415, 0.043344318866729736
0.08526108413934708, 0.056127361953258514
0.06725036352872849, 0.03500010818243027
0.07903603464365005, 0.04877005144953728
0.07393667846918106, 0.032490894198417664
0.084312304854393, 0.07240086793899536
0.06708245724439621, 0.036092717200517654
0.10783432424068451, 0.06454645097255707
0.12234178185462952, 0.09262613207101822
0.12421410530805588, 0.06758667528629303
0.08478295803070068, 0.0466369092464447
0.10165441781282425, 0.06996691226959229
0.09024689346551895, 0.05257052928209305
0.09801540523767471, 0.0731004849076271
0.10684515535831451, 0.05554680526256561
0.08183059096336365, 0.04375473037362099
0.0986047089099884, 0.08258789032697678
0.08525737375020981, 0.043760981410741806
0.07861600071191788, 0.05997811630368233
0.10071561485528946, 0.05520849674940109
0.08616296947002411, 0.07161669433116913
0.0751398578286171, 0.034758150577545166
0.09195712208747864, 0.04802979156374931
0.11088100075721741, 0.0513777919113636
0.11594624072313309, 0.07592332363128662
0.0826360359787941, 0.05086943507194519
0.08411435037851334, 0.04803099483251572
0.0943881943821907, 0.04700888693332672
0.10136423259973526, 0.05379216745495796
0.10740117728710175, 0.11006703227758408
0.09966332465410233, 0.05968022346496582
0.08673244714736938, 0.05790949985384941
0.08115187287330627, 0.061039846390485764
0.09533728659152985, 0.05281880870461464
0.07371571660041809, 0.04535989463329315
0.09422079473733902, 0.043225906789302826
0.09943047910928726, 0.05404707044363022
0.11662673950195312, 0.08593625575304031
0.11267459392547607, 0.08802859485149384
0.10254715383052826, 0.07799703627824783
0.0963890478014946, 0.04925991967320442
0.08579851686954498, 0.042332157492637634
0.08809224516153336, 0.04659586399793625
0.07973098009824753, 0.04820992052555084
0.08836080878973007, 0.05357161536812782
0.0801868811249733, 0.04378850385546684
0.09097246825695038, 0.043764252215623856
0.08169682323932648, 0.04765379801392555
0.08243723213672638, 0.04473172873258591
0.06583742797374725, 0.04794834554195404
0.08523140847682953, 0.05857907980680466
0.08183705806732178, 0.06196650490164757
0.08719170093536377, 0.049609534442424774
0.09553209692239761, 0.04310283437371254
0.08130086958408356, 0.05709753930568695
0.09255091100931168, 0.06192099303007126
0.07932768762111664, 0.03295421972870827
0.0950712040066719, 0.07409395277500153
0.09214910864830017, 0.05193222686648369
0.08167768269777298, 0.0492401160299778
0.07875610142946243, 0.05604931339621544
0.058845460414886475, 0.028308214619755745
0.0826835036277771, 0.04288060963153839
0.072212815284729, 0.04308629408478737
0.07703834772109985, 0.07638957351446152
0.07666082680225372, 0.045521948486566544
0.07319966703653336, 0.038466036319732666
0.08346550911664963, 0.052815526723861694
0.09650740772485733, 0.06278068572282791
0.10851223021745682, 0.08359979093074799
0.08539898693561554, 0.05116976052522659
0.0837596207857132, 0.04966787248849869
0.08662944287061691, 0.059707969427108765
0.07841610908508301, 0.05188616365194321
0.07370955497026443, 0.041585128754377365
0.09334825724363327, 0.04322264716029167
0.06751099973917007, 0.040961623191833496
0.07921554893255234, 0.05659375339746475
0.08619177341461182, 0.054079487919807434
0.08507616817951202, 0.04595670849084854
0.08642559498548508, 0.06000210717320442
0.09846055507659912, 0.07424972206354141
0.08635742217302322, 0.04865695908665657
0.08041270077228546, 0.05654450133442879
0.08396588265895844, 0.039787597954273224
0.10354296118021011, 0.05904432013630867
0.074134461581707, 0.05575864762067795
0.09019271284341812, 0.04491695761680603
0.07766537368297577, 0.048026569187641144
0.09716641902923584, 0.07009869813919067
0.1007896438241005, 0.05744272843003273
0.08927544951438904, 0.05772972106933594
0.08536163717508316, 0.04356720298528671
0.07232855260372162, 0.03599994629621506
0.09797490388154984, 0.06790047883987427
0.07064267247915268, 0.04988402873277664
0.09135033190250397, 0.054267317056655884
0.09383044391870499, 0.06505144387483597
0.07698465883731842, 0.04612409695982933
0.06966115534305573, 0.03003024496138096
0.08129938691854477, 0.052605777978897095
0.10989097505807877, 0.07966092973947525
0.08675777912139893, 0.041765082627534866
0.08621758967638016, 0.04283762723207474
0.07039190083742142, 0.05322521552443504
0.09365120530128479, 0.05871046334505081
0.10005064308643341, 0.051196083426475525
0.07931218296289444, 0.06312130391597748
0.08070464432239532, 0.035593125969171524
0.07924346625804901, 0.05273474007844925
0.07976198941469193, 0.0733841136097908
0.09273803234100342, 0.067995585501194
0.11446990072727203, 0.05396540090441704
0.08748464286327362, 0.048770323395729065
0.09118499606847763, 0.04704558476805687
0.08740676194429398, 0.03342943266034126
0.07087306678295135, 0.0471709705889225
0.09388583153486252, 0.041319284588098526
0.08605485409498215, 0.06485302001237869
0.08084801584482193, 0.04776683822274208
0.09535988420248032, 0.06444872170686722
0.07127484679222107, 0.043981317430734634
0.06298235058784485, 0.03270944580435753
0.07421964406967163, 0.04947102814912796
0.08380559086799622, 0.05769693851470947
0.10206710547208786, 0.06154818460345268
0.07542356848716736, 0.04351535439491272
0.07318496704101562, 0.05714897811412811
0.08979474008083344, 0.05976457521319389
0.08817831426858902, 0.05958682671189308
0.09975589066743851, 0.059027623385190964
0.07272695749998093, 0.03140980005264282
0.09808359295129776, 0.06884461641311646
0.07515963166952133, 0.048919420689344406
0.07358971983194351, 0.05419304221868515
0.08451764285564423, 0.03312329202890396
0.07344378530979156, 0.05473235994577408
0.09254202246665955, 0.03348763659596443
0.08917583525180817, 0.05273151770234108
0.0778641477227211, 0.04098011553287506
0.09231940656900406, 0.04341432452201843
0.06751745194196701, 0.03814697265625
0.0885763093829155, 0.051311150193214417
0.07876087725162506, 0.047293271869421005
0.08279204368591309, 0.047295164316892624
0.07036974281072617, 0.04240507632493973
0.0687842145562172, 0.033567849546670914
0.07690364867448807, 0.04729081690311432
0.07302535325288773, 0.05126040056347847
0.08616345375776291, 0.051030054688453674
0.093755804002285, 0.05534389242529869
0.09029456228017807, 0.061291031539440155
0.0860162079334259, 0.060919132083654404
0.0897459164261818, 0.060875535011291504
0.07495412230491638, 0.04004703089594841
0.07021962851285934, 0.02873408794403076
0.0961959958076477, 0.07180789858102798
0.07439693063497543, 0.0413760244846344
0.07479590177536011, 0.047357287257909775
0.09426458179950714, 0.050584062933921814
0.10089004039764404, 0.07273905724287033
0.09756379574537277, 0.05895763263106346
0.08692502975463867, 0.06072990968823433
0.08271141350269318, 0.06114399433135986
0.09907032549381256, 0.0651932954788208
0.10111289471387863, 0.06275378912687302
0.09742959588766098, 0.05462300777435303
0.06044263392686844, 0.03614170849323273
0.0636223703622818, 0.046544771641492844
0.07273221015930176, 0.04065318405628204
0.08649766445159912, 0.046018656343221664
0.08291731774806976, 0.033251870423555374
0.05457038804888725, 0.030639763921499252
0.09670363366603851, 0.056077394634485245
0.07966029644012451, 0.037941109389066696
0.06815385073423386, 0.032896287739276886
0.05836787447333336, 0.034786492586135864
0.11250901222229004, 0.061210647225379944
0.10666865110397339, 0.0673772543668747
0.06487783044576645, 0.03483215719461441
0.07322338223457336, 0.05440366640686989
0.08163978159427643, 0.055181849747896194
0.0714171752333641, 0.03761884942650795
0.08943644165992737, 0.03903874382376671
0.07839856296777725, 0.04783197492361069
0.08669114857912064, 0.06382475793361664
0.08924026787281036, 0.06961943209171295
0.09211726486682892, 0.04597005248069763
0.0893644168972969, 0.06826228648424149
0.08562052249908447, 0.04726118594408035
0.07219185680150986, 0.04673068970441818
0.08889039605855942, 0.0487372912466526
0.060373175889253616, 0.030487751588225365
0.0867796316742897, 0.0428069606423378
0.07884597033262253, 0.044024862349033356
0.10261926054954529, 0.0698741003870964
0.07803819328546524, 0.032729990780353546
0.08970637619495392, 0.06000049412250519
0.06746737658977509, 0.033782098442316055
0.08785505592823029, 0.0705324187874794
0.06227770075201988, 0.033616095781326294
0.0729389563202858, 0.039287906140089035
0.09504809975624084, 0.06409397721290588
0.06911888718605042, 0.03826557472348213
0.07490932941436768, 0.061631571501493454
0.07786130905151367, 0.04062621667981148
0.0934995785355568, 0.05132986605167389
0.07576186954975128, 0.04761924967169762
0.08894580602645874, 0.04295673966407776
0.08191061019897461, 0.04578256607055664
0.08488894253969193, 0.046513717621564865
0.06340418010950089, 0.03463338688015938
0.079567551612854, 0.042248643934726715
0.08307120203971863, 0.0486486554145813
0.09210363775491714, 0.05352459475398064
0.08391157537698746, 0.04153450205922127
0.10335389524698257, 0.05001500993967056
0.07515423744916916, 0.03459053114056587
0.09958121925592422, 0.06895408779382706
0.0782465860247612, 0.05736532434821129
0.06288111209869385, 0.03292216360569
0.08064036071300507, 0.03762292489409447
0.06715883314609528, 0.03560911864042282
0.06884618103504181, 0.04008237272500992
0.09564470499753952, 0.0577642060816288
0.06741531193256378, 0.029221825301647186
0.09780053794384003, 0.07112806290388107
0.09352663904428482, 0.04236961156129837
0.06887723505496979, 0.04749352112412453
0.08677084743976593, 0.07603182643651962
0.06454513967037201, 0.02839605323970318
0.08927595615386963, 0.05298653990030289
0.09434975683689117, 0.04717961698770523
0.09963386505842209, 0.08840712904930115
0.10377871245145798, 0.06686246395111084
0.08309420198202133, 0.04571416974067688
0.08857474476099014, 0.06781072914600372
0.08607229590415955, 0.05270589888095856
0.06474093347787857, 0.02717525139451027
0.09472627192735672, 0.06040969491004944
0.06713709980249405, 0.04074103385210037
0.054692342877388, 0.02125033177435398
0.08507917076349258, 0.035782746970653534
0.07552609592676163, 0.06313300877809525
0.08847704529762268, 0.059399303048849106
0.10116411000490189, 0.0655740275979042
0.0830184742808342, 0.05139472708106041
0.09073063731193542, 0.058851588517427444
0.08206038177013397, 0.04095184803009033
0.0673936977982521, 0.04274257645010948
0.09388341754674911, 0.0703892633318901
0.08035413175821304, 0.05659991875290871
0.09940481930971146, 0.05460181459784508
0.07832827419042587, 0.05998983606696129
0.0666547566652298, 0.03414933755993843
0.08514124900102615, 0.0495346300303936
0.07750196754932404, 0.03689773753285408
0.09343872219324112, 0.05897025391459465
0.0882670059800148, 0.046196602284908295
0.06878940016031265, 0.042983073741197586
0.08796923607587814, 0.03524184972047806
0.059642281383275986, 0.0258365236222744
0.061507392674684525, 0.02537047490477562
0.06555455178022385, 0.027235491201281548
0.06539695709943771, 0.046972718089818954
0.08565548807382584, 0.04204259067773819
0.06952419131994247, 0.039451587945222855
0.06208651512861252, 0.03901929035782814
0.07647600024938583, 0.04424799233675003
0.0710015669465065, 0.04598890244960785
0.0750175267457962, 0.061236120760440826
0.07538248598575592, 0.049164462834596634
0.08187734335660934, 0.03446439653635025
0.0962943285703659, 0.06298193335533142
0.090279221534729, 0.06446166336536407
0.08716210722923279, 0.041515979915857315
0.07112285494804382, 0.04182801768183708
0.0656697228550911, 0.04049743711948395
0.08779588341712952, 0.06181595101952553
0.09404528141021729, 0.06807874888181686
0.08958737552165985, 0.05578792095184326
0.09836788475513458, 0.06245669722557068
0.071794293820858, 0.02826561965048313
0.06773772090673447, 0.047784436494112015
0.07440590858459473, 0.040336694568395615
0.06027958169579506, 0.025462545454502106
0.09459381550550461, 0.04926072433590889
0.07839323580265045, 0.052130021154880524
0.0762379840016365, 0.05415622889995575
0.09987751394510269, 0.08385733515024185
0.0845734253525734, 0.05081133171916008
0.06413573771715164, 0.03741064667701721
0.06777865439653397, 0.03482361510396004
0.07202238589525223, 0.04438188299536705
