mean, std
0.12025168538093567, 0.07310713082551956
0.059927862137556076, 0.030920807272195816
0.05411190539598465, 0.033077217638492584
0.07241721451282501, 0.057650625705718994
0.06760019809007645, 0.04446540027856827
0.09307347983121872, 0.05904384329915047
0.07201472669839859, 0.06334378570318222
0.06400824338197708, 0.04125736653804779
0.07711911201477051, 0.0496925488114357
0.11322850733995438, 0.06011918559670448
0.17705170810222626, 0.0660489872097969
0.29545119404792786, 0.08755253255367279
0.2278522402048111, 0.11292621493339539
0.159229576587677, 0.10133504867553711
0.1788364052772522, 0.06980040669441223
0.15860100090503693, 0.05644626542925835
0.19689996540546417, 0.10883509367704391
0.12785214185714722, 0.056540850549936295
0.18069660663604736, 0.054797083139419556
0.12586386501789093, 0.0768597275018692
0.09028026461601257, 0.058402515947818756
0.12101341784000397, 0.05919342488050461
0.10032572597265244, 0.049726471304893494
0.0792107805609703, 0.03803766518831253
0.043583277612924576, 0.02527356520295143
0.05000387877225876, 0.028548400849103928
0.07314413040876389, 0.035923898220062256
0.062219515442848206, 0.02976672165095806
0.04810570925474167, 0.031229179352521896
0.04405875876545906, 0.016621563583612442
0.047973114997148514, 0.029680361971259117
0.0768645629286766, 0.05338187888264656
0.11785387992858887, 0.0634421706199646
0.0888385996222496, 0.04556739330291748
0.05753941833972931, 0.04723336920142174
0.06886378675699234, 0.03968031331896782
0.06987790018320084, 0.03530224785208702
0.04547734931111336, 0.02118133008480072
0.06737837940454483, 0.03580273315310478
0.0571465902030468, 0.03433999791741371
0.0998528003692627, 0.03313705325126648
0.0776936486363411, 0.041826438158750534
0.05487257242202759, 0.03524332866072655
0.06438501924276352, 0.03753645345568657
0.05656573548913002, 0.03853963315486908
0.05545162037014961, 0.029603540897369385
0.046361349523067474, 0.024971598759293556
0.03569035977125168, 0.01632329262793064
0.0489211305975914, 0.033113136887550354
0.07790081948041916, 0.04150646552443504
0.057494111359119415, 0.035100631415843964
0.04263707250356674, 0.023161256685853004
0.0527239665389061, 0.027284767478704453
0.06391535699367523, 0.034469328820705414
0.07238192111253738, 0.04203368350863457
0.03545192629098892, 0.020798491314053535
0.045592013746500015, 0.02094748616218567
0.046857573091983795, 0.029130391776561737
0.10563118010759354, 0.045567587018013
0.08227662742137909, 0.05317385122179985
0.06568143516778946, 0.034603048115968704
0.07762109488248825, 0.03133036196231842
0.04239450767636299, 0.02228686586022377
0.05496753752231598, 0.025408904999494553
0.05456937104463577, 0.027423139661550522
0.0648181289434433, 0.03703692927956581
0.0978352427482605, 0.06374765187501907
0.12476236373186111, 0.06081808730959892
0.06706731021404266, 0.03444156423211098
0.05662029981613159, 0.03469099476933479
0.05464746430516243, 0.02637501247227192
0.07975516468286514, 0.050424039363861084
0.04469615966081619, 0.027365878224372864
0.048470497131347656, 0.023813847452402115
0.05128221586346626, 0.02532028593122959
0.08849582821130753, 0.046212125569581985
0.07419056445360184, 0.030528701841831207
0.07280387729406357, 0.040713947266340256
0.05729733780026436, 0.03860634192824364
0.0425589419901371, 0.017490757629275322
0.03380507603287697, 0.016861366108059883
0.09033887833356857, 0.04071824997663498
0.059605590999126434, 0.02023511379957199
0.05016496777534485, 0.025224069133400917
0.04588412120938301, 0.028062304481863976
0.08216976374387741, 0.04049708694219589
0.06955520808696747, 0.03260945901274681
0.04925306513905525, 0.024498745799064636
0.06161372736096382, 0.02608257345855236
0.08212229609489441, 0.05211697146296501
0.06129998713731766, 0.03059057705104351
0.08731580525636673, 0.037237126380205154
0.046275872737169266, 0.025545530021190643
0.03956051543354988, 0.02075825445353985
0.039997607469558716, 0.023058952763676643
0.07006886601448059, 0.03424202650785446
0.059472858905792236, 0.04146752879023552
0.07130788266658783, 0.02495086006820202
0.04578198865056038, 0.01697547920048237
0.045874983072280884, 0.02991531230509281
0.05477117747068405, 0.03107001632452011
0.04660909250378609, 0.02662946842610836
0.07328207045793533, 0.03993254527449608
0.08205792307853699, 0.03589290380477905
0.0929739773273468, 0.046546489000320435
0.09287755936384201, 0.05623622238636017
0.07743201404809952, 0.042995378375053406
0.07115713506937027, 0.038638629019260406
0.04708261415362358, 0.0274368803948164
0.05160011723637581, 0.02830996736884117
0.033669400960206985, 0.015153669752180576
0.06469962000846863, 0.03540556877851486
0.047249723225831985, 0.027670621871948242
0.07987983524799347, 0.047858428210020065
0.05430220812559128, 0.030372440814971924
0.03917889669537544, 0.025513194501399994
0.052942752838134766, 0.02356407605111599
0.082577183842659, 0.04202815517783165
0.058347590267658234, 0.029808759689331055
0.06870594620704651, 0.03784511983394623
0.0778551772236824, 0.047141946852207184
0.09232804924249649, 0.05401694402098656
0.04963863641023636, 0.027323182672262192
0.03311216086149216, 0.01583048328757286
0.0329909510910511, 0.0182159636169672
0.06286031007766724, 0.03193952143192291
0.03907409682869911, 0.02596062421798706
0.055696096271276474, 0.023131556808948517
0.04972551017999649, 0.02790568582713604
0.059478096663951874, 0.032631780952215195
0.07790591567754745, 0.03583304211497307
0.04997897520661354, 0.031176267191767693
0.05607296898961067, 0.030398454517126083
0.05512521043419838, 0.03226325660943985
0.03097805380821228, 0.01741166226565838
0.03919364511966705, 0.016977882012724876
0.0371621735394001, 0.019911028444767
0.04709343612194061, 0.031120114028453827
0.0395655557513237, 0.01796983927488327
0.0546041838824749, 0.02168772742152214
0.03196750953793526, 0.014753758907318115
0.02942012809216976, 0.013781113550066948
0.03832380846142769, 0.03354325518012047
0.05849219113588333, 0.030489856377243996
0.07560192793607712, 0.03436694294214249
0.0540190190076828, 0.027957648038864136
0.06119793653488159, 0.031055931001901627
0.05939723551273346, 0.03903041034936905
0.03476465865969658, 0.025045113638043404
0.05622182413935661, 0.03564661741256714
0.045254841446876526, 0.022862356156110764
0.07358493655920029, 0.037515949457883835
0.03414571285247803, 0.020664025098085403
0.02504836395382881, 0.012576688081026077
0.03284313157200813, 0.024032456800341606
0.06961875408887863, 0.04401556774973869
0.04768325760960579, 0.019837617874145508
0.03280133008956909, 0.015206853859126568
0.03798036277294159, 0.02202739752829075
0.04149821028113365, 0.03047000989317894
0.03961355239152908, 0.02117929793894291
0.047749925404787064, 0.027500402182340622
0.06358878314495087, 0.029380541294813156
0.06074382737278938, 0.03824857249855995
0.06549794971942902, 0.03471539542078972
0.10280659794807434, 0.046976931393146515
0.05062532052397728, 0.021597253158688545
0.04000579193234444, 0.01869066245853901
0.03772520273923874, 0.024329042062163353
0.07733504474163055, 0.039555538445711136
0.056639447808265686, 0.02284141629934311
0.0465984120965004, 0.033147770911455154
0.04342355951666832, 0.030107228085398674
0.03729216754436493, 0.018386486917734146
0.035136882215738297, 0.01951499842107296
0.05096375197172165, 0.025919726118445396
0.07596439123153687, 0.03745872527360916
0.08866691589355469, 0.04543367028236389
0.05064048245549202, 0.02369682490825653
0.0655861347913742, 0.03764808550477028
0.04802818223834038, 0.024418137967586517
0.035512957721948624, 0.016686230897903442
0.05559127777814865, 0.02100975066423416
0.07787943631410599, 0.033014003187417984
0.039084065705537796, 0.01635880395770073
0.029696034267544746, 0.016614845022559166
0.04244394227862358, 0.022104226052761078
0.04583542421460152, 0.027136266231536865
0.07024317979812622, 0.03865741938352585
0.03398913890123367, 0.013547864742577076
0.035562384873628616, 0.017028771340847015
0.06069405749440193, 0.025585360825061798
0.0756852924823761, 0.03301999345421791
0.07156260311603546, 0.03475556522607803
0.045922741293907166, 0.03327486664056778
0.02986692450940609, 0.016878822818398476
0.0409502275288105, 0.029798099771142006
0.06469261646270752, 0.029344912618398666
0.04845891520380974, 0.027311911806464195
0.033039022237062454, 0.01710885763168335
0.05601586773991585, 0.02760484255850315
0.04845062270760536, 0.024199970066547394
0.02728348784148693, 0.016318153589963913
0.052137553691864014, 0.026538334786891937
0.040742237120866776, 0.022499294951558113
0.06003648042678833, 0.028937723487615585
0.032356757670640945, 0.014551899395883083
0.02609780617058277, 0.01801859587430954
0.054675742983818054, 0.02879422716796398
0.04571663960814476, 0.016350066289305687
0.052318163216114044, 0.038649093359708786
0.058191027492284775, 0.02855237014591694
0.08808468282222748, 0.042918190360069275
0.0462774857878685, 0.02215641178190708
0.05056997388601303, 0.024492789059877396
0.05086803808808327, 0.026588741689920425
0.06443911790847778, 0.03135843202471733
0.07014467567205429, 0.03177396208047867
0.07568342983722687, 0.04118013381958008
0.04323868080973625, 0.018189240247011185
0.0805307999253273, 0.04028104618191719
0.05555743724107742, 0.03399305418133736
0.04542999342083931, 0.030010562390089035
0.0499424934387207, 0.02831905521452427
0.03869759291410446, 0.01802097074687481
0.03627900406718254, 0.023752957582473755
0.051077719777822495, 0.03636908531188965
0.06245345622301102, 0.03515414893627167
0.05979760363698006, 0.029475808143615723
0.05919918045401573, 0.02914610132575035
0.03984612599015236, 0.018156370148062706
0.03715191408991814, 0.018585635349154472
0.02165578119456768, 0.011347431689500809
0.030766252428293228, 0.013610259629786015
0.05213290825486183, 0.03189263120293617
0.0629265159368515, 0.03530125319957733
0.06860951334238052, 0.02671971172094345
0.055118728429079056, 0.024265917018055916
0.04723427817225456, 0.019634531810879707
0.06603062897920609, 0.03278949856758118
0.08314753323793411, 0.04739058017730713
0.04670748487114906, 0.022993359714746475
0.037797711789608, 0.015002204105257988
0.045337628573179245, 0.021582558751106262
0.05048075318336487, 0.026697633787989616
0.0452444851398468, 0.02224057726562023
0.035910844802856445, 0.02224741317331791
0.03220652788877487, 0.02040756121277809
0.09386729449033737, 0.05153131112456322
0.0494779609143734, 0.02274525910615921
0.05319434404373169, 0.018441524356603622
0.05399451032280922, 0.027088135480880737
0.03657853230834007, 0.021151576191186905
0.055582642555236816, 0.03547342121601105
0.08273215591907501, 0.03631818667054176
0.04441012442111969, 0.016348153352737427
0.03984590247273445, 0.022193070501089096
0.039643850177526474, 0.020530730485916138
0.05167031288146973, 0.02024107612669468
0.03709179535508156, 0.019897915422916412
0.04978884384036064, 0.022310035303235054
0.03898175433278084, 0.021518167108297348
0.05583548545837402, 0.020981159061193466
0.06509856879711151, 0.031774695962667465
0.048778414726257324, 0.03299277648329735
0.03704473376274109, 0.01937767304480076
0.04329468682408333, 0.022888122126460075
0.06356499344110489, 0.03198356553912163
0.06182417646050453, 0.041897740215063095
0.05031386390328407, 0.02460339106619358
0.06074324622750282, 0.030854061245918274
0.06450885534286499, 0.024913500994443893
0.0443774089217186, 0.013608044944703579
0.033636219799518585, 0.017188670113682747
0.060656726360321045, 0.02699095755815506
0.08397727459669113, 0.04091216251254082
0.07381495088338852, 0.03612937778234482
0.0642818808555603, 0.03468191251158714
0.08176247775554657, 0.03375238552689552
0.0478946678340435, 0.022028198465704918
0.052430760115385056, 0.026876969262957573
0.06786622107028961, 0.029589295387268066
0.08379807323217392, 0.04543270170688629
0.0626370832324028, 0.0363197885453701
0.053436532616615295, 0.025452109053730965
0.045978695154190063, 0.020168151706457138
0.05737023428082466, 0.028525667265057564
0.04706552252173424, 0.020983796566724777
0.05101883411407471, 0.025144215673208237
0.07760947197675705, 0.032263051718473434
0.05765414237976074, 0.024233169853687286
0.08358593285083771, 0.04919648543000221
0.05537642166018486, 0.025951044633984566
0.042224157601594925, 0.017948288470506668
0.048606403172016144, 0.02724265865981579
0.06828535348176956, 0.024208735674619675
0.06683437526226044, 0.03422190621495247
0.050539448857307434, 0.01988368108868599
0.06375539302825928, 0.027912773191928864
0.0552249401807785, 0.0238450076431036
0.055181100964546204, 0.02381802722811699
0.04638773947954178, 0.024554627016186714
0.04960045590996742, 0.03157591074705124
0.07260676473379135, 0.03554638475179672
0.04996899887919426, 0.029788631945848465
0.05112437903881073, 0.020938172936439514
0.0688319057226181, 0.03364228829741478
0.06755657494068146, 0.029169883579015732
0.06639272719621658, 0.029906190931797028
0.06231674924492836, 0.02605382166802883
0.07918181270360947, 0.03418392688035965
0.07288079708814621, 0.03631379082798958
0.04661255329847336, 0.02066950872540474
0.048154011368751526, 0.01669575460255146
0.05482009798288345, 0.022796958684921265
0.09338510781526566, 0.038131535053253174
0.07037720084190369, 0.032239753752946854
0.0665191262960434, 0.0347488634288311
0.04860028997063637, 0.027432667091488838
0.07810766249895096, 0.028552142903208733
0.06025296449661255, 0.025809025391936302
0.05096011236310005, 0.025072967633605003
0.10002260655164719, 0.03371221572160721
0.06884218752384186, 0.028745688498020172
0.08948114514350891, 0.03161054104566574
0.08228335529565811, 0.040794868022203445
0.06164013594388962, 0.02683117426931858
0.10124090313911438, 0.04653939604759216
0.10294640064239502, 0.03745758906006813
0.07272571325302124, 0.03694494813680649
0.08711188286542892, 0.03490762412548065
0.0665043294429779, 0.02004897966980934
0.06736432015895844, 0.031110504642128944
0.0720452070236206, 0.04311329871416092
0.10423721373081207, 0.03685175999999046
0.0667065754532814, 0.0367625430226326
0.07560621947050095, 0.049137476831674576
0.08062227070331573, 0.03940608352422714
0.08710882067680359, 0.0472063384950161
0.0850009098649025, 0.04400821402668953
0.09216663986444473, 0.04407985135912895
0.07552018016576767, 0.04241707921028137
0.07343260198831558, 0.028199562802910805
0.11297821998596191, 0.04700465127825737
0.09280043095350266, 0.038980599492788315
0.1046806052327156, 0.052082810550928116
0.08308074623346329, 0.03784186765551567
0.10390066355466843, 0.04650101810693741
0.07735386490821838, 0.043099068105220795
0.09083297848701477, 0.041007284075021744
0.09604194760322571, 0.04315723478794098
0.0912664607167244, 0.03873445838689804
0.11095951497554779, 0.06061992794275284
0.11057799309492111, 0.05392250791192055
0.12041827291250229, 0.057049937546253204
0.10081136971712112, 0.034185945987701416
0.10602366924285889, 0.04881330206990242
0.11907735466957092, 0.05014912039041519
0.12005940824747086, 0.06653384119272232
0.11866716295480728, 0.037459928542375565
0.137176513671875, 0.05615103244781494
0.17727380990982056, 0.06913121044635773
0.17198948562145233, 0.0758046954870224
0.15721395611763, 0.08856067806482315
0.11815978586673737, 0.03950243070721626
0.14331768453121185, 0.07481859624385834
0.12538765370845795, 0.054899126291275024
0.11189312487840652, 0.0675671175122261
0.128025621175766, 0.05818583816289902
0.13681556284427643, 0.0792674869298935
0.11281047761440277, 0.0657024011015892
0.12391915917396545, 0.09403743594884872
0.12401165068149567, 0.07133848965167999
0.1213759183883667, 0.08274618536233902
0.1630503535270691, 0.058569133281707764
0.12856166064739227, 0.06226760149002075
0.11720342189073563, 0.06101498007774353
0.11929021030664444, 0.06182616204023361
0.1061921939253807, 0.06391087919473648
0.15501317381858826, 0.060551535338163376
0.1248771920800209, 0.07103552669286728
0.16481435298919678, 0.06174636259675026
0.2046220302581787, 0.1327027529478073
0.17361411452293396, 0.08006150275468826
0.17450441420078278, 0.07029835134744644
0.16285569965839386, 0.06548436731100082
0.14805075526237488, 0.0853155180811882
0.150283545255661, 0.06585344672203064
0.16331404447555542, 0.07771505415439606
0.16107477247714996, 0.08084724843502045
0.16920356452465057, 0.08042071014642715
0.16094358265399933, 0.07699853181838989
0.15755166113376617, 0.07292569428682327
0.1941133737564087, 0.1284211128950119
0.16099189221858978, 0.08136037737131119
0.1625209003686905, 0.10235226899385452
0.16477547585964203, 0.09594803303480148
0.1889772117137909, 0.07289637625217438
0.13923831284046173, 0.03848998621106148
0.2284180372953415, 0.15867643058300018
0.16983240842819214, 0.06333129107952118
0.1511916220188141, 0.07842879742383957
0.13601768016815186, 0.06970544159412384
0.15320560336112976, 0.08510530740022659
0.21569021046161652, 0.10958289355039597
0.14381210505962372, 0.05178741365671158
0.19227235019207, 0.10393291711807251
0.19477203488349915, 0.10301966220140457
0.1389322429895401, 0.07732024788856506
0.15665338933467865, 0.08662593364715576
0.20064301788806915, 0.12184783816337585
0.14618955552577972, 0.05470829829573631
0.15452788770198822, 0.08095146715641022
0.13687627017498016, 0.07013449817895889
0.1458633691072464, 0.05059264600276947
0.15637534856796265, 0.09832316637039185
0.15957492589950562, 0.08988019824028015
0.1964309960603714, 0.09253489971160889
0.21122069656848907, 0.10630657523870468
0.21689219772815704, 0.0963311716914177
0.19897915422916412, 0.09976626187562943
0.18597958981990814, 0.08255109190940857
0.16382068395614624, 0.07204937189817429
0.17950578033924103, 0.07487469911575317
0.17830438911914825, 0.08499270677566528
0.16513286530971527, 0.06800418347120285
0.17552511394023895, 0.08188196271657944
0.16191096603870392, 0.0949479267001152
0.15128879249095917, 0.054903700947761536
0.16243548691272736, 0.07330350577831268
0.21563735604286194, 0.11691612750291824
0.21644432842731476, 0.10002488642930984
0.2566438913345337, 0.10077551007270813
0.24098846316337585, 0.11988303810358047
0.17160816490650177, 0.04368458315730095
0.22554053366184235, 0.1190294548869133
0.18030501902103424, 0.08228086680173874
0.20200441777706146, 0.10209041088819504
0.16006477177143097, 0.08864150196313858
0.15336334705352783, 0.07187045365571976
0.16008730232715607, 0.07518377900123596
0.18595744669437408, 0.10093769431114197
0.1657148152589798, 0.11829718202352524
0.18255634605884552, 0.08033312857151031
0.19686061143875122, 0.10581032931804657
0.15156030654907227, 0.08162449300289154
0.19978007674217224, 0.08831071108579636
0.16973859071731567, 0.08204729110002518
0.15749013423919678, 0.095677450299263
0.19740815460681915, 0.1025138646364212
0.16964051127433777, 0.0745752602815628
0.15649820864200592, 0.06565653532743454
0.1813834309577942, 0.10408169031143188
0.1892615556716919, 0.1238504946231842
0.16841506958007812, 0.06716065108776093
0.18909449875354767, 0.08970306813716888
0.19739077985286713, 0.09822425991296768
0.17413850128650665, 0.08293726295232773
0.17602498829364777, 0.08262935280799866
0.16667874157428741, 0.08070340752601624
0.17561614513397217, 0.0458090640604496
0.1536523848772049, 0.07937584817409515
0.1706012636423111, 0.059654925018548965
0.2333483248949051, 0.09895320981740952
0.22111618518829346, 0.10710006207227707
0.20847292244434357, 0.11288288980722427
0.17100591957569122, 0.09574031829833984
0.1636529564857483, 0.10500915348529816
0.19309614598751068, 0.09546218067407608
0.16481514275074005, 0.08003034442663193
0.16719487309455872, 0.1239994540810585
0.16617953777313232, 0.07190048694610596
0.16554903984069824, 0.07732561975717545
0.18292900919914246, 0.08002806454896927
0.17929399013519287, 0.08156339824199677
0.21737174689769745, 0.11150889098644257
0.20737719535827637, 0.11742035299539566
0.1784662902355194, 0.08961427211761475
0.16724033653736115, 0.07454126328229904
0.19985829293727875, 0.13506552577018738
0.19674858450889587, 0.11131222546100616
0.1745229810476303, 0.08636016398668289
0.15730172395706177, 0.07828153669834137
0.17569155991077423, 0.07164610922336578
0.1990351378917694, 0.09125685691833496
0.20022915303707123, 0.1342640221118927
0.19715584814548492, 0.1337418556213379
0.1728305220603943, 0.09818536788225174
0.18481457233428955, 0.1109272688627243
0.2070568948984146, 0.09191472828388214
0.20972831547260284, 0.10009362548589706
0.15651598572731018, 0.07945791631937027
0.15462635457515717, 0.08166347444057465
0.2059730589389801, 0.13272550702095032
0.22436635196208954, 0.1423877775669098
0.2096867710351944, 0.07827894389629364
0.16720055043697357, 0.07677656412124634
0.21889819204807281, 0.1212393045425415
0.16731615364551544, 0.08271683752536774
0.17392241954803467, 0.11810389906167984
0.14911188185214996, 0.05438154563307762
0.15036466717720032, 0.09233631193637848
0.16846804320812225, 0.11590578407049179
0.23362016677856445, 0.12474524974822998
0.20571798086166382, 0.0978841781616211
0.1801816076040268, 0.0688464492559433
0.13802537322044373, 0.08257079124450684
0.24712130427360535, 0.15462929010391235
0.19714368879795074, 0.10931240022182465
0.19488286972045898, 0.0838199257850647
0.14779919385910034, 0.06265422701835632
0.1679096519947052, 0.09497415274381638
0.1314689815044403, 0.07122079282999039
0.19862313568592072, 0.11473123729228973
0.16544991731643677, 0.08225998282432556
0.1779673844575882, 0.11248075217008591
0.13417716324329376, 0.05359545350074768
0.15304936468601227, 0.07816790789365768
0.15937715768814087, 0.11849513649940491
0.15788793563842773, 0.104512058198452
0.16222678124904633, 0.1059516966342926
0.14174441993236542, 0.09128059446811676
0.1285022497177124, 0.06679428368806839
0.19773752987384796, 0.11624079942703247
0.17444416880607605, 0.11526931822299957
0.16161473095417023, 0.08411528915166855
0.17241032421588898, 0.08747001737356186
0.19047991931438446, 0.09213145077228546
0.201206773519516, 0.09978221356868744
0.23383140563964844, 0.13968797028064728
0.1623019278049469, 0.08152736723423004
0.21113453805446625, 0.08743863552808762
0.15048694610595703, 0.11474307626485825
0.15425164997577667, 0.08101201802492142
0.15397915244102478, 0.07077893614768982
0.17152905464172363, 0.11771967262029648
0.1782054752111435, 0.08527464419603348
0.1670679748058319, 0.1452961415052414
0.18071460723876953, 0.10542566329240799
0.14943979680538177, 0.06259283423423767
0.14863017201423645, 0.05978471785783768
0.13913196325302124, 0.0983286052942276
0.16668933629989624, 0.0888407826423645
0.17679907381534576, 0.12233380228281021
0.16635222733020782, 0.10486949235200882
0.16142943501472473, 0.11822225153446198
0.18810346722602844, 0.09322202205657959
0.18606801331043243, 0.10843517631292343
0.22707363963127136, 0.11292693763971329
0.18053877353668213, 0.10074149817228317
0.18834786117076874, 0.09843607246875763
0.19986049830913544, 0.09841961413621902
0.2094152718782425, 0.09114237874746323
0.1290525645017624, 0.07722311466932297
0.1637239009141922, 0.0746299996972084
0.13528968393802643, 0.06577838212251663
0.15283671021461487, 0.08507862687110901
0.17056341469287872, 0.13007387518882751
0.15271516144275665, 0.09652300179004669
0.16898705065250397, 0.11420953273773193
0.17753198742866516, 0.10007105022668839
0.1527216136455536, 0.09095802903175354
0.16917063295841217, 0.06665999442338943
0.169986754655838, 0.08757149428129196
0.1983962059020996, 0.10421551018953323
0.18227636814117432, 0.05853639915585518
0.16544003784656525, 0.08689349889755249
0.18554651737213135, 0.12302331626415253
0.2192237228155136, 0.10772500932216644
0.19344356656074524, 0.14856338500976562
0.17921078205108643, 0.09116789698600769
0.1693432629108429, 0.07629130035638809
0.14554381370544434, 0.08524317294359207
0.173826664686203, 0.07847318798303604
0.17140638828277588, 0.07696110755205154
0.16446977853775024, 0.10810457915067673
0.18691737949848175, 0.09825807064771652
0.16435131430625916, 0.09359049797058105
0.20272356271743774, 0.09689753502607346
0.14960616827011108, 0.0764417052268982
0.16949035227298737, 0.09556068480014801
0.17747065424919128, 0.10878558456897736
0.1831194907426834, 0.12819552421569824
0.14527171850204468, 0.08031352609395981
0.19283214211463928, 0.08914711326360703
0.1843423843383789, 0.08735211193561554
0.15993085503578186, 0.07117335498332977
0.21320903301239014, 0.09259480237960815
0.19046026468276978, 0.05260702222585678
0.2616153955459595, 0.14748215675354004
0.23728302121162415, 0.1818932294845581
0.2210695445537567, 0.10263075679540634
0.2167275846004486, 0.1223263368010521
0.16478605568408966, 0.07492856681346893
0.2023600935935974, 0.09667037427425385
0.16689442098140717, 0.12251715362071991
0.2131928950548172, 0.08528048545122147
0.2111339271068573, 0.1311299353837967
0.1812736839056015, 0.08563610911369324
0.17011697590351105, 0.09811040759086609
0.14425362646579742, 0.09389856457710266
0.18397943675518036, 0.08927858620882034
0.11402014642953873, 0.04408879578113556
0.13148313760757446, 0.07605071365833282
0.18534567952156067, 0.1565924882888794
0.21873131394386292, 0.12703171372413635
0.23792405426502228, 0.12654554843902588
0.1517176330089569, 0.10778612643480301
0.1806907206773758, 0.12559977173805237
0.13073141872882843, 0.06317973136901855
0.17870259284973145, 0.08903820067644119
0.18568183481693268, 0.0981881394982338
0.16911081969738007, 0.07490427792072296
0.16202948987483978, 0.09996824711561203
0.1934652030467987, 0.11925890296697617
0.16813692450523376, 0.08609244227409363
0.1585341840982437, 0.11389373242855072
0.15844807028770447, 0.12163152545690536
0.1615617722272873, 0.11717774718999863
0.12809528410434723, 0.057126257568597794
0.15420816838741302, 0.07691434025764465
0.18801112473011017, 0.10806678980588913
0.18022389709949493, 0.1113826110959053
0.21703623235225677, 0.11271786689758301
0.16331060230731964, 0.10374150425195694
0.15215300023555756, 0.082354836165905
0.1849055141210556, 0.0960429310798645
0.1322583258152008, 0.08549143373966217
0.14840050041675568, 0.10890723019838333
0.1780853122472763, 0.10472884774208069
0.16950483620166779, 0.11083780974149704
0.16558153927326202, 0.10069958120584488
0.1432475745677948, 0.08361217379570007
0.15375319123268127, 0.06296420097351074
0.17770667374134064, 0.11050315946340561
0.1802794486284256, 0.1377037614583969
0.1683008372783661, 0.07679367810487747
0.19605425000190735, 0.14394068717956543
0.1788376122713089, 0.1176171526312828
0.13874442875385284, 0.07618340849876404
0.18041162192821503, 0.08809512108564377
0.1879955679178238, 0.11675406992435455
0.17698875069618225, 0.10949024558067322
0.14616712927818298, 0.06422362476587296
0.2019433230161667, 0.11469162255525589
0.14244723320007324, 0.09984476864337921
0.16040243208408356, 0.09349332749843597
0.18790319561958313, 0.09039551764726639
0.13836731016635895, 0.08060019463300705
0.1951066106557846, 0.10665366798639297
0.18416990339756012, 0.1226494237780571
0.14160270988941193, 0.06311892718076706
0.1489683985710144, 0.08087188005447388
0.13627424836158752, 0.107623390853405
0.1441040188074112, 0.06771685183048248
0.13780537247657776, 0.08172935992479324
0.16785168647766113, 0.11667558550834656
0.15457293391227722, 0.08308824151754379
0.19086429476737976, 0.13375285267829895
0.20427943766117096, 0.1312107890844345
0.1476925164461136, 0.08856379240751266
0.1309642344713211, 0.05711580440402031
0.16982628405094147, 0.07926427572965622
0.11621592938899994, 0.05786595493555069
0.20617885887622833, 0.10756596177816391
0.12429627031087875, 0.07849988341331482
0.183293879032135, 0.10065551847219467
0.18046174943447113, 0.06094825640320778
0.15706738829612732, 0.10256239026784897
0.22409969568252563, 0.1640753448009491
0.18483811616897583, 0.13300073146820068
0.2013969123363495, 0.08976611495018005
0.17425234615802765, 0.07189808040857315
0.17302323877811432, 0.12476497888565063
0.14349795877933502, 0.10336413979530334
0.17927034199237823, 0.08072010427713394
0.16470803320407867, 0.05954735353589058
0.16053660213947296, 0.0717170238494873
0.19357994198799133, 0.0773761197924614
0.17943619191646576, 0.08702625334262848
0.18421941995620728, 0.09823806583881378
0.17494399845600128, 0.07800515741109848
0.2023962289094925, 0.11097963154315948
0.17104099690914154, 0.07513602823019028
0.16798105835914612, 0.12768857181072235
0.19773612916469574, 0.10843433439731598
0.1743863821029663, 0.07880417257547379
0.18044790625572205, 0.08193502575159073
0.18843412399291992, 0.1043027937412262
0.13109076023101807, 0.06391418725252151
0.13485996425151825, 0.06490544229745865
0.15681453049182892, 0.07709485292434692
0.13370759785175323, 0.08014434576034546
0.18425299227237701, 0.09770217537879944
0.20047493278980255, 0.10575632005929947
0.16019082069396973, 0.0867348462343216
0.1464664489030838, 0.08541612327098846
0.16139934957027435, 0.07161244004964828
0.13857339322566986, 0.06329288333654404
0.19866374135017395, 0.09303952008485794
0.16440469026565552, 0.07687181234359741
0.16786836087703705, 0.09042216092348099
0.15164372324943542, 0.08019028604030609
0.14680162072181702, 0.07523924857378006
0.12170937657356262, 0.038213182240724564
0.14482422173023224, 0.09632682800292969
0.20088708400726318, 0.15796387195587158
0.19972704350948334, 0.11378408223390579
0.1566065102815628, 0.09124791622161865
0.15364982187747955, 0.07802940905094147
0.17883551120758057, 0.08160366117954254
0.1347852349281311, 0.08382237702608109
0.11245415359735489, 0.07138962298631668
0.14044597744941711, 0.10207001119852066
0.24290615320205688, 0.11718574166297913
0.22229313850402832, 0.11531081795692444
0.18230178952217102, 0.07879890501499176
0.160871222615242, 0.08550453931093216
0.16010375320911407, 0.07307234406471252
0.1635310798883438, 0.10679459571838379
0.15886491537094116, 0.055083826184272766
0.15354806184768677, 0.07555371522903442
0.16578532755374908, 0.10038824379444122
0.14349432289600372, 0.07977449893951416
0.16671694815158844, 0.08341473340988159
0.20790262520313263, 0.07818756252527237
0.17223381996154785, 0.12243952602148056
0.19920285046100616, 0.09395197778940201
0.15861433744430542, 0.05622975900769234
0.2047823816537857, 0.12484286725521088
0.15752676129341125, 0.05292563512921333
0.14713282883167267, 0.06911144405603409
0.18881233036518097, 0.08455300331115723
0.16641761362552643, 0.0968519002199173
0.18473370373249054, 0.1306578516960144
0.1435340791940689, 0.07786137610673904
0.21375460922718048, 0.11686506122350693
0.16775840520858765, 0.08508960157632828
0.10832343250513077, 0.057647623121738434
0.15445926785469055, 0.08350016176700592
0.14484341442584991, 0.07474102824926376
0.14769136905670166, 0.08708292990922928
0.15803022682666779, 0.14933505654335022
0.18142254650592804, 0.10955897718667984
0.1737816035747528, 0.10163707286119461
0.17552079260349274, 0.10036750137805939
0.11672855913639069, 0.05071769654750824
0.16133113205432892, 0.082637719810009
0.17261527478694916, 0.10153207927942276
0.16140682995319366, 0.07242719829082489
0.1376017928123474, 0.07592607289552689
0.16880352795124054, 0.09602728486061096
0.15923069417476654, 0.07494962215423584
0.16240264475345612, 0.07765991240739822
0.1615205854177475, 0.06764912605285645
0.12982767820358276, 0.07530936598777771
0.1380060464143753, 0.07501647621393204
0.1761799454689026, 0.12233832478523254
0.1840594857931137, 0.10132855921983719
0.1409613937139511, 0.07149948179721832
0.15578527748584747, 0.09612050652503967
0.12810318171977997, 0.10718739777803421
0.16990557312965393, 0.0981735959649086
0.1784093827009201, 0.08522804826498032
0.206319198012352, 0.10272642225027084
0.18541821837425232, 0.12184829264879227
0.2094230055809021, 0.07561693340539932
0.1864224225282669, 0.10565614700317383
0.15400707721710205, 0.08427232503890991
0.12986022233963013, 0.06644758582115173
0.1338934749364853, 0.059643469750881195
0.1417577713727951, 0.08712641149759293
0.14751631021499634, 0.08187887072563171
0.16198092699050903, 0.09061431884765625
0.20095916092395782, 0.11661845445632935
0.16211743652820587, 0.0695820078253746
0.17130550742149353, 0.09097672998905182
0.15010865032672882, 0.08425503224134445
0.15630197525024414, 0.058770935982465744
0.14941608905792236, 0.08172702044248581
0.14424680173397064, 0.08320271968841553
0.16863605380058289, 0.09534289687871933
0.1684766411781311, 0.09202440828084946
0.14343085885047913, 0.08157171308994293
0.15767458081245422, 0.11082770675420761
0.15329644083976746, 0.08167682588100433
0.17239180207252502, 0.08834867179393768
0.14277096092700958, 0.07456691563129425
0.14136327803134918, 0.08912333101034164
0.16275520622730255, 0.08880147337913513
0.11911608278751373, 0.05694067105650902
0.21015872061252594, 0.12918074429035187
0.18187671899795532, 0.0863252729177475
0.16401195526123047, 0.09441199898719788
0.12987883388996124, 0.06990934163331985
0.16254283487796783, 0.11979380249977112
0.1677217185497284, 0.07666974514722824
0.13509878516197205, 0.06378086656332016
0.13773728907108307, 0.0695953518152237
0.136006161570549, 0.08963695913553238
0.17469578981399536, 0.09586379677057266
0.11647338420152664, 0.04575794190168381
0.15711736679077148, 0.09051507711410522
0.1693510115146637, 0.07379364967346191
0.1296965628862381, 0.08290963619947433
0.19693946838378906, 0.1238216757774353
0.18392705917358398, 0.07282741367816925
0.17693467438220978, 0.09658550471067429
0.11451756954193115, 0.05138477310538292
0.14750783145427704, 0.09399314969778061
0.11893493682146072, 0.05059312283992767
0.20025303959846497, 0.1312684267759323
0.16927340626716614, 0.0554560162127018
0.22101743519306183, 0.13627034425735474
0.1803540587425232, 0.08510172367095947
0.1555832177400589, 0.07052984833717346
0.15789338946342468, 0.08072010427713394
0.15636759996414185, 0.08482387661933899
0.17015500366687775, 0.08276787400245667
0.13137352466583252, 0.05494105443358421
0.1285254955291748, 0.07959432899951935
0.14866825938224792, 0.09005885571241379
0.13808995485305786, 0.07489250600337982
0.1107601448893547, 0.05001340061426163
0.15488103032112122, 0.09913341701030731
0.15439167618751526, 0.059890538454055786
0.1261938363313675, 0.06371133029460907
0.1713925451040268, 0.10181425511837006
0.14535436034202576, 0.07630501687526703
0.23870354890823364, 0.11430694162845612
0.19803056120872498, 0.1276136040687561
0.18838341534137726, 0.10099757462739944
0.11265219748020172, 0.06211158260703087
0.15717078745365143, 0.0706496462225914
0.12026946991682053, 0.05945663899183273
0.1397748738527298, 0.05357970669865608
0.17364011704921722, 0.06998511403799057
0.13649672269821167, 0.0566757433116436
0.14181798696517944, 0.03888942301273346
0.1486494392156601, 0.07476737350225449
0.21417801082134247, 0.12861360609531403
0.1582202911376953, 0.06115351989865303
0.16055376827716827, 0.08277751505374908
0.16482418775558472, 0.08999292552471161
0.1631096452474594, 0.08398345857858658
0.1596532016992569, 0.08609228581190109
0.1797870546579361, 0.0670773908495903
0.1628175526857376, 0.07200683653354645
0.13603806495666504, 0.0772656723856926
0.11643689125776291, 0.07366953790187836
0.11728836596012115, 0.057673707604408264
0.16654139757156372, 0.16467848420143127
0.17949791252613068, 0.048491112887859344
0.15633408725261688, 0.0816895142197609
0.19742055237293243, 0.10173270851373672
0.19113557040691376, 0.0975615456700325
0.17432962357997894, 0.08878614008426666
0.19289857149124146, 0.07547226548194885
0.15307816863059998, 0.07016957551240921
0.17623412609100342, 0.09684789180755615
0.15233930945396423, 0.09829504787921906
0.12372990697622299, 0.06444080173969269
0.12164586037397385, 0.05190196633338928
0.12503942847251892, 0.06742134690284729
0.11222165077924728, 0.03707871213555336
0.13877466320991516, 0.06272443383932114
0.12871505320072174, 0.08798615634441376
0.14234034717082977, 0.10412564873695374
0.13160009682178497, 0.06932564824819565
0.11945855617523193, 0.06390202045440674
0.1437356323003769, 0.059398844838142395
0.15091297030448914, 0.09163498878479004
0.10613397508859634, 0.06910865008831024
0.15374132990837097, 0.11247817426919937
0.12670598924160004, 0.031935349106788635
0.14751417934894562, 0.09069225192070007
0.13492731750011444, 0.05848286673426628
0.13259191811084747, 0.0673484206199646
0.17535947263240814, 0.09179482609033585
0.12073245644569397, 0.04482719674706459
0.13198889791965485, 0.07673372328281403
0.12525486946105957, 0.06735563278198242
0.15139158070087433, 0.07562187314033508
0.1280953586101532, 0.0841050073504448
0.14348800480365753, 0.07007432729005814
0.22401192784309387, 0.10828880220651627
0.17306847870349884, 0.0946364775300026
0.16992005705833435, 0.1194574385881424
0.19028276205062866, 0.09822424501180649
0.17136454582214355, 0.08260150998830795
0.22628498077392578, 0.0946626216173172
0.16653399169445038, 0.05910500884056091
0.1312665492296219, 0.061085622757673264
0.19017046689987183, 0.1116589903831482
0.1630753129720688, 0.07102053612470627
0.15333415567874908, 0.07613527029752731
0.14908772706985474, 0.05454690009355545
0.13453637063503265, 0.040821678936481476
0.16536389291286469, 0.0773712694644928
0.15326610207557678, 0.09484462440013885
0.13570022583007812, 0.06145787984132767
0.11877427995204926, 0.05734056234359741
0.14483821392059326, 0.08585408329963684
0.20480377972126007, 0.0865790918469429
0.15705913305282593, 0.09882131218910217
0.12493211776018143, 0.062112707644701004
0.15474356710910797, 0.07570342719554901
0.17165781557559967, 0.08285907655954361
0.16490529477596283, 0.07197222858667374
0.14104467630386353, 0.050967853516340256
0.14210523664951324, 0.08055447787046432
0.12742860615253448, 0.0636453703045845
0.15031778812408447, 0.0741518959403038
0.1777922511100769, 0.09129591286182404
0.1591026335954666, 0.062321893870830536
0.1118551641702652, 0.06271138042211533
0.12651042640209198, 0.06631043553352356
0.10992204397916794, 0.06352408975362778
0.16857127845287323, 0.05712416395545006
0.15123112499713898, 0.08044221997261047
0.17395615577697754, 0.07688124477863312
0.1547096073627472, 0.08147037774324417
0.15171736478805542, 0.09367844462394714
0.15710893273353577, 0.06972888112068176
0.1739075928926468, 0.09729527682065964
0.14403745532035828, 0.0840802788734436
0.15498271584510803, 0.0525374598801136
0.14344508945941925, 0.07761222869157791
0.12080229818820953, 0.051491882652044296
0.13856308162212372, 0.0673803761601448
0.17100848257541656, 0.15003050863742828
0.14871211349964142, 0.07829749584197998
0.19490303099155426, 0.08815649151802063
0.14984579384326935, 0.08092118799686432
0.17476603388786316, 0.12272727489471436
0.1826903522014618, 0.10843697190284729
0.17954809963703156, 0.11117599159479141
0.15129490196704865, 0.07146983593702316
0.16502328217029572, 0.08676847815513611
0.1827312856912613, 0.112172432243824
0.1871781349182129, 0.09458591043949127
0.18265706300735474, 0.10086477547883987
0.1725466251373291, 0.0815560594201088
0.13797883689403534, 0.06786732375621796
0.1431974619626999, 0.09176717698574066
0.17904779314994812, 0.11121231317520142
0.17155981063842773, 0.07424593716859818
0.15844660997390747, 0.057976722717285156
0.1368260681629181, 0.05539892613887787
0.11785098165273666, 0.048645734786987305
0.1634446084499359, 0.11580035835504532
0.13279588520526886, 0.060837481170892715
0.13755494356155396, 0.06129873916506767
0.12803418934345245, 0.053082387894392014
0.13982267677783966, 0.06468859314918518
0.13077327609062195, 0.07228321582078934
0.14089567959308624, 0.0962974801659584
0.12148209661245346, 0.06533551961183548
0.1023329421877861, 0.0648602843284607
0.15869726240634918, 0.11985772848129272
0.1361888349056244, 0.06602628529071808
0.11214307695627213, 0.05558958277106285
0.14033667743206024, 0.08054963499307632
0.16221432387828827, 0.08766361325979233
0.1841064691543579, 0.10796139389276505
0.1791866272687912, 0.08278863877058029
0.11574922502040863, 0.060394395142793655
0.11112519353628159, 0.0655330941081047
0.12464005500078201, 0.08327754586935043
0.15962859988212585, 0.08802111446857452
0.1277507096529007, 0.07184009253978729
0.11941871792078018, 0.05997488275170326
0.141837939620018, 0.07203441113233566
0.14996375143527985, 0.0678723081946373
0.1495744287967682, 0.08358308672904968
0.08584310114383698, 0.04501987248659134
0.14127278327941895, 0.08483891934156418
0.13850539922714233, 0.055826857686042786
0.12986813485622406, 0.059228479862213135
0.12372738867998123, 0.050097253173589706
0.1284416764974594, 0.0604151152074337
0.13653704524040222, 0.09278903901576996
0.14527645707130432, 0.07170059531927109
0.1090993732213974, 0.05317586660385132
0.11737985163927078, 0.059511151164770126
0.10491747409105301, 0.06845132261514664
0.11167534440755844, 0.05822763219475746
0.1411619931459427, 0.0804288238286972
0.15617330372333527, 0.08857034891843796
0.13795970380306244, 0.07365094125270844
0.13231834769248962, 0.07713661342859268
0.14072945713996887, 0.08015646040439606
0.1526273638010025, 0.06709118187427521
0.1259009689092636, 0.06252381205558777
0.11056172102689743, 0.04246039316058159
0.12557823956012726, 0.06063142418861389
0.15218757092952728, 0.07103182375431061
0.15765151381492615, 0.08730100095272064
0.11698423326015472, 0.049651358276605606
0.11318625509738922, 0.05342189595103264
0.1318449229001999, 0.09453944116830826
0.17230243980884552, 0.04761617258191109
0.14103738963603973, 0.09021774679422379
0.15261153876781464, 0.07350947707891464
0.13894298672676086, 0.07139953970909119
0.13896504044532776, 0.07335343211889267
0.14473570883274078, 0.051265545189380646
0.14234454929828644, 0.08995634317398071
0.1531796157360077, 0.07901733368635178
0.12391560524702072, 0.058539021760225296
0.1141451895236969, 0.04805293679237366
0.09545306861400604, 0.03101160004734993
0.10740956664085388, 0.056414809077978134
0.13589054346084595, 0.04615412652492523
0.12336266040802002, 0.08766882866621017
0.10780557245016098, 0.04263957589864731
0.10845168679952621, 0.039446983486413956
0.1021004170179367, 0.045787595212459564
0.08309032768011093, 0.0366840697824955
0.09748705476522446, 0.05696076154708862
0.08647023141384125, 0.037363044917583466
0.09625659137964249, 0.05038967728614807
0.09584864974021912, 0.047868046909570694
0.1249871626496315, 0.06374900788068771
0.11767140030860901, 0.051918886601924896
0.14075060188770294, 0.10280649363994598
0.12852661311626434, 0.06436928361654282
0.14596208930015564, 0.04692036658525467
0.10429660230875015, 0.03260328248143196
0.12337120622396469, 0.0499490387737751
0.10550028830766678, 0.043840426951646805
0.08579394966363907, 0.039890944957733154
0.0977729931473732, 0.045563261955976486
0.1017364040017128, 0.05120575800538063
0.15346644818782806, 0.04981868341565132
0.11427737772464752, 0.06418417394161224
0.08402321487665176, 0.0469641238451004
0.09901493787765503, 0.030304813757538795
0.11687265336513519, 0.053000252693891525
0.10089728981256485, 0.04620790854096413
0.08679429441690445, 0.03159887343645096
0.09172981232404709, 0.03426382690668106
0.1269201785326004, 0.07355716079473495
0.09350332617759705, 0.047514766454696655
0.08841291815042496, 0.03650474548339844
0.09782009571790695, 0.03980899229645729
0.11217120289802551, 0.0424363799393177
0.07524958997964859, 0.025995558127760887
0.09078341722488403, 0.045219771564006805
0.09320516139268875, 0.030610956251621246
0.08716322481632233, 0.02910456620156765
0.12081176787614822, 0.07280939072370529
0.1404850333929062, 0.050537459552288055
0.12724506855010986, 0.09280116111040115
0.16802816092967987, 0.06628627330064774
0.148979052901268, 0.05251624062657356
0.1790415197610855, 0.07770035415887833
0.1209331527352333, 0.051392391324043274
0.12740270793437958, 0.07213781028985977
0.15156547725200653, 0.06608395278453827
0.12400221824645996, 0.062415268272161484
0.1874811202287674, 0.08334450423717499
0.13804295659065247, 0.04511527344584465
0.15870581567287445, 0.07246677577495575
0.1501816213130951, 0.05246143788099289
0.12115863710641861, 0.05101636424660683
0.09983094036579132, 0.037420809268951416
0.1830640435218811, 0.08721542358398438
0.1895636022090912, 0.08968581259250641
0.15745684504508972, 0.09626450389623642
0.11117177456617355, 0.03956740349531174
0.12626397609710693, 0.059728171676397324
0.13911226391792297, 0.050431687384843826
0.18078939616680145, 0.0689685046672821
0.1737406849861145, 0.08161474019289017
0.17060226202011108, 0.0519268736243248
0.1274150013923645, 0.05224939063191414
0.13034509122371674, 0.04296336695551872
0.14402592182159424, 0.06391286104917526
0.1432420313358307, 0.05253175273537636
0.16280597448349, 0.050107505172491074
0.12858398258686066, 0.05846666917204857
0.11217162758111954, 0.04450591281056404
0.08751818537712097, 0.028861599043011665
0.1182815209031105, 0.035930171608924866
0.1115027517080307, 0.04190882667899132
0.11746435612440109, 0.03499967232346535
0.08430616557598114, 0.034396469593048096
0.10976842045783997, 0.05020546540617943
0.11431417614221573, 0.05037102848291397
0.1042972207069397, 0.04384995251893997
0.11717833578586578, 0.04410805553197861
0.0941421389579773, 0.043668344616889954
0.1325487643480301, 0.05013882368803024
0.0869009718298912, 0.026399603113532066
0.10870210081338882, 0.045969150960445404
0.11364907771348953, 0.0456087552011013
0.11406045407056808, 0.03524630144238472
0.12535324692726135, 0.05434432998299599
0.13099975883960724, 0.07089591026306152
0.09743516892194748, 0.036265820264816284
0.08697115629911423, 0.028225688263773918
0.10897371917963028, 0.056297849863767624
0.12220021337270737, 0.046762820333242416
0.12998801469802856, 0.051204316318035126
0.11359977722167969, 0.04257408156991005
0.11715277284383774, 0.04924502596259117
0.09070146828889847, 0.034442972391843796
0.09381065517663956, 0.052301764488220215
0.09351224452257156, 0.03420310094952583
0.13524310290813446, 0.050352614372968674
0.11770480126142502, 0.048404548317193985
0.12162228673696518, 0.05864188075065613
0.17384092509746552, 0.0636691302061081
0.17534717917442322, 0.07105319947004318
0.16412879526615143, 0.06464584171772003
0.13219650089740753, 0.06744686514139175
0.09493283927440643, 0.032196566462516785
0.11144808679819107, 0.035576775670051575
0.10754681378602982, 0.047558754682540894
0.09087096154689789, 0.04443066567182541
0.14357927441596985, 0.06079000607132912
0.12760332226753235, 0.054251398891210556
0.11968229711055756, 0.04363785311579704
0.1133188009262085, 0.045880746096372604
0.0971599668264389, 0.04021840542554855
0.10931091010570526, 0.046266425400972366
0.09271823614835739, 0.036404311656951904
0.09675031900405884, 0.03699509799480438
0.12583069503307343, 0.051527250558137894
0.1322541981935501, 0.03893926367163658
0.09892711788415909, 0.03980052471160889
0.11718694120645523, 0.03438200801610947
0.12393951416015625, 0.05034903436899185
0.15126796066761017, 0.05601508915424347
0.16078884899616241, 0.05989161878824234
0.14306174218654633, 0.06186423450708389
0.1432545930147171, 0.060978539288043976
0.12359528988599777, 0.031875140964984894
0.10061927139759064, 0.029552625492215157
0.10046913474798203, 0.042958687990903854
0.08793211728334427, 0.036798927932977676
0.09983647614717484, 0.04650494083762169
0.1031186506152153, 0.034892737865448
0.11097794771194458, 0.04771164432168007
0.09478161484003067, 0.03413095325231552
0.1014288067817688, 0.035051558166742325
0.10403779149055481, 0.04835512116551399
0.11473091691732407, 0.0365024097263813
0.09319213777780533, 0.04777517542243004
0.08688495308160782, 0.0197844710201025
0.08628518134355545, 0.02797551266849041
0.1034267395734787, 0.03615446761250496
0.10616447776556015, 0.053496915847063065
0.10118617117404938, 0.04568009823560715
0.08645281195640564, 0.02916366420686245
0.09006168693304062, 0.05283669754862785
0.08230632543563843, 0.029391633346676826
0.15149934589862823, 0.08375141024589539
0.12387917190790176, 0.05317937582731247
0.11243481189012527, 0.061512336134910583
0.1328616589307785, 0.052509427070617676
0.13297131657600403, 0.057601362466812134
0.09169484674930573, 0.04085559770464897
0.07918184995651245, 0.025708308443427086
0.09518209099769592, 0.04429011046886444
0.10403504222631454, 0.046304382383823395
0.10730991512537003, 0.04844189062714577
0.1434994488954544, 0.06489260494709015
0.10924121737480164, 0.03821945935487747
0.1068158820271492, 0.039819177240133286
0.09941074252128601, 0.04127207770943642
0.08995982259511948, 0.03636765480041504
0.10045336186885834, 0.04205441474914551
0.07741095870733261, 0.02003498189151287
0.1267530471086502, 0.0849226638674736
0.08777853846549988, 0.03958313539624214
0.13489073514938354, 0.0481577068567276
0.15809319913387299, 0.07805000245571136
0.10001294314861298, 0.04415862262248993
0.12203233689069748, 0.05988133326172829
0.10702023655176163, 0.04807398095726967
0.11230328679084778, 0.0529504120349884
0.09608972072601318, 0.043869730085134506
0.08942882716655731, 0.025993866845965385
0.14302334189414978, 0.04943127930164337
0.11876717209815979, 0.05510573834180832
0.10144969075918198, 0.053105805069208145
0.10677629709243774, 0.0572323352098465
0.12192155420780182, 0.05179968848824501
0.10764702409505844, 0.03290390968322754
0.10215593129396439, 0.04232500493526459
0.09960127621889114, 0.04986665025353432
0.10323404520750046, 0.041106607764959335
0.09998122602701187, 0.03383277356624603
0.0903560221195221, 0.025851299986243248
0.1025463193655014, 0.042222410440444946
0.0749276876449585, 0.02675594575703144
0.10101912915706635, 0.06140868738293648
0.15386517345905304, 0.039749063551425934
0.09449858963489532, 0.035918690264225006
0.08857221901416779, 0.03107488714158535
0.1051921620965004, 0.04711775481700897
0.12338270246982574, 0.0621546246111393
0.09824909269809723, 0.0408661775290966
0.1422794759273529, 0.042572181671857834
0.11871881037950516, 0.03690561652183533
0.0782351866364479, 0.035789694637060165
0.07995251566171646, 0.024735139682888985
0.09292758256196976, 0.036500830203294754
0.09817793220281601, 0.03883661329746246
0.09031537920236588, 0.035255152732133865
0.08377042412757874, 0.03309943899512291
0.09495886415243149, 0.0443972647190094
0.13521234691143036, 0.09969618916511536
0.14457127451896667, 0.06249925121665001
0.14332041144371033, 0.05234060436487198
0.12534908950328827, 0.05877873674035072
0.09388097375631332, 0.036843784153461456
0.07907693833112717, 0.02936382219195366
0.1015508770942688, 0.04462301358580589
0.0969974622130394, 0.04230092465877533
0.09415867179632187, 0.038413386791944504
0.0838896855711937, 0.034858476370573044
0.08912556618452072, 0.049225594848394394
0.15592841804027557, 0.06816596537828445
0.10628924518823624, 0.059250641614198685
0.08303462713956833, 0.025928419083356857
0.11942366510629654, 0.04808514937758446
0.13907675445079803, 0.04977179691195488
0.10403697937726974, 0.03845585882663727
0.12701384723186493, 0.05204039812088013
0.10670147091150284, 0.04423657804727554
0.13764020800590515, 0.04935876280069351
0.13030683994293213, 0.030055012553930283
0.09296922385692596, 0.041750241070985794
0.09854336082935333, 0.038082707673311234
0.13329073786735535, 0.060186054557561874
0.09940817207098007, 0.03289433941245079
0.09571300446987152, 0.04458881914615631
0.10387859493494034, 0.03355620801448822
0.14395301043987274, 0.0581597238779068
0.15270091593265533, 0.06180654838681221
0.08174554258584976, 0.030259229242801666
0.12086520344018936, 0.08262763917446136
0.1798202097415924, 0.06652174144983292
0.1344367116689682, 0.05403196066617966
0.11620349436998367, 0.0380181260406971
0.09298878908157349, 0.022781461477279663
0.12200482934713364, 0.05285907909274101
0.09357962757349014, 0.04036753997206688
0.07216225564479828, 0.025467893108725548
0.08710739761590958, 0.027307450771331787
0.08837916702032089, 0.03050863929092884
0.08733730763196945, 0.022832587361335754
0.08313070982694626, 0.03760987147688866
0.09086108207702637, 0.027149897068738937
0.10320230573415756, 0.056441206485033035
0.08168787509202957, 0.030453912913799286
0.08855777233839035, 0.03339589014649391
0.10488629341125488, 0.03895336017012596
0.12918952107429504, 0.050750330090522766
0.13512831926345825, 0.04968170076608658
0.13401199877262115, 0.04568688943982124
0.11494807153940201, 0.04881089925765991
0.08576778322458267, 0.034110262989997864
0.0965130403637886, 0.03600212559103966
0.09455280005931854, 0.038280535489320755
0.0910138413310051, 0.03349866718053818
0.08177346736192703, 0.026579074561595917
0.10187836736440659, 0.027778619900345802
0.10448483377695084, 0.03857196494936943
0.0692823976278305, 0.025691010057926178
0.11555341631174088, 0.052949219942092896
0.1100383847951889, 0.0312897264957428
0.11461257934570312, 0.05654715746641159
0.09349048137664795, 0.03388431668281555
0.10275691747665405, 0.04725293070077896
0.08408819139003754, 0.029972176998853683
0.10740019381046295, 0.04531354829668999
0.07594133913516998, 0.041870277374982834
0.08939565718173981, 0.03296190872788429
0.08347588777542114, 0.03539401292800903
0.09870372712612152, 0.04881817102432251
0.12414959818124771, 0.05306297913193703
0.11521715670824051, 0.029567481949925423
0.09730499237775803, 0.04805472120642662
0.08844156563282013, 0.03794628754258156
0.09741279482841492, 0.038809776306152344
0.07773242145776749, 0.024597400799393654
0.10397440195083618, 0.042213648557662964
0.10101018100976944, 0.04547850415110588
0.09324685484170914, 0.027030592784285545
0.10319852828979492, 0.03698700666427612
0.0918702706694603, 0.04095584154129028
0.10134318470954895, 0.04095814749598503
0.13511422276496887, 0.05412129685282707
0.13938553631305695, 0.05299341306090355
0.11935797333717346, 0.045344818383455276
0.10890228301286697, 0.05241132900118828
0.11300992965698242, 0.03178742527961731
0.09276754409074783, 0.02035476826131344
0.11240456253290176, 0.047181349247694016
0.14090633392333984, 0.0626138225197792
0.08730991929769516, 0.02613588608801365
0.09011338651180267, 0.04156145825982094
0.09078282117843628, 0.04435136169195175
0.09924757480621338, 0.026539979502558708
0.09083016961812973, 0.045799750834703445
0.10040479153394699, 0.037023019045591354
0.08555647730827332, 0.032489120960235596
0.08665511012077332, 0.035275157541036606
0.11006806045770645, 0.04154114052653313
0.09987576305866241, 0.03637688234448433
0.12331024557352066, 0.054618291556835175
0.10441688448190689, 0.04653004929423332
0.08318976312875748, 0.04269293323159218
0.09711985290050507, 0.03795347735285759
0.11323370039463043, 0.04069226235151291
0.10504716634750366, 0.03496522828936577
0.10401388257741928, 0.03601567819714546
0.14430348575115204, 0.05395602062344551
0.1095183789730072, 0.04044867679476738
0.0947912335395813, 0.03483625128865242
0.07415882498025894, 0.033388711512088776
0.08456166833639145, 0.029138552024960518
0.0883985161781311, 0.03696231544017792
0.11446990072727203, 0.03335835039615631
0.08541913330554962, 0.03811952471733093
0.07603392750024796, 0.032564468681812286
0.09353161603212357, 0.04319319501519203
0.08055096119642258, 0.04490077868103981
0.09761060029268265, 0.0468689389526844
0.09217497706413269, 0.031700849533081055
0.09026753157377243, 0.03827710077166557
0.08582087606191635, 0.02562243491411209
0.09176477044820786, 0.05039307847619057
0.10052785277366638, 0.028930770233273506
0.11574146896600723, 0.03370397537946701
0.0863860622048378, 0.0336063951253891
0.07260958105325699, 0.025154437869787216
0.09898032248020172, 0.0384022556245327
0.11152602732181549, 0.03357691690325737
0.08373319357633591, 0.03725006431341171
0.07942766696214676, 0.038174740970134735
0.07986324280500412, 0.04160761833190918
0.08291416615247726, 0.025768838822841644
0.08571934700012207, 0.047721561044454575
0.07394809275865555, 0.023700518533587456
0.09188269078731537, 0.03805910795927048
0.06139181926846504, 0.023645171895623207
0.13289515674114227, 0.06456854194402695
0.08137424290180206, 0.026377616450190544
0.07341358065605164, 0.0262221097946167
0.07361648231744766, 0.03022906370460987
0.09161399304866791, 0.04450337216258049
0.10243920981884003, 0.03627167269587517
0.10813458263874054, 0.030199332162737846
0.09055816382169724, 0.03507409244775772
0.09650939702987671, 0.04872967302799225
0.12985502183437347, 0.07985047996044159
0.09358300268650055, 0.044679369777441025
0.09425055235624313, 0.039392873644828796
0.0795537605881691, 0.03146139159798622
0.07459309697151184, 0.032570723444223404
0.0975647121667862, 0.03498535975813866
0.11885549128055573, 0.06353411078453064
0.11460436880588531, 0.040746234357357025
0.11941777169704437, 0.04988648369908333
0.10055460035800934, 0.03277958184480667
0.088569775223732, 0.0361030139029026
0.10306213796138763, 0.04329267516732216
0.09708401560783386, 0.03546149656176567
0.06568416208028793, 0.02935568429529667
0.07554985582828522, 0.02699684537947178
0.08608491718769073, 0.02369200810790062
0.10004135966300964, 0.041941575706005096
0.12424865365028381, 0.05414609983563423
0.0725020095705986, 0.024764958769083023
0.07105289399623871, 0.031570520251989365
0.08622145652770996, 0.030423913151025772
0.10449061542749405, 0.06536855548620224
0.08795282989740372, 0.03368079662322998
0.09764276444911957, 0.047996003180742264
0.07876059412956238, 0.027287421748042107
0.07309677451848984, 0.02975565753877163
0.10930853337049484, 0.02717449888586998
0.13480110466480255, 0.07101735472679138
0.10237506031990051, 0.0520552359521389
0.09819680452346802, 0.03732999786734581
0.08838587999343872, 0.018256429582834244
0.08313663303852081, 0.050109948962926865
0.07516027987003326, 0.03241126984357834
0.093011774122715, 0.033510491251945496
0.12672272324562073, 0.050522323697805405
0.10265784710645676, 0.03731722757220268
0.10213195532560349, 0.04033885896205902
0.08718469738960266, 0.0223954226821661
0.06882431358098984, 0.025371044874191284
0.09344778209924698, 0.028677159920334816
0.10723569989204407, 0.05112401023507118
0.07938160002231598, 0.03732519596815109
0.08886640518903732, 0.03551016002893448
0.08744339644908905, 0.0336601622402668
0.07890887558460236, 0.03510000929236412
0.08810528367757797, 0.03520936518907547
0.0882444977760315, 0.042756546288728714
0.09148070961236954, 0.04093151539564133
0.08907011151313782, 0.043562985956668854
0.07621082663536072, 0.023123981431126595
0.10542350262403488, 0.03345245495438576
0.09203041344881058, 0.026236241683363914
0.10189781337976456, 0.03215412423014641
0.08508656919002533, 0.033436380326747894
0.07372593879699707, 0.02294985204935074
0.08894045650959015, 0.04922688007354736
0.09483175724744797, 0.03279481828212738
0.08136177808046341, 0.033386074006557465
0.08749287575483322, 0.03583033010363579
0.13433773815631866, 0.05527820065617561
0.12982453405857086, 0.06370102614164352
0.09704176336526871, 0.034563321620225906
0.11258179694414139, 0.04107695817947388
0.10263682156801224, 0.04318824037909508
0.06462526321411133, 0.025733184069395065
0.07223086059093475, 0.03046022355556488
0.06956856697797775, 0.03458116576075554
0.08227451145648956, 0.022413602098822594
0.08931342512369156, 0.03950457647442818
0.0859120562672615, 0.03017551824450493
0.07893943786621094, 0.03715105727314949
0.08545827120542526, 0.025192761793732643
0.08792610466480255, 0.03620949387550354
0.08165822178125381, 0.033279117196798325
0.06766889989376068, 0.028583407402038574
0.082778699696064, 0.025625232607126236
0.08442986011505127, 0.03329728916287422
0.10322920978069305, 0.03368417173624039
0.08607801795005798, 0.043104950338602066
0.10309780389070511, 0.05005914345383644
0.12183616310358047, 0.03391799330711365
0.10059857368469238, 0.026616672053933144
0.07590502500534058, 0.031915728002786636
0.08951874822378159, 0.03713059797883034
0.06845269352197647, 0.02906184270977974
0.08069739490747452, 0.03492720425128937
0.09885943681001663, 0.04379703477025032
0.09949030727148056, 0.040556278079748154
0.07300467789173126, 0.022755537182092667
0.08042194694280624, 0.02198203094303608
0.07555513083934784, 0.03218698129057884
0.11340752989053726, 0.05779844895005226
0.11064795404672623, 0.06659355759620667
0.1419016420841217, 0.05844280496239662
0.11212678998708725, 0.045477692037820816
0.11291825771331787, 0.03655887767672539
0.10173820704221725, 0.036779653280973434
0.10093103349208832, 0.04376779869198799
0.08643659204244614, 0.031115341931581497
0.09682036191225052, 0.031534116715192795
0.08095709979534149, 0.033176109194755554
0.08193033188581467, 0.0302959606051445
0.0786181315779686, 0.03557153418660164
0.08962207287549973, 0.045085757970809937
0.07881908863782883, 0.031676311045885086
0.09480041265487671, 0.03047940321266651
0.09023863822221756, 0.034312427043914795
0.06718286871910095, 0.02304951660335064
0.06517062336206436, 0.02271985076367855
0.07158713787794113, 0.029077425599098206
0.07788799703121185, 0.029336245730519295
0.0769464299082756, 0.030094275251030922
0.06617352366447449, 0.025717265903949738
0.06323942542076111, 0.01750287041068077
0.08678865432739258, 0.037830810993909836
0.07199539244174957, 0.03177601844072342
0.07348443567752838, 0.031808041036129
0.07359737902879715, 0.01939653977751732
0.09800946712493896, 0.030478328466415405
0.07755182683467865, 0.037344854325056076
0.0662584975361824, 0.030821431428194046
0.08012782037258148, 0.041790757328271866
0.07333442568778992, 0.025808976963162422
0.06400559097528458, 0.027449149638414383
0.08106131106615067, 0.02791580930352211
0.0935761034488678, 0.03477823734283447
0.08646570891141891, 0.03558121249079704
0.07666380703449249, 0.0288115032017231
0.06889103353023529, 0.02869224175810814
0.06239448860287666, 0.022502979263663292
0.06775826960802078, 0.022559646517038345
0.08468053489923477, 0.03373876214027405
0.09003124386072159, 0.03197530284523964
0.07848361879587173, 0.03509894013404846
0.08100541681051254, 0.048753395676612854
0.09523548930883408, 0.047586116939783096
0.07802381366491318, 0.03482545167207718
0.07126603275537491, 0.02356080524623394
0.06633120030164719, 0.022851811721920967
0.07106174528598785, 0.027515150606632233
