mean, std
0.3297238349914551, 0.018802134320139885
0.3271477520465851, 0.017167558893561363
0.32834795117378235, 0.018705788999795914
0.3246837854385376, 0.015876339748501778
0.3257018029689789, 0.01600721850991249
0.32768917083740234, 0.018200207501649857
0.32734835147857666, 0.017710233107209206
0.3270152807235718, 0.02657366171479225
0.32368746399879456, 0.021160077303647995
0.31952235102653503, 0.019876278936862946
0.30549779534339905, 0.027737094089388847
0.2595829963684082, 0.02378218248486519
0.19346287846565247, 0.0109763965010643
0.17651204764842987, 0.013678589835762978
0.17157840728759766, 0.013257560320198536
0.1673724502325058, 0.010766569525003433
0.1669502705335617, 0.012174861505627632
0.16531915962696075, 0.011953654699027538
0.16552279889583588, 0.016532855108380318
0.164862722158432, 0.011897214688360691
0.16427665948867798, 0.012873107567429543
0.16456301510334015, 0.011111493222415447
0.1636938899755478, 0.01092594489455223
0.16405807435512543, 0.011656665243208408
0.16472336649894714, 0.010828869417309761
0.16484640538692474, 0.0108394306153059
0.16507546603679657, 0.011936244554817677
0.1643293797969818, 0.00938042439520359
0.16486194729804993, 0.012214183807373047
0.1642070859670639, 0.014264908619225025
0.165128692984581, 0.01095589529722929
0.16494037210941315, 0.012050565332174301
0.16412994265556335, 0.011798462830483913
0.16459441184997559, 0.013158123940229416
0.16369673609733582, 0.013665802776813507
0.16400572657585144, 0.015677964314818382
0.16393348574638367, 0.01460716687142849
0.1634768545627594, 0.013246722519397736
0.1641208678483963, 0.013520720414817333
0.16441142559051514, 0.008304380811750889
0.1640031486749649, 0.011159521527588367
0.16427557170391083, 0.011789659038186073
0.16536803543567657, 0.012219714000821114
0.1638932228088379, 0.01313756499439478
0.16471858322620392, 0.013155076652765274
0.16317160427570343, 0.017680414021015167
0.16387972235679626, 0.01228395290672779
0.16515648365020752, 0.011672290042042732
0.16401278972625732, 0.013430966064333916
0.16457736492156982, 0.008714419789612293
0.16433097422122955, 0.012702440842986107
0.16345980763435364, 0.016529696062207222
0.1635105311870575, 0.014473038725554943
0.16431529819965363, 0.012056559324264526
0.16452057659626007, 0.011557630263268948
0.16465525329113007, 0.01288833748549223
0.16437236964702606, 0.010922534391283989
0.16443319618701935, 0.013602512888610363
0.16524870693683624, 0.010621297173202038
0.16463738679885864, 0.013179168105125427
0.16386611759662628, 0.011799924075603485
0.1651892066001892, 0.009836528450250626
0.16502182185649872, 0.012555197812616825
0.1647930145263672, 0.011467122472822666
0.16511549055576324, 0.011446898803114891
0.1644243597984314, 0.01436797995120287
0.1644093543291092, 0.010734496638178825
0.16409577429294586, 0.015936080366373062
0.1646072417497635, 0.009259475395083427
0.16369132697582245, 0.013278686441481113
0.16358456015586853, 0.01305123046040535
0.1644625961780548, 0.010538913309574127
0.16467250883579254, 0.013500778004527092
0.16332437098026276, 0.01046779565513134
0.16508184373378754, 0.010586148127913475
0.1644192487001419, 0.010875716805458069
0.16466401517391205, 0.010166372172534466
0.16410128772258759, 0.0138156209141016
0.16448824107646942, 0.013234618119895458
0.1646323949098587, 0.011988533660769463
0.1640283316373825, 0.00897649209946394
0.16409313678741455, 0.013935978524386883
0.1634497195482254, 0.012451988644897938
0.16298015415668488, 0.015942838042974472
0.16447460651397705, 0.013127586804330349
0.1641218513250351, 0.011934694834053516
0.1638195812702179, 0.015705591067671776
0.16321274638175964, 0.014099372550845146
0.16543897986412048, 0.009985147975385189
0.16527363657951355, 0.013439806178212166
0.16440169513225555, 0.01160869188606739
0.1648896187543869, 0.014479943551123142
0.16494403779506683, 0.011813096702098846
0.163707435131073, 0.009702117182314396
0.1634214073419571, 0.015565533190965652
0.1652974933385849, 0.008887975476682186
0.1644565463066101, 0.011558709666132927
0.1649933010339737, 0.009583860635757446
0.16409163177013397, 0.013676275499165058
0.1645677238702774, 0.010804452002048492
0.1646379977464676, 0.009723251685500145
0.16377277672290802, 0.009717384353280067
0.16518540680408478, 0.013938967138528824
0.1643969863653183, 0.007347064558416605
0.16424010694026947, 0.010289519093930721
0.16421209275722504, 0.016641417518258095
0.16459979116916656, 0.010353303514420986
0.1642621010541916, 0.007331517059355974
0.16342318058013916, 0.01113882940262556
0.16404278576374054, 0.011522063985466957
0.16378428041934967, 0.00936051458120346
0.16362029314041138, 0.014852022752165794
0.16376493871212006, 0.012660724110901356
0.16389164328575134, 0.011642354540526867
0.16412335634231567, 0.014857087284326553
0.1648332178592682, 0.014320735819637775
0.1639280617237091, 0.012424582615494728
0.16352634131908417, 0.017399553209543228
0.16576556861400604, 0.013321460224688053
0.16500000655651093, 0.015197273343801498
0.16380207240581512, 0.010928524658083916
0.16494561731815338, 0.0151101378723979
0.1643606424331665, 0.015794748440384865
0.1641501933336258, 0.013474974781274796
0.1641017496585846, 0.010785398073494434
0.16377657651901245, 0.010739946737885475
0.16418680548667908, 0.011196217499673367
0.1634638011455536, 0.009441863745450974
0.1640244722366333, 0.01562319602817297
0.16322536766529083, 0.012357384897768497
0.1641424000263214, 0.010744701139628887
0.1643616408109665, 0.0135507732629776
0.16452045738697052, 0.013207981362938881
0.1642107516527176, 0.01169581152498722
0.16403312981128693, 0.012910132296383381
0.16464371979236603, 0.01123119331896305
0.1643466055393219, 0.015053017996251583
0.16345766186714172, 0.014680390246212482
0.164006307721138, 0.011365805752575397
0.16523541510105133, 0.007516173645853996
0.1637296974658966, 0.01476221438497305
0.1639530211687088, 0.018665285781025887
0.16387201845645905, 0.01268809661269188
0.16435034573078156, 0.011328350752592087
0.16394171118736267, 0.014941081404685974
0.16497977077960968, 0.011061185970902443
0.16359591484069824, 0.01114500593394041
0.16394320130348206, 0.0152573948726058
0.163837268948555, 0.012899830937385559
0.16412292420864105, 0.013159442692995071
0.1628226488828659, 0.01649734005331993
0.1643546223640442, 0.012460797093808651
0.16436327993869781, 0.011043763719499111
0.16488154232501984, 0.010540793649852276
0.1632700115442276, 0.015669407323002815
0.16482260823249817, 0.011775501072406769
0.16414640843868256, 0.012569695711135864
0.1650860756635666, 0.015643415972590446
0.16283507645130157, 0.014552788808941841
0.16479437053203583, 0.009148890152573586
0.16381007432937622, 0.012184420600533485
0.16369158029556274, 0.01090179942548275
0.16494061052799225, 0.013081314042210579
0.16344961524009705, 0.01478151511400938
0.1646697074174881, 0.012997698038816452
0.1636870950460434, 0.01696757599711418
0.1640438437461853, 0.012430557981133461
0.16287384927272797, 0.012570507824420929
0.1631655991077423, 0.013588651083409786
0.16415226459503174, 0.011629116721451283
0.1655392199754715, 0.010746493004262447
0.16422343254089355, 0.015445402823388577
0.16373851895332336, 0.0128914974629879
0.16344034671783447, 0.012978505343198776
0.16447047889232635, 0.011445803567767143
0.16444461047649384, 0.013884873129427433
0.1649305671453476, 0.016242289915680885
0.16314959526062012, 0.01229514367878437
0.16415488719940186, 0.011713565327227116
0.16295559704303741, 0.00949094071984291
0.16364355385303497, 0.011000623926520348
0.1625654250383377, 0.0161582138389349
0.16319219768047333, 0.014735398814082146
0.16265492141246796, 0.014881541952490807
0.1660563200712204, 0.007643586490303278
0.16350963711738586, 0.010741349309682846
0.16265858709812164, 0.011594811454415321
0.16362863779067993, 0.013336754404008389
0.16491292417049408, 0.012761459685862064
0.16449099779129028, 0.009126839227974415
0.16390086710453033, 0.012821926735341549
0.16507016122341156, 0.012198046781122684
0.1644132286310196, 0.010311785154044628
0.1636977195739746, 0.011237035505473614
0.1654098778963089, 0.01232694461941719
0.16425186395645142, 0.01289769820868969
0.16412678360939026, 0.012372449040412903
0.16381119191646576, 0.01154386904090643
0.1653902679681778, 0.012771480716764927
0.16371075809001923, 0.012273668311536312
0.16410546004772186, 0.014652008190751076
0.163675919175148, 0.011223443783819675
0.16403591632843018, 0.010599068365991116
0.16333746910095215, 0.01288655400276184
0.16468678414821625, 0.009668954648077488
0.16469086706638336, 0.009718386456370354
0.16377784311771393, 0.011967587284743786
0.1643988937139511, 0.012521903030574322
0.1644275188446045, 0.013081931509077549
0.1635226458311081, 0.014274294488132
0.16421930491924286, 0.010689887218177319
0.1641455739736557, 0.011110416613519192
0.16345630586147308, 0.01692664436995983
0.16433200240135193, 0.01152998860925436
0.1629486083984375, 0.014968237839639187
0.16213621199131012, 0.009598013013601303
0.164451003074646, 0.012089165858924389
0.16326020658016205, 0.010908148251473904
0.16348907351493835, 0.011698812246322632
0.16372771561145782, 0.01104519609361887
0.16275012493133545, 0.014067544601857662
0.16287465393543243, 0.016962530091404915
0.16353923082351685, 0.009949356317520142
0.16410639882087708, 0.010408611968159676
0.16245698928833008, 0.009129174053668976
0.16383512318134308, 0.013501478359103203
0.16467319428920746, 0.011673509143292904
0.16334208846092224, 0.013926043175160885
0.16358952224254608, 0.010060755535960197
0.16264472901821136, 0.01221450325101614
0.16347987949848175, 0.008035746403038502
0.1629106104373932, 0.015297756530344486
0.16379694640636444, 0.011103853583335876
0.1631469577550888, 0.010790850035846233
0.16404300928115845, 0.012013872154057026
0.1633506566286087, 0.013622825965285301
0.1632976084947586, 0.01143394410610199
0.16370387375354767, 0.010456015355885029
0.1629735678434372, 0.01337851956486702
0.1640220433473587, 0.008667437359690666
0.16428691148757935, 0.010371986776590347
0.1625719666481018, 0.011440543457865715
0.16394579410552979, 0.011333441361784935
0.1627705842256546, 0.012071453966200352
0.16522382199764252, 0.010851334780454636
0.16412900388240814, 0.011851128190755844
0.16333921253681183, 0.01268464233726263
0.1634186953306198, 0.011780999600887299
0.16367527842521667, 0.011338925920426846
0.1632770150899887, 0.012191638350486755
0.16400845348834991, 0.014561792835593224
0.16387633979320526, 0.011807575821876526
0.16278229653835297, 0.013014882802963257
0.16423538327217102, 0.014227092266082764
0.16462650895118713, 0.014611560851335526
0.1643979549407959, 0.010149123147130013
0.1637689620256424, 0.01004503108561039
0.16332019865512848, 0.015570512041449547
0.1639115959405899, 0.010143840685486794
0.16279758512973785, 0.014999876730144024
0.16326668858528137, 0.008764345198869705
0.16411253809928894, 0.012536563910543919
0.16424782574176788, 0.011635774746537209
0.16260646283626556, 0.010655270889401436
0.16301119327545166, 0.01304281409829855
0.16326887905597687, 0.013688214123249054
0.16331510245800018, 0.01130283996462822
0.16443753242492676, 0.012377587147057056
0.16422004997730255, 0.01098430622369051
0.1640957146883011, 0.01392661314457655
0.16366104781627655, 0.014083446934819221
0.16338922083377838, 0.01194461714476347
0.1619376838207245, 0.016657734289765358
0.1633269488811493, 0.01024528406560421
0.16390123963356018, 0.011425405740737915
0.1634870171546936, 0.009136478416621685
0.16409891843795776, 0.010350793600082397
0.16313906013965607, 0.01093385461717844
0.16362258791923523, 0.012421935796737671
0.16398760676383972, 0.010393146425485611
0.16311606764793396, 0.013015839271247387
0.16369876265525818, 0.012953698635101318
0.16424556076526642, 0.009410396218299866
0.16332998871803284, 0.011730161495506763
0.16314683854579926, 0.010213888250291348
0.16375459730625153, 0.010804624296724796
0.16266146302223206, 0.009141931310296059
0.1630435734987259, 0.012783517129719257
0.16337712109088898, 0.01229025423526764
0.16267122328281403, 0.015559997409582138
0.1637400984764099, 0.01080656610429287
0.16292855143547058, 0.012714548967778683
0.16317550837993622, 0.01001119427382946
0.16332195699214935, 0.01355657260864973
0.16346757113933563, 0.009690887294709682
0.16338951885700226, 0.010786419734358788
0.16419264674186707, 0.013217585161328316
0.16296803951263428, 0.008293816819787025
0.16270722448825836, 0.010281403549015522
0.16224706172943115, 0.011218813247978687
0.163662850856781, 0.006364733446389437
0.16375420987606049, 0.010886981151998043
0.16135455667972565, 0.010851717554032803
0.16365957260131836, 0.013147762045264244
0.16251933574676514, 0.015266994945704937
0.16325318813323975, 0.009280039928853512
0.16318973898887634, 0.013734104111790657
0.16378657519817352, 0.008747264742851257
0.16410991549491882, 0.013691523112356663
0.16390474140644073, 0.0078103127889335155
0.16288931667804718, 0.00986425206065178
0.1626628190279007, 0.010016508400440216
0.16262412071228027, 0.015365060418844223
0.16257815062999725, 0.008455133065581322
0.1624985784292221, 0.01415033545345068
0.16406922042369843, 0.007339970208704472
0.16327962279319763, 0.013055098243057728
0.1632651835680008, 0.013647733256220818
0.16346700489521027, 0.01141154021024704
0.16277115046977997, 0.012709883973002434
0.16297751665115356, 0.011184158734977245
0.16300785541534424, 0.011732107028365135
0.1638261377811432, 0.015477292239665985
0.1632734090089798, 0.011629953049123287
0.1634039729833603, 0.012632956728339195
0.16365070641040802, 0.012250600382685661
0.16297265887260437, 0.016392583027482033
0.16318927705287933, 0.011368648149073124
0.16288532316684723, 0.013897783122956753
0.16332070529460907, 0.010722015053033829
0.1633160561323166, 0.013040625490248203
0.163162499666214, 0.008043547160923481
0.16369889676570892, 0.01146994810551405
0.16259396076202393, 0.00902909878641367
0.1624765843153, 0.01143985241651535
0.16354815661907196, 0.01141965389251709
0.16282662749290466, 0.01277876365929842
0.16346116364002228, 0.009078883565962315
0.16317786276340485, 0.013547382317483425
0.16257111728191376, 0.013665537349879742
0.16150112450122833, 0.013816498219966888
0.1632455736398697, 0.012513277120888233
0.16273194551467896, 0.009554264135658741
0.16103607416152954, 0.012478596530854702
0.16247081756591797, 0.011538021266460419
0.16275012493133545, 0.011942245066165924
0.16211196780204773, 0.013688720762729645
0.16317297518253326, 0.010456371121108532
0.16250979900360107, 0.01258287113159895
0.16195109486579895, 0.012641108594834805
0.16308408975601196, 0.009433909319341183
0.16147755086421967, 0.012658365070819855
0.1630043238401413, 0.009880511090159416
0.1622651219367981, 0.013076304458081722
0.16311708092689514, 0.01258988305926323
0.1618265062570572, 0.01401575654745102
0.16272982954978943, 0.01399992685765028
0.1629929393529892, 0.015002156607806683
0.16246718168258667, 0.01234433427453041
0.16220635175704956, 0.013240085914731026
0.16208530962467194, 0.007761824876070023
0.16150972247123718, 0.013549908064305782
0.1624636948108673, 0.014804019592702389
0.16248413920402527, 0.009642661549150944
0.16307799518108368, 0.01133644487708807
0.16245676577091217, 0.010582181625068188
0.16270481050014496, 0.01487228088080883
0.16206231713294983, 0.009851830080151558
0.16179533302783966, 0.011979750357568264
0.16236788034439087, 0.008161532692611217
0.1627493053674698, 0.015712322667241096
0.16282065212726593, 0.013219603337347507
0.1635422259569168, 0.009828452952206135
0.16248080134391785, 0.012904061935842037
0.16256946325302124, 0.012419418431818485
0.16291794180870056, 0.010027742013335228
0.16152963042259216, 0.01115832757204771
0.16223253309726715, 0.013373863883316517
0.16211853921413422, 0.01129363663494587
0.16202004253864288, 0.016257109120488167
0.16215872764587402, 0.012414813041687012
0.1619243323802948, 0.013956050388514996
0.1635531783103943, 0.00825602374970913
0.16147935390472412, 0.012991375289857388
0.1622157096862793, 0.015418751165270805
0.16296085715293884, 0.01125368382781744
0.16156311333179474, 0.010196203365921974
0.1628025621175766, 0.01315323356539011
0.1623407006263733, 0.01331137865781784
0.16212594509124756, 0.010755430907011032
0.16252751648426056, 0.013024690560996532
0.16285227239131927, 0.012682721950113773
0.16233521699905396, 0.01145490724593401
0.16189785301685333, 0.017098549753427505
0.1622495800256729, 0.008725453168153763
0.16194528341293335, 0.011399969458580017
0.16175587475299835, 0.014474800787866116
0.16298457980155945, 0.015441415831446648
0.16314421594142914, 0.01124008372426033
0.16274286806583405, 0.012381680309772491
0.16230835020542145, 0.014667488634586334
0.1615666151046753, 0.012806004844605923
0.16201151907444, 0.013748706318438053
0.16193035244941711, 0.01144404150545597
0.16224023699760437, 0.011734049767255783
0.1611485332250595, 0.018753042444586754
0.16202855110168457, 0.011707390658557415
0.16151240468025208, 0.012067228555679321
0.16257676482200623, 0.011832569725811481
0.16210328042507172, 0.017464682459831238
0.15944834053516388, 0.010542000643908978
0.16284595429897308, 0.007263561710715294
0.162430077791214, 0.010777272284030914
0.1617063581943512, 0.01405677292495966
0.16188021004199982, 0.00854246411472559
0.15968558192253113, 0.010806466452777386
0.16172923147678375, 0.01230450440198183
0.16060686111450195, 0.012483910657465458
0.1612236648797989, 0.01178484782576561
0.16074304282665253, 0.011802490800619125
0.16086234152317047, 0.012838581576943398
0.16051749885082245, 0.010426349006593227
0.16116167604923248, 0.013623553328216076
0.15978188812732697, 0.007869907654821873
0.1604551374912262, 0.010979441925883293
0.16004128754138947, 0.011660829186439514
0.15950924158096313, 0.012845942750573158
0.15941353142261505, 0.010922213084995747
0.15962661802768707, 0.012360448949038982
0.16044151782989502, 0.010112009942531586
0.15985792875289917, 0.00958262663334608
0.16079574823379517, 0.014771786518394947
0.1604364663362503, 0.014774810522794724
0.160535529255867, 0.013294068165123463
0.15989691019058228, 0.013512383215129375
0.15992961823940277, 0.01086391694843769
0.1602165699005127, 0.011958287097513676
0.16063173115253448, 0.013260072097182274
0.16130633652210236, 0.013670938089489937
0.16000714898109436, 0.01324098277837038
0.15930600464344025, 0.012025020085275173
0.16010713577270508, 0.01190060656517744
0.16017736494541168, 0.009844135493040085
0.15889640152454376, 0.015147541649639606
0.15979203581809998, 0.012089205905795097
0.16026748716831207, 0.012562842108309269
0.16105541586875916, 0.012270593084394932
0.16077838838100433, 0.01233125664293766
0.15926308929920197, 0.009759306907653809
0.15936677157878876, 0.013545303605496883
0.15994928777217865, 0.011202155612409115
0.16058549284934998, 0.009545506909489632
0.15857428312301636, 0.01260130014270544
0.15979188680648804, 0.012841623276472092
0.16013716161251068, 0.013417864218354225
0.15918466448783875, 0.01270600687712431
0.1593053936958313, 0.012443887069821358
0.16085191071033478, 0.009250394068658352
0.1582733690738678, 0.01096798200160265
0.15920978784561157, 0.009693218395113945
0.15821295976638794, 0.01122260931879282
0.15855394303798676, 0.01267766859382391
0.16062253713607788, 0.008042261004447937
0.16082444787025452, 0.011926185339689255
0.1588801145553589, 0.011006060987710953
0.16007573902606964, 0.012260237708687782
0.15904600918293, 0.01159574743360281
0.1591215282678604, 0.014076034538447857
0.15875732898712158, 0.012385313399136066
0.15915174782276154, 0.013436478562653065
0.15857736766338348, 0.01293942891061306
0.15882140398025513, 0.013497035950422287
0.158707857131958, 0.009474807418882847
0.15905191004276276, 0.014912514016032219
0.15867015719413757, 0.011682800948619843
0.15874119102954865, 0.014030663296580315
0.15954841673374176, 0.01696573942899704
0.15938954055309296, 0.011774003505706787
0.15880665183067322, 0.010615603998303413
0.15833742916584015, 0.012773060239851475
0.15851333737373352, 0.012967103160917759
0.15925873816013336, 0.013302749022841454
0.1596335917711258, 0.014832232147455215
0.15999449789524078, 0.010623954236507416
0.15950807929039001, 0.008345240727066994
0.15868817269802094, 0.012893694452941418
0.15913869440555573, 0.0132577670738101
0.15855176746845245, 0.014383194036781788
0.1597282439470291, 0.010304644703865051
0.15772755444049835, 0.012104677967727184
0.158884197473526, 0.01481032744050026
0.15942732989788055, 0.013903255574405193
0.1586470603942871, 0.011416831985116005
0.15954218804836273, 0.014999095350503922
0.1599472165107727, 0.010165495797991753
0.1595640331506729, 0.01256080623716116
0.15823562443256378, 0.010580639354884624
0.16020695865154266, 0.012722407467663288
0.15949411690235138, 0.009637401439249516
0.1589318811893463, 0.011873669922351837
0.15959173440933228, 0.010184378363192081
0.15935660898685455, 0.013830075971782207
0.15931041538715363, 0.010905059054493904
0.15943051874637604, 0.01575448550283909
0.1602068543434143, 0.010283957235515118
0.1598174273967743, 0.012282850220799446
0.15884460508823395, 0.01203786302357912
0.15937070548534393, 0.013233877718448639
0.16005246341228485, 0.009843803010880947
0.15970654785633087, 0.009851733222603798
0.15818165242671967, 0.013767227530479431
0.1585952192544937, 0.014723163098096848
0.15903718769550323, 0.012087131850421429
0.1596125215291977, 0.012449352070689201
0.1590086966753006, 0.01386017631739378
0.15807123482227325, 0.014677307568490505
0.15837331116199493, 0.015211930498480797
0.15991799533367157, 0.010314268060028553
0.1590053290128708, 0.013385835103690624
0.1590900421142578, 0.01409793272614479
0.15857183933258057, 0.015450116246938705
0.15849387645721436, 0.015431876294314861
0.15920178592205048, 0.012045440264046192
0.1592431515455246, 0.013961303979158401
0.15913523733615875, 0.014278379268944263
0.15903101861476898, 0.013736606575548649
0.15882065892219543, 0.012326251715421677
0.158528134226799, 0.012853197753429413
0.15901263058185577, 0.009791627526283264
0.15970318019390106, 0.010922936722636223
0.1590549498796463, 0.012733034789562225
0.1587676703929901, 0.011832245625555515
0.15796886384487152, 0.013359913602471352
0.16007103025913239, 0.013611510396003723
0.15981806814670563, 0.011901956051588058
0.15882250666618347, 0.012424787506461143
0.15886002779006958, 0.016087746247649193
0.159763365983963, 0.011412514373660088
0.15934202075004578, 0.017834721133112907
0.15957356989383698, 0.011028309352695942
0.15919362008571625, 0.013582012616097927
0.1582207828760147, 0.011418364942073822
0.1588720828294754, 0.012508775107562542
0.15827135741710663, 0.015223202295601368
0.16022031009197235, 0.011995164677500725
0.15983055531978607, 0.009669411927461624
0.15987853705883026, 0.012139875441789627
0.15975162386894226, 0.010321174748241901
0.15884864330291748, 0.013621075078845024
0.15885086357593536, 0.00969681516289711
0.1594613492488861, 0.01128054317086935
0.1595713198184967, 0.011713025160133839
0.15864437818527222, 0.010295738466084003
0.15883058309555054, 0.00946041103452444
0.15940506756305695, 0.010006156750023365
0.15790915489196777, 0.013420673087239265
0.1587260216474533, 0.015084493905305862
0.15915895998477936, 0.015256973914802074
0.15835615992546082, 0.01475356612354517
0.15865395963191986, 0.01185985654592514
0.15895234048366547, 0.010535301640629768
0.15827494859695435, 0.011858252808451653
0.15821154415607452, 0.011632995679974556
0.159225732088089, 0.011014931835234165
0.1594371646642685, 0.009964171797037125
0.15877506136894226, 0.013893885537981987
0.15794821083545685, 0.00992374587804079
0.158528670668602, 0.013732614926993847
0.1581030637025833, 0.009395323693752289
0.15974479913711548, 0.010172263719141483
0.15744292736053467, 0.014046283438801765
0.15868426859378815, 0.009382023476064205
0.15957781672477722, 0.011610182002186775
0.15950483083724976, 0.01168119627982378
0.15789471566677094, 0.013939430937170982
0.15933401882648468, 0.01248782780021429
0.15860703587532043, 0.013146115466952324
0.15840880572795868, 0.013158338144421577
0.1586718112230301, 0.013086231425404549
0.15853871405124664, 0.012037055566906929
0.15897028148174286, 0.01036088727414608
0.1581943929195404, 0.00859778467565775
0.15900859236717224, 0.012116104364395142
0.1589583456516266, 0.009583544917404652
0.15829575061798096, 0.010410427115857601
0.1575384885072708, 0.011540034785866737
0.1587744802236557, 0.01164547260850668
0.1585007756948471, 0.01100830640643835
0.15933969616889954, 0.013040552847087383
0.15932978689670563, 0.013124526478350163
0.1588199883699417, 0.012730455957353115
0.159141406416893, 0.011458327993750572
0.15957362949848175, 0.011512527242302895
0.15888004004955292, 0.010515207424759865
0.15993084013462067, 0.010895834304392338
0.1584501564502716, 0.012606718577444553
0.15809832513332367, 0.01252912450581789
0.15783248841762543, 0.017713166773319244
0.15812458097934723, 0.014290585182607174
0.15959711372852325, 0.011009538546204567
0.1588543951511383, 0.014312170445919037
0.15754087269306183, 0.015780912712216377
0.15938353538513184, 0.012794745154678822
0.15834352374076843, 0.01375728752464056
0.15874016284942627, 0.009712313301861286
0.15961328148841858, 0.012255778536200523
0.15901830792427063, 0.009721986018121243
0.15867775678634644, 0.014133680611848831
0.1586727350950241, 0.010562416166067123
0.15852779150009155, 0.012359848245978355
0.16005797684192657, 0.011488544754683971
0.15851335227489471, 0.014086197130382061
0.15862536430358887, 0.015818685293197632
0.15790851414203644, 0.009860645048320293
0.15849627554416656, 0.010839301161468029
0.15845240652561188, 0.013759750872850418
0.1582595258951187, 0.011522392742335796
0.15762537717819214, 0.012848755344748497
0.1590421050786972, 0.012286502867937088
0.1583082675933838, 0.010591973550617695
0.1578858494758606, 0.008167645893990993
0.15879406034946442, 0.015420719981193542
0.15856173634529114, 0.012119653634727001
0.15857675671577454, 0.016227206215262413
0.15777301788330078, 0.013853324577212334
0.15766961872577667, 0.013021040707826614
0.1593175232410431, 0.013108616694808006
0.15889130532741547, 0.011420384049415588
0.15889115631580353, 0.007554622832685709
0.15819881856441498, 0.013895594514906406
0.15831755101680756, 0.011291206814348698
0.1578568071126938, 0.01506826188415289
0.15923024713993073, 0.014562598429620266
0.15900519490242004, 0.012972025200724602
0.15878862142562866, 0.008951511234045029
0.15896998345851898, 0.010250815190374851
0.1575445979833603, 0.013386831618845463
0.1585739701986313, 0.012777627445757389
0.15910445153713226, 0.013215707615017891
0.15915222465991974, 0.010724116116762161
0.15725594758987427, 0.014111523516476154
0.1586451679468155, 0.012673438526690006
0.1592533141374588, 0.013308222405612469
0.15794411301612854, 0.01571289263665676
0.15946833789348602, 0.013827426359057426
0.15872353315353394, 0.008442787453532219
0.15795950591564178, 0.013564510270953178
0.159115731716156, 0.01239820383489132
0.15846794843673706, 0.015548542141914368
0.15976513922214508, 0.014262067154049873
0.1586727648973465, 0.011239463463425636
0.1577468365430832, 0.014043742790818214
0.15938511490821838, 0.009417000226676464
0.15892358124256134, 0.012581958435475826
0.15773093700408936, 0.014639321714639664
0.15888909995555878, 0.013801760971546173
0.15834753215312958, 0.010842205956578255
0.15886709094047546, 0.010836141183972359
0.15904219448566437, 0.010837865062057972
0.1589358001947403, 0.009423615410923958
0.15798278152942657, 0.01595951057970524
0.1583298295736313, 0.012986108660697937
0.15851415693759918, 0.012097906321287155
0.15819138288497925, 0.010725246742367744
0.15922315418720245, 0.014106428250670433
0.15787085890769958, 0.011198287829756737
0.15825040638446808, 0.014578071422874928
0.15981437265872955, 0.010266534052789211
0.1584671288728714, 0.011338425800204277
0.15936343371868134, 0.011298437602818012
0.1583050787448883, 0.01327717024832964
0.15680630505084991, 0.014016331173479557
0.157989963889122, 0.014241623692214489
0.1591208577156067, 0.014279386028647423
0.15860037505626678, 0.011620480567216873
0.1581411063671112, 0.011680384166538715
0.1586056649684906, 0.010467694140970707
0.15879125893115997, 0.009737902320921421
0.15809689462184906, 0.018066752701997757
0.15726487338542938, 0.014895427972078323
0.1589009016752243, 0.01355175394564867
0.15710994601249695, 0.012350278906524181
0.15935595333576202, 0.012058116495609283
0.1583535075187683, 0.012767713516950607
0.159184530377388, 0.008335504680871964
0.1572628766298294, 0.01541261374950409
0.15786907076835632, 0.012881401926279068
0.15861228108406067, 0.01023819949477911
0.15816530585289001, 0.01146137248724699
0.15856023132801056, 0.01293166633695364
0.15812291204929352, 0.010179423727095127
0.15850830078125, 0.014992904849350452
0.15861156582832336, 0.01698724366724491
0.15767346322536469, 0.014157706871628761
0.1598903387784958, 0.007377034053206444
0.15965981781482697, 0.013817952014505863
0.15859001874923706, 0.011068463325500488
0.159263476729393, 0.010218043811619282
0.15883009135723114, 0.011412153951823711
0.1578422486782074, 0.014750968664884567
0.15902088582515717, 0.010291863232851028
0.15894420444965363, 0.010684650391340256
0.1580161601305008, 0.010899881832301617
0.1584726721048355, 0.011576665565371513
0.1575547754764557, 0.01402946189045906
0.15778930485248566, 0.01491551287472248
0.16011959314346313, 0.013609473593533039
0.1568310409784317, 0.020366059616208076
0.1578270047903061, 0.011642943136394024
0.15806880593299866, 0.009410201571881771
0.15855368971824646, 0.011668503284454346
0.15854282677173615, 0.014294677414000034
0.1585651934146881, 0.011191933415830135
0.15762239694595337, 0.009531635791063309
0.15997563302516937, 0.009040103293955326
0.1600768268108368, 0.010330462828278542
0.1582862287759781, 0.011172495782375336
0.15753264725208282, 0.015367060899734497
0.1577390432357788, 0.010910597629845142
0.1595459133386612, 0.01004245039075613
0.15823963284492493, 0.0131643982604146
0.15793359279632568, 0.013953566551208496
0.1583021730184555, 0.014152065850794315
0.1578495353460312, 0.014334405772387981
0.15822209417819977, 0.014995702542364597
0.15880341827869415, 0.011159549467265606
0.15938211977481842, 0.00997033528983593
0.15845002233982086, 0.009245887398719788
0.15764614939689636, 0.01229139231145382
0.1589878350496292, 0.013496676459908485
0.15950796008110046, 0.012013151310384274
0.15991099178791046, 0.010979363694787025
0.1590174287557602, 0.014168811030685902
0.15761609375476837, 0.013559570536017418
0.15848226845264435, 0.014197712764143944
0.15746596455574036, 0.015939684584736824
0.15751923620700836, 0.017415406182408333
0.15863259136676788, 0.01114411186426878
0.15879115462303162, 0.009490619413554668
0.1587473750114441, 0.010661381296813488
0.15816913545131683, 0.010997561737895012
0.1580478698015213, 0.011738000437617302
0.15861161053180695, 0.012130580842494965
0.15903599560260773, 0.011912701651453972
0.15708400309085846, 0.014340503141283989
0.15803714096546173, 0.00958666205406189
0.15811105072498322, 0.013895812444388866
0.15749700367450714, 0.015392430126667023
0.15876920521259308, 0.012754682451486588
0.1586601436138153, 0.010910249315202236
0.15804727375507355, 0.011060544289648533
0.15820534527301788, 0.013141416944563389
0.15784403681755066, 0.017449121922254562
0.1579214185476303, 0.015054503455758095
0.15889456868171692, 0.014339224435389042
0.15947093069553375, 0.012185628525912762
0.15910232067108154, 0.010341671295464039
0.1588573008775711, 0.011776892468333244
0.15964511036872864, 0.013575716875493526
0.15806396305561066, 0.01321635115891695
0.15850980579853058, 0.011367903091013432
0.15732701122760773, 0.012231500819325447
0.1582927256822586, 0.0094163091853261
0.15912631154060364, 0.012321670539677143
0.1592225283384323, 0.012766304425895214
0.15843991935253143, 0.014500035904347897
0.1577167958021164, 0.013599060475826263
0.1585671454668045, 0.014185975305736065
0.1580915004014969, 0.01418849267065525
0.157609760761261, 0.01115593034774065
0.15755335986614227, 0.012464678846299648
0.1584033966064453, 0.01481604389846325
0.15874703228473663, 0.014334870502352715
0.15859587490558624, 0.012368440628051758
0.15741147100925446, 0.014133215881884098
0.16001221537590027, 0.010163204744458199
0.15861116349697113, 0.013018007390201092
0.15842214226722717, 0.01818693056702614
0.15850548446178436, 0.00886512827128172
0.1580975353717804, 0.013383228331804276
0.15731826424598694, 0.01403721235692501
0.1572398841381073, 0.008973073214292526
0.15840405225753784, 0.009923739358782768
0.15888836979866028, 0.011710705235600471
0.15864118933677673, 0.012140476144850254
0.1574181169271469, 0.015769531950354576
0.15912972390651703, 0.011039307340979576
0.15911029279232025, 0.011280554346740246
0.15774817764759064, 0.010535846464335918
0.15789572894573212, 0.012659118510782719
0.15842090547084808, 0.015154737047851086
0.1573488712310791, 0.013620760291814804
0.15799184143543243, 0.013857081532478333
0.15883155167102814, 0.0119102131575346
0.15869452059268951, 0.013184238225221634
0.15819218754768372, 0.01514284498989582
0.15726736187934875, 0.014579974114894867
0.159072607755661, 0.012118406593799591
0.15837278962135315, 0.012435649521648884
0.1585630178451538, 0.008419048972427845
0.1564023792743683, 0.017682932317256927
0.15757083892822266, 0.011262002401053905
0.158722922205925, 0.007401519455015659
0.15818524360656738, 0.01114017702639103
0.15720005333423615, 0.014371565543115139
0.15875743329524994, 0.013824953697621822
0.15710963308811188, 0.011117140762507915
0.15798789262771606, 0.012761073186993599
0.15743663907051086, 0.012398071587085724
0.1570015251636505, 0.009683951735496521
0.15862929821014404, 0.014003097079694271
0.15814410150051117, 0.016392681747674942
0.15713618695735931, 0.014333797618746758
0.15774160623550415, 0.0129890451207757
0.15843524038791656, 0.011182826943695545
0.15914024412631989, 0.012732956558465958
0.15810227394104004, 0.014428749680519104
0.15865826606750488, 0.014049277640879154
0.15849481523036957, 0.010205959901213646
0.15852554142475128, 0.00944080762565136
0.15689721703529358, 0.01724342070519924
0.15804313123226166, 0.007993959821760654
0.1585341989994049, 0.01288349088281393
0.15776591002941132, 0.014120376668870449
0.1585751622915268, 0.010678403079509735
0.15744204819202423, 0.009460251778364182
0.15813763439655304, 0.011062035337090492
0.1577209085226059, 0.005990882404148579
0.1588517278432846, 0.011804175563156605
0.15867041051387787, 0.014433104544878006
0.15837238729000092, 0.00970772560685873
0.15698905289173126, 0.013549316674470901
0.15820783376693726, 0.01155115943402052
0.15910936892032623, 0.009550068527460098
0.15816278755664825, 0.013482826761901379
0.15836161375045776, 0.01316478755325079
0.15890935063362122, 0.006440858356654644
0.1585891991853714, 0.007857107557356358
0.15719851851463318, 0.010382704436779022
0.15773077309131622, 0.01106951106339693
0.15903574228286743, 0.012802328914403915
0.15817980468273163, 0.01220828015357256
0.1576354056596756, 0.012581072747707367
0.15777400135993958, 0.014707861468195915
0.15771949291229248, 0.011185982264578342
0.15776973962783813, 0.01065339520573616
0.15895074605941772, 0.010395214892923832
0.1583092361688614, 0.010523383505642414
0.1587643176317215, 0.013004066422581673
0.15786801278591156, 0.011902771890163422
0.15796494483947754, 0.011424978263676167
0.15818479657173157, 0.009335591457784176
0.1577114313840866, 0.012085367925465107
0.15809476375579834, 0.014352372847497463
0.15911215543746948, 0.012048730626702309
0.15854470431804657, 0.011137341149151325
0.15815992653369904, 0.01726391725242138
0.15943653881549835, 0.009530765004456043
0.15829290449619293, 0.013303524814546108
0.15821094810962677, 0.012440348044037819
0.15901802480220795, 0.01606002449989319
0.1581236869096756, 0.01270565390586853
0.15910455584526062, 0.013049653731286526
0.15835730731487274, 0.011328359134495258
0.15893122553825378, 0.011424817144870758
0.15751999616622925, 0.011080599389970303
0.1564318835735321, 0.011735337786376476
0.15815086662769318, 0.0130082992836833
0.15803220868110657, 0.012716022320091724
0.15794973075389862, 0.01149695087224245
0.1560305804014206, 0.015913894400000572
0.15776009857654572, 0.009284387342631817
0.15864287316799164, 0.00970813725143671
0.15780340135097504, 0.01484628301113844
0.15876412391662598, 0.01390303485095501
0.15720964968204498, 0.011416802182793617
0.15793263912200928, 0.014795725233852863
0.15776711702346802, 0.014714222401380539
0.15771602094173431, 0.013204747810959816
0.15792499482631683, 0.013569319620728493
0.15866799652576447, 0.011759615503251553
0.1593298316001892, 0.012694768607616425
0.15887756645679474, 0.01111029926687479
0.15808774530887604, 0.011814836412668228
0.15733034908771515, 0.01875593513250351
0.1588146835565567, 0.010259372182190418
0.158360555768013, 0.011731604114174843
0.15863247215747833, 0.010846258141100407
0.15837495028972626, 0.013363194651901722
0.158535435795784, 0.011879855766892433
0.1587733030319214, 0.011160008609294891
0.15795274078845978, 0.011852250434458256
0.15785987675189972, 0.010690021328628063
0.15860889852046967, 0.01418547984212637
0.1567416936159134, 0.01042252779006958
0.1585512012243271, 0.006981334649026394
0.15680381655693054, 0.011890658177435398
0.15885503590106964, 0.01201608031988144
0.15829084813594818, 0.012365754693746567
0.15851931273937225, 0.010572603903710842
0.1588166356086731, 0.013154812157154083
0.15845365822315216, 0.012537509202957153
0.15711413323879242, 0.015604175627231598
0.1584613025188446, 0.013592682778835297
0.15772689878940582, 0.014564854092895985
0.15834102034568787, 0.012828750535845757
0.15726551413536072, 0.01297586690634489
0.1594100147485733, 0.010364580899477005
0.15744808316230774, 0.014498489908874035
0.15724407136440277, 0.011787869036197662
0.1575181931257248, 0.01390926819294691
0.15824046730995178, 0.016366181895136833
0.15758804976940155, 0.010904542170464993
0.15844738483428955, 0.010485433973371983
0.15755493938922882, 0.012778179720044136
0.1577518880367279, 0.012309768237173557
0.1576588898897171, 0.008905685506761074
0.1574428379535675, 0.010021020658314228
0.15914149582386017, 0.009178176522254944
0.1582498997449875, 0.012941633351147175
0.15879443287849426, 0.012094564735889435
0.15688638389110565, 0.015787966549396515
0.1582653969526291, 0.011405386961996555
0.15769976377487183, 0.01318442728370428
0.15883120894432068, 0.009389352053403854
0.15799666941165924, 0.010822341777384281
0.1574476808309555, 0.010385152883827686
0.15779097378253937, 0.01675388775765896
0.15849611163139343, 0.015122797340154648
0.1583285927772522, 0.014536413364112377
0.15823498368263245, 0.013950052671134472
0.15778405964374542, 0.011642435565590858
0.1581072360277176, 0.01119941659271717
0.15853101015090942, 0.014271213673055172
0.15743906795978546, 0.013978535309433937
0.15855532884597778, 0.013391350395977497
0.1583433598279953, 0.012111148796975613
0.1591191589832306, 0.010841147042810917
0.15727421641349792, 0.011688530445098877
0.15875177085399628, 0.011468649841845036
0.15831971168518066, 0.012440904974937439
0.15946555137634277, 0.011722874827682972
0.1579761803150177, 0.014833854511380196
0.15884001553058624, 0.012490198947489262
0.1574862152338028, 0.01238127239048481
0.15878595411777496, 0.011600079946219921
0.15716435015201569, 0.013511553406715393
0.15779903531074524, 0.011659926734864712
0.15846511721611023, 0.012689249590039253
0.15833711624145508, 0.012810399755835533
0.15781794488430023, 0.012154189869761467
0.15854986011981964, 0.009975108318030834
0.1573873907327652, 0.012502641417086124
0.15859420597553253, 0.009865974076092243
0.15767088532447815, 0.012128327041864395
0.15723764896392822, 0.01477076020091772
0.15791824460029602, 0.016449926421046257
0.15745452046394348, 0.009401378221809864
0.15851759910583496, 0.010780956596136093
0.1581638902425766, 0.01638096570968628
0.15784768760204315, 0.01108921691775322
0.1584586203098297, 0.014229905791580677
0.15756723284721375, 0.013779609464108944
0.15928956866264343, 0.007417173590511084
0.15792471170425415, 0.013553226366639137
0.15717968344688416, 0.013028338551521301
0.15735089778900146, 0.014225520193576813
0.15898683667182922, 0.008587606251239777
0.15843234956264496, 0.014025368727743626
0.1573047935962677, 0.0125430291518569
0.157477006316185, 0.010440763086080551
0.1572260856628418, 0.012152943760156631
0.15890464186668396, 0.012412602081894875
0.15755409002304077, 0.013854759745299816
0.158203586935997, 0.010373307392001152
0.15801137685775757, 0.016551997512578964
0.1570960432291031, 0.015429431572556496
0.15766169130802155, 0.01205154974013567
0.1581754833459854, 0.01029298547655344
0.15733113884925842, 0.01210347842425108
0.15828846395015717, 0.011945928446948528
0.15718930959701538, 0.011589797213673592
0.15739747881889343, 0.014342864975333214
0.15693894028663635, 0.011345874518156052
0.1572858989238739, 0.013626224361360073
0.15745648741722107, 0.010004530660808086
0.15674424171447754, 0.016294609755277634
0.15770307183265686, 0.0115859005600214
0.15766775608062744, 0.009256980381906033
0.1575968712568283, 0.012121370062232018
0.15764637291431427, 0.009923269040882587
0.15842226147651672, 0.012547128833830357
0.15688103437423706, 0.010880250483751297
0.15679600834846497, 0.011016017757356167
0.15773141384124756, 0.012465661391615868
0.1584497094154358, 0.01148091908544302
0.1566777527332306, 0.011432376690208912
0.15767605602741241, 0.010759392753243446
0.1576283574104309, 0.009936741553246975
0.157325878739357, 0.010603724978864193
0.15752018988132477, 0.013452896848320961
0.15826071798801422, 0.010473263449966908
0.15739703178405762, 0.011599819175899029
0.1580183357000351, 0.013797083869576454
0.157838836312294, 0.012262222357094288
0.1568203717470169, 0.013894284144043922
0.15696217119693756, 0.010970569215714931
0.1577417552471161, 0.012256910093128681
0.15769816935062408, 0.012179799377918243
0.15706482529640198, 0.010875439271330833
0.15738634765148163, 0.014241219498217106
0.15737299621105194, 0.013793842867016792
0.15715989470481873, 0.011353339068591595
0.15839801728725433, 0.011431588791310787
0.15761427581310272, 0.011222073808312416
0.15715435147285461, 0.007852805778384209
0.15805256366729736, 0.017324192449450493
0.15793265402317047, 0.014776806347072124
0.15718218684196472, 0.012039043940603733
0.15613862872123718, 0.013205030001699924
0.15678420662879944, 0.015085292980074883
0.15762105584144592, 0.01294857356697321
0.1563224345445633, 0.013099691830575466
0.15775029361248016, 0.011816759593784809
0.15739233791828156, 0.016286877915263176
0.15741176903247833, 0.011257175356149673
0.15677575767040253, 0.0164366252720356
0.1569145768880844, 0.009688284248113632
0.1569458693265915, 0.012774677947163582
0.15627296268939972, 0.006491159088909626
0.15684013068675995, 0.009006134234368801
0.1567985564470291, 0.01428461354225874
0.15716557204723358, 0.015082827769219875
0.15755890309810638, 0.011149853467941284
0.1576392948627472, 0.011349862441420555
0.1563829779624939, 0.014587264508008957
0.15659740567207336, 0.0117113646119833
0.15730008482933044, 0.011918284930288792
0.1566891223192215, 0.012449539266526699
0.1570076048374176, 0.012654402293264866
0.15768541395664215, 0.012913444079458714
0.15633568167686462, 0.012867742218077183
0.15718930959701538, 0.015268184244632721
0.15679700672626495, 0.014492479152977467
0.1571582406759262, 0.01757061667740345
0.15731672942638397, 0.010532215237617493
0.15576405823230743, 0.011424853466451168
0.15606436133384705, 0.01248890534043312
0.1570669412612915, 0.012607757933437824
0.15867073833942413, 0.007524621207267046
0.1569041907787323, 0.01116916537284851
0.1574210822582245, 0.010545359924435616
0.15646715462207794, 0.011502677574753761
0.15643537044525146, 0.01589643955230713
0.15370433032512665, 0.016978111118078232
0.154062420129776, 0.012710253708064556
0.15344561636447906, 0.011216821148991585
0.15396897494792938, 0.01199490949511528
0.152006134390831, 0.013641263358294964
0.1532568782567978, 0.011759094893932343
0.1535068303346634, 0.012041354551911354
0.1530061811208725, 0.011544057168066502
0.15312840044498444, 0.01484108529984951
0.1534368246793747, 0.01184157282114029
0.1520475149154663, 0.014268942177295685
0.152174711227417, 0.009893784299492836
0.15360160171985626, 0.01144505850970745
0.15269754827022552, 0.017641134560108185
0.15356022119522095, 0.012307575903832912
0.15254749357700348, 0.013528336770832539
0.15264061093330383, 0.01314131822437048
0.15199030935764313, 0.012807568535208702
0.1514514684677124, 0.013815486803650856
0.15328307449817657, 0.015663297846913338
0.15357035398483276, 0.013472290709614754
0.15340913832187653, 0.011273786425590515
0.15164627134799957, 0.012179953046143055
0.1518430858850479, 0.012504160404205322
0.15359213948249817, 0.013768309727311134
0.15193219482898712, 0.01535179652273655
0.15244659781455994, 0.01628441922366619
0.1530763804912567, 0.01831921562552452
0.15118372440338135, 0.011440090835094452
0.1521117240190506, 0.011370575055480003
0.15255975723266602, 0.014325650408864021
0.15237605571746826, 0.011839006096124649
0.15293240547180176, 0.01026072632521391
0.15179450809955597, 0.011322732083499432
0.152406245470047, 0.010238912887871265
0.15299087762832642, 0.013724355027079582
0.1534484177827835, 0.011852497234940529
0.15228314697742462, 0.01073457207530737
0.1532732993364334, 0.008494392037391663
0.15276673436164856, 0.011037485674023628
0.15303246676921844, 0.013874075375497341
0.15194693207740784, 0.012283037416636944
0.15324972569942474, 0.009092167019844055
0.15235848724842072, 0.012688850983977318
0.15188582241535187, 0.012195536866784096
0.15258972346782684, 0.014577768743038177
0.15186387300491333, 0.009774194099009037
0.1525374799966812, 0.016973789781332016
0.15302592515945435, 0.012611351907253265
0.1524791717529297, 0.01167690847069025
0.15309591591358185, 0.016534991562366486
0.1522422581911087, 0.013206479139626026
0.15310823917388916, 0.016809962689876556
0.1525934785604477, 0.015236428938806057
0.15222220122814178, 0.013296298682689667
0.15250906348228455, 0.011603065766394138
0.1532697230577469, 0.011950144544243813
0.15020985901355743, 0.016003305092453957
0.15238675475120544, 0.01472476776689291
0.15197862684726715, 0.014789626933634281
0.1511595994234085, 0.01484732050448656
0.15162217617034912, 0.012058429419994354
0.15326161682605743, 0.013626797124743462
0.1510845422744751, 0.01306793000549078
0.1513417810201645, 0.0111470278352499
0.15177057683467865, 0.015195942483842373
0.15072306990623474, 0.0133529556915164
0.1521659940481186, 0.01380517054349184
0.15330012142658234, 0.011988463811576366
0.15282420814037323, 0.010876983404159546
0.15204119682312012, 0.015424376353621483
0.1523447185754776, 0.01563992165029049
0.15260758996009827, 0.01056993193924427
0.1517886370420456, 0.014203247614204884
0.15104219317436218, 0.01130240224301815
0.15200334787368774, 0.014954817481338978
0.15292954444885254, 0.013056082651019096
0.15354830026626587, 0.009640060365200043
0.15207748115062714, 0.011395725421607494
0.15103302896022797, 0.012827022932469845
0.15227723121643066, 0.014839514158666134
0.15327522158622742, 0.014397486113011837
0.15216250717639923, 0.011900672689080238
0.15191395580768585, 0.01988173834979534
0.15342387557029724, 0.01113471295684576
0.1515681892633438, 0.011058751493692398
0.15150804817676544, 0.013698871247470379
0.15306706726551056, 0.01284011546522379
0.15297827124595642, 0.01302300114184618
0.152478888630867, 0.011449143290519714
0.15283389389514923, 0.009571877308189869
0.1522880345582962, 0.014041880145668983
0.1529332846403122, 0.011604981496930122
0.15209954977035522, 0.013290699571371078
0.1520577073097229, 0.01303988229483366
0.15245892107486725, 0.011434419080615044
0.15104076266288757, 0.012133259326219559
0.15249736607074738, 0.011193117126822472
0.15234561264514923, 0.012697981670498848
0.15224723517894745, 0.016748089343309402
0.15332944691181183, 0.010575294494628906
0.15255028009414673, 0.013164021074771881
0.152253657579422, 0.012645663693547249
0.15321063995361328, 0.010289426892995834
0.1522991955280304, 0.012859147973358631
0.15090890228748322, 0.013654487207531929
0.15243013203144073, 0.01629559136927128
0.15226180851459503, 0.009640746749937534
0.1518210917711258, 0.01215268112719059
0.15075187385082245, 0.011741355992853642
0.15267904102802277, 0.015724385157227516
0.1510433405637741, 0.010028105229139328
0.15136465430259705, 0.012041373178362846
0.15306635200977325, 0.004218146670609713
0.15221364796161652, 0.013283590786159039
0.1527763158082962, 0.009575700387358665
0.15212282538414001, 0.012380605563521385
0.15250208973884583, 0.018056927248835564
0.1526203602552414, 0.008780411444604397
0.1524636447429657, 0.012387934140861034
0.15317507088184357, 0.012034762650728226
0.1517685055732727, 0.014023206196725368
0.15258480608463287, 0.01624661311507225
0.15279504656791687, 0.01489237230271101
0.1523471176624298, 0.013299357146024704
0.15199537575244904, 0.015237333253026009
0.1530381739139557, 0.010138151235878468
0.152573361992836, 0.00797241274267435
0.15340279042720795, 0.014873243868350983
0.15209610760211945, 0.013445109128952026
0.15274229645729065, 0.009882337413728237
0.1514158993959427, 0.012345260009169579
0.15198145806789398, 0.013241322711110115
0.15232674777507782, 0.014631973579525948
0.15268857777118683, 0.009287587366998196
0.15169988572597504, 0.014892824925482273
0.15169616043567657, 0.01560173463076353
0.15237461030483246, 0.015167049132287502
0.15256129205226898, 0.010748432949185371
0.15160277485847473, 0.01822417974472046
0.15294714272022247, 0.017559465020895004
0.15217985212802887, 0.012843327596783638
0.15283417701721191, 0.015392250381410122
0.15111438930034637, 0.011748897843062878
0.15115012228488922, 0.012275610119104385
0.15244300663471222, 0.00919047649949789
0.15289589762687683, 0.0158424973487854
0.15195544064044952, 0.009965687058866024
0.15175683796405792, 0.013810528442263603
0.15241359174251556, 0.013788636773824692
0.1517695039510727, 0.011227483861148357
0.15289750695228577, 0.01651635207235813
0.15128439664840698, 0.010030979290604591
0.1528509110212326, 0.010405341163277626
0.15111996233463287, 0.011593403294682503
0.1517607718706131, 0.015576842240989208
0.15270715951919556, 0.015408651903271675
0.15193884074687958, 0.012694988399744034
0.15294702351093292, 0.01367966365069151
0.15201926231384277, 0.01543926540762186
0.1526380181312561, 0.010367442853748798
0.15306587517261505, 0.011335681192576885
0.15280607342720032, 0.013442033901810646
0.15243247151374817, 0.015000629238784313
0.1526273638010025, 0.013089731335639954
0.15298110246658325, 0.016083242371678352
0.15142624080181122, 0.015010928735136986
0.15195363759994507, 0.011888211593031883
0.15117070078849792, 0.014173762872815132
0.15181201696395874, 0.00805317610502243
0.15230579674243927, 0.013790114782750607
0.15138204395771027, 0.013748468831181526
0.15229099988937378, 0.01151132583618164
0.15143053233623505, 0.013807148672640324
0.1514318883419037, 0.01701335795223713
0.15170414745807648, 0.015896275639533997
0.15116126835346222, 0.01659981720149517
0.15231412649154663, 0.012911980040371418
0.15292228758335114, 0.01263783685863018
0.1517060399055481, 0.008916601538658142
0.1520291566848755, 0.01231180690228939
0.1523432582616806, 0.011307645589113235
0.15351815521717072, 0.014529820531606674
0.1527814418077469, 0.013580329716205597
0.15195079147815704, 0.01581316813826561
0.15206538140773773, 0.014086071401834488
0.15325890481472015, 0.01381074357777834
0.15209050476551056, 0.012258772738277912
0.15207377076148987, 0.010855033993721008
0.15187354385852814, 0.012498798780143261
0.1531236171722412, 0.01334546972066164
0.15370118618011475, 0.010371713899075985
0.15201301872730255, 0.013765428215265274
0.1517428308725357, 0.01268191821873188
0.15185803174972534, 0.015490719117224216
0.15148675441741943, 0.012186258099973202
0.15200713276863098, 0.011277279816567898
0.15275989472866058, 0.011306277476251125
0.1521085500717163, 0.012506991624832153
0.15283116698265076, 0.01318844873458147
0.1519395411014557, 0.01246790774166584
0.1510532647371292, 0.010576271452009678
0.15244312584400177, 0.012646288610994816
0.15174932777881622, 0.012128839269280434
0.15196891129016876, 0.010471918620169163
0.15219099819660187, 0.0114744259044528
0.15276336669921875, 0.014377500861883163
0.151931494474411, 0.01452354434877634
0.15118512511253357, 0.01477997750043869
0.1525265872478485, 0.014186738058924675
0.15109343826770782, 0.01423198077827692
0.15160219371318817, 0.010949640534818172
0.15149065852165222, 0.014655107632279396
0.15254756808280945, 0.01150500774383545
0.15208858251571655, 0.013942123390734196
0.15160828828811646, 0.012656135484576225
0.15305358171463013, 0.014617448672652245
0.1515953689813614, 0.012369124218821526
0.15327204763889313, 0.01227527391165495
0.15340496599674225, 0.012711849994957447
0.15447425842285156, 0.009887145832180977
0.15136714279651642, 0.016649845987558365
0.15286138653755188, 0.012578247115015984
0.15232132375240326, 0.013197006657719612
0.15316817164421082, 0.007950348779559135
0.1524474322795868, 0.012009821832180023
0.1525612473487854, 0.013469075784087181
0.15094827115535736, 0.009628551080822945
0.15286323428153992, 0.010308653116226196
0.15139742195606232, 0.01208813488483429
0.15219898521900177, 0.01806974783539772
0.15261094272136688, 0.009964276105165482
0.15202605724334717, 0.015645863488316536
0.1515711098909378, 0.01080996822565794
0.15190988779067993, 0.01315360702574253
0.15268507599830627, 0.012447299435734749
0.15212255716323853, 0.008811418898403645
0.1526932269334793, 0.013981036841869354
0.15157482028007507, 0.013934129849076271
0.15293844044208527, 0.01133487094193697
0.15268388390541077, 0.006955680437386036
0.15087448060512543, 0.012915781699120998
0.15246006846427917, 0.015398021787405014
0.15143412351608276, 0.018236100673675537
0.1525404304265976, 0.007592013105750084
0.15178732573986053, 0.014333541505038738
0.15254811942577362, 0.01443256251513958
0.15204668045043945, 0.009162510745227337
0.15212900936603546, 0.010751783847808838
0.15237626433372498, 0.008169194683432579
0.15126784145832062, 0.011709950864315033
0.1526312381029129, 0.01325628999620676
0.15094010531902313, 0.013806452974677086
0.15188837051391602, 0.01338046696037054
0.15261627733707428, 0.010047386400401592
0.1523057073354721, 0.014203783124685287
0.15161430835723877, 0.013746964745223522
0.15253646671772003, 0.014676087535917759
0.15187540650367737, 0.01598132587969303
0.1531551331281662, 0.011327719315886497
0.1527004987001419, 0.01141344290226698
0.1521066129207611, 0.017396777868270874
0.15132607519626617, 0.012525215744972229
0.15179789066314697, 0.015458864159882069
0.15355126559734344, 0.011387364938855171
0.15171968936920166, 0.013736456632614136
0.15276223421096802, 0.012621701695024967
0.1524706929922104, 0.010455964133143425
0.15348000824451447, 0.01061184424906969
0.15115304291248322, 0.014272334054112434
0.15236109495162964, 0.01509401947259903
0.15233561396598816, 0.011581777594983578
0.15242137014865875, 0.009852207265794277
0.15200580656528473, 0.01664319448173046
0.15081390738487244, 0.010104215703904629
0.15170641243457794, 0.014831127598881721
0.1513880342245102, 0.015269692987203598
0.15165358781814575, 0.00942638423293829
0.15152421593666077, 0.014524891041219234
0.152504101395607, 0.01167201530188322
0.1519327014684677, 0.01114897895604372
0.1523033082485199, 0.014317698776721954
0.15149320662021637, 0.013345020823180676
0.1512327790260315, 0.011894225142896175
0.15143142640590668, 0.01455549243837595
0.15306945145130157, 0.013178486377000809
0.15192897617816925, 0.016481811180710793
0.15321533381938934, 0.009006159380078316
0.15184113383293152, 0.01440138928592205
0.15189440548419952, 0.013220182619988918
0.15285943448543549, 0.010177775286138058
0.15265245735645294, 0.014783120714128017
0.1508161574602127, 0.012528090737760067
0.1516774445772171, 0.01332270447164774
0.15197215974330902, 0.011296731419861317
0.1523614525794983, 0.013657024130225182
0.15144409239292145, 0.012273573316633701
0.15212996304035187, 0.012342424131929874
0.15296991169452667, 0.010165100917220116
0.15135380625724792, 0.013111546635627747
0.15226824581623077, 0.012520489282906055
0.15246447920799255, 0.011418350972235203
0.15271681547164917, 0.013349668122828007
0.1525215208530426, 0.012581809423863888
0.15292799472808838, 0.013075930997729301
0.1526745706796646, 0.011513961479067802
0.15224450826644897, 0.012903290800750256
0.1528278887271881, 0.017121879383921623
0.1514933556318283, 0.012840117327868938
0.1529535949230194, 0.013940536417067051
0.15123407542705536, 0.013032411225140095
0.1517179310321808, 0.011717834509909153
0.15241938829421997, 0.015127617865800858
0.15341930091381073, 0.009431002661585808
0.15217435359954834, 0.01196710392832756
0.1533028930425644, 0.008444092236459255
0.15155358612537384, 0.01678888313472271
0.15193086862564087, 0.012015372514724731
0.1513456553220749, 0.013799372129142284
0.15231995284557343, 0.012866225093603134
0.15223023295402527, 0.012983676046133041
0.15225562453269958, 0.009600210003554821
0.15127916634082794, 0.010900960303843021
0.15186040103435516, 0.011833238415420055
0.15259313583374023, 0.013944922015070915
0.1521381288766861, 0.014443716034293175
0.15202267467975616, 0.01214914582669735
0.15132199227809906, 0.016255978494882584
0.1510920375585556, 0.016444994136691093
0.15209972858428955, 0.011268599890172482
0.15218037366867065, 0.008479896001517773
0.15145424008369446, 0.009053748100996017
0.1515382081270218, 0.012559478171169758
0.15200205147266388, 0.01687331683933735
0.15227006375789642, 0.013351193629205227
0.15176662802696228, 0.01051181461662054
0.1512414515018463, 0.013217518106102943
0.15237648785114288, 0.013640077784657478
0.15092115104198456, 0.012123162858188152
0.1522722691297531, 0.014759906567633152
0.15170542895793915, 0.011140253394842148
0.15122821927070618, 0.015586958266794682
0.15239042043685913, 0.012006906792521477
0.15208622813224792, 0.018304748460650444
0.15158523619174957, 0.01575988344848156
0.1510988026857376, 0.013640128076076508
0.1523083746433258, 0.014395029284060001
0.151427760720253, 0.013768752105534077
0.15258385241031647, 0.014593124389648438
0.15082986652851105, 0.00947523396462202
0.15189574658870697, 0.014282811433076859
0.15154039859771729, 0.009831380099058151
0.15239492058753967, 0.01616666465997696
0.1512756049633026, 0.015175748616456985
0.15199072659015656, 0.0108368881046772
0.15258783102035522, 0.010945044457912445
0.15255016088485718, 0.008446130901575089
0.15163810551166534, 0.012024189345538616
0.1502722054719925, 0.020821981132030487
0.1517035961151123, 0.01815829984843731
0.1532161831855774, 0.015404586680233479
0.1523735672235489, 0.014016101136803627
0.15138979256153107, 0.016465796157717705
0.1504938155412674, 0.020296670496463776
0.15299107134342194, 0.010479921475052834
0.15200212597846985, 0.012466090731322765
0.15213514864444733, 0.01420076098293066
0.15288303792476654, 0.010059854947030544
0.15247172117233276, 0.012880975380539894
0.1516004353761673, 0.013986941426992416
0.15233835577964783, 0.014201861806213856
0.1525334268808365, 0.014440913684666157
0.15233242511749268, 0.013049952685832977
0.15230709314346313, 0.012262330390512943
0.15172143280506134, 0.010563626885414124
0.15171842277050018, 0.018214693292975426
0.15128925442695618, 0.013888322748243809
0.15192477405071259, 0.012673946097493172
0.15239788591861725, 0.016587354242801666
0.15267759561538696, 0.008315703831613064
0.15049338340759277, 0.012002876959741116
0.1514432579278946, 0.011182071641087532
0.1519823521375656, 0.013143160380423069
0.15206952393054962, 0.014316262677311897
0.15232065320014954, 0.011312213726341724
0.1530272662639618, 0.016427839174866676
0.1527596265077591, 0.016720451414585114
0.15178991854190826, 0.011587601155042648
0.15326626598834991, 0.0133949164301157
0.15251341462135315, 0.01253587007522583
0.1511896401643753, 0.012772470712661743
0.15187759697437286, 0.014707271941006184
0.15223127603530884, 0.01249435730278492
0.15270838141441345, 0.012648503296077251
0.15177568793296814, 0.014218384400010109
0.15347716212272644, 0.013843109831213951
0.1520022600889206, 0.012764542363584042
0.15221597254276276, 0.013558111153542995
0.15214571356773376, 0.015200654044747353
0.15091080963611603, 0.01473836787045002
0.1516055166721344, 0.01387814525514841
0.15148860216140747, 0.016034936532378197
0.15329813957214355, 0.009269040077924728
0.15282103419303894, 0.011789768934249878
0.15166912972927094, 0.01279153861105442
0.1512918770313263, 0.011318070814013481
0.15231390297412872, 0.012110020965337753
0.1516575664281845, 0.013886922039091587
0.1512686014175415, 0.012466014362871647
0.15168532729148865, 0.01275685615837574
0.15211834013462067, 0.012054726481437683
0.1511748731136322, 0.015279348008334637
0.15232831239700317, 0.010327214375138283
0.1530313342809677, 0.012347896583378315
0.15186449885368347, 0.013401374220848083
0.15008921921253204, 0.020978372544050217
0.15217351913452148, 0.014474937692284584
0.1526314914226532, 0.011060642078518867
0.1523834466934204, 0.012410336174070835
0.15146730840206146, 0.01144495140761137
0.15237176418304443, 0.013698305934667587
0.15146517753601074, 0.015340901911258698
0.15219993889331818, 0.014706344343721867
0.15315154194831848, 0.009536231867969036
0.1519821435213089, 0.013421720825135708
0.15256205201148987, 0.009419247508049011
0.1528380662202835, 0.01016688346862793
0.1511458158493042, 0.008309835568070412
0.15123723447322845, 0.014144391752779484
0.15255488455295563, 0.013683031313121319
0.1517903059720993, 0.013267291709780693
0.15172185003757477, 0.015184647403657436
0.15112784504890442, 0.015308607369661331
0.15195663273334503, 0.015001051127910614
0.15234728157520294, 0.01301728654652834
0.15169335901737213, 0.012751498259603977
0.15152455866336823, 0.012228131294250488
0.1502275913953781, 0.009464447386562824
0.15251368284225464, 0.008115498349070549
0.15259875357151031, 0.01050630584359169
0.15329237282276154, 0.011455624364316463
0.15202344954013824, 0.014330272562801838
0.15219269692897797, 0.014356785453855991
0.1520366221666336, 0.010963455773890018
0.15268711745738983, 0.009642079472541809
0.15131980180740356, 0.015101810917258263
