mean, std
0.1289776712656021, 0.019570067524909973
0.09396976232528687, 0.026405993849039078
0.07608684152364731, 0.012740248814225197
0.06669696420431137, 0.010092096403241158
0.06548173725605011, 0.01340713631361723
0.07613137364387512, 0.0192633755505085
0.06468439102172852, 0.0208426583558321
0.06203198432922363, 0.01117626391351223
0.06186661124229431, 0.016749484464526176
0.057235654443502426, 0.011535173282027245
0.05829108878970146, 0.018770508468151093
0.05966749042272568, 0.016484184190630913
0.06582494080066681, 0.0156298466026783
0.05442030355334282, 0.02474738471210003
0.04962090775370598, 0.010035376995801926
0.05244437977671623, 0.018913352862000465
0.05011032149195671, 0.01549394242465496
0.06040724366903305, 0.014627641998231411
0.050084732472896576, 0.012585795484483242
0.045382678508758545, 0.011250002309679985
0.05122770369052887, 0.010059763677418232
0.04452938586473465, 0.011260719038546085
0.045777201652526855, 0.0090249665081501
0.05418960005044937, 0.01498336810618639
0.053720664232969284, 0.013541904278099537
0.04520707577466965, 0.010991438291966915
0.04854941368103027, 0.012995836324989796
0.05441950261592865, 0.01210025418549776
0.0478372797369957, 0.014854658395051956
0.05245986580848694, 0.018217751756310463
0.05547822639346123, 0.016194896772503853
0.05885815620422363, 0.021272243931889534
0.051334526389837265, 0.019183631986379623
0.051239218562841415, 0.01539017166942358
0.05812477320432663, 0.01720959134399891
0.06129779666662216, 0.018335767090320587
0.05638619512319565, 0.01630103588104248
0.06435641646385193, 0.015317675657570362
0.07448191940784454, 0.034667931497097015
0.07262501120567322, 0.02494349516928196
0.0680055320262909, 0.019595108926296234
0.06169595941901207, 0.02080964669585228
0.07251464575529099, 0.025607457384467125
0.07384897768497467, 0.029000742360949516
0.07086889445781708, 0.019327901303768158
0.06958067417144775, 0.013112824410200119
0.10063066333532333, 0.033264122903347015
0.09766364097595215, 0.0378616526722908
0.09543877840042114, 0.022436736151576042
0.09039898961782455, 0.029749175533652306
0.07480531930923462, 0.022741395980119705
0.08284715563058853, 0.027629859745502472
0.08585872501134872, 0.02923671528697014
0.07553161680698395, 0.02518540620803833
0.07326541841030121, 0.016993150115013123
0.09378857910633087, 0.020089950412511826
0.08885128796100616, 0.03270756080746651
0.07374293357133865, 0.013159416615962982
0.0907733291387558, 0.02691720798611641
0.0708053931593895, 0.015443815849721432
0.10291673988103867, 0.030550803989171982
0.11702170222997665, 0.03749752789735794
0.10479752719402313, 0.032949868589639664
0.09774236381053925, 0.03540825471282005
0.09346374124288559, 0.0311140026897192
0.1274922490119934, 0.03765268623828888
0.10827295482158661, 0.03787323087453842
0.10603436827659607, 0.028457093983888626
0.11949046701192856, 0.02535400725901127
0.09171709418296814, 0.028465325012803078
0.10052485764026642, 0.03429735079407692
0.11712431162595749, 0.02490353211760521
0.1166137158870697, 0.023593004792928696
0.1439298689365387, 0.04765982925891876
0.12589363753795624, 0.029283922165632248
0.11488033831119537, 0.03437058627605438
0.1126241534948349, 0.03922782838344574
0.15026631951332092, 0.04675674065947533
0.1664392352104187, 0.03889944404363632
0.19986741244792938, 0.03169883415102959
0.1549038290977478, 0.0326300673186779
0.13380587100982666, 0.0553116649389267
0.13299530744552612, 0.039894092828035355
0.11749842017889023, 0.039507582783699036
0.10557737946510315, 0.023343170061707497
0.11487019062042236, 0.025654073804616928
0.12962156534194946, 0.03665139898657799
0.11684375256299973, 0.023056810721755028
0.10732319205999374, 0.03334718570113182
0.10741208493709564, 0.02872614935040474
0.09021483361721039, 0.026753097772598267
0.11529038846492767, 0.03739387169480324
0.13377904891967773, 0.03672495484352112
0.11325334012508392, 0.04027843102812767
0.10067599266767502, 0.020842840895056725
0.12380798161029816, 0.03171240910887718
0.1491636484861374, 0.044154755771160126
0.1476098746061325, 0.03317607566714287
0.14806286990642548, 0.03413916751742363
0.133672297000885, 0.03612087666988373
0.14804992079734802, 0.03042118437588215
0.12768428027629852, 0.0370485782623291
0.11836954206228256, 0.030709635466337204
0.10318490117788315, 0.022681554779410362
0.12316079437732697, 0.03044791892170906
0.11528915166854858, 0.04926677793264389
0.14686541259288788, 0.033570796251297
0.12302054464817047, 0.03629516437649727
0.11635907739400864, 0.03671865910291672
0.09339161962270737, 0.03477541729807854
0.1398649960756302, 0.04660585895180702
0.13179700076580048, 0.028386641293764114
0.13242018222808838, 0.031420037150382996
0.10659658908843994, 0.03636270388960838
0.10518908500671387, 0.023174582049250603
0.14103029668331146, 0.06299611926078796
0.15411154925823212, 0.0301593616604805
0.15966585278511047, 0.06039620190858841
0.1640634834766388, 0.06525905430316925
0.16467782855033875, 0.038678091019392014
0.11799632012844086, 0.021382391452789307
0.13614097237586975, 0.05540512502193451
0.1164436936378479, 0.03985689580440521
0.15782076120376587, 0.03926416486501694
0.12452711910009384, 0.04892195016145706
0.11999760568141937, 0.03131674975156784
0.1396762579679489, 0.052982594817876816
0.147197425365448, 0.03336305916309357
0.11872800439596176, 0.04099737107753754
0.14732591807842255, 0.03904728591442108
0.14280347526073456, 0.04502275213599205
0.14390262961387634, 0.029975323006510735
0.1548217535018921, 0.04992976039648056
0.11339755356311798, 0.039185479283332825
0.1431724727153778, 0.026233190670609474
0.12247537076473236, 0.025131449103355408
0.12731635570526123, 0.036706216633319855
0.15657101571559906, 0.04549620300531387
0.1620432436466217, 0.050874222069978714
0.17496970295906067, 0.04780483990907669
0.12612146139144897, 0.02571011893451214
0.10516171902418137, 0.026101285591721535
0.1401527374982834, 0.028147345408797264
0.12001463770866394, 0.033360805362463
0.13549716770648956, 0.03322242945432663
0.12461930513381958, 0.02580728568136692
0.11889863014221191, 0.03436700999736786
0.15871012210845947, 0.04089799150824547
0.16374342143535614, 0.039199888706207275
0.12996870279312134, 0.053216565400362015
0.14174965023994446, 0.055737871676683426
0.13339948654174805, 0.037340227514505386
0.13397333025932312, 0.03356291353702545
0.1569448560476303, 0.03643426299095154
0.14598219096660614, 0.04468843340873718
0.14275503158569336, 0.0318085141479969
0.12338882684707642, 0.04787735268473625
0.16963285207748413, 0.043210506439208984
0.1475593000650406, 0.04394792392849922
0.143926203250885, 0.039990104734897614
0.16821929812431335, 0.05585586652159691
0.16515395045280457, 0.05846397578716278
0.16009379923343658, 0.042909979820251465
0.1292564570903778, 0.055779945105314255
0.13379862904548645, 0.050155095756053925
0.16271504759788513, 0.046984829008579254
0.16769835352897644, 0.04580891504883766
0.13572408258914948, 0.038277026265859604
0.14521899819374084, 0.03994734585285187
0.13191145658493042, 0.031383659690618515
0.16414661705493927, 0.041388239711523056
0.14632152020931244, 0.04348183795809746
0.16896073520183563, 0.045535873621702194
0.112895667552948, 0.03480970859527588
0.15394209325313568, 0.04391539469361305
0.1428452581167221, 0.04630638659000397
0.13616083562374115, 0.04894605278968811
0.1489986628293991, 0.0479741096496582
0.10994654893875122, 0.036808907985687256
0.14117980003356934, 0.04234468191862106
0.1769450157880783, 0.04851895570755005
0.17009180784225464, 0.042356234043836594
0.13009658455848694, 0.03647381812334061
0.13672423362731934, 0.05267602577805519
0.18135499954223633, 0.05083852261304855
0.1699010580778122, 0.03282696381211281
0.14652344584465027, 0.036521974951028824
0.19037747383117676, 0.04370436444878578
0.16880905628204346, 0.03897540271282196
0.16289517283439636, 0.059640802443027496
0.18428373336791992, 0.048234302550554276
0.17097441852092743, 0.05395865440368652
0.15175744891166687, 0.06362754851579666
0.19815413653850555, 0.06999267637729645
0.18377314507961273, 0.03568871319293976
0.18833890557289124, 0.06945200264453888
0.18369697034358978, 0.042190536856651306
0.16778241097927094, 0.06146051734685898
0.1628759503364563, 0.05118022486567497
0.1514926552772522, 0.04147578030824661
0.18125192821025848, 0.040206797420978546
0.19957375526428223, 0.05294433608651161
0.1474585384130478, 0.03342313691973686
0.13591405749320984, 0.02689756639301777
0.1720135658979416, 0.04330652207136154
0.19273051619529724, 0.06307284533977509
0.2033802717924118, 0.05586012452840805
0.21105915307998657, 0.08104457706212997
0.21651721000671387, 0.07396313548088074
0.20123080909252167, 0.0825294628739357
0.1366874724626541, 0.03697403520345688
0.15512911975383759, 0.05230972543358803
0.18205414712429047, 0.058448731899261475
0.1614895910024643, 0.055783871561288834
0.1352386772632599, 0.03869422897696495
0.1569405496120453, 0.05317629501223564
0.1684904545545578, 0.041887588798999786
0.14019060134887695, 0.04380292072892189
0.17336873710155487, 0.055847108364105225
0.22912117838859558, 0.05554948374629021
0.20523357391357422, 0.05498550459742546
0.1571953296661377, 0.0462505966424942
0.16511496901512146, 0.05765727907419205
0.14244142174720764, 0.030844271183013916
0.13266795873641968, 0.05001300573348999
0.14692606031894684, 0.04949899762868881
0.19337348639965057, 0.06173254922032356
0.1979505866765976, 0.06480187177658081
0.1420210748910904, 0.038047872483730316
0.12547104060649872, 0.03261008486151695
0.15089523792266846, 0.04086185246706009
0.15083378553390503, 0.041691020131111145
0.19841036200523376, 0.057857662439346313
0.1629083752632141, 0.04924384504556656
0.13876622915267944, 0.06197914108633995
0.12196855992078781, 0.04072333499789238
0.17792890965938568, 0.04108520224690437
0.17639562487602234, 0.041741080582141876
0.151056706905365, 0.039733003824949265
0.15759217739105225, 0.05327066779136658
0.16662123799324036, 0.05616650730371475
0.14969401061534882, 0.05607780069112778
0.14071430265903473, 0.038972482085227966
0.16884338855743408, 0.05016016587615013
0.13814109563827515, 0.04059606418013573
0.15438610315322876, 0.05976971238851547
0.1741926074028015, 0.03431909531354904
0.19029442965984344, 0.038425005972385406
0.18625053763389587, 0.055239539593458176
0.21404051780700684, 0.04924580454826355
0.18124675750732422, 0.050369832664728165
0.13239435851573944, 0.03430597111582756
0.14248599112033844, 0.03232991695404053
0.15599051117897034, 0.038836073130369186
0.12901440262794495, 0.03578703850507736
0.1567910611629486, 0.03532703220844269
0.1627044379711151, 0.0547226145863533
0.20878225564956665, 0.059907279908657074
0.16108575463294983, 0.054069001227617264
0.12256606668233871, 0.03940650820732117
0.14145497977733612, 0.050255779176950455
0.18681995570659637, 0.03391481563448906
0.16028133034706116, 0.031215300783514977
0.1542680561542511, 0.04332728311419487
0.13933807611465454, 0.04213482141494751
0.2343047559261322, 0.04640483856201172
0.1506544053554535, 0.032932087779045105
0.14815904200077057, 0.041698962450027466
0.1703445017337799, 0.059418052434921265
0.25171491503715515, 0.057739321142435074
0.1713133156299591, 0.06179477646946907
0.1309443861246109, 0.02807135321199894
0.18863517045974731, 0.0644037052989006
0.1962510049343109, 0.06407301872968674
0.1554540991783142, 0.05415710061788559
0.18955421447753906, 0.0435287170112133
0.14600509405136108, 0.05024019628763199
0.15412455797195435, 0.047602470964193344
0.1696990430355072, 0.04733097925782204
0.16484034061431885, 0.03437802195549011
0.2079741209745407, 0.0744851604104042
0.19284223020076752, 0.04067809879779816
0.16509893536567688, 0.04799303412437439
0.15543287992477417, 0.031068898737430573
0.1934022605419159, 0.06585060060024261
0.20786958932876587, 0.04352942481637001
0.18737678229808807, 0.03938161954283714
0.17491808533668518, 0.05005341395735741
0.12676285207271576, 0.029731377959251404
0.1489475518465042, 0.044949814677238464
0.15398409962654114, 0.0451226681470871
0.19105009734630585, 0.04934711381793022
0.21242767572402954, 0.06720317155122757
0.1933380365371704, 0.059858594089746475
0.18138039112091064, 0.03303638473153114
0.20193082094192505, 0.05848973989486694
0.13644275069236755, 0.03978893905878067
0.20196491479873657, 0.06613798439502716
0.2080976963043213, 0.07344269007444382
0.17309825122356415, 0.04757281392812729
0.18343791365623474, 0.05918656289577484
0.18111221492290497, 0.06150614097714424
0.1981411874294281, 0.07021047174930573
0.18558353185653687, 0.06357882171869278
0.1510961353778839, 0.03627845272421837
0.13849398493766785, 0.050324052572250366
0.17100046575069427, 0.04474597051739693
0.2154822051525116, 0.05818745121359825
0.21350209414958954, 0.0672612190246582
0.20442895591259003, 0.05897371098399162
0.13969022035598755, 0.028181374073028564
0.16374751925468445, 0.04577150568366051
0.11859552562236786, 0.034166205674409866
0.14335519075393677, 0.037168048322200775
0.18390560150146484, 0.060462336987257004
0.1904079169034958, 0.04720424860715866
0.19048592448234558, 0.06971379369497299
0.19404461979866028, 0.0768776684999466
0.1734136939048767, 0.048945434391498566
0.19945834577083588, 0.062244828790426254
0.18665578961372375, 0.05148748308420181
0.18324348330497742, 0.0508662685751915
0.18812605738639832, 0.051465872675180435
0.15164834260940552, 0.05890299379825592
0.18244223296642303, 0.06994650512933731
0.1753784865140915, 0.054026875644922256
0.14708630740642548, 0.04147876054048538
0.1547468602657318, 0.04890578240156174
0.1687801331281662, 0.039953481405973434
0.12398790568113327, 0.04215013235807419
0.12254470586776733, 0.04382135719060898
0.16964468359947205, 0.055383771657943726
0.1769191324710846, 0.06338801234960556
0.17184993624687195, 0.0436798557639122
0.2230626940727234, 0.04749319702386856
0.19275125861167908, 0.04243458807468414
0.1993483304977417, 0.07327565550804138
0.16793112456798553, 0.060724567621946335
0.17958097159862518, 0.062466811388731
0.17635148763656616, 0.05719685181975365
0.1358906328678131, 0.05156933516263962
0.1995910406112671, 0.06869904696941376
0.15970490872859955, 0.047941479831933975
0.2068050354719162, 0.06945030391216278
0.15967591106891632, 0.038529038429260254
0.1782127022743225, 0.05897831544280052
0.18432149291038513, 0.047143109142780304
0.20537325739860535, 0.06099436804652214
0.19297388195991516, 0.04853517934679985
0.18716895580291748, 0.0555751770734787
0.2021753489971161, 0.05704544484615326
0.23206917941570282, 0.060584425926208496
0.18689952790737152, 0.056379809975624084
0.2215498685836792, 0.05529051274061203
0.19990575313568115, 0.07500194013118744
0.17029431462287903, 0.0382794588804245
0.17342619597911835, 0.030699852854013443
0.16831019520759583, 0.06132696196436882
0.20173165202140808, 0.04694557934999466
0.1794625222682953, 0.05960959196090698
0.17145249247550964, 0.06741110980510712
0.18740692734718323, 0.0348505862057209
0.18096141517162323, 0.04192206263542175
0.13378176093101501, 0.044467587023973465
0.12431445717811584, 0.04457215964794159
0.17789433896541595, 0.05121290311217308
0.17641854286193848, 0.05108564347028732
0.11963427066802979, 0.030379096046090126
0.13172465562820435, 0.052454233169555664
0.16674864292144775, 0.05933456867933273
0.17149028182029724, 0.05564752221107483
0.18817013502120972, 0.05086235702037811
0.19285160303115845, 0.06186598166823387
0.2410927712917328, 0.07557246834039688
0.22582149505615234, 0.059169963002204895
0.20629100501537323, 0.07521553337574005
0.20448338985443115, 0.06833294034004211
0.18836018443107605, 0.08644801378250122
0.15940290689468384, 0.038120582699775696
0.21907833218574524, 0.051710810512304306
0.1440194696187973, 0.039521269500255585
0.14756540954113007, 0.016637351363897324
0.14708611369132996, 0.04203040525317192
0.1694183647632599, 0.03859875723719597
0.1341385841369629, 0.036191631108522415
0.1682405322790146, 0.05027548223733902
0.14798220992088318, 0.03581484407186508
0.1505051553249359, 0.04399595409631729
0.15330159664154053, 0.038768261671066284
0.1342569887638092, 0.03815172612667084
0.17161184549331665, 0.046790577471256256
0.17584328353405, 0.05281386896967888
0.1672440469264984, 0.0622827522456646
0.24122849106788635, 0.07044822722673416
0.197593092918396, 0.08922231197357178
0.1693812608718872, 0.06464678794145584
0.14865778386592865, 0.03738740086555481
0.1772002875804901, 0.05172334983944893
0.19864194095134735, 0.06291618943214417
0.16444164514541626, 0.05110260099172592
0.16731207072734833, 0.06240160018205643
0.16041435301303864, 0.056697092950344086
0.20815233886241913, 0.07177429646253586
0.23899291455745697, 0.06937642395496368
0.1879994124174118, 0.054266512393951416
0.1537247598171234, 0.039035577327013016
0.12813864648342133, 0.029557086527347565
0.1469520926475525, 0.033092793077230453
0.1645570695400238, 0.038552504032850266
0.22101718187332153, 0.10624155402183533
0.2356746643781662, 0.07270576804876328
0.1986912339925766, 0.04608133062720299
0.16829334199428558, 0.04132981225848198
0.13782019913196564, 0.048604752868413925
0.15872198343276978, 0.0501224659383297
0.12601050734519958, 0.028604889288544655
0.19448766112327576, 0.0716959536075592
0.1938704252243042, 0.06904757022857666
0.18393748998641968, 0.0694652870297432
0.16764923930168152, 0.03453441336750984
0.16889947652816772, 0.03704169765114784
0.1592625379562378, 0.03335239738225937
0.16113261878490448, 0.03365610912442207
0.18172115087509155, 0.03691837936639786
0.1844884157180786, 0.049821458756923676
0.13710269331932068, 0.025464627891778946
0.15951819717884064, 0.04272172600030899
0.18765494227409363, 0.06564179807901382
0.22054247558116913, 0.06871992349624634
0.19092302024364471, 0.05056779086589813
0.2113715410232544, 0.03880109637975693
0.16109974682331085, 0.031877923756837845
0.17678622901439667, 0.04565535858273506
0.22062748670578003, 0.06258267164230347
0.13486850261688232, 0.05713636428117752
0.13403384387493134, 0.028179172426462173
0.13783687353134155, 0.04574014991521835
0.14017914235591888, 0.03426045551896095
0.1613585650920868, 0.040707770735025406
0.17273879051208496, 0.04709649831056595
0.18443068861961365, 0.05007054656744003
0.12498067319393158, 0.042541444301605225
0.16368630528450012, 0.04831699654459953
0.19143038988113403, 0.0439906045794487
0.1959993690252304, 0.06663148105144501
0.20751993358135223, 0.044491320848464966
0.1919052004814148, 0.03330269828438759
0.17553859949111938, 0.04498298093676567
0.17778444290161133, 0.05495206639170647
0.15547651052474976, 0.038681745529174805
0.18471050262451172, 0.03538086265325546
0.16773957014083862, 0.016253208741545677
0.1577724814414978, 0.04105823487043381
0.19928155839443207, 0.07134544104337692
0.1855093091726303, 0.042559605091810226
0.1605474054813385, 0.037781234830617905
0.1730874627828598, 0.047651924192905426
0.16984449326992035, 0.05564030632376671
0.15760859847068787, 0.036416709423065186
0.2040284126996994, 0.06050357595086098
0.1614927500486374, 0.04496527835726738
0.13858680427074432, 0.05778501182794571
0.22817033529281616, 0.055761683732271194
0.22122851014137268, 0.05727587640285492
0.18727317452430725, 0.07528265565633774
0.17379723489284515, 0.05852147191762924
0.19368591904640198, 0.04550503194332123
0.16298028826713562, 0.04056555777788162
0.16252762079238892, 0.0561772920191288
0.1993955820798874, 0.07551336288452148
0.18095533549785614, 0.04422879219055176
0.18900643289089203, 0.040624070912599564
0.20347681641578674, 0.07080044597387314
0.18515942990779877, 0.05016002431511879
0.1806236207485199, 0.058524955064058304
0.14580003917217255, 0.04825202748179436
0.20398485660552979, 0.0759505182504654
0.19175557792186737, 0.08332543820142746
0.1948511302471161, 0.05885057523846626
0.1666514277458191, 0.054023247212171555
0.1413453370332718, 0.0480736680328846
0.15283849835395813, 0.05497152730822563
0.1294364035129547, 0.04501410946249962
0.11828432977199554, 0.04977571219205856
0.12870410084724426, 0.049995582550764084
0.15412090718746185, 0.027420226484537125
0.1812308132648468, 0.019013429060578346
0.18777231872081757, 0.0609855093061924
0.1697988361120224, 0.05838135629892349
0.20868560671806335, 0.07133185863494873
0.21441206336021423, 0.047474052757024765
0.1573525071144104, 0.06476890295743942
0.2525629997253418, 0.0813828557729721
0.2388530820608139, 0.06490006297826767
0.1570187211036682, 0.040856484323740005
0.17231589555740356, 0.04844875633716583
0.18222665786743164, 0.054342202842235565
0.17196974158287048, 0.060952078551054
0.1837088167667389, 0.05796337127685547
0.17083565890789032, 0.04950783774256706
0.15264539420604706, 0.04747602716088295
0.1265399158000946, 0.048318907618522644
0.12341797351837158, 0.04275884851813316
0.12001045793294907, 0.02782600186765194
0.1758512705564499, 0.042053427547216415
0.14600400626659393, 0.0314939059317112
0.15080098807811737, 0.030815470963716507
0.18719282746315002, 0.050747327506542206
0.1628466546535492, 0.06000097468495369
0.1911163032054901, 0.05023426562547684
0.15248605608940125, 0.03572073578834534
0.18661269545555115, 0.04336053505539894
0.16419854760169983, 0.06471864134073257
0.17112356424331665, 0.05729414150118828
0.16066132485866547, 0.05732698366045952
0.15790235996246338, 0.027803046628832817
0.1627182513475418, 0.0557003915309906
0.19684427976608276, 0.055928364396095276
0.1884346604347229, 0.039770469069480896
0.17337624728679657, 0.07131053507328033
0.18672522902488708, 0.046283185482025146
0.1946152150630951, 0.059923578053712845
0.19257956743240356, 0.05519707873463631
0.18112942576408386, 0.04705708846449852
0.20131850242614746, 0.05392566695809364
0.1490502655506134, 0.03189629316329956
0.15802457928657532, 0.06114904209971428
0.180548757314682, 0.04262402281165123
0.11517028510570526, 0.03664608299732208
0.14712321758270264, 0.05248602107167244
0.12088124454021454, 0.03417247161269188
0.15755723416805267, 0.03541911393404007
0.17380575835704803, 0.06185341253876686
0.15107977390289307, 0.04409322142601013
0.16453152894973755, 0.047802988439798355
0.17496055364608765, 0.04321221262216568
0.14438396692276, 0.05979715287685394
0.14059415459632874, 0.030480340123176575
0.21708282828330994, 0.054997678846120834
0.23768377304077148, 0.06179080531001091
0.17129044234752655, 0.031829290091991425
0.18261723220348358, 0.04422886669635773
0.1869613379240036, 0.057033736258745193
0.15842416882514954, 0.0688440278172493
0.18824541568756104, 0.04432191327214241
0.14888493716716766, 0.05228084325790405
0.15916529297828674, 0.03189142048358917
0.15657082200050354, 0.051528509706258774
0.19118265807628632, 0.05155955255031586
0.18982413411140442, 0.04731466621160507
0.19534890353679657, 0.07627546787261963
0.17037415504455566, 0.03900516778230667
0.17712228000164032, 0.05617954209446907
0.18141263723373413, 0.06896811723709106
0.1806262731552124, 0.06449998915195465
0.22294078767299652, 0.06838715821504593
0.22928157448768616, 0.06528958678245544
0.21021616458892822, 0.05164005607366562
0.1864287108182907, 0.06250160187482834
0.1855890452861786, 0.05502571910619736
0.1833673119544983, 0.06479649245738983
0.1747107356786728, 0.03798014670610428
0.17603254318237305, 0.05664324387907982
0.13550657033920288, 0.04454515129327774
0.17651431262493134, 0.05216183885931969
0.18030625581741333, 0.03925391659140587
0.1549062728881836, 0.04603278636932373
0.1419644057750702, 0.043485622853040695
0.21976129710674286, 0.06070517748594284
0.19356420636177063, 0.05138937011361122
0.18058070540428162, 0.042581707239151
0.18968729674816132, 0.04913509637117386
0.1777898073196411, 0.04874640703201294
0.16178901493549347, 0.03608718141913414
0.16856154799461365, 0.057210057973861694
0.19385051727294922, 0.04971226677298546
0.200995534658432, 0.043155256658792496
0.19974885880947113, 0.05657527968287468
0.22246739268302917, 0.07080614566802979
0.15653517842292786, 0.0540362149477005
0.15434490144252777, 0.04859108850359917
0.1802051067352295, 0.06327664852142334
0.14078059792518616, 0.04890193045139313
0.10089202970266342, 0.024649931117892265
0.1388148069381714, 0.052980612963438034
0.15686842799186707, 0.052816011011600494
0.1243821382522583, 0.03499235585331917
0.2029103934764862, 0.0803237035870552
0.2061464786529541, 0.07724019140005112
0.19657377898693085, 0.04546061530709267
0.14306852221488953, 0.052842509001493454
0.16606245934963226, 0.047235727310180664
0.15010645985603333, 0.059610314667224884
0.14361461997032166, 0.031099041923880577
0.16714462637901306, 0.034371402114629745
0.1805228441953659, 0.03818163648247719
0.1669219732284546, 0.04797131195664406
0.20550692081451416, 0.06130959838628769
0.15967164933681488, 0.0373448021709919
0.13443498313426971, 0.0554584339261055
0.16168701648712158, 0.06600317358970642
0.22131578624248505, 0.04821716621518135
0.18353331089019775, 0.08154389262199402
0.13864336907863617, 0.0367850735783577
0.23603424429893494, 0.0661391168832779
0.22346286475658417, 0.06371373683214188
0.20911362767219543, 0.03571439906954765
0.1728634536266327, 0.06381106376647949
0.15974655747413635, 0.03329823911190033
0.14794978499412537, 0.04094510152935982
0.1904805600643158, 0.057163480669260025
0.17604391276836395, 0.05478040501475334
0.15744006633758545, 0.04561600461602211
0.14662419259548187, 0.05224421247839928
0.16439959406852722, 0.0624111071228981
0.17936599254608154, 0.04154691472649574
0.1894044727087021, 0.053545016795396805
0.16871893405914307, 0.0686323344707489
0.1761629432439804, 0.04728824272751808
0.18556538224220276, 0.05971100926399231
0.17988434433937073, 0.05687876418232918
0.15419772267341614, 0.037531834095716476
0.13965189456939697, 0.05162181705236435
0.13114258646965027, 0.041994765400886536
0.1214699000120163, 0.037965454161167145
0.177032932639122, 0.04194637015461922
0.1509457230567932, 0.046357959508895874
0.15474535524845123, 0.044882189482450485
0.21843336522579193, 0.05389644205570221
0.20141726732254028, 0.04761676490306854
0.15027345716953278, 0.03314683586359024
0.1646847128868103, 0.03539649024605751
0.15447048842906952, 0.03618769720196724
0.19338451325893402, 0.04638201370835304
0.19564583897590637, 0.053082697093486786
0.18289290368556976, 0.05647425353527069
0.15985804796218872, 0.04883453994989395
0.1788153499364853, 0.045500099658966064
0.1620214581489563, 0.04266974329948425
0.18948547542095184, 0.05810658261179924
0.22912785410881042, 0.0734000951051712
0.18075190484523773, 0.05341968312859535
0.2015540450811386, 0.06176523491740227
0.20695659518241882, 0.061697039753198624
0.17488698661327362, 0.0650138184428215
0.22531728446483612, 0.06756102293729782
0.201835498213768, 0.07199438661336899
0.1552472710609436, 0.0430341400206089
0.16444891691207886, 0.07199764996767044
0.18160466849803925, 0.03308624401688576
0.15171359479427338, 0.05959003418684006
0.183646559715271, 0.034842297434806824
0.19848784804344177, 0.06535420566797256
0.18466898798942566, 0.035424694418907166
0.21337763965129852, 0.055274706333875656
0.2128169983625412, 0.059252019971609116
0.20020847022533417, 0.0595269538462162
0.21563838422298431, 0.05678284913301468
0.19850842654705048, 0.07142975181341171
0.17259499430656433, 0.045405007898807526
0.18662720918655396, 0.051532454788684845
0.18801379203796387, 0.07646407932043076
0.15275442600250244, 0.03585180267691612
0.18684282898902893, 0.05489159747958183
0.15071672201156616, 0.04881465807557106
0.17310798168182373, 0.04389399290084839
0.14583036303520203, 0.044699493795633316
0.10980531573295593, 0.027248982340097427
0.15238042175769806, 0.04530823975801468
0.18453091382980347, 0.03316813334822655
0.19861017167568207, 0.053283821791410446
0.1602432131767273, 0.0385248102247715
0.18922793865203857, 0.0465170219540596
0.19487625360488892, 0.034705113619565964
0.1584598422050476, 0.036535535007715225
0.16034585237503052, 0.054938364773988724
0.15958519279956818, 0.04588282108306885
0.17916175723075867, 0.07517708092927933
0.16204361617565155, 0.037187375128269196
0.13649742305278778, 0.04011876881122589
0.13127322494983673, 0.0364682637155056
0.15485379099845886, 0.04561074450612068
0.14957928657531738, 0.03985633701086044
0.18967720866203308, 0.05526372045278549
0.21467119455337524, 0.057869914919137955
0.16049063205718994, 0.05199139192700386
0.13845741748809814, 0.03840707242488861
0.15185275673866272, 0.05264274775981903
0.1859075278043747, 0.05731796845793724
0.2586665153503418, 0.08242107182741165
0.2399657964706421, 0.08596128225326538
0.15442031621932983, 0.05139181762933731
0.17022490501403809, 0.05562812089920044
0.19154027104377747, 0.07316826283931732
0.17136816680431366, 0.05185965821146965
0.21708564460277557, 0.05212954804301262
0.23159438371658325, 0.06549425423145294
0.1885766237974167, 0.05431162193417549
0.22304897010326385, 0.059130214154720306
0.2225402444601059, 0.042464111000299454
0.17361843585968018, 0.04279416799545288
0.17146119475364685, 0.053794845938682556
0.14823870360851288, 0.05035596340894699
0.1604251265525818, 0.05435245484113693
0.17687925696372986, 0.05713256821036339
0.19812744855880737, 0.05084175243973732
0.19869475066661835, 0.07139921933412552
0.19283370673656464, 0.038912490010261536
0.19638440012931824, 0.0318266861140728
0.15836408734321594, 0.06579091399908066
0.1446746289730072, 0.030445288866758347
0.14003613591194153, 0.03914284333586693
0.1530143767595291, 0.040314048528671265
0.17058879137039185, 0.05047408118844032
0.16787229478359222, 0.04128016531467438
0.16359186172485352, 0.052142076194286346
0.17930619418621063, 0.049175359308719635
0.15113288164138794, 0.0630132257938385
0.16012701392173767, 0.05078153684735298
0.15113285183906555, 0.03215346857905388
0.17699456214904785, 0.04942965880036354
0.14347580075263977, 0.03854658827185631
0.1475101113319397, 0.04254688322544098
0.16225692629814148, 0.047218576073646545
0.18553321063518524, 0.052538152784109116
0.16425101459026337, 0.060049209743738174
0.14063312113285065, 0.037363748997449875
0.11695152521133423, 0.04715793579816818
0.16167965531349182, 0.04476473480463028
0.175617977976799, 0.03232622519135475
0.1618717461824417, 0.05125392600893974
0.1514769047498703, 0.05247114598751068
0.15481364727020264, 0.03860204294323921
0.184700608253479, 0.05659179762005806
0.14098788797855377, 0.04740716889500618
0.15747816860675812, 0.03463367000222206
0.18638382852077484, 0.054919399321079254
0.16750305891036987, 0.039415616542100906
0.15803459286689758, 0.0583280473947525
0.20674043893814087, 0.0527539998292923
0.19907552003860474, 0.06115967035293579
0.17127656936645508, 0.034507717937231064
0.22029459476470947, 0.05914321914315224
0.18930184841156006, 0.045573990792036057
0.1912381649017334, 0.05118498578667641
0.14847999811172485, 0.03634516894817352
0.17011003196239471, 0.031115131452679634
0.16359516978263855, 0.037429165095090866
0.1497166007757187, 0.033128317445516586
0.17975014448165894, 0.06979990005493164
0.2444070428609848, 0.06485197693109512
0.21182923018932343, 0.03621731698513031
0.13692863285541534, 0.04230938106775284
0.19952242076396942, 0.06742585450410843
0.2293628454208374, 0.060606349259614944
0.20312725007534027, 0.047355156391859055
0.16409704089164734, 0.035533156245946884
0.12556473910808563, 0.03526594489812851
0.17176946997642517, 0.032051295042037964
0.19784584641456604, 0.05471185967326164
0.1388077735900879, 0.03412041440606117
0.14551013708114624, 0.0395776741206646
0.15899723768234253, 0.034944090992212296
0.17778122425079346, 0.06390555948019028
0.1244296059012413, 0.026146940886974335
0.13780394196510315, 0.04585404321551323
0.18907174468040466, 0.05594763532280922
0.15238848328590393, 0.053491126745939255
0.17393557727336884, 0.053741127252578735
0.18496885895729065, 0.06480901688337326
0.1364387720823288, 0.04229329898953438
0.17113134264945984, 0.05272771045565605
0.15610969066619873, 0.03711633384227753
0.1626090258359909, 0.04664541780948639
0.1812932938337326, 0.04526105523109436
0.21871066093444824, 0.06757574528455734
0.1640479862689972, 0.0566999651491642
0.1723955124616623, 0.05783318728208542
0.1554427295923233, 0.043841246515512466
0.18819956481456757, 0.06336605548858643
0.17014680802822113, 0.05477006733417511
0.1452239453792572, 0.0370924212038517
0.14752545952796936, 0.03693726286292076
0.14162155985832214, 0.025739463046193123
0.2125447690486908, 0.05793211981654167
0.20662491023540497, 0.07413288205862045
0.20487269759178162, 0.06510822474956512
0.17037490010261536, 0.0649876669049263
0.1549212634563446, 0.03651583194732666
0.17477884888648987, 0.03404182940721512
0.13289299607276917, 0.03306116536259651
0.17140695452690125, 0.03627462685108185
0.20836012065410614, 0.05379301309585571
0.22183027863502502, 0.054998401552438736
0.18373140692710876, 0.04365559294819832
0.16719621419906616, 0.05376987159252167
0.14851826429367065, 0.03670394420623779
0.2309376299381256, 0.05848633125424385
0.30668437480926514, 0.042036429047584534
0.20853321254253387, 0.04969864711165428
0.1585530936717987, 0.03202911093831062
0.15753185749053955, 0.04886871203780174
0.15347738564014435, 0.050245411694049835
0.18577849864959717, 0.04640200361609459
0.18848727643489838, 0.03252364322543144
0.21374796330928802, 0.06434103846549988
0.17900621891021729, 0.061857834458351135
0.17289385199546814, 0.05990039184689522
0.16109995543956757, 0.038947541266679764
0.1989675760269165, 0.051209643483161926
0.19242554903030396, 0.05397576838731766
0.21566979587078094, 0.0656190812587738
0.189416766166687, 0.05677627772092819
0.1914842426776886, 0.05929115042090416
0.14842146635055542, 0.045835722237825394
0.14096255600452423, 0.03746265545487404
0.1843755543231964, 0.04129067808389664
0.1601310819387436, 0.04142840951681137
0.1490895003080368, 0.036005113273859024
0.1283155083656311, 0.03483103960752487
0.15617936849594116, 0.042058393359184265
0.13950034976005554, 0.039855584502220154
0.14327114820480347, 0.034685611724853516
0.15117084980010986, 0.047868646681308746
0.12215705215930939, 0.04219499230384827
0.16414016485214233, 0.07082928717136383
0.2022721767425537, 0.05513383448123932
0.1567445993423462, 0.05244268476963043
0.183942049741745, 0.0570962019264698
0.1770648956298828, 0.04304308071732521
0.22227033972740173, 0.07840049266815186
0.21051400899887085, 0.0701817125082016
0.2130054235458374, 0.04851868748664856
0.22552558779716492, 0.08309577405452728
0.23459544777870178, 0.06781043112277985
0.17881052196025848, 0.03466235473752022
0.16052378714084625, 0.04379916936159134
0.1944664716720581, 0.05316760390996933
0.1809970736503601, 0.06831464916467667
0.18956023454666138, 0.06547875702381134
0.20441803336143494, 0.04805624857544899
0.1582438200712204, 0.03916004300117493
0.16436336934566498, 0.027096014469861984
0.19453935325145721, 0.07021398842334747
0.1646326780319214, 0.048582788556814194
0.1577031910419464, 0.055253952741622925
0.23050814867019653, 0.039162103086709976
0.15712209045886993, 0.03544847294688225
0.16314449906349182, 0.06498713791370392
0.1383514106273651, 0.042324263602495193
0.15572543442249298, 0.04182307422161102
0.16645458340644836, 0.03146074339747429
0.17594502866268158, 0.021803641691803932
0.20327520370483398, 0.0730338767170906
0.19338557124137878, 0.06628617644309998
0.17330364882946014, 0.03636683523654938
0.15987448394298553, 0.038636863231658936
0.12886324524879456, 0.02437032386660576
0.16778521239757538, 0.05009886622428894
0.1732671856880188, 0.05261249095201492
0.26109549403190613, 0.06634639203548431
0.1916932761669159, 0.04870779439806938
0.14040999114513397, 0.04937982186675072
0.19355365633964539, 0.08483260869979858
0.19277702271938324, 0.04739273339509964
0.1782006323337555, 0.04467553645372391
0.18678192794322968, 0.03079657070338726
0.13403832912445068, 0.041788626462221146
0.1725541055202484, 0.036640629172325134
0.16048163175582886, 0.06644000858068466
0.1963232457637787, 0.03816141188144684
0.19206351041793823, 0.06404635310173035
0.13969264924526215, 0.05083904787898064
0.14982102811336517, 0.05727079138159752
0.20043282210826874, 0.046468380838632584
0.16577288508415222, 0.035307206213474274
0.14785954356193542, 0.034039825201034546
0.14195716381072998, 0.04456614702939987
0.15453879535198212, 0.03932847082614899
0.12810541689395905, 0.024987608194351196
0.15363025665283203, 0.034953851252794266
0.1681366264820099, 0.03910354524850845
0.20272807776927948, 0.056087642908096313
0.18667301535606384, 0.057504817843437195
0.17057155072689056, 0.04220063239336014
0.18691834807395935, 0.06373472511768341
0.12930342555046082, 0.04490089789032936
0.1945456862449646, 0.05652280151844025
0.1574617475271225, 0.04526536166667938
0.1463080644607544, 0.03171805292367935
0.19203142821788788, 0.049389179795980453
0.17825397849082947, 0.06459854543209076
0.1597527712583542, 0.05235156789422035
0.14892537891864777, 0.04687124490737915
0.17807869613170624, 0.04774219170212746
0.18772827088832855, 0.05286369472742081
0.17176882922649384, 0.04781964048743248
0.12362651526927948, 0.038474686443805695
0.1434633731842041, 0.04700750112533569
0.20456962287425995, 0.06972277909517288
0.17820017039775848, 0.054549165070056915
0.14718976616859436, 0.04209200292825699
0.17420458793640137, 0.04021359607577324
0.17213457822799683, 0.043114591389894485
0.12710371613502502, 0.04382917657494545
0.14646220207214355, 0.03808247298002243
0.16899728775024414, 0.04357125237584114
0.13712888956069946, 0.023600518703460693
0.13206985592842102, 0.04111348092556
0.15290895104408264, 0.03622231259942055
0.1482836902141571, 0.038541968911886215
0.17153865098953247, 0.055608779191970825
0.18615099787712097, 0.05633815377950668
0.17282383143901825, 0.05523766949772835
0.18087159097194672, 0.05237778276205063
0.16220146417617798, 0.055573899298906326
0.1684316247701645, 0.04451604560017586
0.15285861492156982, 0.05704319104552269
0.13055652379989624, 0.05385970696806908
0.18324683606624603, 0.06644023954868317
0.15594437718391418, 0.035435669124126434
0.15061047673225403, 0.02929542399942875
0.1901327669620514, 0.062324583530426025
0.16642975807189941, 0.024619143456220627
0.15989279747009277, 0.04220820590853691
0.13047263026237488, 0.02540970779955387
0.20271921157836914, 0.08154451102018356
0.17639939486980438, 0.07906906306743622
0.1587713211774826, 0.04534280672669411
0.16278965771198273, 0.04227694869041443
0.2059936225414276, 0.042423803359270096
0.15761779248714447, 0.04474436119198799
0.19445273280143738, 0.04121037572622299
0.15241383016109467, 0.037614744156599045
0.16882312297821045, 0.0348484069108963
0.15284457802772522, 0.04622745141386986
0.14568881690502167, 0.04965681582689285
0.1262793391942978, 0.031017031520605087
0.14833885431289673, 0.048159077763557434
0.1598542034626007, 0.03267650306224823
0.16362157464027405, 0.04684726893901825
0.15780623257160187, 0.035015128552913666
0.17960238456726074, 0.048986129462718964
0.14757788181304932, 0.027475809678435326
0.18582949042320251, 0.06785286962985992
0.16759392619132996, 0.04305858910083771
0.17017583549022675, 0.06449142843484879
0.1642439216375351, 0.03972418233752251
0.14701777696609497, 0.03208573907613754
0.12187608331441879, 0.016716597601771355
0.12512870132923126, 0.025026675313711166
0.14710772037506104, 0.03417321667075157
0.1769786775112152, 0.060742855072021484
0.2195146083831787, 0.05801287293434143
0.16138193011283875, 0.03852387145161629
0.13839375972747803, 0.043968308717012405
0.12554393708705902, 0.04042470082640648
0.17669379711151123, 0.04711379483342171
0.18555030226707458, 0.04981302097439766
0.16892534494400024, 0.06604161858558655
0.18596439063549042, 0.05081916227936745
0.17022734880447388, 0.05998654291033745
0.16693709790706635, 0.03281925246119499
0.19427290558815002, 0.049495816230773926
0.18043208122253418, 0.046027977019548416
0.2234729826450348, 0.0557500496506691
0.16555769741535187, 0.043914031237363815
0.1835954189300537, 0.03302871435880661
0.20237523317337036, 0.05976397916674614
0.20905336737632751, 0.05701501667499542
0.18214192986488342, 0.044488176703453064
0.1427721232175827, 0.03159986436367035
0.190830796957016, 0.0759623721241951
0.2042776346206665, 0.05493377149105072
0.17154967784881592, 0.039920348674058914
0.1362411081790924, 0.04078110679984093
0.18511110544204712, 0.038088537752628326
0.20988130569458008, 0.056360192596912384
0.15917305648326874, 0.045344166457653046
0.17444197833538055, 0.037473466247320175
0.17735818028450012, 0.06715497374534607
0.1850402057170868, 0.0716058760881424
0.162952721118927, 0.06075547635555267
0.17271874845027924, 0.047949448227882385
0.14527800679206848, 0.0386807844042778
0.13944882154464722, 0.04139411821961403
0.16547051072120667, 0.03203999996185303
0.19693702459335327, 0.05431148037314415
0.2258271872997284, 0.053709909319877625
0.19427043199539185, 0.05474028363823891
0.19456462562084198, 0.03664043918251991
0.15347054600715637, 0.04340417683124542
0.16270075738430023, 0.050659146159887314
0.17989075183868408, 0.039394207298755646
0.1698160469532013, 0.039929427206516266
0.1929902881383896, 0.07753923535346985
0.18114635348320007, 0.046934567391872406
0.14902591705322266, 0.031647805124521255
0.1864255666732788, 0.06000833213329315
0.12657780945301056, 0.03347229212522507
0.13603568077087402, 0.042274679988622665
0.1859111785888672, 0.0478661023080349
0.16345004737377167, 0.05444444343447685
0.14758823812007904, 0.042194534093141556
0.12961262464523315, 0.03943202272057533
0.1626466065645218, 0.043875690549612045
0.1889917552471161, 0.0599651075899601
0.21776732802391052, 0.08564359694719315
0.13817529380321503, 0.04550980404019356
0.1369795948266983, 0.052814241498708725
0.13753043115139008, 0.041104260832071304
0.1812511384487152, 0.030915021896362305
0.18213443458080292, 0.05767488107085228
0.18354281783103943, 0.06306305527687073
0.14846038818359375, 0.029027599841356277
0.12325066328048706, 0.03144404664635658
0.15538492798805237, 0.02232414484024048
0.12546631693840027, 0.035183630883693695
0.19470393657684326, 0.03406810015439987
0.20331144332885742, 0.048194754868745804
0.19495925307273865, 0.04954094439744949
0.16442182660102844, 0.042515307664871216
0.15540501475334167, 0.042623039335012436
0.18098732829093933, 0.048071037977933884
0.1582726240158081, 0.04580427333712578
0.2035638391971588, 0.05128864571452141
0.16079235076904297, 0.05780486762523651
0.18236908316612244, 0.06190050393342972
0.1923452913761139, 0.05761773884296417
0.1802574098110199, 0.030040696263313293
0.19809584319591522, 0.0545765645802021
0.19183824956417084, 0.0377059280872345
0.1623617708683014, 0.04079090803861618
0.199317067861557, 0.049227893352508545
0.18824402987957, 0.03972817212343216
0.17180775105953217, 0.04643498361110687
0.1599407196044922, 0.03749927878379822
0.18715620040893555, 0.05247531831264496
0.16164743900299072, 0.026601191610097885
0.16741757094860077, 0.043287016451358795
0.15856140851974487, 0.04472880810499191
0.1957075595855713, 0.05324690416455269
0.1851285696029663, 0.07171664386987686
0.1393498331308365, 0.04324830323457718
0.1343410313129425, 0.03503093123435974
0.15263450145721436, 0.035682279616594315
0.17610661685466766, 0.057250287383794785
0.18591377139091492, 0.0507141649723053
0.17010775208473206, 0.042545657604932785
0.14849165081977844, 0.038962222635746
0.16710738837718964, 0.0658794566988945
0.1491764634847641, 0.03913496434688568
0.11341062188148499, 0.02344500459730625
0.14825303852558136, 0.03283904120326042
0.20602858066558838, 0.04410700500011444
0.2006475180387497, 0.06458889693021774
0.15503108501434326, 0.04670155793428421
0.13665950298309326, 0.04327448457479477
0.15117768943309784, 0.045116350054740906
0.1715141236782074, 0.045965295284986496
0.1974903643131256, 0.056955792009830475
0.15265406668186188, 0.047046564519405365
0.1884879767894745, 0.06185750290751457
0.17803817987442017, 0.053500525653362274
0.17484304308891296, 0.050509244203567505
0.16641658544540405, 0.05645954981446266
0.20227083563804626, 0.04554562643170357
0.14886990189552307, 0.048149462789297104
0.15696656703948975, 0.058501578867435455
0.1353173851966858, 0.03545021638274193
0.17217934131622314, 0.04621504992246628
0.16960260272026062, 0.045333296060562134
0.16125519573688507, 0.04774549603462219
0.19219693541526794, 0.047664567828178406
0.17788486182689667, 0.05185287818312645
0.17303483188152313, 0.04682457447052002
0.1545388102531433, 0.06843489408493042
0.14454224705696106, 0.046422749757766724
0.16801683604717255, 0.055977851152420044
0.16414545476436615, 0.031794819980859756
0.20166292786598206, 0.07090972363948822
0.17730550467967987, 0.0443585067987442
0.1973407119512558, 0.053360339254140854
0.21723449230194092, 0.04700959101319313
0.1670600175857544, 0.04043909162282944
0.1303509920835495, 0.027678372338414192
0.17324165999889374, 0.06211070343852043
0.18765060603618622, 0.0565505288541317
0.14483927190303802, 0.049847811460494995
0.15143510699272156, 0.025220343843102455
0.19798710942268372, 0.08542284369468689
0.18544253706932068, 0.046059317886829376
0.19059978425502777, 0.0449710451066494
0.15533232688903809, 0.05386088043451309
0.1764286756515503, 0.031473446637392044
0.16858980059623718, 0.03972602263092995
0.1937815546989441, 0.046596791595220566
0.18137803673744202, 0.08070718497037888
0.19603809714317322, 0.03654707595705986
0.18541157245635986, 0.05998674035072327
0.19343137741088867, 0.0334588885307312
0.17143914103507996, 0.06161089241504669
0.21033132076263428, 0.056356072425842285
0.21021756529808044, 0.06383252888917923
0.15927772223949432, 0.05457928031682968
0.12884807586669922, 0.04535067081451416
0.11744962632656097, 0.023892611265182495
0.1507873237133026, 0.024148082360625267
0.21296684443950653, 0.059765879064798355
0.16450415551662445, 0.04283346235752106
0.20414161682128906, 0.06597057729959488
0.1905560940504074, 0.05720701068639755
0.15278485417366028, 0.06873819977045059
0.17502200603485107, 0.060929443687200546
0.1742931604385376, 0.03892871364951134
0.19569973647594452, 0.04635880887508392
0.1607571691274643, 0.04336811602115631
0.1823405623435974, 0.05123376101255417
0.16890978813171387, 0.05080641806125641
0.17226997017860413, 0.046994633972644806
0.19142405688762665, 0.048466652631759644
0.17061659693717957, 0.04280064254999161
0.1791212409734726, 0.05461128056049347
0.14481902122497559, 0.03871089592576027
0.1554621160030365, 0.04664839059114456
0.16943275928497314, 0.052372049540281296
0.11687813699245453, 0.036954209208488464
0.16197068989276886, 0.040423959493637085
0.15200620889663696, 0.05952046439051628
0.17408692836761475, 0.04445699602365494
0.15356868505477905, 0.05909057334065437
0.1544126719236374, 0.05683088302612305
0.15865206718444824, 0.03902919590473175
0.22833487391471863, 0.045471712946891785
0.23193791508674622, 0.07061975449323654
0.20496587455272675, 0.07058200985193253
0.21024498343467712, 0.03266511484980583
0.18501946330070496, 0.04816761240363121
0.17920586466789246, 0.059665217995643616
0.17010597884655, 0.04899945482611656
0.16358821094036102, 0.05241604149341583
0.24702796339988708, 0.06551223993301392
0.16150449216365814, 0.050596460700035095
0.16464939713478088, 0.029888369143009186
0.17958784103393555, 0.04736319184303284
0.195194274187088, 0.04624318331480026
0.20108136534690857, 0.043530676513910294
0.1760069578886032, 0.05504174157977104
0.19534403085708618, 0.03948843106627464
0.19552955031394958, 0.05095338076353073
0.19405058026313782, 0.04803049564361572
0.21653978526592255, 0.06671053916215897
0.21140477061271667, 0.0489705391228199
0.19942688941955566, 0.061182014644145966
0.15220782160758972, 0.03669329732656479
0.1756829470396042, 0.05149812996387482
0.20253223180770874, 0.05459067225456238
0.2359069287776947, 0.06672225147485733
0.22477750480175018, 0.06653894484043121
0.18806491792201996, 0.06683085113763809
0.23464837670326233, 0.0770483911037445
0.16630226373672485, 0.05549904704093933
0.16641415655612946, 0.03912927210330963
0.16850635409355164, 0.05396034196019173
0.16969504952430725, 0.0572659969329834
0.13784977793693542, 0.030715392902493477
0.1405770480632782, 0.047613926231861115
0.16852444410324097, 0.05089685693383217
0.16445529460906982, 0.05485208332538605
0.19692783057689667, 0.04597223922610283
0.2369001805782318, 0.06713104993104935
0.18937568366527557, 0.04459874704480171
0.1494743824005127, 0.05458512902259827
0.17980894446372986, 0.026460226625204086
0.16755323112010956, 0.05199345573782921
0.1570093035697937, 0.04584280401468277
0.18238601088523865, 0.0504465289413929
0.25482088327407837, 0.06105662137269974
0.20260219275951385, 0.06787707656621933
0.16109929978847504, 0.05662215128540993
0.1867319792509079, 0.04384128004312515
0.1619141697883606, 0.033042214810848236
0.14761359989643097, 0.03268420696258545
0.14069440960884094, 0.031500477343797684
0.17323389649391174, 0.051695115864276886
0.16804441809654236, 0.04576580598950386
0.15480023622512817, 0.04813072830438614
0.13981163501739502, 0.027818962931632996
0.14812514185905457, 0.043827228248119354
0.1685899943113327, 0.035724639892578125
0.20835267007350922, 0.042363185435533524
0.15799733996391296, 0.06098188832402229
0.18405449390411377, 0.03831863030791283
0.19404351711273193, 0.05192221328616142
0.19225096702575684, 0.041295330971479416
0.20544998347759247, 0.03551917150616646
0.1908194124698639, 0.052484847605228424
0.18493196368217468, 0.04260997101664543
0.21534672379493713, 0.07636594772338867
0.19639348983764648, 0.0487818568944931
0.17642788589000702, 0.038058508187532425
0.19557087123394012, 0.06797116249799728
0.160902738571167, 0.04744788259267807
0.19122545421123505, 0.06446712464094162
0.21870684623718262, 0.04354789853096008
0.14761486649513245, 0.06158813089132309
0.1443939208984375, 0.05275716260075569
0.16805434226989746, 0.04336472228169441
0.20674118399620056, 0.06472692638635635
0.15204864740371704, 0.059798866510391235
0.13658106327056885, 0.03126493841409683
0.13408538699150085, 0.05990131199359894
0.18402814865112305, 0.04801443964242935
0.20497512817382812, 0.03198222443461418
0.19509749114513397, 0.048768300563097
0.15993815660476685, 0.05992833897471428
0.15048275887966156, 0.04787260293960571
0.13690400123596191, 0.027519427239894867
0.1959804743528366, 0.06588459759950638
0.2045457363128662, 0.06804779917001724
0.19680176675319672, 0.04332631826400757
0.1827538013458252, 0.06321316212415695
0.19595050811767578, 0.050473593175411224
0.1440969556570053, 0.0333625003695488
0.1430029720067978, 0.043464381247758865
0.12544485926628113, 0.03493871912360191
0.158805713057518, 0.05188649892807007
0.15793567895889282, 0.047632936388254166
0.16578233242034912, 0.048388686031103134
0.1993159055709839, 0.05042935535311699
0.22493982315063477, 0.08449021726846695
0.2024517059326172, 0.06069445237517357
0.16971197724342346, 0.051472194492816925
0.16853535175323486, 0.056516699492931366
0.19094273447990417, 0.04982071369886398
0.135004922747612, 0.03564750775694847
0.1592729687690735, 0.03895653784275055
0.16472835838794708, 0.03804400935769081
0.179791659116745, 0.04836750030517578
0.14541590213775635, 0.0381569005548954
0.1379658579826355, 0.03568796068429947
0.1845599114894867, 0.04790233075618744
0.19322100281715393, 0.05993017554283142
0.1823817938566208, 0.04139440879225731
0.20279698073863983, 0.05154605954885483
0.1805868148803711, 0.04565957188606262
0.16487324237823486, 0.05029602348804474
0.1863652914762497, 0.04038717597723007
0.17051951587200165, 0.05393330007791519
0.15288203954696655, 0.030775241553783417
0.15297040343284607, 0.045888837426900864
0.14727044105529785, 0.04104837030172348
0.14069920778274536, 0.032665036618709564
0.18721449375152588, 0.059586018323898315
0.18492279946804047, 0.04233349859714508
0.15965479612350464, 0.05393997207283974
0.163344144821167, 0.03593911603093147
0.1523500233888626, 0.05273715406656265
0.20481102168560028, 0.07835979014635086
0.25657206773757935, 0.05253496393561363
0.19711467623710632, 0.06495432555675507
0.16401070356369019, 0.02914433926343918
0.18120425939559937, 0.056288089603185654
0.15132999420166016, 0.060682278126478195
0.15665879845619202, 0.03975794464349747
0.14731787145137787, 0.07628834247589111
0.22131507098674774, 0.070581816136837
0.14475111663341522, 0.048812054097652435
0.1699102818965912, 0.050692085176706314
0.15618406236171722, 0.06209539994597435
0.17111292481422424, 0.040845081210136414
0.16758880019187927, 0.0453578345477581
0.19817303121089935, 0.06924833357334137
0.1818666160106659, 0.0600983202457428
0.19799642264842987, 0.06083860248327255
0.18420104682445526, 0.06426405906677246
0.1568320244550705, 0.046297065913677216
0.1359412670135498, 0.03658062219619751
0.1847810447216034, 0.04439042508602142
0.1632189154624939, 0.037206780165433884
0.14767873287200928, 0.04457167163491249
0.17541912198066711, 0.05253647267818451
0.16326850652694702, 0.05038301274180412
0.2222840040922165, 0.06105567514896393
0.1840301752090454, 0.06360450387001038
0.1875898540019989, 0.036229878664016724
0.15714909136295319, 0.04779799282550812
0.16034512221813202, 0.03393281251192093
0.16486608982086182, 0.05463309586048126
0.1754741072654724, 0.04382804036140442
0.17985567450523376, 0.06718476861715317
0.14395427703857422, 0.03622159734368324
0.1941864937543869, 0.051772259175777435
0.23470273613929749, 0.04120504856109619
0.17214009165763855, 0.04296465590596199
0.1948448121547699, 0.05758250504732132
0.15711721777915955, 0.05159538611769676
0.17120425403118134, 0.06147599220275879
0.1786704957485199, 0.0425402857363224
0.17350760102272034, 0.04828546941280365
0.19129416346549988, 0.05519792065024376
0.18209505081176758, 0.0517847053706646
0.16130180656909943, 0.03532051667571068
0.16013103723526, 0.06115741655230522
0.16433534026145935, 0.06098160520195961
0.18293702602386475, 0.04675528407096863
0.1920522153377533, 0.034279853105545044
0.23196053504943848, 0.056242503225803375
0.1918957531452179, 0.0986325666308403
0.13291296362876892, 0.022454120218753815
0.15976664423942566, 0.03354508802294731
0.17436206340789795, 0.058262523263692856
0.15546070039272308, 0.061344586312770844
0.19670912623405457, 0.07783819735050201
0.2097756564617157, 0.07640326768159866
0.17397336661815643, 0.04389443248510361
0.1400357484817505, 0.03711343929171562
0.1363009661436081, 0.0464494489133358
0.18604974448680878, 0.05684696137905121
0.18240492045879364, 0.05990217998623848
0.20532231032848358, 0.04371422156691551
0.18107306957244873, 0.053572043776512146
0.13102154433727264, 0.03717634081840515
0.14255547523498535, 0.05065898969769478
0.1475791037082672, 0.0492938794195652
0.19612449407577515, 0.06262662261724472
0.15910030901432037, 0.04135431721806526
0.20974525809288025, 0.05063987150788307
0.19579049944877625, 0.05187884718179703
0.15533064305782318, 0.04526728391647339
0.16776494681835175, 0.05516153946518898
0.19220027327537537, 0.040420737117528915
0.12700597941875458, 0.03189406916499138
0.18811450898647308, 0.05151251330971718
0.19176404178142548, 0.036754194647073746
0.17779700458049774, 0.05333006754517555
0.16510549187660217, 0.042213115841150284
0.1436019390821457, 0.04622161388397217
0.1729181706905365, 0.04787258058786392
0.21167796850204468, 0.05899038538336754
0.19656801223754883, 0.06456159055233002
0.20362588763237, 0.04088761284947395
0.13234370946884155, 0.034252818673849106
0.11937951296567917, 0.030335351824760437
0.11755906045436859, 0.03726061433553696
0.1455126702785492, 0.04009891301393509
0.18986950814723969, 0.05009933561086655
0.17480134963989258, 0.032240238040685654
0.24601325392723083, 0.04260622337460518
0.2271035760641098, 0.07904598116874695
0.1744418740272522, 0.043816205114126205
0.1816381812095642, 0.04595864936709404
0.13788679242134094, 0.04523494467139244
0.15255463123321533, 0.0409713052213192
0.1513463258743286, 0.04502663016319275
0.16209730505943298, 0.059979215264320374
0.16785168647766113, 0.04386318847537041
0.16946546733379364, 0.03387812525033951
0.14036236703395844, 0.03868813067674637
0.16578474640846252, 0.05718318745493889
0.17004036903381348, 0.034755006432533264
0.1682412326335907, 0.05007988587021828
0.2163359373807907, 0.08233261853456497
0.18246158957481384, 0.06311675161123276
0.18335245549678802, 0.052212562412023544
0.19826579093933105, 0.04431553930044174
0.18365570902824402, 0.04438125342130661
0.1352580189704895, 0.03310335800051689
0.14221927523612976, 0.03132715821266174
0.1310025453567505, 0.036547981202602386
0.17559123039245605, 0.056464605033397675
0.15985216200351715, 0.049433425068855286
0.1470242440700531, 0.07002763450145721
0.15987235307693481, 0.052388690412044525
0.15146738290786743, 0.05085323005914688
0.1405390202999115, 0.04356085881590843
0.1819075047969818, 0.05718305706977844
0.1756536066532135, 0.046835076063871384
0.23048734664916992, 0.039452411234378815
0.20649632811546326, 0.06238449364900589
0.16062413156032562, 0.036551740020513535
0.17949172854423523, 0.040864430367946625
0.17063838243484497, 0.042683083564043045
0.16657783091068268, 0.03214059770107269
0.17411623895168304, 0.058733295649290085
0.14484962821006775, 0.04960033670067787
0.16257375478744507, 0.037565432488918304
0.13778802752494812, 0.04091593250632286
0.13495033979415894, 0.041185200214385986
0.13899564743041992, 0.03846247121691704
0.19444793462753296, 0.05373147130012512
0.1513824462890625, 0.046837907284498215
0.15704002976417542, 0.040563032031059265
0.1534275859594345, 0.04525543749332428
0.19814500212669373, 0.08219821751117706
0.15786872804164886, 0.054792847484350204
0.17295941710472107, 0.05237676575779915
0.20137517154216766, 0.057984862476587296
0.1986040323972702, 0.04728112369775772
0.17014837265014648, 0.03354176878929138
0.16580195724964142, 0.035693664103746414
0.14544355869293213, 0.03754736855626106
0.1531500667333603, 0.0604928620159626
0.18354949355125427, 0.033809587359428406
0.16480723023414612, 0.04809077829122543
0.1458345204591751, 0.03370693698525429
0.18260303139686584, 0.03972630575299263
0.1874278038740158, 0.02644924633204937
0.17926764488220215, 0.054072361439466476
0.17407426238059998, 0.052484896034002304
0.20501863956451416, 0.0489940419793129
0.22064989805221558, 0.07239552587270737
0.18617872893810272, 0.05371655896306038
0.20637831091880798, 0.04565124213695526
0.18950819969177246, 0.056158680468797684
0.18187475204467773, 0.056169647723436356
0.1422206461429596, 0.053153231739997864
0.12486188113689423, 0.02589394338428974
0.1895742118358612, 0.06452784687280655
0.142462819814682, 0.04709611460566521
0.1324739009141922, 0.043442025780677795
0.17613951861858368, 0.0661119595170021
0.1813570111989975, 0.04895014688372612
0.1831907033920288, 0.035204511135816574
0.18205764889717102, 0.053635790944099426
0.20465847849845886, 0.0432172492146492
0.23749327659606934, 0.07264668494462967
0.21254321932792664, 0.06186150386929512
0.11585325002670288, 0.02367505617439747
0.1325579285621643, 0.058542825281620026
0.17065362632274628, 0.03206414356827736
0.1826632022857666, 0.058122407644987106
0.18241870403289795, 0.03224331513047218
0.18894600868225098, 0.06465866416692734
0.2338719367980957, 0.06560860574245453
0.19199113547801971, 0.06442917883396149
0.142889142036438, 0.04036330804228783
0.21598076820373535, 0.057788558304309845
0.16374355554580688, 0.049650274217128754
0.13824620842933655, 0.03799053654074669
0.1587776243686676, 0.0552031584084034
0.18616221845149994, 0.04372233897447586
0.11098327487707138, 0.027391253039240837
0.11168672144412994, 0.039509668946266174
0.123979851603508, 0.04469183087348938
0.137698233127594, 0.04403430595993996
0.16882485151290894, 0.031276050955057144
0.16393452882766724, 0.04559812694787979
0.1743355095386505, 0.05744718387722969
0.14831194281578064, 0.048549018800258636
0.19059103727340698, 0.07158583402633667
0.1790238618850708, 0.0345776192843914
0.16328883171081543, 0.04611155018210411
0.13445203006267548, 0.04265601187944412
0.18880683183670044, 0.0393080860376358
0.16737240552902222, 0.060601454228162766
0.17836475372314453, 0.05911808833479881
0.22901909053325653, 0.03993673622608185
0.1626245081424713, 0.042137790471315384
0.16109773516654968, 0.04828060418367386
0.14690008759498596, 0.05209684371948242
0.18083398044109344, 0.04124319553375244
0.1608228236436844, 0.03962072730064392
0.19306223094463348, 0.05855393037199974
0.12431200593709946, 0.033655550330877304
0.18039076030254364, 0.04597146436572075
0.17441388964653015, 0.05313056334853172
0.17157292366027832, 0.04833564907312393
0.19082137942314148, 0.047921326011419296
0.13885948061943054, 0.05367191880941391
0.18419504165649414, 0.0296100452542305
0.1400417536497116, 0.04335443675518036
0.20771700143814087, 0.07730741053819656
0.18400773406028748, 0.06470349431037903
0.19127455353736877, 0.040812425315380096
0.14293628931045532, 0.03225180506706238
0.18594908714294434, 0.06075973063707352
0.12522420287132263, 0.040122948586940765
0.1071300357580185, 0.027725158259272575
0.16126076877117157, 0.044437259435653687
0.15354382991790771, 0.0481732115149498
0.15072739124298096, 0.040847934782505035
0.15173694491386414, 0.033656686544418335
0.18001282215118408, 0.04210270941257477
0.1686762571334839, 0.038691941648721695
0.13794472813606262, 0.03963495045900345
0.1491377055644989, 0.04355262219905853
0.1538836807012558, 0.05036639794707298
0.14623069763183594, 0.03792225196957588
0.14521640539169312, 0.04477569833397865
0.14263980090618134, 0.04230964928865433
0.14298522472381592, 0.05530991405248642
0.15226465463638306, 0.05369984731078148
0.19183191657066345, 0.07582646608352661
0.18258413672447205, 0.04709659144282341
0.22660967707633972, 0.060557618737220764
0.1867278814315796, 0.04968814551830292
0.17006199061870575, 0.06448912620544434
0.2106277048587799, 0.0808248221874237
0.2132662981748581, 0.07622379064559937
