mean, std
0.11866258084774017, 0.033732470124959946
0.08908214420080185, 0.014248388819396496
0.0752781480550766, 0.012607008218765259
0.08222953975200653, 0.02929294854402542
0.06708633899688721, 0.015464404597878456
0.07350875437259674, 0.01967645436525345
0.07547013461589813, 0.016865160316228867
0.07299752533435822, 0.018055323511362076
0.0678168535232544, 0.008089029230177402
0.06309796124696732, 0.007075855974107981
0.06010866165161133, 0.0067102122120559216
0.054171305149793625, 0.006846746429800987
0.05449238047003746, 0.008609674870967865
0.05237916111946106, 0.010916593484580517
0.045935168862342834, 0.008834541775286198
0.049504607915878296, 0.008102084510028362
0.043702952563762665, 0.007842243649065495
0.048000138252973557, 0.010266185738146305
0.044975243508815765, 0.011402858421206474
0.04455100744962692, 0.008790149353444576
0.04517229646444321, 0.008120253682136536
0.045049842447042465, 0.008580966852605343
0.044565096497535706, 0.005989305675029755
0.04347335919737816, 0.0068505206145346165
0.04329773411154747, 0.006659355014562607
0.04622688889503479, 0.006872762925922871
0.05062597617506981, 0.00948458630591631
0.0463072806596756, 0.007007723208516836
0.0467190258204937, 0.007344922050833702
0.04454287514090538, 0.013932042755186558
0.05191600322723389, 0.009603403508663177
0.046559639275074005, 0.00756915332749486
0.05115301534533501, 0.011310268193483353
0.04922883212566376, 0.005181911867111921
0.04982471093535423, 0.012215242721140385
0.04715008661150932, 0.007950250059366226
0.0516495406627655, 0.008334016427397728
0.04858710616827011, 0.004640559665858746
0.04836927354335785, 0.005207320209592581
0.04849597066640854, 0.008935855701565742
0.043602101504802704, 0.009950651787221432
0.04661157727241516, 0.0040163337253034115
0.045340754091739655, 0.0082361726090312
0.0476929247379303, 0.008371984586119652
0.051893528550863266, 0.00939161516726017
0.046420104801654816, 0.009955145418643951
0.04650547355413437, 0.011187922209501266
0.04746568202972412, 0.009376914240419865
0.04656541347503662, 0.008661859668791294
0.05231062322854996, 0.01258765533566475
0.043513499200344086, 0.007961730472743511
0.04627492278814316, 0.007824991829693317
0.049538638442754745, 0.007635774556547403
0.04740052670240402, 0.008377603255212307
0.05113225802779198, 0.013318836688995361
0.053547345101833344, 0.00840055476874113
0.05018867179751396, 0.010647307150065899
0.0517035648226738, 0.007967078126966953
0.05767645686864853, 0.02661639079451561
0.0580434575676918, 0.018074842169880867
0.05062384530901909, 0.009526127018034458
0.06113279610872269, 0.01405880507081747
0.051844291388988495, 0.01304126437753439
0.05907806381583214, 0.019702699035406113
0.04719725251197815, 0.01293327659368515
0.0523083433508873, 0.015976903960108757
0.058044128119945526, 0.010182962752878666
0.054580893367528915, 0.010515740141272545
0.05563816428184509, 0.014062869362533092
0.06048443913459778, 0.011118640191853046
0.06972834467887878, 0.012495468370616436
0.056880854070186615, 0.017082758247852325
0.05730041116476059, 0.016826704144477844
0.055337436497211456, 0.01380521897226572
0.06061975657939911, 0.015786418691277504
0.06266637146472931, 0.012884886935353279
0.05525825172662735, 0.011289041489362717
0.06256438791751862, 0.013860711827874184
0.061023127287626266, 0.018624119460582733
0.062228381633758545, 0.012379169464111328
0.06988362967967987, 0.018941368907690048
0.058983445167541504, 0.016880007460713387
0.06046667695045471, 0.01191649679094553
0.06130317971110344, 0.008379503153264523
0.05937264859676361, 0.013306296430528164
0.06321217119693756, 0.022703982889652252
0.08409291505813599, 0.02142755314707756
0.0725683718919754, 0.02585127018392086
0.07203350961208344, 0.019077707082033157
0.06149783730506897, 0.013416466303169727
0.059362366795539856, 0.010772259905934334
0.06400442123413086, 0.019463161006569862
0.05890297517180443, 0.009865395724773407
0.0645889863371849, 0.018409907817840576
0.08305754512548447, 0.01870814710855484
0.08184754848480225, 0.023061972111463547
0.07752329856157303, 0.022399747744202614
0.08401914685964584, 0.023448174819350243
0.09086333960294724, 0.02587754838168621
0.07742287218570709, 0.027915453538298607
0.07458911091089249, 0.01574212871491909
0.08508092164993286, 0.03142499551177025
0.07001644372940063, 0.015734639018774033
0.07602497935295105, 0.02243215963244438
0.06770235300064087, 0.017169363796710968
0.07308003306388855, 0.019082071259617805
0.0837656557559967, 0.02125285007059574
0.06908147037029266, 0.017428217455744743
0.07036930322647095, 0.020239684730768204
0.07579740136861801, 0.021594397723674774
0.07173636555671692, 0.026868296787142754
0.07260652631521225, 0.016329791396856308
0.07733944058418274, 0.025552084669470787
0.08779191970825195, 0.020784232765436172
0.0662764459848404, 0.010586866177618504
0.07052098959684372, 0.013112989254295826
0.08400886505842209, 0.01902581937611103
0.06968756020069122, 0.01585559919476509
0.06830891221761703, 0.02019159495830536
0.06865565478801727, 0.011850157752633095
0.08260840177536011, 0.03208283707499504
0.06978242844343185, 0.020268389955163002
0.0754028707742691, 0.02164485864341259
0.0603487566113472, 0.015686143189668655
0.07435263693332672, 0.015103881247341633
0.08136197924613953, 0.03784387931227684
0.08125156909227371, 0.022633783519268036
0.07048018276691437, 0.02057812735438347
0.06513205170631409, 0.01399571169167757
0.07638846337795258, 0.02396482229232788
0.07103283703327179, 0.015273863449692726
0.07987452298402786, 0.0177165474742651
0.07063262164592743, 0.019731299951672554
0.0779372900724411, 0.01926005817949772
0.0880817398428917, 0.02603278122842312
0.07969656586647034, 0.024866482242941856
0.06649994850158691, 0.01741175912320614
0.07358954846858978, 0.019757837057113647
0.07167616486549377, 0.009636379778385162
0.07369641959667206, 0.01596611924469471
0.0694727897644043, 0.024257000535726547
0.08284931629896164, 0.02282799407839775
0.07675115764141083, 0.017894532531499863
0.08291348814964294, 0.02930637262761593
0.08052964508533478, 0.023429369553923607
0.08835697174072266, 0.03133953735232353
0.06792061775922775, 0.016215085983276367
0.0727381557226181, 0.02130613476037979
0.08866369724273682, 0.019611654803156853
0.075859934091568, 0.01812070980668068
0.08058708906173706, 0.022584863007068634
0.07253441959619522, 0.012670445255935192
0.07752862572669983, 0.020516013726592064
0.08313107490539551, 0.029568951576948166
0.1021304577589035, 0.02964652329683304
0.09626828134059906, 0.01745195873081684
0.0732387825846672, 0.013577807694673538
0.08042582869529724, 0.011881428770720959
0.07065305858850479, 0.02075713872909546
0.07604241371154785, 0.013595128431916237
0.06518770754337311, 0.011318465694785118
0.08174952119588852, 0.03280811011791229
0.09172269701957703, 0.016908369958400726
0.09534560889005661, 0.016712382435798645
0.08199574053287506, 0.01951652020215988
0.07565528154373169, 0.017553074285387993
0.07668958604335785, 0.016217943280935287
0.08349927514791489, 0.017207423225045204
0.09047545492649078, 0.02106218971312046
0.07834267616271973, 0.02179737016558647
0.08780837059020996, 0.031974535435438156
0.07681761682033539, 0.020826006308197975
0.08076006174087524, 0.022146670147776604
0.08916749805212021, 0.028729604557156563
0.08955985307693481, 0.01840674877166748
0.0681321918964386, 0.014064760878682137
0.08366449177265167, 0.018722442910075188
0.07953312993049622, 0.023674646392464638
0.08691012859344482, 0.01990961842238903
0.09802769124507904, 0.0310368612408638
0.08478051424026489, 0.015986626967787743
0.0846979022026062, 0.01630200818181038
0.08042610436677933, 0.020093917846679688
0.07738244533538818, 0.014535428024828434
0.08370842784643173, 0.017801040783524513
0.09034209698438644, 0.033012982457876205
0.08959612250328064, 0.021430302411317825
0.08234083652496338, 0.030204741284251213
0.0755254328250885, 0.014106987975537777
0.07471971958875656, 0.017850123345851898
0.0895698219537735, 0.03163943812251091
0.09716185182332993, 0.027884220704436302
0.09940749406814575, 0.03059989959001541
0.08716185390949249, 0.019849205389618874
0.0882854089140892, 0.022447753697633743
0.10334442555904388, 0.018859852105379105
0.07764412462711334, 0.02329917997121811
0.09863381832838058, 0.02736242301762104
0.0897119864821434, 0.015620889142155647
0.09921768307685852, 0.019585853442549706
0.09479822963476181, 0.030624739825725555
0.093570277094841, 0.028526289388537407
0.09517757594585419, 0.037860799580812454
0.09346923232078552, 0.01883014105260372
0.07561825215816498, 0.01913062110543251
0.09320460259914398, 0.02150995098054409
0.08384116739034653, 0.021167276427149773
0.10315370559692383, 0.012205042876303196
0.09123517572879791, 0.029344381764531136
0.09758391231298447, 0.03020014613866806
0.0906670093536377, 0.022836463525891304
0.10116680711507797, 0.027729248628020287
0.10534945130348206, 0.023311171680688858
0.07893246412277222, 0.029315726831555367
0.08632807433605194, 0.0275699682533741
0.09102319180965424, 0.027460819110274315
0.09778623282909393, 0.02566101960837841
0.10039758682250977, 0.026655184105038643
0.12266957759857178, 0.03017333894968033
0.10894729942083359, 0.03406064212322235
0.10081194341182709, 0.023728657513856888
0.10289786756038666, 0.025690315291285515
0.10071723163127899, 0.02910517528653145
0.07636675983667374, 0.023827102035284042
0.08414287865161896, 0.02062658779323101
0.1076655387878418, 0.03174639493227005
0.11151172965765, 0.041793543845415115
0.10034260153770447, 0.020014716312289238
0.08370731770992279, 0.02372703142464161
0.07803817838430405, 0.025134077295660973
0.09034134447574615, 0.019374579191207886
0.1052112728357315, 0.02038731426000595
0.11680321395397186, 0.042053621262311935
0.12709662318229675, 0.04247250780463219
0.10399773716926575, 0.02601774036884308
0.08746834844350815, 0.021324213594198227
0.09559442847967148, 0.017500653862953186
0.08037829399108887, 0.022817866876721382
0.10274076461791992, 0.025486955419182777
0.09493310749530792, 0.03277742117643356
0.11128632724285126, 0.04141805320978165
0.09228735417127609, 0.018888020887970924
0.11167919635772705, 0.04469849541783333
0.10358722507953644, 0.033304616808891296
0.09472739696502686, 0.03316142037510872
0.09261855483055115, 0.024005422368645668
0.09455280750989914, 0.022877926006913185
0.11596140265464783, 0.026852300390601158
0.09707701206207275, 0.02200370840728283
0.09212475270032883, 0.026853047311306
0.08024406433105469, 0.02269136533141136
0.08762955665588379, 0.03021775744855404
0.0955808162689209, 0.021654756739735603
0.09401635825634003, 0.025666413828730583
0.08576305955648422, 0.01781921647489071
0.1024220809340477, 0.02140752412378788
0.1393660008907318, 0.0739334374666214
0.10733666270971298, 0.034306447952985764
0.08536893129348755, 0.025441337376832962
0.10141991823911667, 0.019480908289551735
0.08025924861431122, 0.012845553457736969
0.09447314590215683, 0.02633748948574066
0.10030639171600342, 0.02318090759217739
0.09166546911001205, 0.020391637459397316
0.08868525922298431, 0.023938342928886414
0.09485392272472382, 0.01986512541770935
0.11500667035579681, 0.03715704008936882
0.10183179378509521, 0.02114780992269516
0.0966130718588829, 0.02343633770942688
0.09761755168437958, 0.024517707526683807
0.08822719752788544, 0.01133269164711237
0.08481787890195847, 0.016474824398756027
0.09386873245239258, 0.020921599119901657
0.10024633258581161, 0.02933497354388237
0.09764035791158676, 0.032438598573207855
0.09862200915813446, 0.02611464634537697
0.07902936637401581, 0.017763327807188034
0.0742761641740799, 0.016698047518730164
0.10803328454494476, 0.03328366577625275
0.10538693517446518, 0.023304032161831856
0.11593552678823471, 0.03811792656779289
0.10254000127315521, 0.0306438859552145
0.08720730990171432, 0.022501694038510323
0.07674509286880493, 0.019618183374404907
0.07667079567909241, 0.020070400089025497
0.083199143409729, 0.027532126754522324
0.08892162889242172, 0.024112991988658905
0.08648756146430969, 0.027896493673324585
0.09167541563510895, 0.03404059633612633
0.09727393090724945, 0.02493627928197384
0.08631246536970139, 0.032077886164188385
0.09955695271492004, 0.029693985357880592
0.09314677119255066, 0.022537069395184517
0.08304771780967712, 0.019493071362376213
0.09112449735403061, 0.023630518466234207
0.09146690368652344, 0.024712253361940384
0.08263910561800003, 0.017496800050139427
0.09430038928985596, 0.023254159837961197
0.09447841346263885, 0.017253568395972252
0.08126616477966309, 0.017285730689764023
0.09317325055599213, 0.01918368600308895
0.09570789337158203, 0.022901037707924843
0.09370428323745728, 0.016597237437963486
0.08765505254268646, 0.018848007544875145
0.09223498404026031, 0.022677093744277954
0.0866229385137558, 0.02660328708589077
0.08548951148986816, 0.016323257237672806
0.11105601489543915, 0.032317038625478745
0.09399592131376266, 0.0302326250821352
0.09005789458751678, 0.021240662783384323
0.09600206464529037, 0.02674192003905773
0.07692661136388779, 0.02342711202800274
0.09395003318786621, 0.0246744304895401
0.10273321717977524, 0.03333057463169098
0.0990159660577774, 0.03286951035261154
0.1224198192358017, 0.03948831930756569
0.11534111946821213, 0.03559112548828125
0.09488515555858612, 0.021123791113495827
0.10428078472614288, 0.021644681692123413
0.09183566272258759, 0.02426716312766075
0.09081592410802841, 0.026093412190675735
0.09787851572036743, 0.028200920671224594
0.08193375170230865, 0.021744180470705032
0.08415350317955017, 0.018767649307847023
0.08568856120109558, 0.015530181117355824
0.10029952228069305, 0.02871548943221569
0.10625225305557251, 0.030515652149915695
0.10404819250106812, 0.029653050005435944
0.09883853048086166, 0.021993717178702354
0.10819116234779358, 0.029897501692175865
0.09333669394254684, 0.014169720001518726
0.09540494531393051, 0.025832399725914
0.08908975124359131, 0.019305499270558357
0.09511677920818329, 0.025216108188033104
0.09711819887161255, 0.027403701096773148
0.08957108110189438, 0.023144137114286423
0.09217527508735657, 0.023440340533852577
0.11354263871908188, 0.03895047307014465
0.1028386801481247, 0.028601009398698807
0.09951204061508179, 0.030736055225133896
0.0945616215467453, 0.02724342606961727
0.08261805027723312, 0.02138482965528965
0.08401193469762802, 0.017095396295189857
0.09910599887371063, 0.025386115536093712
0.10543119162321091, 0.02814626321196556
0.10661490261554718, 0.03884254768490791
0.10504093021154404, 0.026094703003764153
0.09544511884450912, 0.031762540340423584
0.1098896786570549, 0.03651747852563858
0.11590933799743652, 0.03402535617351532
0.1078716367483139, 0.02004346251487732
0.09777602553367615, 0.017020683735609055
0.08998817205429077, 0.020490020513534546
0.10160082578659058, 0.02110883966088295
0.09891848266124725, 0.026646876707673073
0.09397908300161362, 0.02461506612598896
0.10825842618942261, 0.03388429805636406
0.10821717977523804, 0.0249837227165699
0.1147352084517479, 0.040115706622600555
0.10312347859144211, 0.0260260459035635
0.08966191858053207, 0.0250401571393013
0.089471235871315, 0.03345240652561188
0.08890795707702637, 0.024448353797197342
0.10555034875869751, 0.03472836688160896
0.09458869695663452, 0.02505478635430336
0.10854684561491013, 0.04751458391547203
0.09457597136497498, 0.016858430579304695
0.10605055093765259, 0.02729150280356407
0.11215808242559433, 0.03180653229355812
0.08605851978063583, 0.025394193828105927
0.07697837799787521, 0.010763059370219707
0.08713507652282715, 0.01674639992415905
0.10647282004356384, 0.03618523105978966
0.1017034649848938, 0.029443467035889626
0.11143534630537033, 0.029041023924946785
0.10412032902240753, 0.03614228591322899
0.0901750773191452, 0.024733340367674828
0.11787959188222885, 0.039098937064409256
0.08813824504613876, 0.018894178792834282
0.10234110057353973, 0.0250715259462595
0.09319581836462021, 0.026258988305926323
0.09460365772247314, 0.027371585369110107
0.10017647594213486, 0.029162924736738205
0.10417239367961884, 0.023732727393507957
0.10167823731899261, 0.028941290453076363
0.09285365045070648, 0.03184313699603081
0.10832329839468002, 0.03274702653288841
0.08820410817861557, 0.014156355522572994
0.08662425726652145, 0.01588834822177887
0.09402160346508026, 0.025514448061585426
0.11072175204753876, 0.03581749275326729
0.09742981195449829, 0.024454107508063316
0.09022294729948044, 0.02380847930908203
0.10194723308086395, 0.04091115668416023
0.09125643223524094, 0.02733077108860016
0.11289511620998383, 0.04460282251238823
0.10805462300777435, 0.04403981566429138
0.11429409682750702, 0.02501494437456131
0.09102749824523926, 0.027499275282025337
0.08541962504386902, 0.021228518337011337
0.09260839223861694, 0.014948613941669464
0.08292033523321152, 0.022678695619106293
0.11169867217540741, 0.027985716238617897
0.10163825750350952, 0.022109320387244225
0.09750823676586151, 0.020693711936473846
0.08594639599323273, 0.024511709809303284
0.07636469602584839, 0.01648663356900215
0.1047545075416565, 0.028602737933397293
0.09666799753904343, 0.02788832038640976
0.10912887752056122, 0.022422196343541145
0.09510701894760132, 0.01735159568488598
0.10094261169433594, 0.032139405608177185
0.1069701611995697, 0.022810475900769234
0.08365871012210846, 0.015006789937615395
0.09022462368011475, 0.016618454828858376
0.07468026131391525, 0.014929323457181454
0.1050744578242302, 0.029152072966098785
0.08454945683479309, 0.022017596289515495
0.09849764406681061, 0.022022131830453873
0.08419273793697357, 0.019144734367728233
0.10404700040817261, 0.01809842698276043
0.10443739593029022, 0.026532594114542007
0.0973426103591919, 0.02258490025997162
0.10846392810344696, 0.024790281429886818
0.09682869911193848, 0.015921300277113914
0.0976029634475708, 0.01889786124229431
0.10257194936275482, 0.042606059461832047
0.09312325716018677, 0.018452316522598267
0.08904583752155304, 0.016149794682860374
0.11414800584316254, 0.034644581377506256
0.13614022731781006, 0.041615452617406845
0.11095690727233887, 0.03448879346251488
0.10983245074748993, 0.029694944620132446
0.09674376249313354, 0.018090425059199333
0.10303568840026855, 0.01952710747718811
0.09726881980895996, 0.027638383209705353
0.10353433340787888, 0.03473450988531113
0.11218906939029694, 0.039560358971357346
0.08908635377883911, 0.012853680178523064
0.09979193657636642, 0.017242589965462685
0.10178696364164352, 0.025037990882992744
0.10125601291656494, 0.0260674599558115
0.10308758914470673, 0.01838119700551033
0.10309227555990219, 0.026114769279956818
0.12489229440689087, 0.042564086616039276
0.11223989725112915, 0.03961872309446335
0.09698295593261719, 0.03198550269007683
0.0963791161775589, 0.037159428000450134
0.09946542978286743, 0.026048513129353523
0.10446178913116455, 0.028444284573197365
0.10834049433469772, 0.022524118423461914
0.09738403558731079, 0.026228493079543114
0.10818485915660858, 0.02488783374428749
0.1090797483921051, 0.0254372488707304
0.10963185876607895, 0.022746067494153976
0.09724529832601547, 0.018295561894774437
0.09563498198986053, 0.021616144105792046
0.09751179069280624, 0.021313436329364777
0.0869550108909607, 0.018090197816491127
0.09098474681377411, 0.026884395629167557
0.10862588882446289, 0.026112385094165802
0.10178676247596741, 0.032820332795381546
0.0955495685338974, 0.026595279574394226
0.09547358006238937, 0.025856133550405502
0.0990101546049118, 0.014034576714038849
0.11501656472682953, 0.03375726938247681
0.09475796669721603, 0.023043228313326836
0.0934402197599411, 0.01998963952064514
0.09771168231964111, 0.01940223202109337
0.09686599671840668, 0.024455545470118523
0.08823278546333313, 0.022373376414179802
0.08676613867282867, 0.01700047217309475
0.08443616330623627, 0.018579063937067986
0.10395197570323944, 0.03463660553097725
0.10765599459409714, 0.036910876631736755
0.12146427482366562, 0.04271809011697769
0.12164013087749481, 0.025016723200678825
0.10025928914546967, 0.022770056501030922
0.1019129678606987, 0.03221247345209122
0.1047261580824852, 0.03248971700668335
0.108343705534935, 0.025196311995387077
0.08850245922803879, 0.017063666135072708
0.09499046206474304, 0.014793381094932556
0.09623724222183228, 0.02770305797457695
0.07678540796041489, 0.01758640818297863
0.09514155238866806, 0.014300054870545864
0.09550350904464722, 0.0180223248898983
0.098366379737854, 0.03370681777596474
0.09063839912414551, 0.030208807438611984
0.08775381743907928, 0.016525153070688248
0.08491083234548569, 0.02816723845899105
0.09411351382732391, 0.025572093203663826
0.1118149608373642, 0.033314984291791916
0.09786757826805115, 0.015305344015359879
0.10211657732725143, 0.019672391936182976
0.09941995143890381, 0.038890738040208817
0.12891477346420288, 0.02880985103547573
0.10646043717861176, 0.03065769001841545
0.09936552494764328, 0.03836260735988617
0.08779364824295044, 0.02067931555211544
0.10262267291545868, 0.02266349457204342
0.09982993453741074, 0.030726129189133644
0.0901627168059349, 0.01790386438369751
0.0832940936088562, 0.037782274186611176
0.10048756003379822, 0.028156571090221405
0.09370043128728867, 0.02767855115234852
0.088068887591362, 0.02612929418683052
0.10595594346523285, 0.02001948468387127
0.10667672753334045, 0.025477910414338112
0.0861591324210167, 0.01930072344839573
0.09626930952072144, 0.02421661652624607
0.08506539463996887, 0.024350179359316826
0.08025508373975754, 0.013862846419215202
0.09720128774642944, 0.02519972436130047
0.09717010706663132, 0.02614405006170273
0.09672623872756958, 0.031411491334438324
0.09862501919269562, 0.01322763878852129
0.11598098278045654, 0.028455395251512527
0.09713654965162277, 0.0309078898280859
0.09412749856710434, 0.03285648301243782
0.10448785871267319, 0.011990428902208805
0.09329074621200562, 0.013544323854148388
0.0937696024775505, 0.02912081405520439
0.12542812526226044, 0.041866861283779144
0.08545655012130737, 0.024521900340914726
0.09236735105514526, 0.03326324373483658
0.10001920908689499, 0.024860354140400887
0.09997382014989853, 0.031029289588332176
0.11284211277961731, 0.041713565587997437
0.10925798118114471, 0.024142296984791756
0.09148760885000229, 0.016226982697844505
0.09510648250579834, 0.02019388973712921
0.10819810628890991, 0.03503112867474556
0.10941930115222931, 0.02873825840651989
0.09968191385269165, 0.03258476033806801
0.09964921325445175, 0.020553912967443466
0.12264220416545868, 0.033324070274829865
0.12643185257911682, 0.02653650753200054
0.11469464004039764, 0.04370024800300598
0.08488937467336655, 0.02512645535171032
0.1158745214343071, 0.03847537562251091
0.10878264904022217, 0.02840038761496544
0.09440311044454575, 0.014637554064393044
0.1043333038687706, 0.0333881750702858
0.105211541056633, 0.026937788352370262
0.09583453834056854, 0.02204377017915249
0.10889270156621933, 0.0290695670992136
0.09606655687093735, 0.02941904403269291
0.09734823554754257, 0.02849079854786396
0.1082676500082016, 0.030555250123143196
0.10890541970729828, 0.036330584436655045
0.10423725843429565, 0.0306805782020092
0.08464199304580688, 0.02170046791434288
0.11449621617794037, 0.029126955196261406
0.13073627650737762, 0.026170765981078148
0.10565780848264694, 0.03070066310465336
0.09268202632665634, 0.028761858120560646
0.11299314349889755, 0.03873521462082863
0.10228084027767181, 0.032650355249643326
0.11118330806493759, 0.03087325394153595
0.09525954723358154, 0.02588607743382454
0.10917123407125473, 0.039637088775634766
0.08779929578304291, 0.023069417104125023
0.10635754466056824, 0.03440316393971443
0.09122699499130249, 0.020320555195212364
0.09212839603424072, 0.02464984357357025
0.13635048270225525, 0.04407927393913269
0.12302853167057037, 0.04920285940170288
0.10786859691143036, 0.019300317391753197
0.10788767039775848, 0.03572467714548111
0.09224621951580048, 0.027604103088378906
0.10095196962356567, 0.02643820270895958
0.08663676679134369, 0.02121759206056595
0.08073195070028305, 0.016740620136260986
0.11824887990951538, 0.04021285101771355
0.08879534900188446, 0.018467329442501068
0.10130314528942108, 0.024734608829021454
0.10444812476634979, 0.031262896955013275
0.09636688232421875, 0.019246019423007965
0.09445595741271973, 0.02842085435986519
0.11133719980716705, 0.04463217034935951
0.09397803246974945, 0.02976987510919571
0.08242537081241608, 0.030836302787065506
0.1058511734008789, 0.028430871665477753
0.12658682465553284, 0.049922917038202286
0.10312637686729431, 0.029897494241595268
0.1128922551870346, 0.024658525362610817
0.09869100898504257, 0.01897071674466133
0.09458379447460175, 0.020136281847953796
0.09960349649190903, 0.024155888706445694
0.09129510819911957, 0.023082582280039787
0.10517885535955429, 0.0345722958445549
0.12205171585083008, 0.043635930866003036
0.09888219833374023, 0.024430248886346817
0.09344598650932312, 0.030032861977815628
0.08098932355642319, 0.023168187588453293
0.11362134665250778, 0.0478011891245842
0.11267407983541489, 0.02445324882864952
0.11894083023071289, 0.043419089168310165
0.10154078900814056, 0.034215815365314484
0.09297776222229004, 0.03932007774710655
0.09506729245185852, 0.018498647958040237
0.11512832343578339, 0.03428574278950691
0.08549779653549194, 0.026098283007740974
0.10530593246221542, 0.029689105227589607
0.097736656665802, 0.021227514371275902
0.09454040229320526, 0.021633168682456017
0.10058339685201645, 0.035328350961208344
0.08630602806806564, 0.02221161127090454
0.08374892920255661, 0.021874764934182167
0.09368562698364258, 0.019997531548142433
0.096151202917099, 0.019893251359462738
0.09901487827301025, 0.02033274434506893
0.11272832006216049, 0.02749796025454998
0.09362980723381042, 0.04096665605902672
0.10955964028835297, 0.02676764503121376
0.09427712857723236, 0.027132311835885048
0.09156976640224457, 0.015876540914177895
0.09472548961639404, 0.022299127653241158
0.09950992465019226, 0.027957599610090256
0.08558805286884308, 0.017520150169730186
0.08239851891994476, 0.021795719861984253
0.09954866021871567, 0.026397373527288437
0.07782012224197388, 0.016672570258378983
0.09865948557853699, 0.034755583852529526
0.10001920163631439, 0.021366560831665993
0.09846694767475128, 0.021676674485206604
0.09184672683477402, 0.019536517560482025
0.09722939133644104, 0.020556265488266945
0.08425914496183395, 0.018808402121067047
0.094771608710289, 0.03141843527555466
0.09259328246116638, 0.02138705365359783
0.09644132852554321, 0.019884059205651283
0.08978073298931122, 0.01055748201906681
0.09864917397499084, 0.027881428599357605
0.0892692431807518, 0.022405171766877174
0.0883324146270752, 0.021309180185198784
0.1038941890001297, 0.026975050568580627
0.09146088361740112, 0.027892490848898888
0.07649286836385727, 0.015092955902218819
0.09379967302083969, 0.024936214089393616
0.09458178281784058, 0.020206522196531296
0.10679545998573303, 0.027465393766760826
0.11465775966644287, 0.04099130630493164
0.11034612357616425, 0.03687160089612007
0.11796963214874268, 0.04566124826669693
0.10710527002811432, 0.026838814839720726
0.11127841472625732, 0.04318474605679512
0.07747864723205566, 0.02211213856935501
0.08886238932609558, 0.02534535340964794
0.08424423635005951, 0.019387541338801384
0.09793554246425629, 0.022972583770751953
0.10261815041303635, 0.020821446552872658
0.08380661904811859, 0.01345143187791109
0.10057087987661362, 0.025172142311930656
0.09284776449203491, 0.027163447812199593
0.1048993319272995, 0.029176058247685432
0.08910324424505234, 0.023600131273269653
0.10585178434848785, 0.017468148842453957
0.10477191209793091, 0.03048587404191494
0.10859178751707077, 0.036743029952049255
0.08732998371124268, 0.020467009395360947
0.082483671605587, 0.022853011265397072
0.08600817620754242, 0.018661100417375565
0.0849514752626419, 0.02559635415673256
0.0909266471862793, 0.017328651621937752
0.11559790372848511, 0.04138227179646492
0.10447899997234344, 0.03203749284148216
0.08920769393444061, 0.0205962173640728
0.10132060945034027, 0.0169677697122097
0.12397001683712006, 0.03786543011665344
0.12520831823349, 0.045562755316495895
0.10430930554866791, 0.029692744836211205
0.0944577306509018, 0.022596754133701324
0.08962026238441467, 0.02092120051383972
0.09488624334335327, 0.024507999420166016
0.0940103530883789, 0.016110185533761978
0.08751507848501205, 0.025361286476254463
0.09456872940063477, 0.013967415317893028
0.09487627446651459, 0.021461430937051773
0.0944761335849762, 0.02525121159851551
0.13257290422916412, 0.037150029093027115
0.10844936221837997, 0.032121021300554276
0.09141650050878525, 0.016578061506152153
0.08933119475841522, 0.025888662785291672
0.11441998183727264, 0.020650148391723633
0.0990251824259758, 0.02054654061794281
0.08777474611997604, 0.016987407580018044
0.0948348194360733, 0.030702605843544006
0.09868663549423218, 0.029959863051772118
0.09927529096603394, 0.015086042694747448
0.08853000402450562, 0.017981000244617462
0.0936296284198761, 0.016522396355867386
0.10974478721618652, 0.021486952900886536
0.11642403900623322, 0.031125353649258614
0.10297578573226929, 0.016411930322647095
0.09669582545757294, 0.01915847323834896
0.082389697432518, 0.018152335658669472
0.09361930191516876, 0.022951440885663033
0.0778423547744751, 0.021166687831282616
0.08010973781347275, 0.023046672344207764
0.08822810649871826, 0.03249439597129822
0.10498636960983276, 0.03976575657725334
0.10007821023464203, 0.034191813319921494
0.09733706712722778, 0.026459606364369392
0.10935293138027191, 0.0349578782916069
0.09797137975692749, 0.02506871335208416
0.10031729936599731, 0.02015029825270176
0.09807839244604111, 0.030670426785945892
0.09522753953933716, 0.01977868750691414
0.09624888747930527, 0.021677231416106224
0.09370772540569305, 0.029768100008368492
0.08012142032384872, 0.019243115559220314
0.09810192883014679, 0.017224160954356194
0.08385492861270905, 0.01904318667948246
0.09271501004695892, 0.02139155939221382
0.09578903764486313, 0.030713818967342377
0.09985767304897308, 0.02146098203957081
0.10811211913824081, 0.029683884233236313
0.12076862901449203, 0.03603705018758774
0.10678581893444061, 0.02809835970401764
0.10319720208644867, 0.04239561781287193
0.10497372597455978, 0.031155524775385857
0.10232925415039062, 0.027905553579330444
0.10543976724147797, 0.04022673889994621
0.0827968567609787, 0.01908978819847107
0.08917100727558136, 0.018369778990745544
0.09328236430883408, 0.028487015515565872
0.08425477147102356, 0.018521049991250038
0.10096944868564606, 0.023951100185513496
0.0932065099477768, 0.021655701100826263
0.09919222444295883, 0.0197971872985363
0.09774254262447357, 0.013672584667801857
0.11137478798627853, 0.03315490111708641
0.08763068914413452, 0.024912478402256966
0.08406567573547363, 0.02521800622344017
0.09089282155036926, 0.021543098613619804
0.08557965606451035, 0.016560234129428864
0.09105225652456284, 0.02473386749625206
0.09000422805547714, 0.016788501292467117
0.1015879362821579, 0.029516354203224182
0.08683397620916367, 0.015334143303334713
0.09592394530773163, 0.027145152911543846
0.09616011381149292, 0.019974928349256516
0.10832330584526062, 0.019051695242524147
0.0998971089720726, 0.024796679615974426
0.0916428193449974, 0.021597210317850113
0.08744083344936371, 0.02047339268028736
0.10556715726852417, 0.027877410873770714
0.1093594878911972, 0.019705755636096
0.09894895553588867, 0.030202532187104225
0.108061783015728, 0.027973098680377007
0.10845057666301727, 0.028763817623257637
0.09206651151180267, 0.015322811901569366
0.12053360044956207, 0.032610516995191574
0.0987490862607956, 0.032574135810136795
0.0743887796998024, 0.016702961176633835
0.08817049115896225, 0.022709617391228676
0.0843866690993309, 0.02394649013876915
0.08737906813621521, 0.020574811846017838
0.09501662850379944, 0.023103591054677963
0.0932159423828125, 0.019679462537169456
0.09368952363729477, 0.02381391078233719
0.1037106141448021, 0.01796075701713562
0.09588603675365448, 0.02139233984053135
0.09119844436645508, 0.02168595790863037
0.09824000298976898, 0.02363728918135166
0.0844191238284111, 0.022856455296278
0.09678846597671509, 0.027629146352410316
0.10017287731170654, 0.029156269505620003
0.0985170230269432, 0.030488913878798485
0.1376745104789734, 0.05011741444468498
0.11221300810575485, 0.026648981496691704
0.08273278176784515, 0.021799104288220406
0.1086026281118393, 0.020425735041499138
0.10976165533065796, 0.03144950419664383
0.09910251945257187, 0.024243144318461418
0.10043793171644211, 0.02143375389277935
0.09854330867528915, 0.03276420384645462
0.10015398263931274, 0.027534667402505875
0.09930258989334106, 0.023393625393509865
0.10526534169912338, 0.025012528523802757
0.09058654308319092, 0.025246744975447655
0.09691711515188217, 0.019340138882398605
0.0885269045829773, 0.011728947050869465
0.09233200550079346, 0.026363102719187737
0.08176537603139877, 0.02360469289124012
0.09099644422531128, 0.026024244725704193
0.09286030381917953, 0.026714257895946503
0.07797439396381378, 0.01786929927766323
0.09208260476589203, 0.025532975792884827
0.1096590906381607, 0.020504502579569817
0.08801527321338654, 0.016595307737588882
0.09625531733036041, 0.026410941034555435
0.11188444495201111, 0.04865198954939842
0.09649915993213654, 0.023602573201060295
0.10416307300329208, 0.03927535191178322
0.09437088668346405, 0.025352036580443382
0.07975485920906067, 0.01874326914548874
0.0916132777929306, 0.02010776847600937
0.09049151837825775, 0.030414309352636337
0.09988625347614288, 0.02095666527748108
0.10587100684642792, 0.0222636666148901
0.09405176341533661, 0.03008287400007248
0.09202387183904648, 0.026592053472995758
0.10454916954040527, 0.031846076250076294
0.09533184766769409, 0.03019113652408123
0.090459905564785, 0.01833772286772728
0.0940156802535057, 0.024296758696436882
0.12269937992095947, 0.026814311742782593
0.11171846091747284, 0.03712727129459381
0.0942583978176117, 0.027169758453965187
0.1030048355460167, 0.02534157782793045
0.09880980104207993, 0.034124795347452164
0.08679422736167908, 0.012882324866950512
0.11572444438934326, 0.02821657806634903
0.09707968682050705, 0.04084908589720726
0.10230447351932526, 0.02531011402606964
0.1123860701918602, 0.03134037181735039
0.1277788132429123, 0.036753010004758835
0.11044131219387054, 0.03496582806110382
0.11162843555212021, 0.030724169686436653
0.11185716092586517, 0.03205321356654167
0.09169398993253708, 0.026320600882172585
0.0944744274020195, 0.021758219227194786
0.0953628420829773, 0.027990220114588737
0.09381522983312607, 0.022159459069371223
0.10937076807022095, 0.04571533203125
0.11856486648321152, 0.03625885024666786
0.10031156241893768, 0.02528441697359085
0.09155789017677307, 0.014761342667043209
0.12422388792037964, 0.03788173571228981
0.1240924820303917, 0.052448347210884094
0.08960388600826263, 0.01843048818409443
0.09193723648786545, 0.020834757015109062
0.09888621419668198, 0.025863565504550934
0.09930239617824554, 0.026177959516644478
0.09055458009243011, 0.03536084666848183
0.10666528344154358, 0.024554193019866943
0.10043050348758698, 0.02066846750676632
0.10204167664051056, 0.02284393087029457
0.09993308037519455, 0.025637494400143623
0.09696036577224731, 0.01894109509885311
0.0867973268032074, 0.019264662638306618
0.0932435542345047, 0.03113904967904091
0.08113840222358704, 0.017423365265130997
0.1259651631116867, 0.033734291791915894
0.09983694553375244, 0.028013773262500763
0.11506836116313934, 0.04484472796320915
0.1175631731748581, 0.03846059367060661
0.10063175857067108, 0.03154611960053444
0.08815455436706543, 0.02030348591506481
0.08521419763565063, 0.010472356341779232
0.10237884521484375, 0.023011190816760063
0.08210881054401398, 0.017177488654851913
0.10485824942588806, 0.02108456939458847
0.09114163368940353, 0.02076411433517933
0.09012462943792343, 0.015418664552271366
0.09955870360136032, 0.018198221921920776
0.09556077420711517, 0.03602747991681099
0.09682117402553558, 0.028728043660521507
0.09116685390472412, 0.01467938907444477
0.08281911909580231, 0.011743167415261269
0.11274033039808273, 0.030605683103203773
0.1287350058555603, 0.0620126873254776
0.08466612547636032, 0.009417308494448662
0.07838743925094604, 0.03088146075606346
0.09127435088157654, 0.025459049269557
0.09939329326152802, 0.02372520975768566
0.0875144749879837, 0.014145356602966785
0.10072847455739975, 0.025456368923187256
0.08995196223258972, 0.02534629963338375
0.09313415735960007, 0.01982429064810276
0.09180616587400436, 0.025705253705382347
0.116374671459198, 0.026448527351021767
0.10150744765996933, 0.03195855766534805
0.10482221096754074, 0.02867942489683628
0.0822048932313919, 0.024716563522815704
0.09605636447668076, 0.028440851718187332
0.08752481639385223, 0.035384949296712875
0.09207199513912201, 0.02698458544909954
0.08828221261501312, 0.021512269973754883
0.08794789016246796, 0.02466389536857605
0.10114176571369171, 0.023949667811393738
0.09954649209976196, 0.03789593279361725
0.10734033584594727, 0.035280950367450714
0.12570922076702118, 0.05623264238238335
0.12269960343837738, 0.04502739757299423
0.10092416405677795, 0.03198239207267761
0.0959039181470871, 0.03012617863714695
0.08832093328237534, 0.022821560502052307
0.09569575637578964, 0.02244107984006405
0.0897771418094635, 0.018916886299848557
0.08089855313301086, 0.016347398981451988
0.09935532510280609, 0.0253752488642931
0.10174157470464706, 0.025094205513596535
0.09928856790065765, 0.019874896854162216
0.08538287878036499, 0.023012593388557434
0.09549117088317871, 0.011830816976726055
0.10078877210617065, 0.029719756916165352
0.10041080415248871, 0.020500188693404198
0.09323762357234955, 0.021084394305944443
0.08884831517934799, 0.026756560429930687
0.09966441243886948, 0.017653480172157288
0.0936695858836174, 0.02354271523654461
0.10618956387042999, 0.0375385582447052
0.09074641764163971, 0.021585382521152496
0.08750508725643158, 0.018967777490615845
0.10538074374198914, 0.02839938923716545
0.1098991334438324, 0.03221580386161804
0.10677971690893173, 0.029331747442483902
0.09373744577169418, 0.025051288306713104
0.09378334134817123, 0.0264568068087101
0.1048642098903656, 0.03858458250761032
0.09568069875240326, 0.020881256088614464
0.10932191461324692, 0.016956251114606857
0.09082074463367462, 0.021936289966106415
0.09199002385139465, 0.021747078746557236
0.08643297851085663, 0.024519598111510277
0.12052296102046967, 0.03389081358909607
0.08205430954694748, 0.019155604764819145
0.09016585350036621, 0.020061330869793892
0.11287339776754379, 0.035739634186029434
0.09291887283325195, 0.025390097871422768
0.11243073642253876, 0.02763354778289795
0.10720761865377426, 0.02517644129693508
0.1174524575471878, 0.02271409146487713
0.11518790572881699, 0.02802550606429577
0.11054136604070663, 0.02520572580397129
0.11517417430877686, 0.03223366662859917
0.10651206970214844, 0.02099350467324257
0.09910260885953903, 0.03848528489470482
0.12151622027158737, 0.04967983812093735
0.09370160102844238, 0.029579531401395798
0.08506284654140472, 0.0241533275693655
0.08443211019039154, 0.01758153736591339
0.08983971923589706, 0.022212130948901176
0.09897235035896301, 0.022498933598399162
0.0744076669216156, 0.010010589845478535
0.09804236143827438, 0.01942034624516964
0.09501437842845917, 0.023307019844651222
0.08662158250808716, 0.0243634432554245
0.08958551287651062, 0.019267667084932327
0.09559957683086395, 0.030496859923005104
0.10923492908477783, 0.026329128071665764
0.1064290851354599, 0.02569498121738434
0.09572860598564148, 0.020468058064579964
0.10021444410085678, 0.034725870937108994
0.08191271871328354, 0.016626082360744476
0.08941733837127686, 0.01903187483549118
0.10178597271442413, 0.028312012553215027
0.09276103973388672, 0.03769451752305031
0.0985945612192154, 0.024544641375541687
0.09548899531364441, 0.026562536135315895
0.09887915849685669, 0.01700110360980034
0.08506059646606445, 0.017945628613233566
0.08220718801021576, 0.016154393553733826
0.09502099454402924, 0.025837235152721405
0.10188599675893784, 0.024996401742100716
0.12409039586782455, 0.033596500754356384
0.10819132626056671, 0.03591766580939293
0.08777511119842529, 0.01681188866496086
0.10494771599769592, 0.01964700222015381
0.07922658324241638, 0.01851576939225197
0.09005569666624069, 0.02480783313512802
0.08352644741535187, 0.030141666531562805
0.08658774197101593, 0.014336099848151207
0.1081913560628891, 0.02200065180659294
0.10765115916728973, 0.025954702869057655
0.09732295572757721, 0.022851264104247093
0.09443526715040207, 0.029429949820041656
0.12154626846313477, 0.04350193962454796
0.10184594243764877, 0.020949076861143112
0.09798967838287354, 0.033416032791137695
0.0924440249800682, 0.029423873871564865
0.10669663548469543, 0.03774305060505867
0.09230279177427292, 0.029154682531952858
0.10944366455078125, 0.035430483520030975
0.09810180962085724, 0.022267527878284454
0.09218832850456238, 0.02360532060265541
0.09352163970470428, 0.022013798356056213
0.08219167590141296, 0.014438425190746784
0.08586456626653671, 0.01790064573287964
0.09058775752782822, 0.022921327501535416
0.10284921526908875, 0.025440644472837448
0.0878215879201889, 0.03329049423336983
0.1057358831167221, 0.03163663297891617
0.1129145622253418, 0.025725051760673523
0.11194887012243271, 0.028163040056824684
0.08925294131040573, 0.024092435836791992
0.09803654998540878, 0.019488060846924782
0.09361942857503891, 0.030738508328795433
0.09374082088470459, 0.02332964539527893
0.09526662528514862, 0.025840476155281067
0.10274285078048706, 0.030172299593687057
0.09061776101589203, 0.03289446607232094
0.08590129017829895, 0.019019609317183495
0.10382818430662155, 0.0353141725063324
0.09621022641658783, 0.02409842610359192
0.11183694005012512, 0.025213811546564102
0.11565308272838593, 0.035630885511636734
0.09465106576681137, 0.03026830032467842
0.09025277197360992, 0.019275687634944916
0.08070683479309082, 0.02176959253847599
0.09122149646282196, 0.021122818812727928
0.09215863049030304, 0.019582977518439293
0.10670386254787445, 0.02068972773849964
0.11003874242305756, 0.03728453814983368
0.11707087606191635, 0.04079078510403633
0.09799864143133163, 0.020722879096865654
0.10923807322978973, 0.028245683759450912
0.09475122392177582, 0.02276849001646042
0.08266732841730118, 0.020410211756825447
0.10279017686843872, 0.02906651236116886
0.10092508047819138, 0.030674515292048454
0.0946115106344223, 0.020170940086245537
0.1036578044295311, 0.023066161200404167
0.12386255711317062, 0.028613828122615814
0.0932164192199707, 0.015738528221845627
0.09391693770885468, 0.02231573313474655
0.08226578682661057, 0.024912908673286438
0.09898146986961365, 0.03112844191491604
0.10631869733333588, 0.033718474209308624
0.10093268007040024, 0.026003167033195496
0.10692243278026581, 0.03332129120826721
0.09095330536365509, 0.028537806123495102
0.09333626925945282, 0.025909721851348877
0.09997932612895966, 0.023617690429091454
0.1092909425497055, 0.03412764146924019
0.09517713636159897, 0.029824722558259964
0.10167613625526428, 0.024557242169976234
0.09604313224554062, 0.021453984081745148
0.10828602313995361, 0.02285335399210453
0.09165740013122559, 0.02397039160132408
0.09573034942150116, 0.02228197082877159
0.08383643627166748, 0.021707629784941673
0.08967022597789764, 0.025694631040096283
0.08964373916387558, 0.016234636306762695
0.09308695793151855, 0.021490467712283134
0.11636362969875336, 0.04343092069029808
0.1121971532702446, 0.04109320789575577
0.10078276693820953, 0.036774858832359314
0.09059693664312363, 0.01775798574090004
0.09582909196615219, 0.016554830595850945
0.10158585011959076, 0.02908770553767681
0.09529121965169907, 0.025097159668803215
0.0936996266245842, 0.018381783738732338
0.09443362802267075, 0.03236336633563042
0.09263231605291367, 0.031406041234731674
0.10917115211486816, 0.02440677210688591
0.08918683230876923, 0.023916643112897873
0.0957389697432518, 0.025891780853271484
0.08164605498313904, 0.01734877936542034
0.08963792771100998, 0.021677464246749878
0.0927906185388565, 0.022844897583127022
0.09667424857616425, 0.023912420496344566
0.09061166644096375, 0.01921546831727028
0.09703637659549713, 0.02238018997013569
0.11381830275058746, 0.04678013175725937
0.08931025862693787, 0.015042658895254135
0.09137614816427231, 0.02265302836894989
0.11041177809238434, 0.03493397682905197
0.09071286767721176, 0.016230424866080284
0.10547134280204773, 0.0251648910343647
0.12022237479686737, 0.05195607990026474
0.12177589535713196, 0.03486878424882889
0.11253567039966583, 0.05097551271319389
0.09832648932933807, 0.02675492875277996
0.09555928409099579, 0.022837795317173004
0.10607272386550903, 0.02467668242752552
0.10411413013935089, 0.02489747665822506
0.09653317183256149, 0.023264063522219658
0.08389978110790253, 0.017523087561130524
0.08621294796466827, 0.0170944482088089
0.08705995976924896, 0.018097732216119766
0.10953852534294128, 0.020588768646121025
0.08368992805480957, 0.011374584399163723
0.09829723834991455, 0.025440486147999763
0.11229477822780609, 0.04012022539973259
0.10042311996221542, 0.023910844698548317
0.1008802279829979, 0.014966486021876335
0.09119847416877747, 0.021730218082666397
0.08661578595638275, 0.026942864060401917
0.10208931565284729, 0.02791532687842846
0.07985109090805054, 0.009972267784178257
0.09096471965312958, 0.02494056709110737
0.11707168817520142, 0.044428110122680664
0.10222935676574707, 0.026044320315122604
0.10709115117788315, 0.03184953331947327
0.09271769225597382, 0.03185134381055832
0.08766542375087738, 0.02919088490307331
0.08795701712369919, 0.029274065047502518
0.09453551471233368, 0.025932256132364273
0.08823804557323456, 0.01191351842135191
0.08501114696264267, 0.02590477094054222
0.10435428470373154, 0.023911895230412483
0.10949854552745819, 0.036849480122327805
0.11789649724960327, 0.04637676104903221
0.09819144010543823, 0.028675401583313942
0.09456466138362885, 0.014760792255401611
0.10086534917354584, 0.02258165366947651
0.10543876886367798, 0.03220450505614281
0.08194069564342499, 0.020326945930719376
0.0982627123594284, 0.026535596698522568
0.10022979974746704, 0.036159154027700424
0.10759731382131577, 0.01647358015179634
0.1174209862947464, 0.029732143506407738
0.10750019550323486, 0.027173837646842003
0.10194015502929688, 0.025856927037239075
0.10637962818145752, 0.025401150807738304
0.11001870036125183, 0.027924375608563423
0.09754610061645508, 0.025071963667869568
0.09992961585521698, 0.023880409076809883
0.1023763045668602, 0.022795073688030243
0.09412024915218353, 0.025468945503234863
0.10249914973974228, 0.022653836756944656
0.12145708501338959, 0.033754799515008926
0.07665854692459106, 0.020941421389579773
0.11228062212467194, 0.03619582578539848
0.09224160015583038, 0.028103090822696686
0.12126889079809189, 0.03091861680150032
0.09079023450613022, 0.015348665416240692
0.09462849795818329, 0.026199182495474815
0.10406794399023056, 0.026720354333519936
0.1016850620508194, 0.030529456213116646
0.09436964988708496, 0.031549494713544846
0.08224852383136749, 0.02038944885134697
0.09576310217380524, 0.0272669680416584
0.09924247115850449, 0.018268350511789322
0.1158025860786438, 0.040293119847774506
0.11943954229354858, 0.04158269613981247
0.10512750595808029, 0.024652767926454544
0.10242071747779846, 0.03282749652862549
0.11437244713306427, 0.041095275431871414
0.09990200400352478, 0.016294769942760468
0.09454213082790375, 0.02209366299211979
0.09251156449317932, 0.02315424755215645
0.0990910679101944, 0.027355743572115898
0.10334096848964691, 0.03231150284409523
0.11188636720180511, 0.030423887073993683
0.08599691838026047, 0.018841050565242767
0.0829731673002243, 0.020502695813775063
0.0892682895064354, 0.026869669556617737
0.10252571105957031, 0.02443518489599228
0.09916363656520844, 0.020057862624526024
0.1023670881986618, 0.02043890208005905
0.09098472446203232, 0.013074043206870556
0.0717276856303215, 0.017070330679416656
0.08088725805282593, 0.0133052384480834
0.08592990040779114, 0.0320032499730587
0.10123982280492783, 0.022255802527070045
0.08710432052612305, 0.022015120834112167
0.08802636712789536, 0.01784743182361126
0.11041104048490524, 0.03906961902976036
0.10268108546733856, 0.034116435796022415
0.09063851088285446, 0.032585546374320984
0.1082594022154808, 0.02008545584976673
0.101826511323452, 0.027112388983368874
0.08597909659147263, 0.018901081755757332
0.09407150745391846, 0.03366341441869736
0.09434211254119873, 0.023745765909552574
0.08698489516973495, 0.013010639697313309
0.10228463262319565, 0.029640061780810356
0.08631382882595062, 0.022194216027855873
0.09468741714954376, 0.016610147431492805
0.0926368236541748, 0.01973286084830761
0.09469249099493027, 0.02308659814298153
0.09057468175888062, 0.020093610510230064
0.09935691952705383, 0.024185266345739365
0.09526451677083969, 0.023105459287762642
0.0934624969959259, 0.02050648257136345
0.0879191905260086, 0.030194994062185287
0.1122831329703331, 0.019228050485253334
0.09334473311901093, 0.017323870211839676
0.0871959775686264, 0.02556515485048294
0.10684198141098022, 0.03220553696155548
0.10591240972280502, 0.029910730198025703
0.09634610265493393, 0.021957842633128166
0.07829605042934418, 0.01847192645072937
0.08241409808397293, 0.02419150434434414
0.08878001570701599, 0.01736811362206936
0.09048774838447571, 0.02266988344490528
0.08880853652954102, 0.021111128851771355
0.10364413261413574, 0.02158508263528347
0.08692862838506699, 0.02774817869067192
0.09147928655147552, 0.02537299320101738
0.09365546703338623, 0.017261657863855362
0.10721945017576218, 0.03921600803732872
0.09632991254329681, 0.03425008803606033
0.09934265911579132, 0.029299136251211166
0.10167895257472992, 0.02345125563442707
0.1154477596282959, 0.04162794351577759
0.10272631049156189, 0.0237138569355011
0.10080507397651672, 0.0321444533765316
0.08654995262622833, 0.018214238807559013
0.08558891713619232, 0.008969277143478394
0.09539610147476196, 0.03449062630534172
0.12223903834819794, 0.025150474160909653
0.09175654500722885, 0.02790677361190319
0.10517623275518417, 0.018327772617340088
0.08837360143661499, 0.015409354120492935
0.09361818432807922, 0.024534612894058228
0.1161300390958786, 0.050007164478302
0.09573531150817871, 0.018943605944514275
0.10827730596065521, 0.021009212359786034
0.10568420588970184, 0.029283398762345314
0.11482150852680206, 0.03693556413054466
0.08898952603340149, 0.014257378876209259
0.10031217336654663, 0.023990686982870102
0.09381702542304993, 0.02814697101712227
0.1045069694519043, 0.0189745482057333
0.10519835352897644, 0.03193648159503937
0.1151723563671112, 0.027550257742404938
0.14652644097805023, 0.03932858631014824
0.11177141964435577, 0.04651358723640442
0.08710592985153198, 0.02241869457066059
0.09568683803081512, 0.03175659105181694
0.1114068478345871, 0.04317408427596092
0.10539762675762177, 0.016164623200893402
0.12448883056640625, 0.04546656832098961
0.09470686316490173, 0.026760926470160484
0.10053782165050507, 0.0312679149210453
0.09861131012439728, 0.024057118222117424
0.10662593692541122, 0.026434000581502914
0.11424915492534637, 0.039752691984176636
0.07532814145088196, 0.01650984212756157
0.09284639358520508, 0.012443030253052711
0.09472523629665375, 0.03101242147386074
0.10310448706150055, 0.028681019321084023
0.11032713949680328, 0.03256091848015785
0.09095057100057602, 0.029125891625881195
0.10048707574605942, 0.03817211091518402
0.09921984374523163, 0.03831560164690018
0.10783319175243378, 0.04451877251267433
0.12421713769435883, 0.031303029507398605
0.08412789553403854, 0.01872244104743004
0.09143880009651184, 0.019199788570404053
0.09303627908229828, 0.02473599463701248
0.09043873846530914, 0.017620813101530075
0.10705679655075073, 0.04558364301919937
0.1046617329120636, 0.031360771507024765
0.10374091565608978, 0.03043542429804802
0.10322117060422897, 0.020682761445641518
0.09084661304950714, 0.02379361167550087
0.0899079442024231, 0.02021029219031334
0.08852244913578033, 0.022638415917754173
0.10763343423604965, 0.03641544654965401
0.08591153472661972, 0.016352683305740356
0.09613054990768433, 0.024295855313539505
0.10902653634548187, 0.03966544568538666
0.11403962224721909, 0.04312223941087723
0.11492335796356201, 0.022907141596078873
0.1032864972949028, 0.024875925853848457
0.0979025810956955, 0.027090037241578102
0.11228916049003601, 0.027068227529525757
0.09997738897800446, 0.02954322285950184
0.09564892947673798, 0.02099967747926712
0.0953323245048523, 0.01816496066749096
0.11035268008708954, 0.03167634829878807
0.099869005382061, 0.032797444611787796
0.10927519202232361, 0.028209485113620758
0.10500234365463257, 0.027570929378271103
0.10068647563457489, 0.023829421028494835
0.07785861194133759, 0.013488098978996277
0.094590924680233, 0.03363178297877312
0.10494938492774963, 0.029608381912112236
0.08734681457281113, 0.02385411225259304
0.09049065411090851, 0.017471561208367348
0.09753160178661346, 0.019137393683195114
0.0763535127043724, 0.01238209381699562
0.08860220015048981, 0.01976402848958969
0.08934001624584198, 0.020578082650899887
0.10420531034469604, 0.031379710882902145
0.10833239555358887, 0.019904889166355133
0.0991782546043396, 0.03119606338441372
0.09069862216711044, 0.02425955981016159
0.09042048454284668, 0.024052219465374947
0.0917842909693718, 0.021508892998099327
0.10371190309524536, 0.027428291738033295
0.08708946406841278, 0.018986649811267853
0.0838877484202385, 0.020108310505747795
0.09315580129623413, 0.013683894649147987
0.12367163598537445, 0.033882323652505875
0.09632803499698639, 0.026389827951788902
0.09149720519781113, 0.02310352586209774
0.0992085188627243, 0.019364601001143456
0.10368964076042175, 0.031031722202897072
0.07586433738470078, 0.016900643706321716
0.09535080194473267, 0.029796389862895012
0.09067465364933014, 0.022144634276628494
0.07852625846862793, 0.0145240044221282
0.08601371943950653, 0.018523044884204865
0.09038937091827393, 0.022064579650759697
0.09635426849126816, 0.026769600808620453
0.08643130958080292, 0.019979314878582954
0.10300076007843018, 0.035766951739788055
0.10685064643621445, 0.027701308950781822
0.09469510614871979, 0.030826855450868607
0.0810592919588089, 0.01751430332660675
0.10790561139583588, 0.03001786582171917
0.11470066010951996, 0.0386502780020237
0.07936857640743256, 0.020677968859672546
0.0890343189239502, 0.021462950855493546
0.09250162541866302, 0.02274722419679165
0.10288585722446442, 0.027247801423072815
0.12547555565834045, 0.03987279534339905
0.10899170488119125, 0.024983078241348267
0.11905815452337265, 0.02948366105556488
0.11926853656768799, 0.041885457932949066
0.09788396209478378, 0.02454805187880993
0.08487304300069809, 0.02497677505016327
0.09211640059947968, 0.024967925623059273
0.09302029013633728, 0.025913026183843613
0.09584146738052368, 0.03102126717567444
0.10307779163122177, 0.023478195071220398
0.09788965433835983, 0.02523816004395485
0.08642732352018356, 0.01732594519853592
0.1006862223148346, 0.022801237180829048
0.09887029975652695, 0.03447563201189041
0.10369360446929932, 0.026116464287042618
0.09912588447332382, 0.026034904643893242
0.1073712706565857, 0.02046787552535534
0.10526488721370697, 0.021663740277290344
0.1027287095785141, 0.02795902080833912
0.0952448844909668, 0.0235345009714365
0.10787676274776459, 0.02632753551006317
0.08689415454864502, 0.023386474698781967
0.08365844190120697, 0.0196251031011343
0.09057550132274628, 0.019448501989245415
0.10059015452861786, 0.026459429413080215
0.09749650955200195, 0.02133486419916153
0.08472134917974472, 0.0163265373557806
0.0997544452548027, 0.020720623433589935
0.09874897450208664, 0.030388230457901955
0.0938546285033226, 0.01283425372093916
0.08534165471792221, 0.015603781677782536
0.09189017862081528, 0.02618204988539219
0.09784191846847534, 0.02414305880665779
0.08721764385700226, 0.021217424422502518
0.09807373583316803, 0.02368304319679737
0.08577927947044373, 0.013876126147806644
0.09701745957136154, 0.03335578367114067
0.10185810923576355, 0.030203280970454216
0.11004602164030075, 0.03239118307828903
0.11137273907661438, 0.03810117766261101
0.10153774917125702, 0.03228088468313217
0.08426533639431, 0.016258833929896355
0.09215430915355682, 0.01819618046283722
0.09685201942920685, 0.038600336760282516
0.08619605749845505, 0.016433672979474068
0.0936691015958786, 0.026339350268244743
0.0896449089050293, 0.022802909836173058
0.0902765616774559, 0.027885105460882187
0.09069077670574188, 0.026509396731853485
0.08656521141529083, 0.016422811895608902
0.07586466521024704, 0.013212798163294792
0.08761441707611084, 0.020437685772776604
0.1001768559217453, 0.026148421689867973
0.09023209661245346, 0.022350775077939034
0.07517723739147186, 0.013441476039588451
0.08674128353595734, 0.019117914140224457
0.10658209025859833, 0.026049956679344177
0.10360883176326752, 0.029166359454393387
0.09859635680913925, 0.020749090239405632
0.09731501340866089, 0.03184233233332634
0.09247815608978271, 0.013549033552408218
0.09257291257381439, 0.020532701164484024
0.09737454354763031, 0.02808777056634426
0.11817678064107895, 0.051863688975572586
0.11961047351360321, 0.043570637702941895
0.09255445003509521, 0.023597419261932373
0.09931781142950058, 0.023488081991672516
0.1177532896399498, 0.03196730092167854
0.10130663216114044, 0.03810831531882286
0.0895303338766098, 0.020587841048836708
0.1098017618060112, 0.036162812262773514
0.09919168055057526, 0.02810644544661045
0.09751002490520477, 0.027622265741229057
0.09835287928581238, 0.030666731297969818
0.10065671056509018, 0.030195454135537148
0.09797217696905136, 0.03259153291583061
0.11288796365261078, 0.026078658178448677
0.0932302474975586, 0.030456848442554474
0.09705387055873871, 0.0287042073905468
0.11917783319950104, 0.031767554581165314
0.12054239213466644, 0.015810269862413406
0.09467160701751709, 0.021654175594449043
0.1051027774810791, 0.03391341120004654
0.0933593362569809, 0.023917151615023613
0.09781387448310852, 0.01660904660820961
0.0861378014087677, 0.0225637499243021
0.10440929979085922, 0.02966274321079254
0.11527426540851593, 0.026395155116915703
0.11829876154661179, 0.021093249320983887
0.10633966326713562, 0.015906551852822304
0.09728576987981796, 0.016261233016848564
0.09049683809280396, 0.025259889662265778
0.11343519389629364, 0.03110550530254841
0.08677311986684799, 0.0205768421292305
0.10274140536785126, 0.020067039877176285
0.09364515542984009, 0.02576993964612484
0.08550842106342316, 0.02591395378112793
0.09998105466365814, 0.028405947610735893
0.0967717170715332, 0.030231423676013947
0.10354819893836975, 0.027637887746095657
0.08701922744512558, 0.020118191838264465
0.10197335481643677, 0.020618999376893044
0.09022723883390427, 0.026665575802326202
0.09653183072805405, 0.025529321283102036
0.09599053859710693, 0.02389928326010704
0.09236937761306763, 0.029153460636734962
0.09961550682783127, 0.029971012845635414
0.10997974872589111, 0.04863641783595085
0.0889446958899498, 0.02097463048994541
0.08475710451602936, 0.02264983020722866
0.09895946830511093, 0.022394882515072823
0.09427700936794281, 0.023894740268588066
0.10697057098150253, 0.027915306389331818
0.09191491454839706, 0.018664028495550156
0.10235928744077682, 0.02114693447947502
0.10163142532110214, 0.02766440249979496
0.08496162295341492, 0.02722703106701374
0.08673857897520065, 0.028852490708231926
0.08073748648166656, 0.024499518796801567
0.07751625031232834, 0.024896640330553055
0.07989338040351868, 0.022227665409445763
0.08190404623746872, 0.008807765319943428
0.09654675424098969, 0.029699740931391716
0.10642339289188385, 0.021757887676358223
0.1047506332397461, 0.026989977806806564
0.09548044204711914, 0.018876684829592705
0.10877170413732529, 0.029239587485790253
0.08362992852926254, 0.026499366387724876
0.07805892080068588, 0.015425452962517738
0.09969229996204376, 0.023337919265031815
0.13050784170627594, 0.029868075624108315
0.10490205883979797, 0.0396006777882576
0.10868164896965027, 0.03588220477104187
0.10319124907255173, 0.024256007745862007
0.08724649995565414, 0.012995596043765545
0.09470908343791962, 0.01642848551273346
0.09695103019475937, 0.020507823675870895
0.09055967628955841, 0.03041619434952736
0.09950236976146698, 0.031206393614411354
0.09075649827718735, 0.02021973580121994
0.0911402553319931, 0.02060638554394245
0.10959850251674652, 0.02829078771173954
0.11529910564422607, 0.02435385063290596
0.10146792232990265, 0.04023949056863785
0.09232127666473389, 0.025747030973434448
0.11498745530843735, 0.03602423146367073
0.08463548123836517, 0.023798886686563492
0.09351582825183868, 0.01539214514195919
0.10156373679637909, 0.026672691106796265
0.0907120332121849, 0.025403568521142006
0.09035321325063705, 0.02715172804892063
0.09184247255325317, 0.034154344350099564
0.10777227580547333, 0.029602082446217537
0.10709114372730255, 0.04210240766406059
0.09227502346038818, 0.03630184009671211
0.08852579444646835, 0.029610423371195793
0.10578551143407822, 0.02185903489589691
0.11119160056114197, 0.03407870978116989
0.07400450110435486, 0.01741662062704563
0.09258399903774261, 0.02598072588443756
0.10444128513336182, 0.02361742965877056
0.09920492023229599, 0.023368315771222115
0.07569047808647156, 0.01644369587302208
0.09532173722982407, 0.02833302691578865
0.09467077255249023, 0.027824116870760918
0.09824186563491821, 0.019017526879906654
0.140628382563591, 0.03631799295544624
0.09842630475759506, 0.020757516846060753
0.10887288302183151, 0.026713429018855095
0.09847160428762436, 0.025445425882935524
0.09734085202217102, 0.019301826134324074
0.09122996777296066, 0.019933920353651047
0.07888071984052658, 0.012827896513044834
0.09632178395986557, 0.02511032484471798
0.10458888858556747, 0.03011483885347843
0.10553362965583801, 0.032604169100522995
0.09888338297605515, 0.03989965841174126
0.09412642568349838, 0.018134066835045815
0.0854223221540451, 0.022252056747674942
0.10135489702224731, 0.016084931790828705
0.10099222511053085, 0.023579806089401245
0.09471195936203003, 0.027392877265810966
0.09068968892097473, 0.018370624631643295
0.08227179944515228, 0.018009766936302185
0.0953073501586914, 0.02518642507493496
0.09049485623836517, 0.025695905089378357
0.0873279869556427, 0.018479976803064346
0.10700177401304245, 0.03217599540948868
0.09960322082042694, 0.023214638233184814
0.09258286654949188, 0.014417096972465515
0.0959211215376854, 0.026218712329864502
0.11406946182250977, 0.018170956522226334
0.09784337133169174, 0.020746741443872452
0.08892360329627991, 0.009726984426379204
0.09473555535078049, 0.03322168067097664
