mean, std
0.1458975076675415, 0.08678192645311356
0.08039793372154236, 0.05692251771688461
0.05397256463766098, 0.042576976120471954
0.1007695347070694, 0.06265119463205338
0.06877864897251129, 0.0563860721886158
0.07429549843072891, 0.055942874401807785
0.08227643370628357, 0.05976540967822075
0.06512759625911713, 0.040007904171943665
0.05481155216693878, 0.0461217425763607
0.042520295828580856, 0.03425823897123337
0.04966207966208458, 0.04630052670836449
0.06147632747888565, 0.03097456507384777
0.08309875428676605, 0.044956449419260025
0.06295107305049896, 0.05559168756008148
0.05340290814638138, 0.031092064455151558
0.047754913568496704, 0.03870449215173721
0.058434657752513885, 0.047085635364055634
0.08568495512008667, 0.05994509533047676
0.07091411203145981, 0.040713921189308167
0.05498909950256348, 0.03878241777420044
0.04981439560651779, 0.04150642082095146
0.05026484653353691, 0.030932733789086342
0.05025099962949753, 0.031437456607818604
0.06805171072483063, 0.04490211606025696
0.07090231776237488, 0.04110158979892731
0.04646480828523636, 0.03162754327058792
0.046799831092357635, 0.03243904933333397
0.04835837706923485, 0.03894917666912079
0.06324359029531479, 0.04510841146111488
0.061202000826597214, 0.04689421132206917
0.06171111762523651, 0.0419221892952919
0.054388873279094696, 0.05113016068935394
0.04111406207084656, 0.041752610355615616
0.052826665341854095, 0.045434173196554184
0.04372271150350571, 0.02712983638048172
0.05261586606502533, 0.037522513419389725
0.03961556777358055, 0.02113563008606434
0.057414647191762924, 0.047869354486465454
0.055223509669303894, 0.04456304386258125
0.06763408333063126, 0.05112865939736366
0.05651916563510895, 0.04326218366622925
0.06062948703765869, 0.039847251027822495
0.058108747005462646, 0.05468382313847542
0.06931864470243454, 0.05069294944405556
0.052247852087020874, 0.04082847014069557
0.04081768915057182, 0.023845499381422997
0.08351150155067444, 0.06093369424343109
0.06942202895879745, 0.0378321036696434
0.06177574396133423, 0.05365357920527458
0.05774455517530441, 0.03621485084295273
0.0406697541475296, 0.024116046726703644
0.037300821393728256, 0.018329381942749023
0.050136592239141464, 0.02657335065305233
0.05196535587310791, 0.04216529428958893
0.03933604806661606, 0.03269602730870247
0.05079325661063194, 0.029657907783985138
0.038215406239032745, 0.034621041268110275
0.03689536824822426, 0.0241130068898201
0.06526921689510345, 0.04899396747350693
0.041042063385248184, 0.02809971384704113
0.032360535115003586, 0.028817756101489067
0.03583833575248718, 0.03764699026942253
0.05256969854235649, 0.03208373114466667
0.04502145200967789, 0.032276004552841187
0.02540547400712967, 0.027018586173653603
0.0428113155066967, 0.034002866595983505
0.05205611512064934, 0.03467849642038345
0.05970272421836853, 0.047260694205760956
0.04122393578290939, 0.03161487355828285
0.0574832558631897, 0.03257159888744354
0.03751085326075554, 0.023257248103618622
0.046908050775527954, 0.040283724665641785
0.023225238546729088, 0.01768888719379902
0.051178961992263794, 0.026650622487068176
0.047174423933029175, 0.0324447937309742
0.06757179647684097, 0.06178708001971245
0.06437793374061584, 0.04967622086405754
0.061549823731184006, 0.03949085623025894
0.0944795235991478, 0.06743165105581284
0.13516250252723694, 0.05548408627510071
0.05123169347643852, 0.036568280309438705
0.05073016509413719, 0.039921026676893234
0.07401242852210999, 0.06098567694425583
0.04177561402320862, 0.034186966717243195
0.0658031776547432, 0.03426223248243332
0.06814545392990112, 0.05756417289376259
0.06794322282075882, 0.037247467786073685
0.06777343153953552, 0.05077279359102249
0.04935842007398605, 0.034006841480731964
0.06002023443579674, 0.037176184356212616
0.03632311522960663, 0.0211685411632061
0.03417423740029335, 0.03531186655163765
0.05441093444824219, 0.03254438191652298
0.06342887878417969, 0.03074701689183712
0.06447026878595352, 0.023469332605600357
0.06202663108706474, 0.04620542377233505
0.059201501309871674, 0.0508321076631546
0.11577607691287994, 0.07076632231473923
0.07895314693450928, 0.051782503724098206
0.0754823088645935, 0.04783181473612785
0.04475569725036621, 0.032422203570604324
0.07896359264850616, 0.04559410363435745
0.05141499638557434, 0.038572847843170166
0.058915309607982635, 0.04657834768295288
0.07154491543769836, 0.03695250302553177
0.05324374884366989, 0.03751334920525551
0.0494975671172142, 0.03205856680870056
0.06676050275564194, 0.032108474522829056
0.059875160455703735, 0.047964852303266525
0.06373387575149536, 0.04957393556833267
0.10295896232128143, 0.0646403580904007
0.12278066575527191, 0.06447543203830719
0.10618333518505096, 0.06693640351295471
0.05705639347434044, 0.03699858486652374
0.06476866453886032, 0.028097819536924362
0.05492333695292473, 0.04450879618525505
0.04912758991122246, 0.02912529930472374
0.05833464115858078, 0.041258323937654495
0.07170048356056213, 0.046876098960638046
0.06018383428454399, 0.041495900601148605
0.07649360597133636, 0.055627502501010895
0.03928449749946594, 0.028620131313800812
0.057302869856357574, 0.040090713649988174
0.0763181671500206, 0.0492953360080719
0.05772876739501953, 0.03943021222949028
0.07263155281543732, 0.03332242742180824
0.06348134577274323, 0.04211041331291199
0.043561071157455444, 0.030858062207698822
0.060915373265743256, 0.026973022148013115
0.05032225698232651, 0.03813589736819267
0.07215943932533264, 0.04000511020421982
0.09644435346126556, 0.06701786816120148
0.07259054481983185, 0.04130855202674866
0.07141964882612228, 0.047928690910339355
0.07202767580747604, 0.04308061674237251
0.07397320121526718, 0.019722890108823776
0.09101572632789612, 0.04946942999958992
0.04901851341128349, 0.03685973957180977
0.07502370327711105, 0.05953065678477287
0.10168145596981049, 0.05505247786641121
0.09513592720031738, 0.04808790609240532
0.04944447800517082, 0.0272905882447958
0.05683229863643646, 0.034830089658498764
0.06531152129173279, 0.05173681303858757
0.06596902757883072, 0.04193486273288727
0.06724141538143158, 0.037412699311971664
0.06332314014434814, 0.03653992712497711
0.07046478986740112, 0.04817067086696625
0.07807131856679916, 0.058902014046907425
0.03410738334059715, 0.03411998227238655
0.09194141626358032, 0.06447475403547287
0.0969780907034874, 0.06626098603010178
0.07003609836101532, 0.03530903160572052
0.05389326810836792, 0.050841499119997025
0.057226549834012985, 0.05382608249783516
0.055857278406620026, 0.026515142992138863
0.04789053648710251, 0.03692682087421417
0.06567591428756714, 0.04045604169368744
0.08472521603107452, 0.05010219290852547
0.0748215839266777, 0.04100800305604935
0.08342961966991425, 0.06572173535823822
0.1052100881934166, 0.04878431558609009
0.05930604040622711, 0.043198343366384506
0.06280870735645294, 0.061557166278362274
0.039728157222270966, 0.030557328835129738
0.08781124651432037, 0.059989284723997116
0.057780273258686066, 0.05663954094052315
0.07879197597503662, 0.04735255241394043
0.07165992259979248, 0.05698290839791298
0.06053178757429123, 0.039215557277202606
0.10663078725337982, 0.06294351071119308
0.05986318737268448, 0.03896363079547882
0.09239257872104645, 0.05244876444339752
0.08357590436935425, 0.0623873732984066
0.06381843984127045, 0.04324692487716675
0.09082178771495819, 0.055451519787311554
0.058857642114162445, 0.038059644401073456
0.09162010252475739, 0.07818835228681564
0.034967511892318726, 0.025887249037623405
0.05959821864962578, 0.03761269897222519
0.10429207980632782, 0.06043976545333862
0.07767067849636078, 0.050379153341054916
0.05968981981277466, 0.04223712906241417
0.06976349651813507, 0.04801354557275772
0.060673557221889496, 0.03770628198981285
0.047463349997997284, 0.047258347272872925
0.03454340994358063, 0.026187101379036903
0.044177308678627014, 0.027863634750247
0.05662278085947037, 0.03763200342655182
0.0663280040025711, 0.05151034891605377
0.12769603729248047, 0.04946940764784813
0.18564146757125854, 0.07495112717151642
0.07155922055244446, 0.05504891648888588
0.04494008421897888, 0.040689729154109955
0.13602109253406525, 0.07129015028476715
0.14736004173755646, 0.10325976461172104
0.10545574128627777, 0.06241302937269211
0.10073135793209076, 0.06628955900669098
0.09847836941480637, 0.037205200642347336
0.09118121862411499, 0.056037768721580505
0.07689890265464783, 0.05706236511468887
0.17417261004447937, 0.09152663499116898
0.09320509433746338, 0.04671173542737961
0.059288106858730316, 0.03641659393906593
0.07407847046852112, 0.06479083746671677
0.06827099621295929, 0.05000218749046326
0.06558319181203842, 0.0606219507753849
0.0684991180896759, 0.05296377092599869
0.06322737038135529, 0.05292816460132599
0.0788852870464325, 0.06900755316019058
0.04308398813009262, 0.037656236439943314
0.08916076272726059, 0.06624159216880798
0.1358458399772644, 0.07404063642024994
0.07782264798879623, 0.042680155485868454
0.10623802989721298, 0.059236131608486176
0.07540582120418549, 0.04266059026122093
0.05708000808954239, 0.029020370915532112
0.05982398986816406, 0.043233104050159454
0.05907528102397919, 0.035941146314144135
0.20311634242534637, 0.08589350432157516
0.12937483191490173, 0.0802265927195549
0.10524262487888336, 0.05489238724112511
0.06101089343428612, 0.03745051473379135
0.06663239747285843, 0.0454091876745224
0.060592710971832275, 0.04812551289796829
0.056236498057842255, 0.04072778299450874
0.12632612884044647, 0.081349216401577
0.18326276540756226, 0.10094881057739258
0.11290277540683746, 0.05424432456493378
0.03760794922709465, 0.02420625649392605
0.09590709209442139, 0.04303372651338577
0.11538724601268768, 0.05437280982732773
0.08895459771156311, 0.06883248686790466
0.07251463830471039, 0.05293213576078415
0.06244479864835739, 0.041159044951200485
0.05119466036558151, 0.033901724964380264
0.08328205347061157, 0.04803014174103737
0.06525707244873047, 0.05551197752356529
0.05948072671890259, 0.04662689194083214
0.07047198712825775, 0.06477022916078568
0.06219763681292534, 0.04771765321493149
0.10727357864379883, 0.07564949244260788
0.06078384071588516, 0.04702002555131912
0.090590700507164, 0.07095184922218323
0.04030267521739006, 0.024751635268330574
0.07569782435894012, 0.06563320010900497
0.07427190244197845, 0.05094370245933533
0.13740745186805725, 0.0796927958726883
0.1112019419670105, 0.07790815830230713
0.13175663352012634, 0.044535234570503235
0.08623801916837692, 0.043675247579813004
0.09424342960119247, 0.03960198909044266
0.056654639542102814, 0.03148555010557175
0.09507288038730621, 0.06277132034301758
0.07707143574953079, 0.04482164606451988
0.10135795176029205, 0.06413422524929047
0.07729804515838623, 0.06500665098428726
0.11552095413208008, 0.09483947604894638
0.10958516597747803, 0.08097562193870544
0.0697946771979332, 0.03930018097162247
0.06530517339706421, 0.0521625317633152
0.06094064936041832, 0.0602763332426548
0.11181674897670746, 0.06921221315860748
0.09537611901760101, 0.06526641547679901
0.05379948765039444, 0.04100798815488815
0.13352680206298828, 0.06860750168561935
0.09579732269048691, 0.05898052453994751
0.10799422860145569, 0.08238420635461807
0.09014156460762024, 0.06757322698831558
0.11578324437141418, 0.07069401443004608
0.07713532447814941, 0.056016549468040466
0.05876874178647995, 0.03156406432390213
0.05671154707670212, 0.031882017850875854
0.055154092609882355, 0.04912129417061806
0.04455448314547539, 0.04082125052809715
0.13930736482143402, 0.052759651094675064
0.0920003354549408, 0.05339107662439346
0.10809250921010971, 0.06579462438821793
0.050085872411727905, 0.03522332385182381
0.07435102760791779, 0.06013798713684082
0.17564551532268524, 0.11981691420078278
0.0931459590792656, 0.05266004800796509
0.07350543886423111, 0.052987661212682724
0.05468762665987015, 0.038781601935625076
0.07759471237659454, 0.06595619767904282
0.13262197375297546, 0.08128742128610611
0.06413877010345459, 0.056467730551958084
0.10304652154445648, 0.050241950899362564
0.06352733075618744, 0.04881628230214119
0.09678564965724945, 0.07043185085058212
0.030299410223960876, 0.022645417600870132
0.06051251292228699, 0.04421298950910568
0.07695046067237854, 0.05313238129019737
0.05647914111614227, 0.050549231469631195
0.13205508887767792, 0.06150156632065773
0.10847201943397522, 0.07328984141349792
0.09438752382993698, 0.05408855527639389
0.09376859664916992, 0.05357186123728752
0.07273130863904953, 0.049054648727178574
0.06620228290557861, 0.06510911136865616
0.10610984265804291, 0.053626690059900284
0.10613921284675598, 0.0712730810046196
0.10434186458587646, 0.06859641522169113
0.06035774201154709, 0.045814741402864456
0.055568940937519073, 0.03858490660786629
0.09717988967895508, 0.05656144767999649
0.10651838779449463, 0.06487160176038742
0.08114131540060043, 0.05110049620270729
0.06980200856924057, 0.04417373985052109
0.050239600241184235, 0.02995675802230835
0.06159573793411255, 0.05121292173862457
0.0989753007888794, 0.06914164125919342
0.03950260952115059, 0.028798487037420273
0.04280276596546173, 0.03705378249287605
0.17722374200820923, 0.11086666584014893
0.08368143439292908, 0.07466170191764832
0.08256988972425461, 0.0652400478720665
0.05995742976665497, 0.049586858600378036
0.1114065870642662, 0.04867212101817131
0.13271889090538025, 0.07907750457525253
0.12522657215595245, 0.06752464920282364
0.13320450484752655, 0.07035587728023529
0.07622180879116058, 0.05848298594355583
0.08034911751747131, 0.03541508689522743
0.10882149636745453, 0.0716916024684906
0.15338276326656342, 0.08412986248731613
0.07693779468536377, 0.0442073754966259
0.07230281829833984, 0.04016948118805885
0.06657149642705917, 0.03415464609861374
0.060880765318870544, 0.04323820024728775
0.07802517712116241, 0.050896745175123215
0.07773926854133606, 0.06579431146383286
0.08203737437725067, 0.05334104225039482
0.12212886661291122, 0.06385916471481323
0.10446607321500778, 0.0717162936925888
0.11402460187673569, 0.059688083827495575
0.125688374042511, 0.08770913630723953
0.11812032759189606, 0.09153766930103302
0.11347727477550507, 0.0514257475733757
0.08134337514638901, 0.05668186396360397
0.06464673578739166, 0.0388183519244194
0.07111144065856934, 0.04560145363211632
0.08866196870803833, 0.0658082440495491
0.17242059111595154, 0.10637189447879791
0.09895086288452148, 0.061804626137018204
0.05444902181625366, 0.039729468524456024
0.12188968062400818, 0.06754053384065628
0.13621853291988373, 0.07702291011810303
0.17966267466545105, 0.08859456330537796
0.10240902751684189, 0.056035116314888
0.15629474818706512, 0.09008273482322693
0.13080590963363647, 0.06046822667121887
0.16411153972148895, 0.10681141167879105
0.14523398876190186, 0.09559690207242966
0.12345635145902634, 0.09301546216011047
0.08092302083969116, 0.06698406487703323
0.07249488681554794, 0.0596243292093277
0.07821869850158691, 0.042100246995687485
0.0788787305355072, 0.054349541664123535
0.05677951127290726, 0.04018789529800415
0.06385473906993866, 0.05095236003398895
0.13282352685928345, 0.06580668687820435
0.10434678196907043, 0.06705295294523239
0.08098314702510834, 0.078018419444561
0.03636712580919266, 0.035281989723443985
0.10632633417844772, 0.048710647970438004
0.04816659539937973, 0.03368270769715309
0.04542618989944458, 0.03268282115459442
0.08163690567016602, 0.06227723881602287
0.09767255187034607, 0.06397364288568497
0.11712764203548431, 0.0718451514840126
0.14976978302001953, 0.0493001714348793
0.16455021500587463, 0.08841635286808014
0.20168110728263855, 0.08876492083072662
0.19080683588981628, 0.10707840323448181
0.205281600356102, 0.09943041205406189
0.1333410143852234, 0.0804368406534195
0.17475581169128418, 0.13489992916584015
0.12321603298187256, 0.06188509985804558
0.1356128603219986, 0.060060176998376846
0.07536138594150543, 0.04395098611712456
0.0603310763835907, 0.042154461145401
0.05361201986670494, 0.04170714318752289
0.13654933869838715, 0.058582935482263565
0.05777550861239433, 0.03851859271526337
0.09562238305807114, 0.05903070792555809
0.09266851842403412, 0.05297065153717995
0.06080062314867973, 0.04210074245929718
0.07391493767499924, 0.03719320893287659
0.09294120967388153, 0.049107056111097336
0.07440486550331116, 0.04593236371874809
0.1051790863275528, 0.06009434163570404
0.1038910374045372, 0.06654121726751328
0.15282945334911346, 0.06184902787208557
0.10556068271398544, 0.08999036997556686
0.06185334175825119, 0.0509503036737442
0.05144220590591431, 0.03184405714273453
0.09030185639858246, 0.03154488280415535
0.08036331087350845, 0.06081312522292137
0.07640483975410461, 0.04869440197944641
0.05598649010062218, 0.04479639604687691
0.04555245861411095, 0.02361288294196129
0.05777915567159653, 0.04489775747060776
0.07960321009159088, 0.041956398636102676
0.08279329538345337, 0.07340183854103088
0.07853525876998901, 0.032029926776885986
0.10079753398895264, 0.04530122131109238
0.07608238607645035, 0.05652438849210739
0.12881048023700714, 0.05670575425028801
0.10508690774440765, 0.07880797982215881
0.1387518346309662, 0.10544667392969131
0.10682924836874008, 0.06490854173898697
0.11125713586807251, 0.08579983562231064
0.05578047037124634, 0.0322638601064682
0.11451660096645355, 0.08191192150115967
0.06193145364522934, 0.051741067320108414
0.09798429906368256, 0.0643339529633522
0.07323767989873886, 0.038600191473960876
0.07488205283880234, 0.0627521425485611
0.06987153738737106, 0.06068757548928261
0.09271302074193954, 0.06525731086730957
0.061473727226257324, 0.038985397666692734
0.07029640674591064, 0.037965282797813416
0.0910368412733078, 0.060570258647203445
0.06785310804843903, 0.03863055631518364
0.055923499166965485, 0.044486913830041885
0.09170138835906982, 0.039751362055540085
0.1178835779428482, 0.0728621631860733
0.14963681995868683, 0.06131812930107117
0.07503988593816757, 0.029505092650651932
0.0714518278837204, 0.036275818943977356
0.06617176532745361, 0.05939279496669769
0.10628649592399597, 0.05403127148747444
0.13048087060451508, 0.07007931172847748
0.09215553849935532, 0.08261721581220627
0.07989772409200668, 0.05410493165254593
0.08934235572814941, 0.06705649942159653
0.09803851693868637, 0.05405794829130173
0.10949699580669403, 0.06942044943571091
0.05408712476491928, 0.038830310106277466
0.05001620575785637, 0.028828848153352737
0.04664381593465805, 0.027800098061561584
0.08466219156980515, 0.05485745891928673
0.0973130315542221, 0.03578577935695648
0.13064183294773102, 0.10427543520927429
0.12633121013641357, 0.07598362118005753
0.10104435682296753, 0.07447295635938644
0.1260780543088913, 0.07954039424657822
0.11033078283071518, 0.037660472095012665
0.08803163468837738, 0.06718596071004868
0.11511789262294769, 0.07727142423391342
0.14235085248947144, 0.03766849637031555
0.09374406188726425, 0.08682985603809357
0.10949316620826721, 0.09746155142784119
0.09676176309585571, 0.04887660592794418
0.04982660338282585, 0.05176006257534027
0.07240249216556549, 0.044288575649261475
0.08940430730581284, 0.041401006281375885
0.08067034184932709, 0.05792001262307167
0.060923606157302856, 0.04475110024213791
0.08110745996236801, 0.038671351969242096
0.08072049915790558, 0.0628088116645813
0.0983806699514389, 0.056175969541072845
0.11496089398860931, 0.05078710988163948
0.04787084087729454, 0.03442702814936638
0.08911643922328949, 0.05184927582740784
0.06233035773038864, 0.04095626249909401
0.08093457669019699, 0.05299156531691551
0.071151964366436, 0.03301938623189926
0.09315487742424011, 0.07402191311120987
0.08916331827640533, 0.03955114632844925
0.15697139501571655, 0.07526450604200363
0.1406867355108261, 0.0662660151720047
0.10228150337934494, 0.08591776341199875
0.13388332724571228, 0.07931791990995407
0.06724981963634491, 0.05159321427345276
0.15042099356651306, 0.11084462702274323
0.13957662880420685, 0.10233625024557114
0.1797161102294922, 0.1079782024025917
0.09273457527160645, 0.05224514752626419
0.07654592394828796, 0.047267619520425797
0.06071169301867485, 0.049022603780031204
0.06766985356807709, 0.05452818423509598
0.04775363206863403, 0.03805476427078247
0.0846327394247055, 0.05538252741098404
0.07054959237575531, 0.04384135827422142
0.08380600064992905, 0.05140827223658562
0.08021460473537445, 0.06181075796484947
0.06558575481176376, 0.04255359247326851
0.16920888423919678, 0.09996117651462555
0.12443611025810242, 0.060143232345581055
0.08166082948446274, 0.04451358690857887
0.07049071788787842, 0.051371846348047256
0.05110675096511841, 0.044955503195524216
0.08370508998632431, 0.051589541137218475
0.08043728023767471, 0.05593924596905708
0.11561273038387299, 0.07023072242736816
0.14347295463085175, 0.11871657520532608
0.1430918276309967, 0.08506102859973907
0.10600050538778305, 0.07384276390075684
0.06982660293579102, 0.06357721239328384
0.08468004316091537, 0.07156728208065033
0.04729698598384857, 0.04145263135433197
0.05601681396365166, 0.03633167967200279
0.12050804495811462, 0.07706914097070694
0.06714124977588654, 0.034447357058525085
0.0880158543586731, 0.04440099000930786
0.13490471243858337, 0.07441120594739914
0.09802715480327606, 0.0772181823849678
0.13650861382484436, 0.10132220387458801
0.0725063681602478, 0.059605877846479416
0.10742385685443878, 0.08255206793546677
0.07258882373571396, 0.057053375989198685
0.0966048464179039, 0.08903577923774719
0.08550362288951874, 0.0556570366024971
0.09973325580358505, 0.0458487905561924
0.06642943620681763, 0.05215093493461609
0.13027602434158325, 0.07940000295639038
0.08188429474830627, 0.06134834885597229
0.15349818766117096, 0.11949233710765839
0.1482815444469452, 0.06963512301445007
0.09139084815979004, 0.05889910086989403
0.1457206755876541, 0.09803139418363571
0.04762033373117447, 0.046787600964307785
0.10364878177642822, 0.059036560356616974
0.11255010217428207, 0.055677637457847595
0.09304402768611908, 0.06995940953493118
0.083857461810112, 0.06663752347230911
0.08568708598613739, 0.05052408203482628
0.07083126902580261, 0.051193978637456894
0.07673172652721405, 0.05571852996945381
0.08810286968946457, 0.0384407676756382
0.16735315322875977, 0.11310483515262604
0.09981536865234375, 0.07746817916631699
0.08020265400409698, 0.0667186975479126
0.055373962968587875, 0.04443402215838432
0.09341618418693542, 0.066612109541893
0.08200141042470932, 0.0520203672349453
0.11172331869602203, 0.08153855800628662
0.18525896966457367, 0.10444239526987076
0.10782947391271591, 0.06376264989376068
0.1319277584552765, 0.09058427065610886
0.13434670865535736, 0.0865890309214592
0.08133460581302643, 0.06856987625360489
0.09176367521286011, 0.05522025749087334
0.07773604989051819, 0.05565004050731659
0.08598124980926514, 0.05539609491825104
0.13306644558906555, 0.06614852696657181
0.07904671132564545, 0.05057080462574959
0.04440812021493912, 0.03354312479496002
0.09236489236354828, 0.07112259417772293
0.13671532273292542, 0.07331567257642746
0.09827008843421936, 0.0816785916686058
0.10387831181287766, 0.08763699978590012
0.08773016929626465, 0.045196931809186935
0.15605300664901733, 0.10950242727994919
0.16756609082221985, 0.08663056045770645
0.13664107024669647, 0.05498282611370087
0.10952948778867722, 0.07234805822372437
0.0993136614561081, 0.05893070623278618
0.1091676577925682, 0.08049283921718597
0.0938120037317276, 0.07509643584489822
0.09839671105146408, 0.05955089256167412
0.05226957052946091, 0.041065577417612076
0.13315396010875702, 0.10053781419992447
0.12642019987106323, 0.05015933886170387
0.1097869798541069, 0.07541488111019135
0.05992116779088974, 0.057032711803913116
0.08797159045934677, 0.0527535080909729
0.11914382874965668, 0.07886967062950134
0.11951163411140442, 0.07989846169948578
0.13343337178230286, 0.06941331177949905
0.08090990781784058, 0.0590282641351223
0.10911336541175842, 0.07044918090105057
0.06639489531517029, 0.03656506538391113
0.13701343536376953, 0.10302429646253586
0.13332587480545044, 0.07244878262281418
0.14920952916145325, 0.08040696382522583
0.11771456897258759, 0.07331515103578568
0.08155312389135361, 0.05338107421994209
0.06845274567604065, 0.06337232887744904
0.06525261700153351, 0.03783924877643585
0.07141561061143875, 0.04848293587565422
0.044243477284908295, 0.029625404626131058
0.04881618916988373, 0.03355288505554199
0.05363831669092178, 0.037276241928339005
0.059471338987350464, 0.03773048520088196
0.14365807175636292, 0.09832996875047684
0.09880106896162033, 0.08490818738937378
0.14346608519554138, 0.0853259414434433
0.046014681458473206, 0.032273631542921066
0.06577521562576294, 0.05667952820658684
0.06254860013723373, 0.05332622677087784
0.08205864578485489, 0.07701370865106583
0.09914969652891159, 0.05751853063702583
0.06659967452287674, 0.0494738332927227
0.10139365494251251, 0.06195676699280739
0.08928263187408447, 0.03822390362620354
0.1156570315361023, 0.056230541318655014
0.04785292595624924, 0.03493693098425865
0.05057932063937187, 0.04549272358417511
0.07488371431827545, 0.0533757209777832
0.11324749886989594, 0.06727287173271179
0.06950521469116211, 0.047994039952754974
0.10820792615413666, 0.05399243161082268
0.10738690942525864, 0.07576644420623779
0.11483845114707947, 0.06728620082139969
0.06605762988328934, 0.04408157616853714
0.11673754453659058, 0.049588434398174286
0.05015651881694794, 0.043015360832214355
0.14400947093963623, 0.08562195301055908
0.13566352427005768, 0.09180442988872528
0.11591004580259323, 0.0616588331758976
0.07698951661586761, 0.05354076251387596
0.12956489622592926, 0.1006544753909111
0.12240895628929138, 0.08632855862379074
0.0883139818906784, 0.049626052379608154
0.11638146638870239, 0.05873127654194832
0.11422906816005707, 0.07081632316112518
0.09498946368694305, 0.08463384211063385
0.10370728373527527, 0.05630212277173996
0.07818931341171265, 0.026355072855949402
0.04074879363179207, 0.032780952751636505
0.10017969459295273, 0.06237566098570824
0.04171302169561386, 0.02706875093281269
0.06364210695028305, 0.07058325409889221
0.06563302129507065, 0.044841550290584564
0.10377487540245056, 0.05764700099825859
0.06758129596710205, 0.04688077047467232
0.10026666522026062, 0.07434946298599243
0.05024336278438568, 0.028604872524738312
0.030427923426032066, 0.022643504664301872
0.04768924042582512, 0.030473509803414345
0.042432330548763275, 0.02957102656364441
0.11599482595920563, 0.07438787072896957
0.03437986969947815, 0.01924685575067997
0.054815493524074554, 0.044278621673583984
0.15528026223182678, 0.04804397374391556
0.07572238147258759, 0.04038069024682045
0.14382323622703552, 0.08789091557264328
0.12908434867858887, 0.06061115115880966
0.09788690507411957, 0.05517488718032837
0.11800026893615723, 0.09321229159832001
0.13272365927696228, 0.076250359416008
0.09954708814620972, 0.06453487277030945
0.16331171989440918, 0.10619150847196579
0.11127112805843353, 0.08550857752561569
0.11129343509674072, 0.08362068235874176
0.13753195106983185, 0.08558560907840729
0.10495276749134064, 0.06114577502012253
0.08683595061302185, 0.06528010219335556
0.06518759578466415, 0.04940418526530266
0.13418561220169067, 0.06512624770402908
0.12025207281112671, 0.07981407642364502
0.15607228875160217, 0.08456378430128098
0.11402164399623871, 0.0688796415925026
0.097319595515728, 0.05892029032111168
0.12004275619983673, 0.04232274740934372
0.1246369481086731, 0.08858615905046463
0.13024654984474182, 0.07382286339998245
0.11661972850561142, 0.07598146051168442
0.14913341403007507, 0.10584990680217743
0.12894611060619354, 0.06228276714682579
0.10716067999601364, 0.05859844759106636
0.08629179000854492, 0.07313642650842667
0.07140353322029114, 0.06522691249847412
0.04484831541776657, 0.03772271052002907
0.06975160539150238, 0.04414874687790871
0.06641653180122375, 0.051152292639017105
0.08053070306777954, 0.06050918996334076
0.11360299587249756, 0.06936713308095932
0.0773007869720459, 0.06164795905351639
0.07687857747077942, 0.03678058832883835
0.14189830422401428, 0.05416610464453697
0.08624093234539032, 0.047733329236507416
0.047358762472867966, 0.03701651096343994
0.07585606724023819, 0.035119447857141495
0.059796594083309174, 0.046734437346458435
0.06314858049154282, 0.04474041238427162
0.07685822248458862, 0.0453769825398922
0.0901496410369873, 0.04762987792491913
0.06823408603668213, 0.053532954305410385
0.05334937572479248, 0.05037769302725792
0.08270476758480072, 0.05184421315789223
0.11661362648010254, 0.06882142275571823
0.07337523996829987, 0.046905938535928726
0.08613233268260956, 0.0578560009598732
0.06459476798772812, 0.02976919710636139
0.10899227857589722, 0.10130880028009415
0.0677255392074585, 0.0526750423014164
0.10567262023687363, 0.05486813932657242
0.09595735371112823, 0.07991684973239899
0.10110362619161606, 0.05503513664007187
0.08120783418416977, 0.048622552305459976
0.09835359454154968, 0.06349041312932968
0.118708036839962, 0.07275007665157318
0.18977133929729462, 0.09367299824953079
0.1258818507194519, 0.06629147380590439
0.06875083595514297, 0.047809943556785583
0.15424570441246033, 0.08041710406541824
0.14857149124145508, 0.0891817957162857
0.09155546128749847, 0.056467972695827484
0.06960508227348328, 0.0413251630961895
0.0875946581363678, 0.03957054018974304
0.08519552648067474, 0.06069274991750717
0.1433182656764984, 0.09120369702577591
0.0761353000998497, 0.05322214961051941
0.059648945927619934, 0.04393201693892479
0.1390441507101059, 0.05583827197551727
0.06580644100904465, 0.04638165980577469
0.05465683341026306, 0.03164607286453247
0.1211463063955307, 0.06672357767820358
0.10731178522109985, 0.06876194477081299
0.0862073227763176, 0.056972816586494446
0.04919378086924553, 0.03726578131318092
0.07733242213726044, 0.03985929489135742
0.11839926242828369, 0.0738886222243309
0.11269809305667877, 0.09695787727832794
0.08603738248348236, 0.05453222244977951
0.0791352391242981, 0.04633617401123047
0.0694584771990776, 0.043308086693286896
0.0786578431725502, 0.042644184082746506
0.06586955487728119, 0.05165321007370949
0.11316540837287903, 0.07242278009653091
0.12367022037506104, 0.07943867146968842
0.08954167366027832, 0.055376071482896805
0.06762957572937012, 0.06101931631565094
0.07112237066030502, 0.06359801441431046
0.08856898546218872, 0.06837838143110275
0.08209508657455444, 0.0573468916118145
0.05003337189555168, 0.050814006477594376
0.07596135139465332, 0.05106716230511665
0.10743384063243866, 0.07295681536197662
0.09706716239452362, 0.06172603368759155
0.09812768548727036, 0.06501324474811554
0.059815965592861176, 0.04632087051868439
0.054265737533569336, 0.042748238891363144
0.10880114883184433, 0.0633329302072525
0.11848191916942596, 0.07811034470796585
0.13296663761138916, 0.07415586709976196
0.14727377891540527, 0.08037339895963669
0.12996754050254822, 0.08022991567850113
0.1449471265077591, 0.07695003598928452
0.05694694444537163, 0.03960360959172249
0.07207679748535156, 0.0424073152244091
0.06223044544458389, 0.03676838055253029
0.06258524954319, 0.03225143626332283
0.05179467052221298, 0.04488730803132057
0.0718652606010437, 0.06333231180906296
0.16632547974586487, 0.10936804860830307
0.12896618247032166, 0.06226138025522232
0.13851535320281982, 0.09320113062858582
0.04796529933810234, 0.03295963257551193
0.060521673411130905, 0.045339182019233704
0.07723050564527512, 0.05633433163166046
0.16841618716716766, 0.0886245146393776
0.10058954358100891, 0.06019537150859833
0.038998547941446304, 0.028767544776201248
0.11069606244564056, 0.07639090716838837
0.09820985049009323, 0.05664161220192909
0.07969491183757782, 0.05994841083884239
0.10550911724567413, 0.06711606681346893
0.09933087229728699, 0.06430471688508987
0.06905773282051086, 0.052184801548719406
0.045381881296634674, 0.034722235053777695
0.04621320962905884, 0.048110321164131165
0.11443375051021576, 0.08125115185976028
0.06453794986009598, 0.042974330484867096
0.06604140251874924, 0.04178722947835922
0.11051522195339203, 0.06361794471740723
0.05309206247329712, 0.03634662926197052
0.10953603684902191, 0.08689691871404648
0.07153328508138657, 0.037256158888339996
0.11782702058553696, 0.08270678669214249
0.07726692408323288, 0.059618305414915085
0.12738238275051117, 0.08067770302295685
0.06351443380117416, 0.06015215441584587
0.10537362098693848, 0.07793252915143967
0.05782433971762657, 0.03952869772911072
0.0489966981112957, 0.04941054433584213
0.07172882556915283, 0.04175925627350807
0.07601139694452286, 0.06636816263198853
0.07984008640050888, 0.0516321063041687
0.08546406030654907, 0.04186675325036049
0.06256231665611267, 0.042813125997781754
0.052899911999702454, 0.03728872537612915
0.1014067679643631, 0.052980776876211166
0.048809051513671875, 0.03597249463200569
0.09327657520771027, 0.06717726588249207
0.10747922956943512, 0.05703769251704216
0.04267328977584839, 0.0292417760938406
0.12810686230659485, 0.05427388846874237
0.058921974152326584, 0.04724743589758873
0.0650896281003952, 0.04422137141227722
0.08406537026166916, 0.04252678155899048
0.12014281749725342, 0.05481543391942978
0.10687264055013657, 0.07471508532762527
0.16331252455711365, 0.1073286235332489
0.16735488176345825, 0.07481959462165833
0.14586509764194489, 0.0694417729973793
0.07151448726654053, 0.057190876454114914
0.05053483694791794, 0.03088166005909443
0.06331759691238403, 0.05988292023539543
0.10541408509016037, 0.05672064423561096
0.08475387096405029, 0.07066115736961365
0.1796678751707077, 0.0966869369149208
0.05640268325805664, 0.05123547837138176
0.06080111116170883, 0.0353766493499279
0.088651642203331, 0.08734817802906036
0.08338871598243713, 0.06632480025291443
0.07237261533737183, 0.03505124896764755
0.120574951171875, 0.07896201312541962
0.11778467893600464, 0.05982736870646477
0.09253893792629242, 0.05467691272497177
0.06287500262260437, 0.04370835795998573
0.06933607161045074, 0.04943530634045601
0.13334724307060242, 0.06363599747419357
0.11327945441007614, 0.05915204808115959
0.07903542369604111, 0.04656326770782471
0.06809496134519577, 0.05847245082259178
0.05420799180865288, 0.029581667855381966
0.09033855050802231, 0.043271504342556
0.07867509126663208, 0.03784829378128052
0.08407851308584213, 0.055191028863191605
0.0670064240694046, 0.03199847787618637
0.11895374953746796, 0.08952220529317856
0.15975503623485565, 0.08956610411405563
0.06609322875738144, 0.0582108274102211
0.06985833495855331, 0.04689088836312294
0.10874597728252411, 0.048755042254924774
0.1406373679637909, 0.07833903282880783
0.07849329710006714, 0.05405881255865097
0.13200515508651733, 0.07643140107393265
0.12848149240016937, 0.07478877902030945
0.18146245181560516, 0.09249643981456757
0.1393135040998459, 0.07612718641757965
0.08199627697467804, 0.05853965878486633
0.11995633691549301, 0.0738135278224945
0.1540338099002838, 0.07719363272190094
0.1619703471660614, 0.08997593820095062
0.18144600093364716, 0.09058505296707153
0.12240630388259888, 0.07010594010353088
0.0947885662317276, 0.06345184892416
0.1329948902130127, 0.09013886004686356
0.08110363781452179, 0.07196898758411407
0.07460301369428635, 0.03278655558824539
0.05809926614165306, 0.04756723716855049
0.1009514182806015, 0.06637485325336456
0.06870205700397491, 0.05380288138985634
0.06643086671829224, 0.05215948820114136
0.12042383849620819, 0.07096739113330841
0.12600305676460266, 0.05858766660094261
0.11702089756727219, 0.06347864866256714
0.12696951627731323, 0.06338784098625183
0.07107356935739517, 0.05571315437555313
0.058405857533216476, 0.05194978043437004
0.09837903082370758, 0.0570162758231163
0.07785256206989288, 0.056492749601602554
0.06320437043905258, 0.03732805699110031
0.0863599181175232, 0.06109887361526489
0.11244132369756699, 0.07887759804725647
0.10595031082630157, 0.07717608660459518
0.07045519351959229, 0.06378547847270966
0.09788565337657928, 0.05758872255682945
0.1122041568160057, 0.07420621067285538
0.0903976783156395, 0.06318634003400803
0.11049334704875946, 0.05270793288946152
0.03123551979660988, 0.021782416850328445
0.07084370404481888, 0.05526037886738777
0.09739261865615845, 0.05755903944373131
0.13497382402420044, 0.0935969352722168
0.10242825746536255, 0.07870451360940933
0.07061280310153961, 0.04355355724692345
0.14162349700927734, 0.07640750706195831
0.07860370725393295, 0.06269737333059311
0.08267857134342194, 0.04388238489627838
0.08981206268072128, 0.056847523897886276
0.04964322969317436, 0.042963139712810516
0.07474948465824127, 0.062347155064344406
0.04809340089559555, 0.041563648730516434
0.08124659210443497, 0.05278024822473526
0.06981682032346725, 0.0459827184677124
0.10415979474782944, 0.0759548768401146
0.05671452730894089, 0.047634050250053406
0.06283605098724365, 0.04389389976859093
0.05837690830230713, 0.03626187890768051
0.04601670801639557, 0.03322521224617958
0.07383761554956436, 0.0539250522851944
0.0673905611038208, 0.05199945345520973
0.10239142179489136, 0.06318074464797974
0.14302122592926025, 0.07954329252243042
0.05463220924139023, 0.0408000648021698
0.07714211940765381, 0.05835824832320213
0.035734809935092926, 0.02456984482705593
0.08684971183538437, 0.05321329087018967
0.10788079351186752, 0.07354682683944702
0.0790155902504921, 0.04593329131603241
0.057267092168331146, 0.03965286165475845
0.10148041695356369, 0.0637594684958458
0.07785893976688385, 0.0584687665104866
0.07147964090108871, 0.037878382951021194
0.07663984596729279, 0.054987985640764236
0.10224758088588715, 0.06751919537782669
0.13392668962478638, 0.06360740214586258
0.061661988496780396, 0.04084087908267975
0.07152703404426575, 0.051148828119039536
0.06857413053512573, 0.035030245780944824
0.060347914695739746, 0.028901416808366776
0.06072789058089256, 0.0319148451089859
0.09608292579650879, 0.054911766201257706
0.07946746796369553, 0.07612799108028412
0.10608233511447906, 0.07141491025686264
0.06533297151327133, 0.057638511061668396
0.08294656872749329, 0.06206975504755974
0.08274518698453903, 0.06415241211652756
0.11558230221271515, 0.07342417538166046
0.11851106584072113, 0.07871066778898239
0.06656546890735626, 0.06212622672319412
0.0664854347705841, 0.05561040714383125
0.056175597012043, 0.04580697417259216
0.09202775359153748, 0.06435123085975647
0.08362507820129395, 0.05632095783948898
0.1356503814458847, 0.11742980778217316
0.12888243794441223, 0.05723225325345993
0.07856151461601257, 0.052427321672439575
0.06648261845111847, 0.052038710564374924
0.08426742255687714, 0.056506987661123276
0.06526920199394226, 0.03259206563234329
0.12247862666845322, 0.07288934290409088
0.07065430283546448, 0.06423333287239075
0.13742750883102417, 0.09450419992208481
0.08624105155467987, 0.06448061764240265
0.09150155633687973, 0.053855907171964645
0.06523336470127106, 0.04509217292070389
0.05095107480883598, 0.035093795508146286
0.08264581859111786, 0.06051155552268028
0.0515424907207489, 0.0289753545075655
0.06589215993881226, 0.04120856896042824
0.09106467664241791, 0.0569537878036499
0.09566491842269897, 0.07473213225603104
0.08071716874837875, 0.06904405355453491
0.07361148297786713, 0.037251587957143784
0.06827576458454132, 0.044064752757549286
0.06117063760757446, 0.03680366277694702
0.0981384813785553, 0.055239319801330566
0.12243233621120453, 0.06469964236021042
0.1080971285700798, 0.07751070708036423
0.0864286869764328, 0.08125199377536774
0.08240333199501038, 0.07041484117507935
0.0660388320684433, 0.03947870060801506
0.07044366747140884, 0.02970142848789692
0.08560627698898315, 0.05871225893497467
0.06960862129926682, 0.060325875878334045
0.0544600710272789, 0.0417591817677021
0.10437776893377304, 0.05381803959608078
0.06745390594005585, 0.06839767098426819
0.056238703429698944, 0.03208881616592407
0.11498843133449554, 0.06496603786945343
0.14658357203006744, 0.08725479990243912
0.06049320101737976, 0.06302227079868317
0.0965963751077652, 0.030932100489735603
0.07287740707397461, 0.06145801767706871
0.09065943956375122, 0.06603772938251495
0.0591273233294487, 0.042389582842588425
0.10779910534620285, 0.054562196135520935
0.10175015032291412, 0.07808110862970352
0.09013651311397552, 0.07035357505083084
0.0777285173535347, 0.05702776834368706
0.06963884830474854, 0.04603066295385361
0.12338661402463913, 0.06430278718471527
0.13487474620342255, 0.08719738572835922
0.07732000946998596, 0.0367104709148407
0.12920331954956055, 0.07995954900979996
0.17208372056484222, 0.06249823048710823
0.07903044670820236, 0.04286433756351471
0.09706348180770874, 0.06010712683200836
0.15244287252426147, 0.0671885535120964
0.14191004633903503, 0.06663136929273605
0.06936982274055481, 0.06191178038716316
0.08022871613502502, 0.04878266528248787
0.08976771682500839, 0.041515499353408813
0.04668908566236496, 0.03598610311746597
0.04768460988998413, 0.02841641753911972
0.04370192810893059, 0.040519654750823975
0.07323107123374939, 0.05020764842629433
0.07441756874322891, 0.04899396747350693
0.13277727365493774, 0.06776966899633408
0.12686297297477722, 0.055665191262960434
0.1353890746831894, 0.10799327492713928
0.11352550983428955, 0.08000636100769043
0.144475057721138, 0.07135459780693054
0.10330658406019211, 0.08634388446807861
0.10022930800914764, 0.042705219238996506
0.11904990673065186, 0.07032530754804611
0.13015103340148926, 0.06419926881790161
0.09521603584289551, 0.05538078024983406
0.1666615605354309, 0.10064815729856491
0.11995367705821991, 0.06682562083005905
0.11291306465864182, 0.09527859091758728
0.0668572410941124, 0.028231017291545868
0.07990983128547668, 0.046981628984212875
0.11983489990234375, 0.06605620682239532
0.05343794450163841, 0.03713984414935112
0.08132614195346832, 0.045781683176755905
0.05920695513486862, 0.04028289020061493
0.12151549756526947, 0.06631404161453247
0.09931817650794983, 0.07857798039913177
0.11878229677677155, 0.08266937732696533
0.08455395698547363, 0.05778024345636368
0.07642953842878342, 0.050163350999355316
0.05479763075709343, 0.05190160125494003
0.08482114970684052, 0.058223940432071686
0.06310044229030609, 0.04224695637822151
0.11852225661277771, 0.0778614804148674
0.06744539737701416, 0.04699898511171341
0.05130323767662048, 0.029527610167860985
0.0868961438536644, 0.06760536134243011
0.10095974057912827, 0.06360726058483124
0.09672623872756958, 0.07138439267873764
0.13611695170402527, 0.05951576307415962
0.11314497888088226, 0.06724443286657333
0.0838223323225975, 0.05751558765769005
0.08375677466392517, 0.05890582129359245
0.08308559656143188, 0.06864641606807709
0.06539975106716156, 0.030533209443092346
0.11742202937602997, 0.07470682263374329
0.08910365402698517, 0.04815954342484474
0.12122692167758942, 0.08165948837995529
0.12475641816854477, 0.06891556829214096
0.11942028254270554, 0.054139066487550735
0.128867506980896, 0.077668197453022
0.1170070618391037, 0.06454259902238846
0.07986675202846527, 0.0575680248439312
0.06799422204494476, 0.05081325024366379
0.07036721706390381, 0.06435555219650269
0.12067089974880219, 0.07865235209465027
0.04327705502510071, 0.030923431739211082
0.08670979738235474, 0.06293781846761703
0.08820182085037231, 0.051383085548877716
0.09278970956802368, 0.0550806000828743
0.06989958882331848, 0.04528287425637245
0.14807935059070587, 0.09531574696302414
0.1295499950647354, 0.07248345762491226
0.10041230916976929, 0.032766830176115036
0.08585895597934723, 0.055693287402391434
0.08534002304077148, 0.0602697916328907
0.0802556574344635, 0.0496562123298645
0.10969274491071701, 0.06868664175271988
0.05601465702056885, 0.0416296049952507
0.08364980667829514, 0.06214582547545433
0.10571891069412231, 0.0698699802160263
0.0771699845790863, 0.057851407676935196
0.059219878166913986, 0.03980980068445206
0.06263964623212814, 0.051363639533519745
0.12470564246177673, 0.07134789228439331
0.12939998507499695, 0.08086572587490082
0.08583325147628784, 0.04306064173579216
0.07963988184928894, 0.04932104051113129
0.09047923982143402, 0.03800390660762787
0.0752430111169815, 0.05409171059727669
0.07625574618577957, 0.03996347263455391
0.05137697979807854, 0.03402725234627724
0.07647775113582611, 0.0476829893887043
0.06606468558311462, 0.055185332894325256
0.09059010446071625, 0.07702416926622391
0.0807013139128685, 0.07969212532043457
0.11590830981731415, 0.06689652055501938
0.07309301197528839, 0.05030307173728943
0.11272746324539185, 0.053761303424835205
0.07373617589473724, 0.04161328077316284
0.06285089254379272, 0.02796315774321556
0.11057858914136887, 0.04768742248415947
0.0704626739025116, 0.05666289106011391
0.06001077592372894, 0.042436402291059494
0.1385474056005478, 0.07159939408302307
0.09535859525203705, 0.048429884016513824
0.09430506825447083, 0.05874365568161011
0.08687248826026917, 0.05857458710670471
0.12115108966827393, 0.08481469750404358
0.10659393668174744, 0.06783853471279144
0.12983094155788422, 0.0699964314699173
0.09566985070705414, 0.0643882006406784
0.1211150586605072, 0.08443222939968109
0.07871950417757034, 0.07831462472677231
0.06192847341299057, 0.025490926578640938
0.06740564107894897, 0.06130199506878853
0.0832790657877922, 0.0393127016723156
0.16358977556228638, 0.09998350590467453
0.07684530317783356, 0.08518142998218536
0.09876766055822372, 0.06251231580972672
0.11813339591026306, 0.09340082108974457
0.06277826428413391, 0.04098661616444588
0.07032077759504318, 0.06321895122528076
0.0685368999838829, 0.05142607539892197
0.07158263772726059, 0.0452270470559597
0.07820160686969757, 0.05037279427051544
0.14258992671966553, 0.0992414727807045
0.09883805364370346, 0.06981390714645386
0.10154666751623154, 0.05452562868595123
0.12706898152828217, 0.07333790510892868
0.16072936356067657, 0.05094616860151291
0.1547205150127411, 0.09005747735500336
0.1774701476097107, 0.09492580592632294
0.10695287585258484, 0.05697910487651825
0.0664316937327385, 0.04528522118926048
0.05770515650510788, 0.044578734785318375
0.04869099706411362, 0.0351705439388752
0.08017497509717941, 0.06543762236833572
0.0957966074347496, 0.0614745169878006
0.0916910469532013, 0.07563188672065735
0.12300513684749603, 0.0873013362288475
0.0985175296664238, 0.07804092019796371
0.09986190497875214, 0.06718458235263824
0.09594197571277618, 0.057154275476932526
0.15899991989135742, 0.07932258397340775
0.19312506914138794, 0.08316293358802795
0.12185226380825043, 0.04376867786049843
0.09834276139736176, 0.05851263180375099
0.09257487952709198, 0.0708472803235054
0.08902397006750107, 0.055445194244384766
0.08180652558803558, 0.04192196950316429
0.08917617797851562, 0.08339007198810577
0.16787058115005493, 0.09287139028310776
0.08939554542303085, 0.07042811065912247
0.1027425080537796, 0.058993469923734665
0.09817137569189072, 0.07686346769332886
0.07450758665800095, 0.04060514271259308
0.08022266626358032, 0.04652757942676544
0.05967016518115997, 0.0452704057097435
0.1140654906630516, 0.09050209820270538
0.062053561210632324, 0.05528045818209648
0.05225866660475731, 0.047254033386707306
0.09136432409286499, 0.0628013014793396
0.20162856578826904, 0.08581168204545975
0.13387709856033325, 0.09458396583795547
0.11883252114057541, 0.07709105312824249
0.13383904099464417, 0.06141992285847664
0.08652423322200775, 0.04989629611372948
0.08059719949960709, 0.041457537561655045
0.04757500812411308, 0.06112482398748398
0.08508481830358505, 0.061164505779743195
0.14562460780143738, 0.09833413362503052
0.07057762145996094, 0.04964558407664299
0.10833035409450531, 0.04401472583413124
0.12171295285224915, 0.0801997110247612
0.1016099601984024, 0.03647447004914284
0.13457533717155457, 0.08171921968460083
0.15800881385803223, 0.07633532583713531
0.11525613069534302, 0.06871309131383896
0.11385390162467957, 0.0752018615603447
0.08349083364009857, 0.05476624518632889
0.14379273355007172, 0.07742372155189514
0.10100638121366501, 0.058994829654693604
0.11201252788305283, 0.051794447004795074
0.05558512359857559, 0.044450752437114716
0.13106729090213776, 0.08276721835136414
0.18777784705162048, 0.077956922352314
0.171914741396904, 0.09534803777933121
0.08009588718414307, 0.0728897824883461
0.09583886712789536, 0.06410971283912659
0.051218122243881226, 0.051444511860609055
0.12801411747932434, 0.07167668640613556
0.113909050822258, 0.06440488994121552
0.07451087236404419, 0.04073311761021614
0.08402560651302338, 0.052732791751623154
0.09502749890089035, 0.04501442238688469
0.06246697157621384, 0.06043229624629021
0.08584430813789368, 0.0779445469379425
0.05512499809265137, 0.027298156172037125
0.09387315809726715, 0.07348781079053879
0.13619036972522736, 0.0739530399441719
0.08890128135681152, 0.06529577076435089
0.11203734576702118, 0.06771241873502731
0.1271383911371231, 0.05714789032936096
0.061088915914297104, 0.04676037281751633
0.08828318119049072, 0.06679245084524155
0.14921103417873383, 0.07542815059423447
0.20793335139751434, 0.11526217311620712
0.09768430888652802, 0.0729697123169899
0.10042271018028259, 0.05085964873433113
0.09501908719539642, 0.05473450571298599
0.1027681827545166, 0.0747627466917038
0.06940542906522751, 0.04377095028758049
0.08565521240234375, 0.04033420607447624
0.06718097627162933, 0.05248378589749336
0.14134155213832855, 0.08049917221069336
0.1351352334022522, 0.09456793963909149
0.09680551290512085, 0.05779985710978508
0.06450996547937393, 0.029311304911971092
0.06475366652011871, 0.04156440123915672
0.14704188704490662, 0.08099649101495743
0.07731400430202484, 0.03708105534315109
0.0793054848909378, 0.04940190538764
0.14761891961097717, 0.0699341669678688
0.10581791400909424, 0.09209281206130981
0.09189021587371826, 0.06779447942972183
0.1224265992641449, 0.08020385354757309
0.13321909308433533, 0.060005463659763336
0.16799941658973694, 0.09276346117258072
0.1608894169330597, 0.047223106026649475
0.14172407984733582, 0.07696527242660522
0.14012251794338226, 0.07078671455383301
0.0944933295249939, 0.05300603806972504
0.1344677060842514, 0.0820327028632164
0.18328818678855896, 0.1198275163769722
0.10030494630336761, 0.07816877961158752
0.04430543631315231, 0.031451668590307236
0.0982154905796051, 0.03824040666222572
0.08180704712867737, 0.07160059362649918
0.10490977019071579, 0.061209503561258316
0.06528576463460922, 0.03578299283981323
0.054274290800094604, 0.02947426401078701
0.07737232744693756, 0.05355178564786911
0.09491924941539764, 0.07804685831069946
0.09472185373306274, 0.0568913035094738
0.06316681951284409, 0.03478913754224777
0.1026318296790123, 0.05376490578055382
0.057318322360515594, 0.03691902384161949
0.13988137245178223, 0.10667116194963455
0.1786130964756012, 0.10413677990436554
0.1296844780445099, 0.0724148079752922
0.1315966546535492, 0.09718857705593109
0.12564152479171753, 0.05875498428940773
0.09681763499975204, 0.05389366298913956
0.07846058160066605, 0.046922918409109116
0.08496922254562378, 0.05232209339737892
0.0554756224155426, 0.03141423687338829
0.11414717137813568, 0.08001796901226044
0.10146915167570114, 0.06186643987894058
0.13392458856105804, 0.08364268392324448
0.11500086635351181, 0.07563623785972595
0.14477069675922394, 0.11028770357370377
0.14740556478500366, 0.09275862574577332
0.06033250689506531, 0.044165272265672684
0.18273234367370605, 0.08510313928127289
0.10145986080169678, 0.05032110959291458
0.11808155477046967, 0.0949125736951828
0.09707006812095642, 0.04792802780866623
0.0993727445602417, 0.048186659812927246
0.047980111092329025, 0.038346052169799805
0.056119345128536224, 0.0368155911564827
0.11138956248760223, 0.04777860641479492
0.146977037191391, 0.08375253528356552
0.11436216533184052, 0.0819762796163559
0.10982125997543335, 0.0780341699719429
0.132053405046463, 0.0775805413722992
0.056712549179792404, 0.04081689566373825
0.12214720249176025, 0.0838397890329361
0.09674778580665588, 0.09262849390506744
0.09265202283859253, 0.048365235328674316
0.0911695659160614, 0.0881291851401329
0.1319141685962677, 0.06331393867731094
0.05388578772544861, 0.056271255016326904
0.1581660509109497, 0.10107944905757904
0.14135491847991943, 0.07497087121009827
0.08495619148015976, 0.057336438447237015
0.09106597304344177, 0.042309388518333435
0.0894777774810791, 0.05428576096892357
0.17426109313964844, 0.11901741474866867
0.18154065310955048, 0.1086033284664154
0.12446361035108566, 0.08784773200750351
0.10763075947761536, 0.0762726292014122
0.157733753323555, 0.09779572486877441
0.10398879647254944, 0.08350121974945068
0.13123513758182526, 0.07836820185184479
0.08667930215597153, 0.056310463696718216
0.1339016705751419, 0.07840786129236221
0.06692010164260864, 0.04723089560866356
0.07820166647434235, 0.04916217923164368
0.045747362077236176, 0.0364009328186512
0.09427595138549805, 0.07287660241127014
0.10615465044975281, 0.06120891496539116
0.09474726021289825, 0.04847778379917145
0.10342070460319519, 0.09232719242572784
0.11620261520147324, 0.0668988972902298
0.11446600407361984, 0.07006929069757462
0.08074259012937546, 0.0695423111319542
0.07122652232646942, 0.046368829905986786
0.09882514178752899, 0.059283237904310226
0.07453888654708862, 0.03841023147106171
0.05850551649928093, 0.044421009719371796
0.0869089812040329, 0.048403579741716385
0.06201918423175812, 0.05594508349895477
0.13365022838115692, 0.06034097820520401
0.11525861918926239, 0.07549812644720078
0.13565276563167572, 0.07653673738241196
0.09450044482946396, 0.07359219342470169
0.11225646734237671, 0.07513826340436935
0.1297851949930191, 0.09287381172180176
0.12599079310894012, 0.06454392522573471
0.14070168137550354, 0.07764599472284317
0.067323699593544, 0.032728370279073715
0.13167600333690643, 0.09173817932605743
0.1385432630777359, 0.0857614129781723
0.08753599971532822, 0.07477433234453201
0.07630320638418198, 0.051732201129198074
0.08243764936923981, 0.05075394734740257
0.06941576302051544, 0.05562641844153404
0.11029814183712006, 0.05648581311106682
0.10294850915670395, 0.06570363789796829
0.11694156378507614, 0.08866468071937561
0.08615617454051971, 0.03875180333852768
0.08251893520355225, 0.05196915194392204
0.053732775151729584, 0.03210816904902458
0.12298516929149628, 0.0755537897348404
0.16222402453422546, 0.0836370661854744
0.16964805126190186, 0.08614420890808105
0.10116174817085266, 0.08954659849405289
0.04323835298418999, 0.04506784304976463
0.0615360289812088, 0.041887685656547546
0.09244740009307861, 0.05080973356962204
0.09804266691207886, 0.06284841150045395
0.07064607739448547, 0.055213239043951035
0.07364669442176819, 0.06966952979564667
0.11380960047245026, 0.06903031468391418
0.07033631205558777, 0.03817785158753395
0.08789879083633423, 0.04351523146033287
0.03789939731359482, 0.03174430876970291
0.1148039922118187, 0.07286280393600464
0.11820924282073975, 0.07683756202459335
0.10800980031490326, 0.057032953947782516
0.08629471063613892, 0.05084345117211342
0.051621198654174805, 0.036666303873062134
0.07711111009120941, 0.03718520328402519
0.12150700390338898, 0.06531435251235962
0.07608452439308167, 0.04014367610216141
0.09402143210172653, 0.06566137075424194
0.06979162245988846, 0.04819757118821144
0.10624950379133224, 0.047624073922634125
0.08065611124038696, 0.04964642599225044
0.039807312190532684, 0.03528076410293579
0.06550360471010208, 0.05710659176111221
0.044229160994291306, 0.044188492000103
0.08175002783536911, 0.048549871891736984
0.18234941363334656, 0.0944557711482048
0.10602447390556335, 0.07959136366844177
0.11779322475194931, 0.05627136304974556
0.09483881294727325, 0.05839410796761513
0.06147744879126549, 0.026005271822214127
0.10859497636556625, 0.06706250458955765
0.11013577878475189, 0.05840897560119629
0.11987090110778809, 0.06526723504066467
0.07673494517803192, 0.03494447097182274
0.07431003451347351, 0.04550057649612427
0.05342256277799606, 0.03883371129631996
0.08685886859893799, 0.047892265021800995
0.12771421670913696, 0.06205527111887932
0.10872973501682281, 0.03513018414378166
0.18082591891288757, 0.09286127239465714
0.14006823301315308, 0.07351507246494293
0.05200664699077606, 0.039310112595558167
0.08937069028615952, 0.06159086152911186
0.09392183274030685, 0.04942494258284569
0.11734341084957123, 0.07358484715223312
0.07446712255477905, 0.04149042069911957
0.08033327758312225, 0.05073995515704155
0.07779373973608017, 0.0468461811542511
0.048267073929309845, 0.03283951058983803
0.04761851951479912, 0.040911804884672165
0.08694982528686523, 0.060050588101148605
0.048211462795734406, 0.022854361683130264
0.0722595676779747, 0.044765956699848175
0.08577217161655426, 0.061051297932863235
0.06962195038795471, 0.039241332560777664
0.10165302455425262, 0.05787498503923416
0.17170552909374237, 0.07049471139907837
0.038884177803993225, 0.0315602608025074
0.05788659304380417, 0.040102604776620865
0.06676638871431351, 0.02434091456234455
0.05771928280591965, 0.04973749443888664
0.07554197311401367, 0.04810968413949013
0.07274077087640762, 0.05069689825177193
0.07972215116024017, 0.0636216327548027
0.06994153559207916, 0.052885159850120544
0.030899379402399063, 0.03028053790330887
0.054885685443878174, 0.04289810732007027
0.11480763554573059, 0.07882717996835709
0.07861919701099396, 0.057530008256435394
0.12441079318523407, 0.0749489963054657
0.11581216752529144, 0.0726810097694397
0.08882354199886322, 0.06249018386006355
0.07142014801502228, 0.06559231877326965
0.045225031673908234, 0.03585514426231384
0.0585065595805645, 0.0398273766040802
0.07027505338191986, 0.04578555375337601
0.05150934308767319, 0.04592105746269226
0.0819457396864891, 0.03179187700152397
0.0649690255522728, 0.04617662355303764
0.03567596152424812, 0.036472342908382416
0.09006832540035248, 0.05816122516989708
0.055262528359889984, 0.052667759358882904
0.07248350232839584, 0.04772747680544853
0.0672631710767746, 0.05707607418298721
0.077710822224617, 0.04703674837946892
0.09928369522094727, 0.0775860920548439
0.09922921657562256, 0.09853415936231613
0.11143504083156586, 0.07615163922309875
0.13252690434455872, 0.07314849644899368
0.07099196314811707, 0.04696660861372948
0.10363975167274475, 0.06674948334693909
0.07939732074737549, 0.05496971309185028
0.0864817351102829, 0.048436764627695084
0.11212337017059326, 0.07139509171247482
0.1175474226474762, 0.058883775025606155
0.12478896230459213, 0.05740489438176155
0.03430808335542679, 0.023075943812727928
0.07730226218700409, 0.051981981843709946
0.10588578879833221, 0.0533604770898819
0.11503427475690842, 0.08897573500871658
0.07071586698293686, 0.05705903843045235
0.11630295217037201, 0.046677589416503906
0.15967121720314026, 0.10472030937671661
0.15927481651306152, 0.09163594990968704
0.10440903902053833, 0.03763822466135025
0.16263046860694885, 0.10260066390037537
0.08846049755811691, 0.06888677924871445
0.05876739323139191, 0.04788738116621971
0.07794129848480225, 0.05227947235107422
0.1581110954284668, 0.0922686830163002
0.1356501281261444, 0.08421585708856583
0.06435486674308777, 0.046521931886672974
0.14514930546283722, 0.10692855715751648
0.07353021204471588, 0.047820206731557846
0.05912468954920769, 0.03831025958061218
0.0892685279250145, 0.05692482367157936
0.2001849114894867, 0.07930853962898254
0.09979142993688583, 0.07259215414524078
0.11016540229320526, 0.0874805599451065
0.06110579892992973, 0.04476208612322807
0.07078050076961517, 0.05636915937066078
0.11318939179182053, 0.07246921211481094
0.11257146298885345, 0.06760285794734955
0.07907194644212723, 0.061285533010959625
0.05841723084449768, 0.06343166530132294
0.1231766939163208, 0.08595671504735947
0.14577774703502655, 0.0862310379743576
0.07758666574954987, 0.046307746320962906
0.08801794052124023, 0.05576531961560249
0.09846087545156479, 0.04787931218743324
0.07067078351974487, 0.06487557291984558
0.08109867572784424, 0.04820060357451439
0.18760845065116882, 0.09093733876943588
0.06691407412290573, 0.05181547999382019
0.043994516134262085, 0.039688125252723694
0.047817640006542206, 0.03456825017929077
0.07290539145469666, 0.0484386682510376
0.0773124247789383, 0.05475528538227081
0.05817423388361931, 0.0409637987613678
0.1246730238199234, 0.07496146112680435
0.0668761283159256, 0.04503535479307175
0.08548441529273987, 0.05981702357530594
0.11442552506923676, 0.07180733978748322
0.12983685731887817, 0.0718231201171875
0.07912642508745193, 0.058604899793863297
0.10468711704015732, 0.05446783825755119
0.09003644436597824, 0.06793194264173508
0.139723002910614, 0.10926063358783722
0.15064047276973724, 0.08841054886579514
0.06262628734111786, 0.05240373685956001
0.11112364381551743, 0.05942926183342934
0.06827838718891144, 0.045986875891685486
0.10673652589321136, 0.06780034303665161
0.07876049727201462, 0.041174083948135376
0.042095452547073364, 0.026053814217448235
0.0680190846323967, 0.0423741340637207
0.13279618322849274, 0.0793730840086937
0.11076395213603973, 0.07833223044872284
0.07050228118896484, 0.06275169551372528
0.09095253795385361, 0.07617586106061935
0.0831490159034729, 0.07379589974880219
0.1150316447019577, 0.0779181569814682
0.050933413207530975, 0.05025382339954376
0.07083746790885925, 0.06787797808647156
0.0448213592171669, 0.037110768258571625
0.07780354470014572, 0.052200570702552795
0.05893006548285484, 0.043851085007190704
0.12165667116641998, 0.08306805789470673
0.06935372948646545, 0.04579968750476837
0.06523899734020233, 0.04504498094320297
0.09842775762081146, 0.055821310728788376
0.06347791850566864, 0.04943819344043732
0.06945698708295822, 0.044844210147857666
0.1168469786643982, 0.06196611374616623
0.1029459685087204, 0.07341106235980988
0.08736318349838257, 0.048295408487319946
0.060857802629470825, 0.03284335508942604
0.09829914569854736, 0.058503542095422745
0.13902775943279266, 0.07324907183647156
0.06283286213874817, 0.037583738565444946
0.05518743395805359, 0.03558875247836113
0.0669926330447197, 0.03991873189806938
0.08329243212938309, 0.07737937569618225
0.09236516058444977, 0.05096476897597313
0.13639776408672333, 0.07997995615005493
0.1028733104467392, 0.05728647857904434
0.10413777828216553, 0.04776255413889885
0.11211689561605453, 0.07310052216053009
0.14248859882354736, 0.09137744456529617
0.1534239649772644, 0.06847742199897766
0.1436874121427536, 0.06574634462594986
