mean, std
0.27223825454711914, 0.018557468429207802
0.25345832109451294, 0.020579054951667786
0.24450337886810303, 0.017039483413100243
0.23545023798942566, 0.015980388969182968
0.22842630743980408, 0.015618115663528442
0.21946251392364502, 0.01288650557398796
0.21316006779670715, 0.012170192785561085
0.20444993674755096, 0.008204696699976921
0.19752463698387146, 0.009258140809834003
0.19041995704174042, 0.009005715139210224
0.18242834508419037, 0.010423881933093071
0.17576870322227478, 0.008546051569283009
0.16895483434200287, 0.008856392465531826
0.1640811264514923, 0.009302450343966484
0.15873435139656067, 0.009205909445881844
0.1536659598350525, 0.009185885079205036
0.14811424911022186, 0.008827838115394115
0.1437019556760788, 0.006166687700897455
0.14017443358898163, 0.008458530530333519
0.13629087805747986, 0.009794361889362335
0.1333039253950119, 0.007721527013927698
0.12935876846313477, 0.00668918015435338
0.1250295490026474, 0.009827220812439919
0.12195213884115219, 0.007586565800011158
0.11719407141208649, 0.006160943768918514
0.11349349468946457, 0.006956628058105707
0.11058413982391357, 0.006170020904392004
0.10621623694896698, 0.007950544357299805
0.10403834283351898, 0.008574103005230427
0.10098763555288315, 0.010123390704393387
0.09752680361270905, 0.010369811207056046
0.09444211423397064, 0.005893546622246504
0.09121161699295044, 0.005657990463078022
0.08921366184949875, 0.005405737552791834
0.08578014373779297, 0.007773008197546005
0.0826098695397377, 0.005005692597478628
0.08016446232795715, 0.0051459805108606815
0.0765576958656311, 0.005028530955314636
0.07194992899894714, 0.005429013632237911
0.06899728626012802, 0.004699209239333868
0.06651683896780014, 0.004812173079699278
0.06343834102153778, 0.00431041419506073
0.06135797128081322, 0.005591055378317833
0.05847562104463577, 0.005563569720834494
0.05533699318766594, 0.002904552035033703
0.05362233519554138, 0.003860639873892069
0.05135840177536011, 0.004128254018723965
0.049342166632413864, 0.0024183099158108234
0.04723002016544342, 0.0030433370266109705
0.04495462775230408, 0.002685612067580223
0.04281672090291977, 0.003383261850103736
0.04080741107463837, 0.0024268075358122587
0.03929230198264122, 0.0029293044935911894
0.037650078535079956, 0.0025027452502399683
0.03600050136446953, 0.0027378415688872337
0.034523747861385345, 0.002834050916135311
0.03317713737487793, 0.002540708053857088
0.031643446534872055, 0.0026965481229126453
0.030342087149620056, 0.002130727516487241
0.029220443218946457, 0.0028454719576984644
0.02829323336482048, 0.002203480340540409
0.027786439284682274, 0.0018393603386357427
0.026657981798052788, 0.0017639250727370381
0.026025226339697838, 0.0014761642087250948
0.024797938764095306, 0.0019818716682493687
0.02479483187198639, 0.001694867038168013
0.024019187316298485, 0.0016939350171014667
0.02358183078467846, 0.0014176974073052406
0.022920232266187668, 0.0018226277315989137
0.022249717265367508, 0.00221861619502306
0.022055333480238914, 0.0015959433512762189
0.021476905792951584, 0.0019691353663802147
0.021366653963923454, 0.0018106683855876327
0.021205764263868332, 0.0020315111614763737
0.020565396174788475, 0.002002662280574441
0.02020884118974209, 0.0017366191605105996
0.02002536505460739, 0.0014570016646757722
0.019979920238256454, 0.0018096795538440347
0.019691983237862587, 0.0014597850386053324
0.019666261970996857, 0.0012489876244217157
0.019221801310777664, 0.0016550237778574228
0.018865350633859634, 0.0017350707203149796
0.018528494983911514, 0.0017363236984238029
0.01845656707882881, 0.001768515445291996
0.018241021782159805, 0.001345504424534738
0.01799105666577816, 0.0017366165993735194
0.018239056691527367, 0.0009650374995544553
0.017748011276125908, 0.001448491238988936
0.017672497779130936, 0.0013862401247024536
0.017319783568382263, 0.0019563876558095217
0.016944337636232376, 0.0009632499422878027
0.017106467857956886, 0.001371255493722856
0.017026185989379883, 0.0013173577608540654
0.016706369817256927, 0.001256352523341775
0.01669294387102127, 0.0017544752918183804
0.01670217514038086, 0.0016939276829361916
0.016628636047244072, 0.0013648216845467687
0.016443483531475067, 0.0012297200737521052
0.01647031679749489, 0.0007066353573463857
0.016174642369151115, 0.0010428749956190586
0.016091646626591682, 0.0011646802304312587
0.01590382121503353, 0.001459553954191506
0.015654491260647774, 0.001067519886419177
0.015515213832259178, 0.0013181002577766776
0.01542913168668747, 0.0013875649310648441
0.015390953980386257, 0.001247177948243916
0.015247280709445477, 0.0014509089523926377
0.015166476368904114, 0.0011489238822832704
0.014756251126527786, 0.0013576779747381806
0.014675823971629143, 0.0015137647278606892
0.01488685142248869, 0.000970173510722816
0.014744441024959087, 0.001831191242672503
0.014494366943836212, 0.0010054238373413682
0.014387743547558784, 0.0016410794341936707
0.014246451668441296, 0.0014140029670670629
0.014370775781571865, 0.0015374973881989717
0.014286845922470093, 0.0011578946141526103
0.014134377241134644, 0.0010594474151730537
0.01390586793422699, 0.0010683215223252773
0.014077147468924522, 0.0012154125142842531
0.013835574500262737, 0.0012745416024699807
0.013770694844424725, 0.0009893792448565364
0.013531794771552086, 0.0013107192935422063
0.013722177594900131, 0.000913007534109056
0.013467131182551384, 0.0010564291151240468
0.013305619359016418, 0.0011047649895772338
0.013249504379928112, 0.0010940117063000798
0.013280093669891357, 0.000943852006457746
0.013010844588279724, 0.0009496472775936127
0.013042262755334377, 0.001076137530617416
0.01313239336013794, 0.0007939557544887066
0.012979492545127869, 0.0014591941144317389
0.013066031038761139, 0.0013846876099705696
0.012794828973710537, 0.0010854733409360051
0.012755315750837326, 0.0014870082959532738
0.01260368525981903, 0.0009373470093123615
0.012530656531453133, 0.0010377628495916724
0.012577308341860771, 0.0011669611558318138
0.012418797239661217, 0.0010435862932354212
0.012567795813083649, 0.0011325079249218106
0.012199752032756805, 0.000909443770069629
0.012262677773833275, 0.0013266600435599685
0.01220627874135971, 0.001358376699499786
0.012236213311553001, 0.0008245520875789225
0.012079663574695587, 0.0010642868001013994
0.012014972977340221, 0.0014985572779551148
0.011909157037734985, 0.0008745802333578467
0.011888469569385052, 0.0009438758715987206
0.012005048803985119, 0.0007618346135132015
0.011714359745383263, 0.001223133527673781
0.011731158941984177, 0.0008906141156330705
0.011714550666511059, 0.0009666038095019758
0.011578449979424477, 0.0013198123779147863
0.011682945303618908, 0.001427953946404159
0.011558642610907555, 0.001269858912564814
0.01160532794892788, 0.0009142962517216802
0.011372392997145653, 0.0008691370603628457
0.011507684364914894, 0.000998243922367692
0.011427569203078747, 0.0005105008604004979
0.011197855696082115, 0.0008858001092448831
0.011264766566455364, 0.0009255774202756584
0.01120554469525814, 0.001004824647679925
0.011207996867597103, 0.0015251192962750793
0.011107641272246838, 0.0010466824751347303
0.01105593703687191, 0.0008943763095885515
0.011065920814871788, 0.0006750827888026834
0.01100635714828968, 0.0011580520076677203
0.011024168692529202, 0.000887298840098083
0.010908050462603569, 0.0008299524197354913
0.010793734341859818, 0.0008352337754331529
0.010815031826496124, 0.0011372693115845323
0.010809250175952911, 0.0007600564858876169
0.010830709710717201, 0.0010317780543118715
0.010521819815039635, 0.0013419658644124866
0.010741420090198517, 0.0008801871445029974
0.01039277482777834, 0.001204805914312601
0.010482761077582836, 0.0007560726953670382
0.01053601037710905, 0.001158902538008988
0.0102482745423913, 0.001488959533162415
0.010523061268031597, 0.0013098253402858973
0.010542857460677624, 0.0012719774385914207
0.010518467053771019, 0.0011767892865464091
0.01021157018840313, 0.0009480394073762
0.0102489423006773, 0.000774134648963809
0.010432588867843151, 0.0009372980566695333
0.01025577075779438, 0.0014000734081491828
0.01000955980271101, 0.0008060339605435729
0.010218320414423943, 0.0011961631244048476
0.010099979117512703, 0.0006716126808896661
0.010122469626367092, 0.0009530866518616676
0.0100841810926795, 0.0012417928082868457
0.010013650171458721, 0.0009745928691700101
0.009942105039954185, 0.0011163242161273956
0.010126943700015545, 0.0008170473738573492
0.01006015669554472, 0.00126793107483536
0.009981698356568813, 0.0011512627825140953
0.009861855767667294, 0.0009658369235694408
0.009936021640896797, 0.000873957178555429
0.00979817844927311, 0.0006495183915831149
0.00988555233925581, 0.0010619701351970434
0.00983244925737381, 0.0007936093024909496
0.009970780462026596, 0.0008178057614713907
0.009759923443198204, 0.0007381861214525998
0.009748629294335842, 0.0008068725001066923
0.009697792120277882, 0.0009723074617795646
0.009762637317180634, 0.000920371210668236
0.009672759100794792, 0.0009163970244117081
0.009856455028057098, 0.000853770412504673
0.009725279174745083, 0.0008979632402770221
0.009719754569232464, 0.0012647832045331597
0.009506141766905785, 0.0008684464264661074
0.009568360634148121, 0.00081595842493698
0.009672095999121666, 0.0008625974878668785
0.009416015818715096, 0.0007468124967999756
0.009330153465270996, 0.0008211591630242765
0.009411962702870369, 0.0009518893784843385
0.009523924440145493, 0.0006941211759112775
0.009313441812992096, 0.0011282294290140271
0.009419769048690796, 0.0009589274413883686
0.009688791818916798, 0.000735886103939265
0.009560114704072475, 0.0008001555688679218
0.009145034477114677, 0.0009819125989452004
0.009312182664871216, 0.0006954442942515016
0.00914062187075615, 0.0009715709602460265
0.009148254990577698, 0.0007283742888830602
0.009165199473500252, 0.0006501890020444989
0.009257320314645767, 0.0009291946771554649
0.009323549456894398, 0.0006813124637119472
0.00899459794163704, 0.000543829461093992
0.009013548493385315, 0.001029923907481134
0.009078418835997581, 0.0009283854742534459
0.008988888002932072, 0.0010197643423452973
0.009256039746105671, 0.0006365944282151759
0.00912817008793354, 0.0008574978564865887
0.009067727252840996, 0.0009528532973490655
0.008839717134833336, 0.0008948536706157029
0.008998630568385124, 0.0006464152247644961
0.008921446278691292, 0.0007323524332605302
0.008983803912997246, 0.0009745651041157544
0.008914983831346035, 0.0007913724984973669
0.008966557681560516, 0.0008217437425628304
0.008910264819860458, 0.0008219630108214915
0.008954260498285294, 0.0010129486909136176
0.008880767971277237, 0.0007867847452871501
0.00874075572937727, 0.0006655255565419793
0.008810297586023808, 0.0011235607089474797
0.008873429149389267, 0.0009910883381962776
0.008894735015928745, 0.0008620849112048745
0.008868042379617691, 0.0007922582444734871
0.008932316675782204, 0.0008679709280841053
0.008810613304376602, 0.0007972500752657652
0.00856941007077694, 0.0007505518151447177
0.008764853700995445, 0.0006157777388580143
0.008694946765899658, 0.000748943944927305
0.008614401333034039, 0.0005948172765783966
0.008660903200507164, 0.0007804431952536106
0.00882271584123373, 0.0010839634342119098
0.008806167170405388, 0.0009679801878519356
0.008640079759061337, 0.0009366367594338953
0.008625340647995472, 0.0009356514783576131
0.008659104816615582, 0.0007810943643562496
0.008671557530760765, 0.001200536615215242
0.008601091802120209, 0.0006804157164879143
0.008565234020352364, 0.0006664465181529522
0.008532336913049221, 0.0009087080252356827
0.008795041590929031, 0.0009632433066144586
0.008615035563707352, 0.0008514184737578034
0.008486472070217133, 0.0009995666332542896
0.008567485958337784, 0.001119712134823203
0.008827670477330685, 0.000686453771777451
0.008479698561131954, 0.00078247842611745
0.008426032029092312, 0.0009366210433654487
0.00851341150701046, 0.0008678843732923269
0.008612480014562607, 0.0007117411587387323
0.008513286709785461, 0.0007777780992910266
0.008603624068200588, 0.0007447596872225404
0.008415290154516697, 0.000564520712941885
0.008390169590711594, 0.0006556757143698633
0.008544000796973705, 0.0008233503322117031
0.008481177501380444, 0.0008457975927740335
0.008514802902936935, 0.000766890007071197
0.008435562252998352, 0.0007624615100212395
0.00822750385850668, 0.001081465627066791
0.008348684757947922, 0.0005856607458554208
0.008508064784109592, 0.0007079965434968472
0.008290261030197144, 0.001048736972734332
0.008291429840028286, 0.0011790025746449828
0.008375391364097595, 0.0006255407352000475
0.008157673291862011, 0.000824510760139674
0.008363645523786545, 0.0006503392360173166
0.008269907906651497, 0.0005457291845232248
0.008346433751285076, 0.0005362778319977224
0.008370695635676384, 0.0008119164849631488
0.008346868678927422, 0.0006454157410189509
0.008288439363241196, 0.0006783328717574477
0.008261758834123611, 0.0006996034062467515
0.008235759101808071, 0.0005477857775986195
0.008164528757333755, 0.0009524213965050876
0.008332068100571632, 0.0008812816813588142
0.008220929652452469, 0.000686723506078124
0.008327720686793327, 0.0007068327395245433
0.008327653631567955, 0.0006533210398629308
0.00826847180724144, 0.0005673884879797697
0.008284570649266243, 0.0006523066549561918
0.008215411566197872, 0.0007742458255961537
0.008007860742509365, 0.0008096297387965024
0.008214053697884083, 0.0007805596105754375
0.008205302059650421, 0.0005589136853814125
0.008343946188688278, 0.0008785125100985169
0.008256631903350353, 0.0008138098637573421
0.008089331910014153, 0.0008180088480003178
0.00798872672021389, 0.0009044402977451682
0.007979855872690678, 0.0007036807364784181
0.008108805865049362, 0.001071756356395781
0.008277982473373413, 0.0010036078747361898
0.008265204727649689, 0.0007609547465108335
0.00812867283821106, 0.00045172293903306127
0.008204542100429535, 0.0007946190307848155
0.008175751194357872, 0.0006892947130836546
0.008087564259767532, 0.0012597509194165468
0.008114603348076344, 0.00105699198320508
0.008137736469507217, 0.0007004188955761492
0.007964304648339748, 0.0010083586676046252
0.007896240800619125, 0.0008123893640004098
0.008061708882451057, 0.0006983112543821335
0.007981463335454464, 0.000901386549230665
0.008052151650190353, 0.0006897416897118092
0.008121496997773647, 0.000605204957537353
0.008009052835404873, 0.0008528695907443762
0.007999435067176819, 0.0007605061982758343
0.007874357514083385, 0.0006520189344882965
0.00802681501954794, 0.0005332918954081833
0.007977372035384178, 0.0008274393039755523
0.008032239973545074, 0.0006652080337516963
0.008074652403593063, 0.000529344892129302
0.00807968806475401, 0.0009990871185436845
0.008022497408092022, 0.0011808802373707294
0.007964501157402992, 0.0007199610699899495
0.007940249517560005, 0.0006158410687930882
0.008059214800596237, 0.0008885551942512393
0.007956475019454956, 0.0006392360664904118
0.007982783019542694, 0.0008195136324502528
0.007876737043261528, 0.0011048632441088557
0.008001023903489113, 0.0007867460371926427
0.007876953110098839, 0.0007313272799365222
0.007988352328538895, 0.0007076123147271574
0.008059224113821983, 0.0006619914202019572
0.00801466777920723, 0.0008558504632674158
0.007959181442856789, 0.0008255296852439642
0.007953301072120667, 0.0008033947087824345
0.008196966722607613, 0.0007660919218324125
0.00815214216709137, 0.0008227005018852651
0.008043104782700539, 0.0008101604762487113
0.007905703969299793, 0.0008706349181011319
0.007956533692777157, 0.0006332221673801541
0.007844002917408943, 0.0008432464674115181
0.007931005209684372, 0.0007168569718487561
0.007943820208311081, 0.0009814860532060266
0.007965045049786568, 0.0005535973468795419
0.007923569530248642, 0.0006827903562225401
0.007881990633904934, 0.0004908533301204443
0.007745428942143917, 0.0009272510069422424
0.0077698505483567715, 0.0007623599376529455
0.007766040973365307, 0.0007139826775528491
0.007751584053039551, 0.0008314839797094464
0.007861404679715633, 0.0007902750512585044
0.00789646990597248, 0.0006613311124965549
0.007804533001035452, 0.0006334586068987846
0.0076105534099042416, 0.0011367881670594215
0.007723241578787565, 0.0007486346876248717
0.007745140232145786, 0.0006704027764499187
0.007769550196826458, 0.0006809774786233902
0.008025236427783966, 0.0005312255816534162
0.00798058696091175, 0.0008252644911408424
0.007980139926075935, 0.0006513435509987175
0.00786640029400587, 0.0008138074190355837
0.007791299372911453, 0.0009016022086143494
0.007758288644254208, 0.0010978059144690633
0.007716137450188398, 0.0009445687755942345
0.00797626655548811, 0.0008278105524368584
0.007644800003618002, 0.0007359709125012159
0.007626630365848541, 0.0007676208042539656
0.007617307361215353, 0.0010066262912005186
0.007798896636813879, 0.0007900729542598128
0.007757251616567373, 0.0005987902404740453
0.007838571444153786, 0.0005025952123105526
0.007657359354197979, 0.0006444159662351012
0.007622316479682922, 0.0007834817515686154
0.007781603839248419, 0.0005580884171649814
0.0077087851241230965, 0.00077470438554883
0.00782074499875307, 0.0006877420819364488
0.0077516487799584866, 0.0009151808335445821
0.007752823643386364, 0.0007676764507777989
0.007855730131268501, 0.0009959563612937927
0.0078035034239292145, 0.0007156438077799976
0.007692884653806686, 0.0009592496789991856
0.007619380950927734, 0.0008518256945535541
0.007603510282933712, 0.0008868243894539773
0.007749087177217007, 0.0006399393314495683
0.007568700239062309, 0.0005719219916500151
0.007663301192224026, 0.000725223682820797
0.007513036485761404, 0.0009169408585876226
0.00775813776999712, 0.0007052046130411327
0.007795296143740416, 0.001038168091326952
0.007534927688539028, 0.0008620096486993134
0.007608378306031227, 0.0007772404933348298
0.007492654025554657, 0.0008226754143834114
0.007624769117683172, 0.0006820544949732721
0.0077158501371741295, 0.00046938026207499206
0.00780482217669487, 0.0006853968370705843
0.007697886787354946, 0.0008939079707488418
0.007671145256608725, 0.0008443202823400497
0.0075234356336295605, 0.0005340959178283811
0.0075604477897286415, 0.0008633228717371821
0.007537231780588627, 0.0009892089292407036
0.007507342379540205, 0.0005480487016029656
0.007648276165127754, 0.0007197383674792945
0.007628531660884619, 0.0006227114354260266
0.007573492359369993, 0.0007575490162707865
0.00753741106018424, 0.0007135386695154011
0.007590857334434986, 0.0005083660362288356
0.0075938585214316845, 0.00037134994636289775
0.007382060866802931, 0.0006413271185010672
0.007577737793326378, 0.0006983609637245536
0.0076170144602656364, 0.0007659569964744151
0.007535240612924099, 0.0005369161954149604
0.00761731993407011, 0.0007628167513757944
0.007586273364722729, 0.0007354208501055837
0.0076276264153420925, 0.0007449822733178735
0.00772008066996932, 0.0006702433456666768
0.0076307556591928005, 0.0007848840905353427
0.0075345830991864204, 0.0007067405385896564
0.007583724334836006, 0.0008746541570872068
0.007682477124035358, 0.0008035600767470896
0.007456246297806501, 0.0009610222768969834
0.00748617947101593, 0.0005218906444497406
0.007471746765077114, 0.0008290180121548474
0.00744826253503561, 0.0007530768634751439
0.007486238144338131, 0.00045058235991746187
0.007508071139454842, 0.0006883246242068708
0.0075264545157551765, 0.0006751189939677715
0.00748574361205101, 0.0006998421158641577
0.00754961371421814, 0.0008366220863536
0.007610422559082508, 0.0008122859289869666
0.007675500120967627, 0.0005773273296654224
0.007724020630121231, 0.0006435489049181342
0.007615131326019764, 0.0006505492492578924
0.007454519160091877, 0.0007935941684991121
0.007436095736920834, 0.0005104888696223497
0.007530515547841787, 0.0007988898432813585
0.007523865904659033, 0.0008379471255466342
0.007482919376343489, 0.0006911444943398237
0.0073667531833052635, 0.0009535629069432616
0.0076211667619645596, 0.0010526233818382025
0.007537961006164551, 0.00047724900650791824
0.00748237781226635, 0.0005499941762536764
0.007483098190277815, 0.0007107796263881028
0.0074896132573485374, 0.0006002782611176372
0.007258406840264797, 0.0006870899233035743
0.007451066747307777, 0.000646923144813627
0.007438614498823881, 0.0007203476852737367
0.007428414188325405, 0.0008196503622457385
0.0075841620564460754, 0.00038089961162768304
0.0075575499795377254, 0.0008059205138124526
0.0074790120124816895, 0.0007381514878943563
0.007481420412659645, 0.00037271573091857135
0.007470808923244476, 0.0007778865983709693
0.007382096257060766, 0.0007281737634912133
0.007227899041026831, 0.0004358799778856337
0.007331913337111473, 0.0009912187233567238
0.007465825881808996, 0.0004323928733356297
0.0074322409927845, 0.0006400471902452409
0.007355341222137213, 0.0005981912836432457
0.007421535439789295, 0.0007105857948772609
0.007429603021591902, 0.0005691675469279289
0.007471895776689053, 0.0006061212043277919
0.00749805336818099, 0.0006714215269312263
0.007360859774053097, 0.0008179544238373637
0.007488406263291836, 0.00048675996367819607
0.0073806047439575195, 0.0006521302275359631
0.007257174700498581, 0.0006177881150506437
0.007356656715273857, 0.0007122475071810186
0.007281787693500519, 0.0007871812558732927
0.007244843058288097, 0.0006717205396853387
0.0072091794572770596, 0.0006860421854071319
0.007287263870239258, 0.0006418649572879076
0.007216732949018478, 0.0009285478736273944
0.007515459321439266, 0.0005525701562874019
0.007353072986006737, 0.000570785254240036
0.0074746860191226006, 0.0007200727704912424
0.007397819310426712, 0.0007027121027931571
0.007282016333192587, 0.0009447968914173543
0.007500236388295889, 0.0006610982236452401
0.007509618531912565, 0.0005917763337492943
0.0073151616379618645, 0.0009559192694723606
0.007150579243898392, 0.001130271004512906
0.00743788992986083, 0.0010112931486219168
0.00741055142134428, 0.0008469796157442033
0.007306739687919617, 0.0006889639189466834
0.00721396878361702, 0.0007572281756438315
0.007393158972263336, 0.0007024342194199562
0.007307114079594612, 0.00048149030772037804
0.007271408569067717, 0.000537620740942657
0.007207205053418875, 0.0005837555509060621
0.007271165028214455, 0.0008038990781642497
0.007169706281274557, 0.0004652114585042
0.007171370089054108, 0.0005600007716566324
0.007288116030395031, 0.0006323131965473294
0.007253421004861593, 0.0008623870671726763
0.0072885314002633095, 0.0008402324165217578
0.007251765113323927, 0.0007315750699490309
0.007263352628797293, 0.0007234936929307878
0.007202093955129385, 0.0006333520286716521
0.007188666146248579, 0.0008481974946334958
0.007276975549757481, 0.000565679685678333
0.0071472167037427425, 0.0009407532052136958
0.00731296744197607, 0.0007355163106694818
0.007345402147620916, 0.0009173793951049447
0.007333024404942989, 0.0008407752611674368
0.007290036883205175, 0.0007523833191953599
0.0073949117213487625, 0.0007252650684677064
0.007248864974826574, 0.0007080519571900368
0.007310842629522085, 0.0005955296219326556
0.0073334346525371075, 0.0006386319873854518
0.0072764805518090725, 0.0007388676167465746
0.007198910694569349, 0.00062272121431306
0.007296883966773748, 0.0006571614067070186
0.007276398129761219, 0.0009902811143547297
0.007010051514953375, 0.0006792469066567719
0.007184497080743313, 0.0005759022897109389
0.007131149526685476, 0.000726375263184309
0.007136979606002569, 0.0008487182785756886
0.0072836242616176605, 0.0010403639171272516
0.007254466414451599, 0.0006812464562244713
0.007213163189589977, 0.00042177000432275236
0.007271756883710623, 0.0005773775628767908
0.0072290836833417416, 0.0008146709878928959
0.007232190575450659, 0.00044925525435246527
0.007348519749939442, 0.0007739511784166098
0.007385730277746916, 0.0005969441845081747
0.007313100155442953, 0.0009988092351704836
0.007311907596886158, 0.0005102757713757455
0.007312539964914322, 0.0006319350795820355
0.007250404916703701, 0.0006952800322324038
0.007329597137868404, 0.0006698067882098258
0.007216735742986202, 0.0005845705163665116
0.007184245623648167, 0.0007707588374614716
0.007129634730517864, 0.0006226652767509222
0.0071708126924932, 0.0006376079982146621
0.007229345850646496, 0.0006754008936695755
0.007276203483343124, 0.0007450281991623342
0.007192593067884445, 0.0005008624866604805
0.007114028558135033, 0.0005661780596710742
0.007261539809405804, 0.0005160123109817505
0.007365664001554251, 0.0006875271792523563
0.00734071945771575, 0.000648802611976862
0.0074684759601950645, 0.00039996931445784867
0.007208132650703192, 0.000623414118308574
0.007253024727106094, 0.0007021920173428953
0.007331478409469128, 0.00035080223460681736
0.0071418918669223785, 0.000509337114635855
0.0071541788056492805, 0.0007922140066511929
0.00717125553637743, 0.0004972213064320385
0.007027431391179562, 0.0006545842625200748
0.007194541394710541, 0.0006798951071687043
0.0071355318650603294, 0.0007359826704487205
0.007306701969355345, 0.00038311482057906687
0.007185365539044142, 0.0005323339719325304
0.007176238112151623, 0.0008582322625443339
0.007208745926618576, 0.0008281074115075171
0.007237967103719711, 0.0006218347698450089
0.00717149069532752, 0.0005836724303662777
0.007151957601308823, 0.0005806091357953846
0.007096555083990097, 0.0004928556154482067
0.007222966756671667, 0.0006822763243690133
0.007191693410277367, 0.0007356574642471969
0.00717054633423686, 0.0008170915534719825
0.0071256449446082115, 0.000697145820595324
0.007270060479640961, 0.0006464102189056575
0.007057793438434601, 0.0006436343537643552
0.0071678608655929565, 0.0010914213489741087
0.007198195438832045, 0.0007614083006046712
0.0070076389238238335, 0.0005547907785512507
0.006954598240554333, 0.0007928296690806746
0.007145531475543976, 0.0007117767236195505
0.007040304597467184, 0.0007685177261009812
0.007056709378957748, 0.0007594182388857007
0.0071042245253920555, 0.0006075439741834998
0.007121059112250805, 0.0005526421591639519
0.007246329914778471, 0.000568872841540724
0.006984145380556583, 0.0006290933815762401
0.007067702244967222, 0.0005972064682282507
0.007082720752805471, 0.0006917936261743307
0.007075522094964981, 0.0006793176871724427
0.007019761949777603, 0.0007826993823982775
0.00699213519692421, 0.000585302768740803
0.007111377082765102, 0.0007907057297416031
0.007243688218295574, 0.00041887667612172663
0.007064144127070904, 0.0006348328897729516
0.006936491932719946, 0.0005902606644667685
0.007072377949953079, 0.00068455352447927
0.0072059291414916515, 0.001039106515236199
0.007135865744203329, 0.0007206848240457475
0.00694621866568923, 0.0005073281354270875
0.007268745452165604, 0.0007370217354036868
0.007069584913551807, 0.000609783863183111
0.007091899402439594, 0.0008590259240008891
0.00709585240110755, 0.0007439874461852014
0.007062824442982674, 0.0005864060949534178
0.0069150845520198345, 0.000642244762275368
0.007103653158992529, 0.0006541709881275892
0.0071002887561917305, 0.0006872205412946641
0.006997932679951191, 0.0007132175960578024
0.007058135699480772, 0.0008021711837500334
0.006994278635829687, 0.0004855421429965645
0.007070108316838741, 0.0006812679348513484
0.007097362540662289, 0.0006052890093997121
0.007057300768792629, 0.00045244910870678723
0.007124058902263641, 0.0005866239662282169
0.007081571035087109, 0.00043446492054499686
0.007114755921065807, 0.0005511626368388534
0.006896890699863434, 0.0005875378265045583
0.006868876516819, 0.0010272095678374171
0.006850170902907848, 0.0008035634527914226
0.006897376384586096, 0.0005199055885896087
0.007158282212913036, 0.0006013341480866075
0.00701945461332798, 0.0007137801731005311
0.006966296583414078, 0.0005139732966199517
0.007217057049274445, 0.0007555232150480151
0.007062375545501709, 0.000884530832991004
0.006864847149699926, 0.0007739554857835174
0.0069586243480443954, 0.0008353416342288256
0.006967972964048386, 0.0009540645405650139
0.00702893128618598, 0.0006427129846997559
0.0071168942376971245, 0.0006091666291467845
0.0071386490017175674, 0.0006326737930066884
0.006917092017829418, 0.0006935794954188168
0.00699806772172451, 0.0005916844820603728
0.00692715123295784, 0.00048411698662675917
0.007050497457385063, 0.0005637049325741827
0.0070845442824065685, 0.0006732164183631539
0.006817111279815435, 0.0006637860788032413
0.007000426761806011, 0.0006464733742177486
0.007185748778283596, 0.000604123983066529
0.007013607770204544, 0.0004961465601809323
0.007114732638001442, 0.0005324809462763369
0.007074401713907719, 0.0006326091825030744
0.006992941256612539, 0.000508613302372396
0.0068481676280498505, 0.00063963612774387
0.0069736274890601635, 0.0010367901995778084
0.006903441157191992, 0.0005434755585156381
0.006993226706981659, 0.0004533496394287795
0.007038658019155264, 0.0006190459826029837
0.006993252318352461, 0.0005371309234760702
0.007067909464240074, 0.0007731148507446051
0.007077286019921303, 0.0005597583949565887
0.007037610746920109, 0.0006376783712767065
0.007114235311746597, 0.0006826271419413388
0.007073552813380957, 0.0006652498850598931
0.006902564316987991, 0.0005744263180531561
0.006929920520633459, 0.0005520880804397166
0.006907906383275986, 0.0006861599977128208
0.006901628337800503, 0.0005401267553679645
0.006859056651592255, 0.0006955366698093712
0.006873413920402527, 0.0007057219627313316
0.006945361848920584, 0.0006937161670066416
0.0070012896321713924, 0.0005178343853913248
0.0068836938589811325, 0.00058851478388533
0.006860471796244383, 0.0007218474638648331
0.00702336709946394, 0.0005797782214358449
0.007133192382752895, 0.00034411129308864474
0.006875065620988607, 0.0006118931923992932
0.006994712166488171, 0.0004845259536523372
0.007021332159638405, 0.0007094876491464674
0.006930874660611153, 0.0005931161576882005
0.006891569122672081, 0.0005897422088310122
0.00689478125423193, 0.0007664253353141248
0.006858741398900747, 0.0006447092164307833
0.006853458937257528, 0.0006568495300598443
0.0068085878156125546, 0.0006215839530341327
0.006781398318707943, 0.0008155536488629878
0.006983659230172634, 0.0007905378006398678
0.006937236525118351, 0.0009331217734143138
0.0067511554807424545, 0.0006509066442959011
0.006970634218305349, 0.0006023264140821993
0.0068801455199718475, 0.0006252949824556708
0.006876906380057335, 0.0007196335936896503
0.006951504852622747, 0.0005947092431597412
0.00696419645100832, 0.0007614034111611545
0.007210091687738895, 0.0004955636686645448
0.007093711756169796, 0.0006635865429416299
0.006862902548164129, 0.0007618825766257942
0.006796698551625013, 0.0007094469619914889
0.006945560686290264, 0.0005986667238175869
0.006963825784623623, 0.0005479106912389398
0.007032574620097876, 0.0006811259663663805
0.007118507754057646, 0.0005935626686550677
0.006931751035153866, 0.0006110993563197553
0.0069877756759524345, 0.0006859199493192136
0.006930087693035603, 0.0008567741024307907
0.006846641190350056, 0.0005023051635362208
0.0068274266086518764, 0.0006169739062897861
0.006947271525859833, 0.0005361892399378121
0.006876760628074408, 0.0006396454991772771
0.006880109664052725, 0.0005225921631790698
0.00702836737036705, 0.0006874094251543283
0.007006797008216381, 0.0006344515131786466
0.006870327051728964, 0.0005907496088184416
0.006998652126640081, 0.0007677602116018534
0.0068455650471150875, 0.0005182556924410164
0.006794550456106663, 0.0008105477900244296
0.00678653409704566, 0.0006329166353680193
0.006771142594516277, 0.00046292165643535554
0.006799831986427307, 0.0005470796022564173
0.006774529814720154, 0.00043795001693069935
0.006802152842283249, 0.0006589903496205807
0.006841068156063557, 0.0006283322582021356
0.006890918128192425, 0.0007150754099711776
0.0068844035267829895, 0.0007655975641682744
0.006873497273772955, 0.0006663243402726948
0.006956139579415321, 0.0007490919670090079
0.006770553067326546, 0.0006549077806994319
0.006794422399252653, 0.00078156020026654
0.006813389714807272, 0.0006314264610409737
0.007021918892860413, 0.00046452830429188907
0.006826633121818304, 0.000364698120392859
0.006739542819559574, 0.0005045891157351434
0.006770743057131767, 0.0005631849053315818
0.006790129002183676, 0.0006629538838751614
0.006830773316323757, 0.0004218576359562576
0.006940723396837711, 0.0005482688429765403
0.006819441914558411, 0.0006047093193046749
0.00675432663410902, 0.0005528264446184039
0.00678353663533926, 0.0008235249551944435
0.006765757687389851, 0.0007083506789058447
0.006826429627835751, 0.0006555081345140934
0.0068360730074346066, 0.0007210021140053868
0.006798796355724335, 0.000666460080537945
0.006828438024967909, 0.0006153266876935959
0.006888127885758877, 0.0006287071155384183
0.0068712844513356686, 0.0005932127824053168
0.00681179529055953, 0.0005781434592790902
0.006984097417443991, 0.0008967781905084848
0.006996659096330404, 0.0005854698247276247
0.006968691013753414, 0.0006507073412649333
0.0066978661343455315, 0.0007471311837434769
0.006830768659710884, 0.0007910983404144645
0.006811213679611683, 0.0005946964956820011
0.006687480956315994, 0.0007955025648698211
0.0069363415241241455, 0.0005288081592880189
0.007088582031428814, 0.0005611850647255778
0.006855061277747154, 0.0006278195651248097
0.006868846248835325, 0.000607952126301825
0.006874806247651577, 0.0006631567957811058
0.00713958777487278, 0.000579074549023062
0.006930884905159473, 0.0005248048109933734
0.006750357337296009, 0.0006182260694913566
0.006710919551551342, 0.0005868946900591254
0.006770120933651924, 0.0007225085282698274
0.006873236503452063, 0.00046459014993160963
0.006707216612994671, 0.0006185080856084824
0.006662248633801937, 0.0007133653271012008
0.006778537295758724, 0.0005650449893437326
0.0068375407718122005, 0.0006987106753513217
0.006729287561029196, 0.0005467857699841261
0.006803280673921108, 0.0005326084792613983
0.0068153999745845795, 0.0004319733416195959
0.006665905937552452, 0.0005884310230612755
0.006852687802165747, 0.0005995549727231264
0.006778146605938673, 0.0005174448015168309
0.006750021129846573, 0.0007257958059199154
0.0068409922532737255, 0.0007368099759332836
0.006766173522919416, 0.0006244094693101943
0.006729411892592907, 0.0005478984676301479
0.006745920516550541, 0.0004955118638463318
0.006864618510007858, 0.0007925741956569254
0.006692241877317429, 0.0004940993385389447
0.006778806447982788, 0.0005801064544357359
0.006680253893136978, 0.0005672032129950821
0.006782006472349167, 0.000502426119055599
0.006748849526047707, 0.0006981500191614032
0.006636013742536306, 0.0006414725794456899
0.006700647529214621, 0.0005567856132984161
0.00671286229044199, 0.0005405889824032784
0.006698783487081528, 0.0004753275716211647
0.0068592168390750885, 0.0004213137144688517
0.0067390501499176025, 0.0006336864898912609
0.006712171249091625, 0.0007170186727307737
0.006603313609957695, 0.0007112575112842023
0.006747240200638771, 0.0007461615023203194
0.006600586697459221, 0.0004254402592778206
0.006808099802583456, 0.0005781122599728405
0.0068150232546031475, 0.0005274853319860995
0.006938457023352385, 0.0005925945588387549
0.006836144253611565, 0.0006392308278009295
0.006740695796906948, 0.0006258046487346292
0.006702832877635956, 0.0007343839388340712
0.00690469890832901, 0.0008769481792114675
0.007060771808028221, 0.0005236771539784968
0.006708458997309208, 0.0004285566683392972
0.006787250749766827, 0.0007383071351796389
0.006799144670367241, 0.0005626413621939719
0.006771116517484188, 0.0005065176519565284
0.006683678831905127, 0.00062869320390746
0.006731290370225906, 0.0005934537621214986
0.006725025363266468, 0.0005990781937725842
0.006722386926412582, 0.0004665758169721812
0.0066395774483680725, 0.0006735686911270022
0.006689086090773344, 0.0004767766804434359
0.00687689334154129, 0.0007274850504472852
0.006923656444996595, 0.00044989262823946774
0.006796640809625387, 0.0004574453632812947
0.00675179623067379, 0.0005370971048250794
0.006751381792128086, 0.0005941208219155669
0.006679879035800695, 0.0005284427898004651
0.006646419875323772, 0.0006746207363903522
0.006654277443885803, 0.0006128411623649299
0.006683528423309326, 0.000821843626908958
0.006705105304718018, 0.0005398059147410095
0.006724730134010315, 0.0008095025550574064
0.006792347878217697, 0.00032499770168215036
0.00667914655059576, 0.0005584702012129128
0.006691932678222656, 0.0007059979252517223
0.006699635647237301, 0.00041913703898899257
0.00653849309310317, 0.0006418302073143423
0.006672905292361975, 0.0007011604029685259
0.006743262521922588, 0.0005875923088751733
0.006746213883161545, 0.0004763554024975747
0.006602947600185871, 0.0006018200656399131
0.00671488419175148, 0.000593183736782521
0.006786464713513851, 0.0005641761817969382
0.006926070433109999, 0.0008795906323939562
0.0069589754566550255, 0.0005975171807222068
0.0068089766427874565, 0.0005628570797853172
0.006678557954728603, 0.0008745874511078
0.0067322878167033195, 0.0006149186519905925
0.006674441508948803, 0.0006073816912248731
0.006579721346497536, 0.0009493685211054981
0.006747959181666374, 0.0009860108839347959
0.006722385995090008, 0.000531605095602572
0.006772057618945837, 0.0004878097679466009
0.0066477092914283276, 0.0008791072759777308
0.006642606109380722, 0.0007571849273517728
0.006728451233357191, 0.0006294478662312031
0.006648681126534939, 0.0007701842114329338
0.006622025277465582, 0.0005437513464130461
0.006917869206517935, 0.0006647779373452067
0.006739800795912743, 0.0007121373782865703
0.0067182197235524654, 0.0005720711778849363
0.006561599671840668, 0.000471339124487713
0.006712194532155991, 0.00040935917058959603
0.006556922569870949, 0.0005314626032486558
0.006601151078939438, 0.0006527019431814551
0.006766490172594786, 0.0007254740339703858
0.006657855119556189, 0.0007142756367102265
0.006760932505130768, 0.000686919258441776
0.006669073831290007, 0.000645226042252034
0.006594532635062933, 0.00046148666297085583
0.0067001814022660255, 0.0007911835564300418
0.006677894853055477, 0.0005899698589928448
0.006856030784547329, 0.0007836667937226593
0.006642678286880255, 0.0007517747581005096
0.006583677604794502, 0.0004320235748309642
0.0067324163392186165, 0.000785158365033567
0.006743965670466423, 0.0007643501739948988
0.006559692323207855, 0.0005075836670584977
0.006647143047302961, 0.0006868065102025867
0.006540247704833746, 0.0006908574723638594
0.006598887499421835, 0.0006731226458214223
0.0066187940537929535, 0.0005478391540236771
0.006738488562405109, 0.000804514333140105
0.006665444001555443, 0.0005787951522506773
0.006514512002468109, 0.0005033935303799808
0.006560233887284994, 0.000689856824465096
0.006699851714074612, 0.0008268497767858207
0.006666562519967556, 0.0005279905744828284
0.006697825621813536, 0.0005438135121949017
0.006539919879287481, 0.0003651116567198187
0.006580694578588009, 0.0005382087547332048
0.006563411559909582, 0.0005392260500229895
0.006615316029638052, 0.0006491282256320119
0.006620059721171856, 0.0005878121010027826
0.0066404095850884914, 0.0005649643717333674
0.006729048676788807, 0.0006781378760933876
0.006732667796313763, 0.0005184271140024066
0.006787738762795925, 0.0006890252116136253
0.006687352433800697, 0.00045589718502014875
0.006625290960073471, 0.0006519908201880753
0.0066411737352609634, 0.0005103234434500337
0.006531772669404745, 0.0005665662465617061
0.006634616293013096, 0.0007177083170972764
0.006694432348012924, 0.0005350276478566229
0.006614699959754944, 0.0005543099832721055
0.006473778747022152, 0.0005067691672593355
0.006477577146142721, 0.0007353038527071476
0.006631161086261272, 0.0005611359956674278
0.0066374968737363815, 0.0005817627534270287
0.006537433713674545, 0.0005611468805000186
0.006559159606695175, 0.00042632283293642104
0.006659187376499176, 0.0004914520541206002
0.006654325872659683, 0.0005804594838991761
0.006525792181491852, 0.0006956896977499127
0.006598340347409248, 0.0006402380531653762
0.006607707589864731, 0.0005965331220068038
0.006484338082373142, 0.0004869867698289454
0.006518583279103041, 0.00043634886969812214
0.006591623183339834, 0.0006019232096150517
0.006454481743276119, 0.000342552870279178
0.0065691969357430935, 0.0007480882341042161
0.006576159503310919, 0.000787500524893403
0.006602323614060879, 0.000485496420878917
0.006593167316168547, 0.0006830604979768395
0.006616269703954458, 0.0005590482032857835
0.006622954271733761, 0.0005502389976754785
0.00670101772993803, 0.0006821444840170443
0.006595471873879433, 0.0007812027470208704
0.006436959840357304, 0.0004936198238283396
0.006529768463224173, 0.0006886622286401689
0.00650430005043745, 0.0004142544639762491
0.0065628583543002605, 0.0008849764708429575
0.006452694069594145, 0.0007870400440879166
0.006530188024044037, 0.0007871671114116907
0.006739281117916107, 0.0005887841107323766
0.006600651424378157, 0.0005535823875106871
0.0066811516880989075, 0.000566296570468694
0.0064895316027104855, 0.0010489716660231352
0.006728798151016235, 0.0007473970181308687
0.0066093457862734795, 0.0005179155268706381
0.006599978543817997, 0.0004033890145365149
0.006702333688735962, 0.0004982040263712406
0.0065610408782958984, 0.0008312977151945233
0.006572654005140066, 0.0005299961194396019
0.006630258169025183, 0.0005527207395061851
0.0065922848880290985, 0.0006309966556727886
0.006537908222526312, 0.0005457220831885934
0.006562786176800728, 0.0005742866778746247
0.0064858077093958855, 0.0008458624943159521
0.006447854917496443, 0.000690694956574589
0.006477638613432646, 0.0006111033144406974
0.006620283238589764, 0.0005478275706991553
0.006584429647773504, 0.0005923243588767946
0.006437445990741253, 0.0005771095165982842
0.006586612667888403, 0.000344625033903867
0.006452919915318489, 0.0007878153119236231
0.006539524532854557, 0.000717189977876842
0.0065243858844041824, 0.0006464283796958625
0.006535334046930075, 0.0007818806916475296
0.006533229723572731, 0.0005785299581475556
0.006452466361224651, 0.0005924776196479797
0.006438986863940954, 0.0006130567635409534
0.006547923665493727, 0.0005125007592141628
0.006436401512473822, 0.00041048708953894675
0.006578787229955196, 0.0006538534653373063
0.006671734154224396, 0.00046262514661066234
0.006601320579648018, 0.0005373379099182785
0.006387099623680115, 0.0007122302195057273
0.006433041300624609, 0.0005014999187551439
0.00652481522411108, 0.000525586074218154
0.006563015282154083, 0.0007348980871029198
0.006624450441449881, 0.0006000919383950531
0.006654527969658375, 0.000759955495595932
0.006570739205926657, 0.00040276694926433265
0.006644021719694138, 0.0003663139941636473
0.006588143762201071, 0.0005987008335068822
0.006514444015920162, 0.0006010296638123691
0.006542581133544445, 0.0008823300595395267
0.006509110331535339, 0.0006462914752773941
0.006640477105975151, 0.0003628584381658584
0.006680489983409643, 0.0005392045713961124
0.006661887746304274, 0.00036031767376698554
0.006596505641937256, 0.000673540576826781
0.00654800608754158, 0.0007074604509398341
0.006472428794950247, 0.0008036271319724619
0.0065711806528270245, 0.0005141122383065522
0.006537015549838543, 0.0007713588420301676
0.006405071821063757, 0.0006583135109394789
0.006565015763044357, 0.00044535959023050964
0.006631363183259964, 0.0004653056093957275
0.006599937565624714, 0.0006133092101663351
0.006593388970941305, 0.0005408557481132448
0.0065109264105558395, 0.0005626931088045239
0.006543019320815802, 0.000580703723244369
0.006376123987138271, 0.0005468551535159349
0.0063825612887740135, 0.0005470827454701066
0.006463504396378994, 0.0006899884319864213
0.006451859138906002, 0.0006512345280498266
0.00644936366006732, 0.0005995469982735813
0.006597943138331175, 0.0008014170452952385
0.006684313528239727, 0.0006548201781697571
0.00653949286788702, 0.000680621073115617
0.006637408398091793, 0.0006601660279557109
0.006475011818110943, 0.00044023481314070523
0.0064203767105937, 0.0009352492052130401
0.006448224186897278, 0.0007145944982767105
0.006570435129106045, 0.0005022131372243166
0.0064644478261470795, 0.0007661711424589157
0.006396789103746414, 0.0005958001129329205
0.006415798328816891, 0.0005975287640467286
0.006518233101814985, 0.000356818811269477
0.00637038191780448, 0.0007673371583223343
0.0064520202577114105, 0.0006293050828389823
0.00652927253395319, 0.0006199930212460458
0.006389521062374115, 0.0006171482964418828
0.00639619305729866, 0.0006260780501179397
0.0063017383217811584, 0.0006284075207076967
0.00648807268589735, 0.0005268192035146058
0.006555786356329918, 0.0005814071046188474
0.0066337669268250465, 0.00029170478228479624
0.006433745380491018, 0.000561559631023556
0.006450570188462734, 0.000770809012465179
0.0064597055315971375, 0.0005004951381124556
0.00653217826038599, 0.00037317757960408926
0.0064825876615941525, 0.0007386180805042386
0.006483451928943396, 0.0005984208546578884
0.006481758318841457, 0.000621870334725827
0.006393364630639553, 0.0006532854167744517
0.006481550633907318, 0.0005619206931442022
0.006495220120996237, 0.0006553703569807112
0.00646736565977335, 0.0006544960779137909
0.006546954624354839, 0.000554773723706603
0.006494482979178429, 0.0003364846925251186
0.006383291911333799, 0.000690217362716794
0.00642306637018919, 0.0005603503668680787
0.0064406502060592175, 0.0006031247321516275
0.006504581775516272, 0.0006814280059188604
0.006532093044370413, 0.0005801944644190371
0.006451516877859831, 0.0002513054059818387
0.006485758349299431, 0.0007437288877554238
0.006487617269158363, 0.0005207589128986001
0.006449563428759575, 0.0006683975225314498
0.0065408265218138695, 0.0007101477240212262
0.006476609967648983, 0.0006428511696867645
0.006469737272709608, 0.0006492871907539666
0.006520347204059362, 0.0005135477404110134
0.006455312483012676, 0.00039816100616008043
0.006463219411671162, 0.0007922909571789205
0.006329699419438839, 0.000644229759927839
0.0064586251974105835, 0.000787012220826
0.006414547096937895, 0.0006297767977230251
0.006488770246505737, 0.0005688925157301128
0.006470474414527416, 0.0007173637859523296
0.006513255648314953, 0.0006248902063816786
0.006511812563985586, 0.0005429864977486432
0.006391218863427639, 0.0006566648371517658
0.006354834418743849, 0.0007707197801209986
0.006355973891913891, 0.0006002098089084029
0.006486512720584869, 0.0006061394233256578
0.006438761949539185, 0.0004623850400093943
0.006421103607863188, 0.0007691601640544832
0.0064576598815619946, 0.0006047722999937832
0.006431278772652149, 0.0006236048648133874
0.00636546965688467, 0.000668685301207006
0.006240095943212509, 0.0005877999356016517
0.006346931215375662, 0.0004264018207322806
0.006458023563027382, 0.0007949896389618516
0.006397081073373556, 0.0005194648983888328
0.006352232303470373, 0.0002728404360823333
0.006332906894385815, 0.0004999908269383013
0.006431146990507841, 0.000815813837107271
0.006358160637319088, 0.00040906883077695966
0.006504877936094999, 0.0006325876456685364
0.006476632319390774, 0.0007926644175313413
0.0064426809549331665, 0.0006785572622902691
0.006470711436122656, 0.0006223846576176584
0.0064512817189097404, 0.00051204051123932
0.006534148007631302, 0.0004029321135021746
0.006511689629405737, 0.0006009370554238558
0.006434829439967871, 0.0004825548967346549
0.0064749522134661674, 0.0003849999629892409
0.0063398233614861965, 0.0007437552558258176
0.006433333270251751, 0.0007563632680103183
0.006369975861161947, 0.0005940631381236017
0.006328928284347057, 0.0004221054259687662
0.006346818059682846, 0.0004829846147913486
0.006457024719566107, 0.00045103573938831687
0.006319254636764526, 0.0005210238159634173
0.006308007054030895, 0.00038957377546466887
0.006419037934392691, 0.00039656792068853974
0.006334320642054081, 0.0006504501216113567
0.0063414787873625755, 0.0005886288709007204
0.006452149711549282, 0.0006082942709326744
0.0063780746422708035, 0.0007389234961010516
0.00636813510209322, 0.0004972682800143957
0.00659675057977438, 0.0006731486646458507
0.006372810807079077, 0.0005989805213175714
0.00632421113550663, 0.0005454299389384687
0.006394636817276478, 0.0007918552146293223
0.006383281201124191, 0.0007061005453579128
0.006341713946312666, 0.0005927141755819321
0.0063609778881073, 0.0006444351165555418
0.006396889220923185, 0.0007460531778633595
0.006383064202964306, 0.0004340146260801703
0.006390370428562164, 0.0006390266353264451
0.006311742588877678, 0.0005912220221944153
0.0063062310218811035, 0.0005303173675201833
0.006359641905874014, 0.0005768454866483808
0.006524625234305859, 0.0005436923820525408
0.006473391782492399, 0.0006287206197157502
0.006511027924716473, 0.0005082873976789415
0.00647746492177248, 0.0005351534346118569
0.006472175940871239, 0.0006766919977962971
0.0063602738082408905, 0.00043529918184503913
0.0063954908400774, 0.000407789193559438
0.006432478781789541, 0.0005764272063970566
0.006345008499920368, 0.0004544445255305618
0.0063204593025147915, 0.000536167121026665
0.006268794648349285, 0.000645674648694694
0.006437361240386963, 0.0005976821412332356
0.006521291099488735, 0.0005211060051806271
0.006248991005122662, 0.000593873905017972
0.006510795094072819, 0.0006931858952157199
0.006365764420479536, 0.0006334905046969652
0.00641666492447257, 0.0005072765634395182
0.006394853349775076, 0.0004501689109019935
0.006328489165753126, 0.000732301501557231
0.0064166029915213585, 0.0007279638084582984
0.006290804129093885, 0.00049783376744017
0.0062255277298390865, 0.0007207421003840864
0.0064063831232488155, 0.0005224455380812287
0.0063549308106303215, 0.00027113204123452306
0.00646667554974556, 0.0005575096583925188
0.006289181765168905, 0.0008106063469313085
0.0063274092972278595, 0.0005799887585453689
0.0063193850219249725, 0.0008263664785772562
0.006289002951234579, 0.0006101829931139946
0.006323595996946096, 0.0004917675396427512
0.006217107176780701, 0.0006079968297854066
0.006301117595285177, 0.0006311471806839108
0.006275324150919914, 0.000638785888440907
0.006410408765077591, 0.0005523959989659488
0.006377718411386013, 0.0004024789377581328
0.00626426562666893, 0.0005896718939766288
0.006213008426129818, 0.000402664125431329
0.0063947029411792755, 0.0004417993768583983
0.006344802211970091, 0.0005892522167414427
0.0064041330479085445, 0.0005143494927324355
0.006394669413566589, 0.0006612977595068514
0.006493778433650732, 0.0005717278691008687
0.006431723944842815, 0.0006849644123576581
0.006460617762058973, 0.00051924615399912
0.006296723149716854, 0.0005404746625572443
0.006502098403871059, 0.0004700880963355303
0.0062379795126616955, 0.0005801587249152362
0.006332291290163994, 0.00060767971444875
0.0065124863758683205, 0.0005222898325882852
0.006356614641845226, 0.0005486950976774096
0.006353245582431555, 0.0007003233768045902
0.006276674568653107, 0.0005211931420490146
0.006315484177321196, 0.0006709094741381705
0.006279736291617155, 0.0005269143148325384
0.006422623060643673, 0.0006863966700620949
0.006444319151341915, 0.0006206872058100998
0.006438735872507095, 0.0006311415927484632
0.006329049356281757, 0.0005252847913652658
0.006338445004075766, 0.0006167325773276389
0.0062784962356090546, 0.0005582300946116447
0.006423613056540489, 0.0005950105260126293
0.006451282184571028, 0.000459967675851658
0.006352705415338278, 0.0005464054993353784
0.00631367601454258, 0.0006293174810707569
0.006419303826987743, 0.0005548976478166878
0.006249514874070883, 0.0004474601591937244
0.0062968917191028595, 0.0005077753448858857
0.006249851547181606, 0.0004429866385180503
0.006327166222035885, 0.0004687390464823693
0.006287503056228161, 0.0004460249620024115
0.006236138753592968, 0.0006741969264112413
0.006321567576378584, 0.000637529359664768
0.006298033054918051, 0.0007997233187779784
0.006383378058671951, 0.0006884106551297009
0.006486490368843079, 0.0004530846490524709
0.006342633627355099, 0.0007072308799251914
0.006295639555901289, 0.0006818262045271695
0.0062997005879879, 0.00047627874300815165
0.006253580562770367, 0.0005375617183744907
0.006310021039098501, 0.00042996270349249244
0.006279696710407734, 0.0006514138076454401
0.0065543800592422485, 0.0005671823746524751
0.006303760223090649, 0.000537493615411222
0.0061014010570943356, 0.0005429705488495529
0.006168813910335302, 0.0005477119702845812
0.006254374980926514, 0.0005982322618365288
0.006250112783163786, 0.0004840362526010722
0.006251199170947075, 0.0007371207466349006
0.00618751859292388, 0.00028953971923328936
0.006207635626196861, 0.0005740837659686804
0.006266463547945023, 0.0006650105933658779
0.006262829061597586, 0.0005504111177287996
0.006212018430233002, 0.0005449667805805802
0.006269574165344238, 0.0006113714189268649
0.006421057041734457, 0.0006175094749778509
0.006268735975027084, 0.0007186082657426596
0.0062936521135270596, 0.0008319526677951217
0.00626096036285162, 0.0006158482283353806
0.006216946057975292, 0.0005082065472379327
0.006224961951375008, 0.0006143636419437826
0.006245204247534275, 0.0007164031849242747
0.0063207922503352165, 0.0007734381360933185
0.006363268010318279, 0.0006235761102288961
0.00636406010016799, 0.0003851613437291235
0.006183493882417679, 0.0005077813402749598
0.006280203349888325, 0.0007728180498816073
0.006323074456304312, 0.0006031885277479887
0.006292029749602079, 0.0006242608069442213
0.006509250961244106, 0.0006003194721415639
0.0062200454995036125, 0.0005208339425735176
0.006261888891458511, 0.0005992605583742261
0.006296470295637846, 0.0005843369290232658
0.006259066518396139, 0.0004940435755997896
0.006192571483552456, 0.0004971050657331944
0.006129369139671326, 0.0005642974283546209
0.006219523958861828, 0.0005442074034363031
0.006421017460525036, 0.0005815401673316956
0.006558568682521582, 0.00027348363073542714
0.006360533647239208, 0.000580626365263015
0.006250177975744009, 0.0007765852496959269
0.006178656127303839, 0.0004224228614475578
0.006226426921784878, 0.0006736791110597551
0.006303857080638409, 0.000520711881108582
0.006302948109805584, 0.0005086350138299167
0.006213584449142218, 0.0006860980647616088
0.006249453406780958, 0.0006028647185303271
0.006301764398813248, 0.00045517421676777303
0.006207665428519249, 0.0006460647564381361
0.006177276372909546, 0.0005934220971539617
0.00611089076846838, 0.0005528588080778718
0.006199758034199476, 0.0006072905962355435
0.006100675091147423, 0.0006515204440802336
0.006208254024386406, 0.0006444195751100779
0.006368360947817564, 0.0005742397624999285
0.006353425793349743, 0.0005280356854200363
0.006245091091841459, 0.0006218404741957784
0.006159566342830658, 0.0004721011791843921
0.006266041658818722, 0.0007851319387555122
0.006346763577312231, 0.000603065243922174
0.006080782972276211, 0.0006469124928116798
0.006201690994203091, 0.0007098439382389188
0.00622128788381815, 0.000519918161444366
0.006250721402466297, 0.0005007871077395976
0.006176360882818699, 0.0007890315027907491
0.006130363326519728, 0.0004842372436542064
0.00625205785036087, 0.0005981733556836843
0.006224922835826874, 0.0007723203743807971
0.006235636305063963, 0.0005730946431867778
0.006275251507759094, 0.0007131115416996181
0.0062382034957408905, 0.0006899662548676133
0.006241827271878719, 0.000850891403388232
0.006200619041919708, 0.0006630965508520603
0.0061260550282895565, 0.0005937772803008556
0.006286041345447302, 0.0004391818947624415
0.006207268685102463, 0.0005230358219705522
0.006195991765707731, 0.000799258763436228
0.006161919794976711, 0.0005037553492002189
0.006211361847817898, 0.0006153564318083227
0.00625242805108428, 0.000526146381162107
0.0062407562509179115, 0.0006393342046067119
0.006154534872621298, 0.000791173311881721
0.00616951659321785, 0.0006541102775372565
0.006238551344722509, 0.0004992593312636018
0.006459371652454138, 0.0005295739392749965
0.0063531240448355675, 0.00017698777082841843
0.006133592687547207, 0.0005870460881851614
0.006258328910917044, 0.0004541698144748807
0.006059879437088966, 0.0005424277042038739
0.006110967602580786, 0.0006291054305620492
0.006053653545677662, 0.0006697829230688512
0.006356842815876007, 0.0005899406969547272
0.006155082024633884, 0.000784242176450789
0.006151611916720867, 0.0005235749995335937
0.0061529334634542465, 0.000701110519003123
0.006241112016141415, 0.0005628280341625214
0.006144645623862743, 0.0007889795815572143
0.0063552409410476685, 0.0005101836868561804
0.006255388259887695, 0.0007213670178316534
0.006253508385270834, 0.0005322839715518057
0.006199426017701626, 0.0006361737614497542
0.006174044217914343, 0.0005865098792128265
0.006110354792326689, 0.00044415067532099783
0.0062827421352267265, 0.0006343560526147485
0.00617869570851326, 0.0005570423090830445
0.006120832171291113, 0.0005753108416683972
0.006124287843704224, 0.0006706685526296496
0.006221751682460308, 0.00047187041491270065
0.0062042768113315105, 0.00045608467189595103
0.006136946380138397, 0.000503581715747714
0.006182385142892599, 0.0005629411316476762
0.006140937563031912, 0.0007257491233758628
0.0060798404738307, 0.000682102283462882
0.006227076984941959, 0.00048549185157753527
0.0061205970123410225, 0.0007673529325984418
0.006151724606752396, 0.0005763312219642103
0.006179393734782934, 0.000523335940670222
0.006190471351146698, 0.0005820365040563047
0.006271767430007458, 0.0004942946834489703
0.006212031003087759, 0.0005934241344220936
0.0062270741909742355, 0.0006060224841348827
0.006168878637254238, 0.0005871191387996078
0.006148998625576496, 0.0003722569381352514
0.006132161244750023, 0.0005306075909174979
0.00615503266453743, 0.0007158921798691154
0.006244923919439316, 0.0006544275674968958
0.006201062351465225, 0.000530947872903198
0.006114223040640354, 0.0005058942479081452
0.006158884614706039, 0.0004755103145726025
0.006154912523925304, 0.0005671379622071981
0.006224827375262976, 0.0005600581644102931
0.006196766160428524, 0.0005009216838516295
0.0063131037168204784, 0.0004903803346678615
0.006318155210465193, 0.0003531894471962005
0.006127367727458477, 0.0005710042314603925
0.006054927594959736, 0.0005991152720525861
0.00607196195051074, 0.0004732499655801803
0.0061797029338777065, 0.0006618514307774603
0.006141074933111668, 0.0005816841730847955
0.006207435391843319, 0.0008435876225121319
0.006196466740220785, 0.0007721362053416669
0.005998037755489349, 0.0005404861876741052
0.006111523136496544, 0.0006834223167970777
0.006203716155141592, 0.0004485051613301039
0.006236378103494644, 0.0005536485696211457
0.006158996373414993, 0.0005414355546236038
0.006157722324132919, 0.0007787372451275587
0.006142995320260525, 0.0005797039484605193
0.006208525504916906, 0.0006723232800140977
0.006079451180994511, 0.0007387716323137283
0.006303648464381695, 0.000618311925791204
0.006156492047011852, 0.0005457397201098502
0.006035692524164915, 0.0006050586816854775
0.006211587693542242, 0.0007064735400490463
0.006070428527891636, 0.000691640772856772
0.006177873350679874, 0.0005761734209954739
0.006196073722094297, 0.0004732614033855498
0.006128809414803982, 0.0003973439452238381
0.006225033663213253, 0.0005582975572906435
0.0061828321777284145, 0.0005224845954217017
0.006103218998759985, 0.0005652072723023593
0.006107419263571501, 0.0008012569742277265
0.006098393350839615, 0.00045254227006807923
0.006140366196632385, 0.00046194164315238595
0.006236000917851925, 0.0007793374243192375
0.006193871609866619, 0.0005023881676606834
0.006246402859687805, 0.00047812258708290756
0.006067698821425438, 0.0006379480473697186
0.005900115706026554, 0.0007875293958932161
0.00609346991404891, 0.0006065089255571365
0.006026888266205788, 0.0005103328148834407
0.006142373662441969, 0.0005701640620827675
0.0061278920620679855, 0.0006998011958785355
0.006283156108111143, 0.0006138301687315106
0.0063430848531425, 0.00047014435403980315
0.006087764166295528, 0.000601762265432626
0.006086839362978935, 0.0006180597119964659
0.006026270799338818, 0.0006540033500641584
0.006083977874368429, 0.0005666568758897483
0.006094058509916067, 0.00046050557284615934
0.006049491465091705, 0.0006867010379210114
0.006115107797086239, 0.0005073257489129901
0.006195292808115482, 0.0004420730983838439
0.006083044223487377, 0.0005434332997538149
0.006116251461207867, 0.0005932548083364964
0.006098987068980932, 0.0006702314713038504
0.006188618950545788, 0.0004961823578923941
0.006388525478541851, 0.0006745816790498793
0.006082258652895689, 0.0005614241817966104
0.006155648734420538, 0.000678441661875695
0.006196371279656887, 0.0006460262811742723
0.0061394209042191505, 0.0004745381011161953
0.0059380969032645226, 0.0007396131404675543
0.006077842321246862, 0.0005531532224267721
0.006119902245700359, 0.0005239071906544268
0.006173230241984129, 0.00042989561916328967
0.006029689218848944, 0.0007099289796315134
0.006100635975599289, 0.0005803232197649777
0.006022565066814423, 0.0006455875118263066
0.0059746685437858105, 0.0008169392240233719
0.006102066487073898, 0.00045758072519674897
0.0061134765855968, 0.0004697993863373995
0.006134728901088238, 0.00035219703568145633
0.00628044456243515, 0.0004409661632962525
0.006182660348713398, 0.000783332041464746
0.005993853323161602, 0.0007949124556034803
0.006103659979999065, 0.0005552800139412284
0.006133385002613068, 0.0006283128168433905
0.006175925023853779, 0.0006588843534700572
0.0061495983973145485, 0.0005916348309256136
0.00614840816706419, 0.000772808853071183
0.006126239895820618, 0.0004489278653636575
0.006063728593289852, 0.0005836095660924911
0.006059370469301939, 0.0005787828122265637
0.006086236797273159, 0.0005256612785160542
0.006120561622083187, 0.00045291028800420463
0.006016182713210583, 0.0005479271640069783
0.00619549211114645, 0.00046056145220063627
0.006120654754340649, 0.0008106109453365207
0.006175962742418051, 0.0006367679452523589
0.00605653366073966, 0.0006018454441800714
0.006106534507125616, 0.0005399733781814575
0.006250397767871618, 0.0005790275172330439
0.006132473703473806, 0.000628375681117177
0.006087421905249357, 0.0006953408592380583
0.00598207488656044, 0.0006564205978065729
0.00605402234941721, 0.00029906368581578135
0.006061803549528122, 0.0004321188316680491
0.006092160940170288, 0.000478267582366243
0.006123396568000317, 0.0004556373169180006
0.005910653620958328, 0.0005084946169517934
0.0061947619542479515, 0.0005282573401927948
0.006150632165372372, 0.0006774624343961477
0.006065096706151962, 0.00042137684067711234
0.006100000347942114, 0.0006820571725256741
0.006171036045998335, 0.0003267697466071695
0.006144532468169928, 0.0005171029479242861
0.006127347704023123, 0.0005618338473141193
0.006103674881160259, 0.0006164100486785173
0.006120470352470875, 0.0005490839248523116
0.006123150698840618, 0.0006841773283667862
0.006026489194482565, 0.0007533145253546536
0.006118809804320335, 0.0004237486864440143
0.00619443878531456, 0.0006385240121744573
0.005978713743388653, 0.0006590259727090597
0.00593330804258585, 0.0004444344958756119
0.006064890883862972, 0.0006880261935293674
0.006071554496884346, 0.0005712385755032301
0.006222277879714966, 0.0004019065236207098
0.005889538675546646, 0.0003661124501377344
0.006076694931834936, 0.0007240973645821214
0.006193861365318298, 0.00048548931954428554
0.006104251369833946, 0.0005215296987444162
0.005982656031847, 0.0007461656932719052
0.006069892551749945, 0.0004041945794597268
0.006100110709667206, 0.0004938864149153233
0.006205059587955475, 0.0004815190623048693
0.0060049984604120255, 0.0005559733253903687
0.006085546221584082, 0.0005708442768082023
0.006305729039013386, 0.0004211435152683407
0.006195408757776022, 0.0006812424398958683
0.006103372201323509, 0.0005558587145060301
0.006202479358762503, 0.00044032162986695766
0.006159882992506027, 0.0004515832697506994
0.005916661582887173, 0.0005428533768281341
0.006028102245181799, 0.00046877461136318743
0.006041963584721088, 0.0006650008144788444
0.005920473486185074, 0.0006368893082253635
0.0059461044147610664, 0.0005091026541776955
0.005986194126307964, 0.0006486313068307936
0.0060210563242435455, 0.00048140157014131546
0.006112643983215094, 0.0006563281058333814
0.006033116020262241, 0.0008490140317007899
0.0060671428218483925, 0.00038266018964350224
0.005949444603174925, 0.0005402806564234197
0.006118908524513245, 0.0006427239859476686
0.006055114325135946, 0.00054429832380265
0.006027798168361187, 0.0005949415499344468
0.005928885191679001, 0.0007428743992932141
0.006109172012656927, 0.0005567076150327921
0.006077277939766645, 0.0005775593454018235
0.00604616804048419, 0.0005931811174377799
0.006308729760348797, 0.00045776113984175026
0.006094065960496664, 0.000540062552317977
0.006088358350098133, 0.0007402770570479333
0.006016022525727749, 0.000582659849897027
0.006110995076596737, 0.0006371616036631167
0.006042635999619961, 0.0007752512465231121
0.006047743838280439, 0.0006345110014081001
0.00590319000184536, 0.0005147299962118268
0.0061119901947677135, 0.0003808533656410873
0.0060720122419297695, 0.0005183711764402688
0.0059804171323776245, 0.0004094625764992088
0.006164978723973036, 0.000640524027403444
0.00599709851667285, 0.0004911323194392025
0.006114885210990906, 0.00041760463500395417
0.006098430138081312, 0.0006954201380722225
0.006125978194177151, 0.0004802836338058114
0.006123783998191357, 0.0005557294934988022
0.006126144900918007, 0.0005333675653673708
0.005978123750537634, 0.0005822302191518247
0.006071719340980053, 0.0004942674422636628
0.005927827209234238, 0.0004045465320814401
0.005900637246668339, 0.0007069847197271883
0.0060741230845451355, 0.0005951374769210815
0.005943873431533575, 0.000800487061496824
0.005994151812046766, 0.0006703019607812166
0.005947073455899954, 0.0004876277525909245
0.005901438649743795, 0.0005220285966061056
0.006046530790627003, 0.0006856864783912897
0.005967205390334129, 0.0005578353884629905
0.005950502119958401, 0.0005100519629195333
0.00593044376000762, 0.0007503452361561358
0.00593932531774044, 0.0005790230934508145
0.005965673364698887, 0.0005952970823273063
0.005896912422031164, 0.0005885130376555026
0.0059426212683320045, 0.0005571051151491702
0.005953989923000336, 0.0004919953644275665
0.006103605031967163, 0.00047676029498688877
0.006069935858249664, 0.00043660224764607847
0.00619035679847002, 0.0003955479187425226
0.006016753613948822, 0.0004416187002789229
0.00602701073512435, 0.0004552558821160346
0.006072908639907837, 0.00046263416879810393
0.0060704899951815605, 0.0005201900494284928
