mean, std
0.10001850873231888, 0.027066688984632492
0.06101103127002716, 0.010207438841462135
0.07763562351465225, 0.008053253404796124
0.08873625844717026, 0.013789656572043896
0.08975887298583984, 0.018212713301181793
0.085471972823143, 0.027302375063300133
0.09193621575832367, 0.02852175571024418
0.09268482029438019, 0.024206602945923805
0.08239183574914932, 0.028786351904273033
0.0868937075138092, 0.019318722188472748
0.0863829031586647, 0.026913736015558243
0.07885372638702393, 0.024192722514271736
0.09790753573179245, 0.03172975778579712
0.08067138493061066, 0.01773371733725071
0.09294768422842026, 0.021410178393125534
0.09711936861276627, 0.02400105632841587
0.09806471318006516, 0.021917985752224922
0.08956945687532425, 0.034322526305913925
0.10283539444208145, 0.027774397283792496
0.0920533537864685, 0.027979064732789993
0.0934111475944519, 0.0253493320196867
0.08591361343860626, 0.030308019369840622
0.08631141483783722, 0.024187061935663223
0.08549439907073975, 0.0276184044778347
0.09380906075239182, 0.028495578095316887
0.10737665742635727, 0.028323447331786156
0.10651812702417374, 0.03405255451798439
0.09352612495422363, 0.03451774641871452
0.10319158434867859, 0.029070869088172913
0.09716305881738663, 0.027286440134048462
0.11091581732034683, 0.025705698877573013
0.11916594952344894, 0.03206534683704376
0.11521845310926437, 0.03413190692663193
0.09645859897136688, 0.029178302735090256
0.11152039468288422, 0.057418279349803925
0.09765592217445374, 0.024754364043474197
0.10423064976930618, 0.043343622237443924
0.1442790925502777, 0.05048776790499687
0.1257973313331604, 0.041941314935684204
0.1177820935845375, 0.05721605569124222
0.1022859662771225, 0.034635990858078
0.10825181752443314, 0.03166373074054718
0.14487069845199585, 0.04885726422071457
0.15586607158184052, 0.05417029932141304
0.13104377686977386, 0.04197913780808449
0.11118882149457932, 0.04952374845743179
0.1243787482380867, 0.049795497208833694
0.105851911008358, 0.03574266657233238
0.10948397219181061, 0.02560850791633129
0.09986567497253418, 0.02323351986706257
0.1253344565629959, 0.031976036727428436
0.1200481504201889, 0.03751761466264725
0.10486143082380295, 0.03615165501832962
0.11961167305707932, 0.03706035017967224
0.12286131829023361, 0.03418722376227379
0.11450472474098206, 0.031133558601140976
0.11254223436117172, 0.042326703667640686
0.12048329412937164, 0.037203799933195114
0.10369858890771866, 0.02683533914387226
0.127064049243927, 0.05912283435463905
0.1095488891005516, 0.03697090968489647
0.12014255672693253, 0.039182908833026886
0.1280902624130249, 0.035960402339696884
0.11625548452138901, 0.02851668745279312
0.10649438202381134, 0.029692621901631355
0.12842755019664764, 0.030111394822597504
0.12073278427124023, 0.04966994747519493
0.13969771564006805, 0.041202474385499954
0.11708761751651764, 0.03741132467985153
0.1435839682817459, 0.04983574524521828
0.1403915137052536, 0.041481200605630875
0.10951806604862213, 0.048166222870349884
0.12507718801498413, 0.0352579802274704
0.1297176629304886, 0.04132583364844322
0.12422563135623932, 0.027897711843252182
0.1420787274837494, 0.04574228450655937
0.1297316700220108, 0.04867462441325188
0.14495055377483368, 0.0491003543138504
0.12748104333877563, 0.04745231196284294
0.10887551307678223, 0.02541961893439293
0.1301402747631073, 0.04063117504119873
0.12496457993984222, 0.035157691687345505
0.125334233045578, 0.037062980234622955
0.12588578462600708, 0.04974706098437309
0.11378758400678635, 0.03865692764520645
0.11807596683502197, 0.03849839046597481
0.15374435484409332, 0.04799792170524597
0.14291416108608246, 0.04951014742255211
0.1286209672689438, 0.048581987619400024
0.1163170337677002, 0.04115724191069603
0.11549651622772217, 0.024672653526067734
0.15710310637950897, 0.04061445966362953
0.12313847988843918, 0.03988572210073471
0.13979294896125793, 0.04402909055352211
0.14711253345012665, 0.042923230677843094
0.13137976825237274, 0.04009922593832016
0.13322927057743073, 0.03911512717604637
0.11502332240343094, 0.0192685779184103
0.13130898773670197, 0.04261349141597748
0.14207056164741516, 0.051238883286714554
0.11621320247650146, 0.044232796877622604
0.15729285776615143, 0.04997339844703674
0.12191490083932877, 0.03539770096540451
0.13045790791511536, 0.042263440787792206
0.11232101917266846, 0.025117751210927963
0.11658032983541489, 0.02798735350370407
0.1321800947189331, 0.03267788887023926
0.1316206455230713, 0.030417365953326225
0.12622343003749847, 0.032381244003772736
0.11934398114681244, 0.05519065633416176
0.12695853412151337, 0.04285871237516403
0.13720037043094635, 0.04152994230389595
0.12879259884357452, 0.03471026569604874
0.134741872549057, 0.030731147155165672
0.12739159166812897, 0.03769393637776375
0.11107407510280609, 0.026578856632113457
0.13088729977607727, 0.031723011285066605
0.11567256599664688, 0.03592382371425629
0.12841536104679108, 0.034756045788526535
0.14829452335834503, 0.02584865316748619
0.16022735834121704, 0.04917493462562561
0.201069638133049, 0.08285057544708252
0.1319117397069931, 0.041384704411029816
0.13531453907489777, 0.03257501870393753
0.12931574881076813, 0.035420481115579605
0.1422453075647354, 0.04262940585613251
0.12882660329341888, 0.04956316202878952
0.1316012144088745, 0.03566747158765793
0.1058044508099556, 0.027732642367482185
0.1388930082321167, 0.030796483159065247
0.15321967005729675, 0.045210838317871094
0.13904739916324615, 0.0521429143846035
0.12536083161830902, 0.03621252626180649
0.13363543152809143, 0.029043756425380707
0.12968847155570984, 0.037391845136880875
0.13736185431480408, 0.043838080018758774
0.1297721117734909, 0.046179018914699554
0.14554938673973083, 0.045889146625995636
0.1341683268547058, 0.0284370519220829
0.13026735186576843, 0.038456499576568604
0.13928411900997162, 0.037902481853961945
0.1535365879535675, 0.05958404019474983
0.12953738868236542, 0.046525049954652786
0.15304289758205414, 0.045892030000686646
0.1331048309803009, 0.04942768067121506
0.12456268817186356, 0.03295447677373886
0.13408485054969788, 0.03259880095720291
0.1731102168560028, 0.05127812922000885
0.19657352566719055, 0.07870107889175415
0.19249692559242249, 0.08117084950208664
0.16438134014606476, 0.04957733303308487
0.12895114719867706, 0.04165799543261528
0.11486564576625824, 0.04066711291670799
0.1296355277299881, 0.04154167324304581
0.16369527578353882, 0.06446488946676254
0.13579252362251282, 0.04421461373567581
0.1445314884185791, 0.06383977085351944
0.1585141122341156, 0.03586840257048607
0.14986053109169006, 0.03896395489573479
0.1437249481678009, 0.048045750707387924
0.13756075501441956, 0.04489196836948395
0.14737646281719208, 0.04216916486620903
0.2023998200893402, 0.07213960587978363
0.15089796483516693, 0.04129708185791969
0.12333636730909348, 0.027984198182821274
0.15412509441375732, 0.03660724684596062
0.13731709122657776, 0.04742812365293503
0.18311454355716705, 0.056320808827877045
0.13433699309825897, 0.05765758082270622
0.15739327669143677, 0.04112977907061577
0.13555589318275452, 0.052866678684949875
0.15094690024852753, 0.04140056297183037
0.13634701073169708, 0.032264046370983124
0.12896521389484406, 0.03260686993598938
0.12334586679935455, 0.03406727686524391
0.13382117450237274, 0.03273285552859306
0.1351529061794281, 0.029454991221427917
0.1458180695772171, 0.037529896944761276
0.1441013216972351, 0.026977945119142532
0.1603216528892517, 0.05954834818840027
0.1498972326517105, 0.05495689809322357
0.13079580664634705, 0.03300473093986511
0.1400030255317688, 0.054540593177080154
0.13914263248443604, 0.03826180472970009
0.1400228887796402, 0.04679005965590477
0.13118819892406464, 0.03373442590236664
0.146476611495018, 0.03654032200574875
0.1255938559770584, 0.035041484981775284
0.1451118439435959, 0.044058915227651596
0.13129037618637085, 0.0316886305809021
0.1466236114501953, 0.05421743169426918
0.12977629899978638, 0.05083141103386879
0.11362013965845108, 0.031050529330968857
0.1336587369441986, 0.04621100798249245
0.1300109326839447, 0.03545529767870903
0.1600550264120102, 0.041766341775655746
0.14763522148132324, 0.047256950289011
0.1708078384399414, 0.057558298110961914
0.18738901615142822, 0.08558457344770432
0.1845417469739914, 0.061473384499549866
0.15326982736587524, 0.0407627671957016
0.11446920037269592, 0.025686385110020638
0.1293804794549942, 0.034385863691568375
0.1409444808959961, 0.042589616030454636
0.14288079738616943, 0.04138948768377304
0.1513584852218628, 0.04635169357061386
0.13897620141506195, 0.036386843770742416
0.12161818146705627, 0.02801351249217987
0.12127400934696198, 0.03621595725417137
0.12915588915348053, 0.030534347519278526
0.1310335397720337, 0.04038732126355171
0.137046217918396, 0.04528314620256424
0.12282831221818924, 0.03369095176458359
0.14089824259281158, 0.04634498059749603
0.13827918469905853, 0.04080712050199509
0.1621255725622177, 0.06535715609788895
0.15212978422641754, 0.05954587832093239
0.1531132310628891, 0.05210285633802414
0.13961274921894073, 0.04078169912099838
0.15696239471435547, 0.05537939444184303
0.1555503010749817, 0.0471058152616024
0.13292361795902252, 0.033735789358615875
0.14238841831684113, 0.02769806608557701
0.16126713156700134, 0.04456489160656929
0.14413149654865265, 0.04925927892327309
0.1288333535194397, 0.03499861806631088
0.11409333348274231, 0.026897627860307693
0.13874393701553345, 0.031182050704956055
0.12075988203287125, 0.04822988063097
0.16117098927497864, 0.044020507484674454
0.1877797245979309, 0.05347460135817528
0.14884230494499207, 0.04828861728310585
0.1415741741657257, 0.02814394235610962
0.1499912589788437, 0.05204606428742409
0.12751507759094238, 0.030934901908040047
0.13143248856067657, 0.04234550520777702
0.14217126369476318, 0.05058972164988518
0.1393224000930786, 0.054122444242239
0.138797327876091, 0.0370616614818573
0.11315906047821045, 0.02551615983247757
0.12154514342546463, 0.027420993894338608
0.10752405226230621, 0.025873295962810516
0.14930853247642517, 0.04584547504782677
0.1529124677181244, 0.04230109974741936
0.1490170955657959, 0.042573217302560806
0.13867516815662384, 0.03232826665043831
0.12931115925312042, 0.043766751885414124
0.1741362065076828, 0.0693046823143959
0.19573774933815002, 0.06702371686697006
0.13290895521640778, 0.030485810711979866
0.1453753411769867, 0.04217403754591942
0.17121510207653046, 0.04272255301475525
0.14014674723148346, 0.03537154197692871
0.11700231581926346, 0.02624301053583622
0.1357051283121109, 0.054300229996442795
0.12185318022966385, 0.042066141963005066
0.13099178671836853, 0.031659308820962906
0.16578590869903564, 0.054868705570697784
0.12993879616260529, 0.04047585278749466
0.13804754614830017, 0.04894071817398071
0.11723620444536209, 0.026705747470259666
0.13108240067958832, 0.030050287023186684
0.16430999338626862, 0.05949879810214043
0.12344544380903244, 0.03651199862360954
0.14949555695056915, 0.049044519662857056
0.17549294233322144, 0.04749644547700882
0.13444870710372925, 0.04174378886818886
0.14427781105041504, 0.047382988035678864
0.13214591145515442, 0.04298520088195801
0.14311352372169495, 0.04318841174244881
0.1322680115699768, 0.027878858149051666
0.16952817142009735, 0.05123697221279144
0.1540662795305252, 0.0357554666697979
0.1468409299850464, 0.03842934966087341
0.10691145807504654, 0.029876768589019775
0.1314125806093216, 0.040949299931526184
0.13799042999744415, 0.04729504883289337
0.138061061501503, 0.03362223878502846
0.1336863785982132, 0.03427322953939438
0.16791537404060364, 0.04194546118378639
0.16509786248207092, 0.042653389275074005
0.13947442173957825, 0.042258087545633316
0.14817820489406586, 0.0440741628408432
0.11890061944723129, 0.02647225372493267
0.18519078195095062, 0.06196010112762451
0.14315682649612427, 0.04557280242443085
0.14991769194602966, 0.05649830028414726
0.14024080336093903, 0.04350409284234047
0.16079005599021912, 0.052271947264671326
0.13858266174793243, 0.047059692442417145
0.12220440804958344, 0.036368951201438904
0.13991409540176392, 0.035575851798057556
0.16234272718429565, 0.04386347904801369
0.14301486313343048, 0.03049875609576702
0.1282154619693756, 0.03537757322192192
0.14375841617584229, 0.04339919611811638
0.14215445518493652, 0.04209170490503311
0.14747826755046844, 0.045996665954589844
0.180324986577034, 0.04955115169286728
0.16489920020103455, 0.04305116459727287
0.14461135864257812, 0.03813755884766579
0.15603752434253693, 0.03827863559126854
0.14001531898975372, 0.042999718338251114
0.14166533946990967, 0.033833131194114685
0.1486208736896515, 0.037462268024683
0.1569577008485794, 0.05052000284194946
0.16236229240894318, 0.05126959830522537
0.1312749981880188, 0.03331149369478226
0.1402932107448578, 0.036203961819410324
0.14860084652900696, 0.03716490417718887
0.1419958919286728, 0.04545789584517479
0.1603274643421173, 0.077074334025383
0.16643807291984558, 0.07150289416313171
0.19063712656497955, 0.07489185035228729
0.1712559014558792, 0.07620862126350403
0.12615914642810822, 0.0357484333217144
0.14117123186588287, 0.04724457859992981
0.13434171676635742, 0.04229056462645531
0.12172828614711761, 0.0316784605383873
0.12381483614444733, 0.02737656980752945
0.13188807666301727, 0.03485889732837677
0.13009966909885406, 0.041075993329286575
0.14646311104297638, 0.04304920881986618
0.11827320605516434, 0.04197941720485687
0.12238699942827225, 0.03134438768029213
0.15895217657089233, 0.05253174528479576
0.12876243889331818, 0.03223786875605583
0.16506421566009521, 0.07356559485197067
0.15640564262866974, 0.04594898968935013
0.1305048018693924, 0.02881353162229061
0.16266535222530365, 0.0613032728433609
0.17231673002243042, 0.07089711725711823
0.176100492477417, 0.05349423736333847
0.13569071888923645, 0.03214637562632561
0.1193060353398323, 0.03799739480018616
0.13147179782390594, 0.028346460312604904
0.13279418647289276, 0.03309403732419014
0.1538081169128418, 0.04252922907471657
0.19351886212825775, 0.04426703602075577
0.11246909201145172, 0.022905616089701653
0.14651495218276978, 0.03794289380311966
0.14042586088180542, 0.045571669936180115
0.17859217524528503, 0.06339949369430542
0.2056887298822403, 0.0540262833237648
0.13749688863754272, 0.033963218331336975
0.11813913285732269, 0.02619601972401142
0.13904063403606415, 0.041788533329963684
0.12306711822748184, 0.039427801966667175
0.119600810110569, 0.041131727397441864
0.13093066215515137, 0.04058019071817398
0.14434723556041718, 0.055624302476644516
0.16272412240505219, 0.03037392348051071
0.14818669855594635, 0.04041699692606926
0.1505957990884781, 0.048019036650657654
0.1490684449672699, 0.04253751039505005
0.1344289928674698, 0.028658827766776085
0.12368297576904297, 0.0356629453599453
0.15024445950984955, 0.04990444332361221
0.15976761281490326, 0.04305538535118103
0.17705634236335754, 0.05796380341053009
0.13752597570419312, 0.04448926821351051
0.1501280814409256, 0.03615671768784523
0.15016022324562073, 0.06543251872062683
0.11838136613368988, 0.027444874867796898
0.14464174211025238, 0.03917224332690239
0.1204720214009285, 0.031394653022289276
0.14707475900650024, 0.03673622012138367
0.1246364414691925, 0.03185628354549408
0.1528622806072235, 0.04066522419452667
0.15467393398284912, 0.037885040044784546
0.12603285908699036, 0.0307052843272686
0.12691713869571686, 0.03150203451514244
0.12640872597694397, 0.03286076709628105
0.14021149277687073, 0.042177777737379074
0.11759176850318909, 0.029206758365035057
0.12783746421337128, 0.050956595689058304
0.1243475154042244, 0.03524358943104744
0.12716561555862427, 0.035613056272268295
0.1550247222185135, 0.048065513372421265
0.12407246977090836, 0.039104148745536804
0.12904246151447296, 0.036629192531108856
0.1389670968055725, 0.03940008953213692
0.178152397274971, 0.08497294783592224
0.13221439719200134, 0.03658290207386017
0.1258724331855774, 0.02831752970814705
0.1265944093465805, 0.03117968514561653
0.12306518107652664, 0.032462093979120255
0.1464257389307022, 0.043891336768865585
0.16251108050346375, 0.05222764611244202
0.17496879398822784, 0.05497323349118233
0.14802616834640503, 0.03752875328063965
0.14095385372638702, 0.049899399280548096
0.16251368820667267, 0.04086565226316452
0.15545150637626648, 0.03338855877518654
0.1313522607088089, 0.0369834378361702
0.17306213080883026, 0.04393056407570839
0.15323778986930847, 0.05380719527602196
0.1556774228811264, 0.0585649311542511
0.15523555874824524, 0.06480203568935394
0.17545147240161896, 0.047385986894369125
0.1380227953195572, 0.035980403423309326
0.12707926332950592, 0.03341170400381088
0.14185723662376404, 0.03470436483621597
0.1339992880821228, 0.03122558631002903
0.14322732388973236, 0.04448821023106575
0.12339112907648087, 0.03728543594479561
0.13417349755764008, 0.038489725440740585
0.12497290223836899, 0.029926961287856102
0.16229374706745148, 0.04720735922455788
0.13544631004333496, 0.05196304991841316
0.12405533343553543, 0.035589639097452164
0.11620049923658371, 0.038738466799259186
0.12912249565124512, 0.030333440750837326
0.16737812757492065, 0.056398529559373856
0.1342189610004425, 0.04087600111961365
0.1282787024974823, 0.04094856232404709
0.12433992326259613, 0.043608423322439194
0.12091050297021866, 0.02585926279425621
0.12111981958150864, 0.03509705513715744
0.15814897418022156, 0.05071572959423065
0.13733118772506714, 0.04044344648718834
0.1263856291770935, 0.04263452813029289
0.14208173751831055, 0.05444251745939255
0.1324218064546585, 0.030369531363248825
0.12950116395950317, 0.03829590231180191
0.13478876650333405, 0.034314341843128204
0.13510757684707642, 0.02816535159945488
0.11884412914514542, 0.026551980525255203
0.12962229549884796, 0.044611189514398575
0.1619018018245697, 0.03819594159722328
0.13597145676612854, 0.04834265261888504
0.14333316683769226, 0.04239818826317787
0.17236045002937317, 0.05712408572435379
0.14005793631076813, 0.035845618695020676
0.12793192267417908, 0.03315852954983711
0.15095849335193634, 0.05297035723924637
0.12993939220905304, 0.02961631864309311
0.12779876589775085, 0.03818495571613312
0.16453500092029572, 0.05454777553677559
0.12350542098283768, 0.02485392428934574
0.17045822739601135, 0.07002390921115875
0.1302378624677658, 0.04681968316435814
0.12858103215694427, 0.03984159231185913
0.14168885350227356, 0.030703416094183922
0.18502922356128693, 0.056145526468753815
0.16386328637599945, 0.04588848724961281
0.13670873641967773, 0.03525499999523163
0.1217535212635994, 0.04001644253730774
0.15070004761219025, 0.042360104620456696
0.1360979527235031, 0.035696715116500854
0.13401754200458527, 0.027368953451514244
0.12389858812093735, 0.026331640779972076
0.11978379637002945, 0.04368361458182335
0.12956346571445465, 0.03171861171722412
0.1307975798845291, 0.02796279452741146
0.15200336277484894, 0.04047519341111183
0.17216609418392181, 0.05241096019744873
0.14465156197547913, 0.05111728981137276
0.13200794160366058, 0.02535051479935646
0.13282722234725952, 0.042714159935712814
0.14445017278194427, 0.05437387526035309
0.12714754045009613, 0.040674980729818344
0.1240772157907486, 0.029778821393847466
0.15624666213989258, 0.04010998457670212
0.19393762946128845, 0.0610649399459362
0.12754347920417786, 0.03219045698642731
0.13319134712219238, 0.045149534940719604
0.15327973663806915, 0.05324576795101166
0.1320808082818985, 0.03244851157069206
0.12776760756969452, 0.04467640817165375
0.14408652484416962, 0.05093180015683174
0.14204303920269012, 0.04678651690483093
0.13890938460826874, 0.0423189140856266
0.16597795486450195, 0.05174510180950165
0.1295548379421234, 0.01872941106557846
0.1831275075674057, 0.06073758378624916
0.16550429165363312, 0.06562823802232742
0.1411597579717636, 0.03324592486023903
0.14632928371429443, 0.03963243588805199
0.14972971379756927, 0.04491906985640526
0.12281297147274017, 0.04493122547864914
0.13868597149848938, 0.05001329630613327
0.16723275184631348, 0.06084973365068436
0.14911842346191406, 0.045934855937957764
0.1714836061000824, 0.0685059204697609
0.15463924407958984, 0.0433349534869194
0.14544644951820374, 0.04247921705245972
0.1496187150478363, 0.047715187072753906
0.1254080981016159, 0.03253992646932602
0.13831660151481628, 0.04520624130964279
0.12639789283275604, 0.05375146120786667
0.16894537210464478, 0.0461316742002964
0.15446120500564575, 0.04313824698328972
0.18105579912662506, 0.07802167534828186
0.15274757146835327, 0.048319343477487564
0.13618478178977966, 0.04398420453071594
0.11455389112234116, 0.027610428631305695
0.13288351893424988, 0.022822555154561996
0.15946923196315765, 0.04867056757211685
0.1327146291732788, 0.04491940513253212
0.14891867339611053, 0.03860783204436302
0.15296515822410583, 0.060768820345401764
0.18894243240356445, 0.07266178727149963
0.13399727642536163, 0.04441431909799576
0.14605748653411865, 0.03441163897514343
0.14295326173305511, 0.055298686027526855
0.1390896588563919, 0.04423027113080025
0.13521088659763336, 0.026749692857265472
0.12028972059488297, 0.02926003187894821
0.14925211668014526, 0.053115710616111755
0.11642662435770035, 0.03963107988238335
0.12882837653160095, 0.01884242706000805
0.1262507438659668, 0.03542564436793327
0.14647038280963898, 0.041058916598558426
0.17876191437244415, 0.04040594398975372
0.15016421675682068, 0.038921378552913666
0.15978644788265228, 0.051523808389902115
0.14713236689567566, 0.05254494398832321
0.1492285281419754, 0.03970851004123688
0.1160806193947792, 0.029960278421640396
0.12080740928649902, 0.028848333284258842
0.14154817163944244, 0.031318407505750656
0.12843769788742065, 0.036355599761009216
0.13275456428527832, 0.04308932647109032
0.11515847593545914, 0.03867863491177559
0.1300860494375229, 0.03563706949353218
0.14542582631111145, 0.0438876673579216
0.14241249859333038, 0.03654070571064949
0.1402142196893692, 0.040560148656368256
0.14654900133609772, 0.03633253648877144
0.130936399102211, 0.03902137279510498
0.1365862935781479, 0.034290388226509094
0.13200558722019196, 0.04566417261958122
0.1241116002202034, 0.03549809381365776
0.149034321308136, 0.05468949303030968
0.11600144952535629, 0.03299883380532265
0.1658077985048294, 0.0580630898475647
0.13891762495040894, 0.05437851324677467
0.12054284662008286, 0.03184786066412926
0.1334354430437088, 0.03810828551650047
0.13837961852550507, 0.03744549676775932
0.1816321313381195, 0.059675704687833786
0.16333580017089844, 0.04819505289196968
0.14958827197551727, 0.051804136484861374
0.14463438093662262, 0.034526921808719635
0.11793111264705658, 0.02427944727241993
0.11442381888628006, 0.027339544147253036
0.15322130918502808, 0.035367511212825775
0.1465381234884262, 0.036065734922885895
0.16163131594657898, 0.03463752195239067
0.13690993189811707, 0.038838811218738556
0.13302290439605713, 0.04626895487308502
0.16820128262043, 0.05269826576113701
0.14187826216220856, 0.04572422429919243
0.13813555240631104, 0.03928950056433678
0.11767029762268066, 0.03129791095852852
0.11667578667402267, 0.028911147266626358
0.12839128077030182, 0.04178113117814064
0.1330600082874298, 0.03367258235812187
0.13441725075244904, 0.03505435958504677
0.15134993195533752, 0.06401189416646957
0.14482100307941437, 0.03804536163806915
0.13677699863910675, 0.04020977020263672
0.1422535926103592, 0.03715183585882187
0.13378584384918213, 0.04061241075396538
0.1321564018726349, 0.04614479839801788
0.13428056240081787, 0.044497862458229065
0.13229231536388397, 0.03969606012105942
0.139501690864563, 0.03877677023410797
0.13804200291633606, 0.050175994634628296
0.12464679777622223, 0.033083267509937286
0.12992319464683533, 0.04009753093123436
0.11602421849966049, 0.03270851448178291
0.14383330941200256, 0.05028875172138214
0.16013367474079132, 0.04628295823931694
0.1567670851945877, 0.04780442640185356
0.17583170533180237, 0.06476232409477234
0.13697080314159393, 0.04211819916963577
0.12720417976379395, 0.041911397129297256
0.15403500199317932, 0.04150993749499321
0.16490647196769714, 0.06684349477291107
0.13149788975715637, 0.04405337944626808
0.1490429937839508, 0.0446547232568264
0.15121342241764069, 0.06077168136835098
0.12487354874610901, 0.03743427246809006
0.11896394193172455, 0.027945173904299736
0.1440439373254776, 0.03936881572008133
0.12643910944461823, 0.03659231960773468
0.13691920042037964, 0.03703868016600609
0.11133668571710587, 0.025790421292185783
0.11741174757480621, 0.02937174402177334
0.15625019371509552, 0.04850103333592415
0.16486981511116028, 0.03891131654381752
0.14134816825389862, 0.0305767972022295
0.13880674540996552, 0.032618243247270584
0.1406402736902237, 0.04500701650977135
0.14434826374053955, 0.05214732140302658
0.22461530566215515, 0.07517404109239578
0.19966387748718262, 0.05640489608049393
0.13924309611320496, 0.02975427731871605
0.18382877111434937, 0.06372140347957611
0.16774649918079376, 0.06179417297244072
0.1289738416671753, 0.053349994122982025
0.13891713321208954, 0.03810335323214531
0.1324957013130188, 0.03011215850710869
0.1450216919183731, 0.046647801995277405
0.17834186553955078, 0.043434202671051025
0.13208381831645966, 0.03828442841768265
0.12618328630924225, 0.033420220017433167
0.13996505737304688, 0.033146053552627563
0.15330176055431366, 0.03468313068151474
0.13986283540725708, 0.04159451276063919
0.15808896720409393, 0.04267247021198273
0.15239392220973969, 0.05668085068464279
0.11784552037715912, 0.02076592855155468
0.15302035212516785, 0.02883945219218731
0.1130322590470314, 0.028788380324840546
0.12336931377649307, 0.03546685352921486
0.11328092217445374, 0.03060147538781166
0.11689543724060059, 0.026704495772719383
0.1276090443134308, 0.036966703832149506
0.10900422930717468, 0.0265183225274086
0.17224931716918945, 0.07193724811077118
0.16029663383960724, 0.059285614639520645
0.157168909907341, 0.04490875452756882
0.15847252309322357, 0.05314821004867554
0.15757623314857483, 0.045277275145053864
0.1438426524400711, 0.038596563041210175
0.13345104455947876, 0.0461355522274971
0.1336546242237091, 0.043361786752939224
0.11573408544063568, 0.032564278692007065
0.11907652020454407, 0.028103364631533623
0.14581479132175446, 0.05651968717575073
0.12526889145374298, 0.03719078376889229
0.12186773866415024, 0.04243536293506622
0.14504408836364746, 0.04542814567685127
0.14348407089710236, 0.04298897460103035
0.12415887415409088, 0.0310045313090086
0.12498126178979874, 0.035113945603370667
0.13225123286247253, 0.04208395257592201
0.1272469311952591, 0.03966892138123512
0.13236752152442932, 0.03700411319732666
0.12796469032764435, 0.036954134702682495
0.12897366285324097, 0.038507018238306046
0.15967583656311035, 0.03417302668094635
0.13670149445533752, 0.03944362699985504
0.16518312692642212, 0.029228150844573975
0.12919360399246216, 0.029968038201332092
0.13503363728523254, 0.03439109027385712
0.13299492001533508, 0.033212196081876755
0.14937126636505127, 0.06241846829652786
0.14670947194099426, 0.05392015352845192
0.10278651863336563, 0.01882692240178585
0.1414165049791336, 0.044049713760614395
0.14166708290576935, 0.030362974852323532
0.11606257408857346, 0.027877172455191612
0.12019834667444229, 0.035362131893634796
0.1319124549627304, 0.06078542768955231
0.16949857771396637, 0.04616299271583557
0.1457708775997162, 0.03313670679926872
0.15635888278484344, 0.045813627541065216
0.1441017985343933, 0.04470741003751755
0.15046004951000214, 0.036592524498701096
0.14498373866081238, 0.04441390559077263
0.12093523144721985, 0.027201976627111435
0.13494761288166046, 0.03400830551981926
0.1345285326242447, 0.034215789288282394
0.14102907478809357, 0.0498206801712513
0.15211501717567444, 0.041287992149591446
0.1610250622034073, 0.033042412251234055
0.16092541813850403, 0.04217158257961273
0.14596374332904816, 0.038611751049757004
0.12795738875865936, 0.042061947286129
0.1283053755760193, 0.036912716925144196
0.16123752295970917, 0.03900793939828873
0.1502305418252945, 0.05538257956504822
0.1470293253660202, 0.05493704602122307
0.14308424293994904, 0.053379982709884644
0.17155858874320984, 0.05188986286520958
0.17362847924232483, 0.0672479122877121
0.149875670671463, 0.03240241855382919
0.13342325389385223, 0.04203023016452789
0.12821976840496063, 0.03634881228208542
0.15012642741203308, 0.03894466161727905
0.1264394372701645, 0.038569990545511246
0.15827199816703796, 0.08548246324062347
0.11729244142770767, 0.028007831424474716
0.1510462760925293, 0.04646642878651619
0.13284073770046234, 0.044937651604413986
0.12928032875061035, 0.037997301667928696
0.137370303273201, 0.03957162797451019
0.14775674045085907, 0.041171006858348846
0.15809807181358337, 0.043162938207387924
0.1799216866493225, 0.03468019515275955
0.12648028135299683, 0.03143608942627907
0.1358647495508194, 0.036994628608226776
0.144316628575325, 0.04983324930071831
0.16498959064483643, 0.040385901927948
0.12538601458072662, 0.03653257340192795
0.1443091481924057, 0.05602206289768219
0.14902687072753906, 0.05288464203476906
0.12041530758142471, 0.029040005058050156
0.13981762528419495, 0.040673378854990005
0.1383933126926422, 0.02485346607863903
0.12431295961141586, 0.04012788087129593
0.12051109224557877, 0.02892851084470749
0.1311435103416443, 0.03710966557264328
0.17388969659805298, 0.07528223842382431
0.11143147945404053, 0.024758974090218544
0.12583725154399872, 0.03888795152306557
0.11849045753479004, 0.03556239232420921
0.12445595860481262, 0.03588445484638214
0.14578165113925934, 0.04702040180563927
0.15535283088684082, 0.05720006674528122
0.14823216199874878, 0.03790034353733063
0.1302536576986313, 0.0310011338442564
0.13576722145080566, 0.041342273354530334
0.10694650560617447, 0.02921026013791561
0.12021544575691223, 0.02806326560676098
0.1428268402814865, 0.03772676736116409
0.10644302517175674, 0.023528167977929115
0.1712229996919632, 0.05804825201630592
0.13642650842666626, 0.037430327385663986
0.14684751629829407, 0.032360225915908813
0.13642072677612305, 0.03876780718564987
0.12442309409379959, 0.03661777451634407
0.14176948368549347, 0.04275485873222351
0.13756795227527618, 0.03732849657535553
0.13898035883903503, 0.04611034318804741
0.17172972857952118, 0.05760880932211876
0.14617568254470825, 0.04400365799665451
0.11828817427158356, 0.03466130420565605
0.11090537160634995, 0.02858872525393963
0.1140376478433609, 0.0341668426990509
0.15552566945552826, 0.04176049679517746
0.15691298246383667, 0.04301772266626358
0.11874029785394669, 0.03706730157136917
0.12066660821437836, 0.033990755677223206
0.11659777164459229, 0.029218455776572227
0.12705589830875397, 0.04027535766363144
0.13272495567798615, 0.03606494143605232
0.13792932033538818, 0.03230176493525505
0.12877117097377777, 0.03784836456179619
0.13946180045604706, 0.04106859862804413
0.14013302326202393, 0.032094381749629974
0.12509065866470337, 0.032758135348558426
0.15636242926120758, 0.040990378707647324
0.14490751922130585, 0.029774527996778488
0.136042520403862, 0.03547582030296326
0.130595400929451, 0.04026298597455025
0.15001866221427917, 0.05534178763628006
0.13386447727680206, 0.04453326761722565
0.11871949583292007, 0.028040843084454536
0.10812177509069443, 0.023561449721455574
0.11209843307733536, 0.03451410308480263
0.12109707295894623, 0.030491461977362633
0.12486937642097473, 0.03965933248400688
0.11247489601373672, 0.03799433261156082
0.13413476943969727, 0.04189426079392433
0.14187128841876984, 0.033284395933151245
0.16713371872901917, 0.04738292098045349
0.12640708684921265, 0.03150778263807297
0.12260206788778305, 0.027675528079271317
0.1303442120552063, 0.05290884152054787
0.15083973109722137, 0.05720226466655731
0.13924096524715424, 0.04403402656316757
0.16965913772583008, 0.07241789251565933
0.19610591232776642, 0.06235743686556816
0.17925484478473663, 0.044388335198163986
0.15093685686588287, 0.054420169442892075
0.11922970414161682, 0.04177385941147804
0.12470069527626038, 0.04527958855032921
0.13727326691150665, 0.04500797390937805
0.16468162834644318, 0.0641951709985733
0.1452682763338089, 0.05675358697772026
0.12376848608255386, 0.020655767992138863
0.13690932095050812, 0.02609727904200554
0.11596665531396866, 0.032174963504076004
0.1271502673625946, 0.04298018664121628
0.13903860747814178, 0.0401713028550148
0.13972927629947662, 0.044328976422548294
0.12078750133514404, 0.03223157301545143
0.12350612133741379, 0.03181224316358566
0.11706919223070145, 0.021211881190538406
0.13412563502788544, 0.04292804002761841
0.16096043586730957, 0.0706976056098938
0.127912238240242, 0.03865060210227966
0.10842776298522949, 0.026541396975517273
0.1388978511095047, 0.02789984829723835
0.11927257478237152, 0.03044854663312435
0.13415633141994476, 0.05548842251300812
0.16734230518341064, 0.04522877186536789
0.15661732852458954, 0.038322679698467255
0.14265215396881104, 0.021922606974840164
0.15338698029518127, 0.05613080784678459
0.13429395854473114, 0.04168376699090004
0.14140865206718445, 0.035449542105197906
0.12137172371149063, 0.03882772475481033
0.1050061583518982, 0.018005145713686943
0.12753593921661377, 0.03972576558589935
0.1334325075149536, 0.03526323288679123
0.13355191051959991, 0.03389173746109009
0.13967815041542053, 0.022961491718888283
0.12926426529884338, 0.041251733899116516
0.1483234167098999, 0.03191917762160301
0.12807069718837738, 0.03351549059152603
0.1145147755742073, 0.026794353500008583
0.1405162364244461, 0.042911630123853683
0.15143808722496033, 0.03755125030875206
0.18243637681007385, 0.05614202469587326
0.1838274449110031, 0.05081242322921753
0.11505085974931717, 0.03648693114519119
0.1460505872964859, 0.041377246379852295
0.14741520583629608, 0.03685285523533821
0.12875939905643463, 0.02998495288193226
0.1286519318819046, 0.046233244240283966
0.13803140819072723, 0.03717784956097603
0.11971349269151688, 0.03276699036359787
0.12678037583827972, 0.04083910584449768
0.15062476694583893, 0.04081258922815323
0.13752064108848572, 0.04237965866923332
0.13045591115951538, 0.03947371244430542
0.1340968906879425, 0.03648979961872101
0.1298464685678482, 0.046186406165361404
0.12521956861019135, 0.023535998538136482
0.1450602114200592, 0.036028072237968445
0.12811143696308136, 0.04871360585093498
0.13717089593410492, 0.04466615617275238
0.12634113430976868, 0.04655307158827782
0.14239861071109772, 0.05203329771757126
0.1528470814228058, 0.04250982776284218
0.16461487114429474, 0.05887196585536003
0.1878599226474762, 0.06365113705396652
0.11345294862985611, 0.024244310334324837
0.15390515327453613, 0.05786531791090965
0.16218475997447968, 0.037629276514053345
0.15729540586471558, 0.04647814482450485
0.13637752830982208, 0.04188772290945053
0.1392955332994461, 0.024104665964841843
0.16386491060256958, 0.05177415907382965
0.12458358705043793, 0.024789495393633842
0.11376199871301651, 0.019623437896370888
0.11989741772413254, 0.030599789693951607
0.12467331439256668, 0.029339849948883057
0.12954522669315338, 0.028422895818948746
0.1502184420824051, 0.03981068357825279
0.16720888018608093, 0.05428116396069527
0.199770987033844, 0.06620453298091888
0.17009738087654114, 0.04593118652701378
0.13292963802814484, 0.0334923230111599
0.1348479837179184, 0.04657452553510666
0.12770093977451324, 0.03710277006030083
0.15046550333499908, 0.05607615038752556
0.13979209959506989, 0.04139019548892975
0.14363747835159302, 0.0447845458984375
0.12690961360931396, 0.04092709347605705
0.1373484879732132, 0.025056572631001472
0.13110552728176117, 0.04973265528678894
0.15174776315689087, 0.05268018692731857
0.12935574352741241, 0.04387194663286209
0.12414124608039856, 0.0325511209666729
0.13426735997200012, 0.03937005624175072
0.15197494626045227, 0.04447192698717117
0.14354701340198517, 0.04973703995347023
0.15290386974811554, 0.0432821661233902
0.12126778066158295, 0.029945852234959602
0.15062269568443298, 0.04583461955189705
0.11714824289083481, 0.02188187465071678
0.13155141472816467, 0.03916970267891884
0.16355566680431366, 0.05147939175367355
0.14799034595489502, 0.05198400095105171
0.14878307282924652, 0.037914298474788666
0.1329648345708847, 0.030171168968081474
0.12026694416999817, 0.022922061383724213
0.13358022272586823, 0.03509494662284851
0.15017138421535492, 0.04608640447258949
0.16000151634216309, 0.05044509842991829
0.1423727124929428, 0.0454673171043396
0.12813544273376465, 0.03619310259819031
0.16193169355392456, 0.0446668341755867
0.1388777494430542, 0.030833477154374123
0.1255650520324707, 0.031639453023672104
0.11893730610609055, 0.03584248200058937
0.1416005641222, 0.03337812423706055
0.15520353615283966, 0.06094444915652275
0.1277773380279541, 0.02906562201678753
0.1651623249053955, 0.061893485486507416
0.1327924281358719, 0.040590036660432816
0.1561444252729416, 0.04669470712542534
0.13964135944843292, 0.03445551171898842
0.12916536629199982, 0.03055374138057232
0.1295342892408371, 0.03843033313751221
0.12660717964172363, 0.041738446801900864
0.11605075746774673, 0.02754819765686989
0.13626089692115784, 0.05258523300290108
0.11120668053627014, 0.03529497608542442
0.10924350470304489, 0.030222782865166664
0.1364746391773224, 0.02964864671230316
0.1328992396593094, 0.03120611235499382
0.13007405400276184, 0.03615580126643181
0.13528397679328918, 0.04078914597630501
0.1302940547466278, 0.032471805810928345
0.14468204975128174, 0.05035175383090973
0.129671111702919, 0.03917820751667023
0.1457410454750061, 0.05061902105808258
0.12933427095413208, 0.030924487859010696
0.12833578884601593, 0.030311299487948418
0.14566892385482788, 0.04299706220626831
0.1444569230079651, 0.04915569722652435
0.1242765486240387, 0.03662734478712082
0.14112821221351624, 0.04385581612586975
0.12240157276391983, 0.03544069081544876
0.1111920177936554, 0.02315431833267212
0.12331169098615646, 0.04046260565519333
0.11818043142557144, 0.02137671411037445
0.12793318927288055, 0.032855041325092316
0.15367858111858368, 0.04417312517762184
0.14796394109725952, 0.032633230090141296
0.12865254282951355, 0.037438277155160904
0.14592139422893524, 0.04876986891031265
0.16217942535877228, 0.04793278127908707
0.14082491397857666, 0.0338829904794693
0.11589627712965012, 0.025575606152415276
0.11544892936944962, 0.03734230995178223
0.1254683881998062, 0.03419347107410431
0.12855654954910278, 0.045037008821964264
0.13447289168834686, 0.027492575347423553
0.1542716920375824, 0.05123814195394516
0.12701798975467682, 0.04593484848737717
0.15128293633460999, 0.044622354209423065
0.13240692019462585, 0.04333135113120079
0.14387696981430054, 0.03904598578810692
0.12993566691875458, 0.028723055496811867
0.15150924026966095, 0.04550940543413162
0.11108895391225815, 0.032592497766017914
0.12412033975124359, 0.030886830762028694
0.13127401471138, 0.024484887719154358
0.13470259308815002, 0.04986227676272392
0.1468731164932251, 0.04810831695795059
0.12336378544569016, 0.035551462322473526
0.13853533565998077, 0.02697525918483734
0.15043951570987701, 0.040134329348802567
0.16873738169670105, 0.05676642805337906
0.1925579160451889, 0.03525686264038086
0.15830954909324646, 0.03715234994888306
0.15732373297214508, 0.04784495756030083
0.1489255279302597, 0.044750090688467026
0.13342374563217163, 0.04495203122496605
0.10638764500617981, 0.03549829125404358
0.13294930756092072, 0.024870937690138817
0.14085373282432556, 0.04408116266131401
0.12443465739488602, 0.027249516919255257
0.1298661082983017, 0.04359376057982445
0.1768464595079422, 0.05948767066001892
0.15064190328121185, 0.04542452469468117
0.1506224274635315, 0.04442624747753143
0.13211683928966522, 0.03811926022171974
0.1444239467382431, 0.04725143313407898
0.15533216297626495, 0.05846914276480675
0.1352059692144394, 0.04203431308269501
0.1234259083867073, 0.04651053994894028
0.14002245664596558, 0.06084316968917847
0.1527174413204193, 0.052574340254068375
0.14668762683868408, 0.045439593493938446
0.1423410177230835, 0.03528678044676781
0.14570239186286926, 0.02244051918387413
0.13866190612316132, 0.04013533890247345
0.13386085629463196, 0.02659473940730095
0.14250224828720093, 0.034778058528900146
0.11340154707431793, 0.0357816144824028
0.1400623768568039, 0.038893528282642365
0.13367123901844025, 0.03990901634097099
0.123028464615345, 0.027758564800024033
0.1316615641117096, 0.03488829731941223
0.12904272973537445, 0.03793395683169365
0.1322610080242157, 0.033016387373209
0.12370244413614273, 0.042370837181806564
0.12471062690019608, 0.03403939679265022
0.12296896427869797, 0.027764463797211647
0.12079519778490067, 0.029759131371974945
0.125514417886734, 0.03351989760994911
0.14259116351604462, 0.04640551283955574
0.1504790037870407, 0.06050504371523857
0.12044232338666916, 0.030060002580285072
0.16365674138069153, 0.028819715604186058
0.15510882437229156, 0.03770427405834198
0.15679144859313965, 0.038575947284698486
0.12315956503152847, 0.04254871979355812
0.12404756993055344, 0.026654701679944992
0.12762975692749023, 0.027643363922834396
0.12219708412885666, 0.03786693513393402
0.11909189820289612, 0.028273094445466995
0.15848305821418762, 0.04969680681824684
0.12047389149665833, 0.03304285556077957
0.1165337860584259, 0.03683149442076683
0.1411328762769699, 0.027222756296396255
0.13206499814987183, 0.03805040195584297
0.1368921548128128, 0.04077558591961861
0.1325426995754242, 0.0402558259665966
0.12164582312107086, 0.04236972704529762
0.11979513615369797, 0.04319171607494354
0.11586717516183853, 0.031083010137081146
0.118098683655262, 0.021298767998814583
0.12847191095352173, 0.03853537142276764
0.13386015594005585, 0.03468341380357742
0.10103924572467804, 0.02549581602215767
0.13609087467193604, 0.03381972387433052
0.14421521127223969, 0.03359194099903107
0.13143883645534515, 0.03732434660196304
0.1566631942987442, 0.05432059243321419
0.14275778830051422, 0.04269860312342644
0.1277024894952774, 0.04447946324944496
0.15362276136875153, 0.032972514629364014
0.15406222641468048, 0.05031104013323784
0.12817582488059998, 0.030005278065800667
0.1346692442893982, 0.04007582366466522
0.1654478907585144, 0.03502008318901062
0.14914900064468384, 0.03326177969574928
0.11391520500183105, 0.03140611946582794
0.1621808111667633, 0.05387907847762108
0.14960962533950806, 0.0497724674642086
0.13425324857234955, 0.032008059322834015
0.13923709094524384, 0.03075346350669861
0.10708954930305481, 0.030688727274537086
0.13911877572536469, 0.03201896697282791
0.15350182354450226, 0.04000099375844002
0.13681082427501678, 0.04396161064505577
0.11403938382863998, 0.030535131692886353
0.12227564305067062, 0.036097798496484756
0.11984416097402573, 0.02176782675087452
0.12487966567277908, 0.043238315731287
0.14163674414157867, 0.03866219148039818
0.16584570705890656, 0.04207474738359451
0.15098761022090912, 0.04363749548792839
0.13055476546287537, 0.03176704794168472
0.12184708565473557, 0.03078075312077999
0.1388506442308426, 0.03724950924515724
0.13441592454910278, 0.04195783659815788
0.13422143459320068, 0.053497906774282455
0.12085269391536713, 0.02425212785601616
0.14814479649066925, 0.0378185398876667
0.12711361050605774, 0.03580104559659958
0.1161203384399414, 0.031204955652356148
0.12623389065265656, 0.04149531200528145
0.1270104944705963, 0.04031652584671974
0.13156689703464508, 0.03546248748898506
0.13863153755664825, 0.04410852864384651
0.13894395530223846, 0.03345562145113945
0.14790864288806915, 0.04136214405298233
0.1522883176803589, 0.04546969756484032
0.15766924619674683, 0.050523098558187485
0.134561687707901, 0.033367812633514404
0.15854595601558685, 0.04954247176647186
0.10561833530664444, 0.02326599694788456
0.12570412456989288, 0.024031512439250946
0.16134889423847198, 0.05320873484015465
0.22511692345142365, 0.0985804870724678
0.18631747364997864, 0.07145033031702042
0.1569412797689438, 0.04487648978829384
0.1307257115840912, 0.03578818961977959
0.14952602982521057, 0.043424878269433975
0.135390043258667, 0.030838411301374435
0.16936518251895905, 0.0667087584733963
0.12471643835306168, 0.031373027712106705
0.12462373822927475, 0.03941642493009567
0.13280804455280304, 0.03290766477584839
0.12446913868188858, 0.0337294302880764
0.14412924647331238, 0.04956170171499252
0.12000588327646255, 0.03210406005382538
0.12744863331317902, 0.04209975525736809
0.1262914538383484, 0.0388571135699749
0.15376611053943634, 0.04909578338265419
0.12795603275299072, 0.02975945733487606
0.13758285343647003, 0.03836781159043312
0.17124523222446442, 0.060146741569042206
0.13574808835983276, 0.0365285724401474
0.13031066954135895, 0.032576531171798706
0.15340609848499298, 0.040864355862140656
0.11689403653144836, 0.028817597776651382
0.1408056914806366, 0.040747031569480896
0.15166226029396057, 0.06147746741771698
0.11366526037454605, 0.04037589207291603
0.12038351595401764, 0.028409002348780632
0.13339145481586456, 0.037788137793540955
0.14277945458889008, 0.03598367050290108
0.1082068458199501, 0.023905010893940926
0.11563093215227127, 0.029953856021165848
0.12112784385681152, 0.0368785485625267
0.16522108018398285, 0.04321637749671936
0.13962224125862122, 0.04331175237894058
0.14616137742996216, 0.04437985271215439
0.1329435259103775, 0.040132466703653336
0.15799696743488312, 0.050759587436914444
0.17842017114162445, 0.06790425628423691
0.17201867699623108, 0.06050606817007065
0.11601661145687103, 0.0337788425385952
0.11318577826023102, 0.03714395686984062
0.1146022230386734, 0.03207872807979584
0.14981237053871155, 0.03277086094021797
0.11279693990945816, 0.02759086899459362
0.14036542177200317, 0.04792258143424988
0.13751444220542908, 0.04264429956674576
0.13881409168243408, 0.039455585181713104
0.15687482059001923, 0.042264606803655624
0.13487008213996887, 0.03943837806582451
0.15035080909729004, 0.04856397584080696
0.129798024892807, 0.03949106112122536
0.1192253977060318, 0.026940777897834778
0.12078845500946045, 0.03523483872413635
0.13588793575763702, 0.037766359746456146
0.14865411818027496, 0.04917752370238304
0.12568478286266327, 0.03839988633990288
0.16753730177879333, 0.06063497066497803
0.16269785165786743, 0.05379423499107361
0.13674898445606232, 0.048541292548179626
0.12755048274993896, 0.024462847039103508
0.1292276233434677, 0.023768087849020958
0.12251628935337067, 0.04276641830801964
0.18178023397922516, 0.05855213850736618
0.15029585361480713, 0.052679575979709625
0.13156087696552277, 0.03666384518146515
0.13024018704891205, 0.03020448237657547
0.142894446849823, 0.04030744358897209
0.13404527306556702, 0.032165031880140305
0.12222708761692047, 0.036531880497932434
0.12731510400772095, 0.035966355353593826
0.1353544294834137, 0.03713523596525192
0.1629914492368698, 0.062468431890010834
0.1316303163766861, 0.040557924658060074
0.14534753561019897, 0.04987455531954765
0.11330388486385345, 0.02783101052045822
0.10584335774183273, 0.028132176026701927
0.13421955704689026, 0.027642283588647842
0.13465328514575958, 0.031097443774342537
0.11228597164154053, 0.03201373293995857
0.11950576305389404, 0.049445584416389465
0.15040509402751923, 0.031056368723511696
0.12230704724788666, 0.030015012249350548
0.1110454648733139, 0.0312502346932888
0.1396644562482834, 0.04706798493862152
0.17383624613285065, 0.044410016387701035
0.1371620148420334, 0.04374939948320389
0.10846277326345444, 0.027730409055948257
0.1354397088289261, 0.05231182277202606
0.11326541006565094, 0.033988311886787415
0.10999467968940735, 0.032366905361413956
0.11748940497636795, 0.02539678104221821
0.14421992003917694, 0.03755829483270645
0.15112963318824768, 0.045454055070877075
0.15789246559143066, 0.05436103045940399
0.16940326988697052, 0.05345446988940239
0.16258056461811066, 0.03573262691497803
0.13881975412368774, 0.03804096579551697
0.12281596660614014, 0.03235283121466637
0.14906693994998932, 0.053189028054475784
0.16773277521133423, 0.05791064724326134
0.1618475466966629, 0.043554630130529404
0.1505921185016632, 0.02852713130414486
0.14093105494976044, 0.044809382408857346
0.15849639475345612, 0.045732636004686356
0.1402537226676941, 0.02950778789818287
0.12240474671125412, 0.03221581131219864
0.1377057582139969, 0.05355965718626976
0.15457838773727417, 0.06165581941604614
0.1258825808763504, 0.03638414293527603
0.1276565045118332, 0.03485865890979767
0.11887861788272858, 0.03560732677578926
0.12152601778507233, 0.04121259227395058
0.12824150919914246, 0.04996872320771217
0.16746196150779724, 0.04868214204907417
0.12621276080608368, 0.028681021183729172
0.12336805462837219, 0.04110356420278549
0.14604677259922028, 0.03552108258008957
0.10779068619012833, 0.028543641790747643
0.12208631634712219, 0.031004322692751884
0.13588249683380127, 0.035597946494817734
0.12696446478366852, 0.03241689130663872
0.1267799288034439, 0.035112809389829636
0.15295322239398956, 0.04760083183646202
0.12710179388523102, 0.034759074449539185
0.15352098643779755, 0.04977468401193619
0.16568154096603394, 0.04063007980585098
0.12622962892055511, 0.03169136494398117
0.14591377973556519, 0.03308013081550598
0.12293493747711182, 0.027164150029420853
0.14531953632831573, 0.04463695362210274
0.14373795688152313, 0.04778559133410454
0.17063859105110168, 0.07273972779512405
0.13355281949043274, 0.0504688024520874
0.15481799840927124, 0.04611724987626076
0.12082544714212418, 0.034329332411289215
0.12087150663137436, 0.028887169435620308
0.1171238049864769, 0.02913542278110981
0.13214819133281708, 0.04925311729311943
0.13765686750411987, 0.04539652541279793
0.12626612186431885, 0.03757033497095108
0.13439539074897766, 0.060873012989759445
0.12104032188653946, 0.04385155066847801
0.1499827653169632, 0.03989134728908539
0.14374276995658875, 0.026996318250894547
0.1208324283361435, 0.030103182420134544
0.12055599689483643, 0.03353271260857582
0.14391186833381653, 0.039217934012413025
0.16163228452205658, 0.051563363522291183
0.13662274181842804, 0.030676022171974182
0.1420513540506363, 0.04837848246097565
0.11096426844596863, 0.026839450001716614
0.11964770406484604, 0.02997162938117981
0.11522272229194641, 0.02894648164510727
0.13100294768810272, 0.024931184947490692
0.11520000547170639, 0.02659992128610611
0.12384593486785889, 0.03660557046532631
0.12474799156188965, 0.041526637971401215
0.11259031295776367, 0.020691722631454468
0.11428151279687881, 0.025101449340581894
0.12526893615722656, 0.04691566154360771
0.11753882467746735, 0.032932016998529434
0.12243884056806564, 0.027595190331339836
0.12453925609588623, 0.04316389188170433
0.1354655623435974, 0.049534041434526443
0.16014130413532257, 0.052510716021060944
0.15981709957122803, 0.054190266877412796
0.12817592918872833, 0.04665924608707428
0.13304468989372253, 0.04290861263871193
0.14198097586631775, 0.05204477906227112
0.1330721527338028, 0.0401882566511631
0.12487689405679703, 0.03445668891072273
0.15000233054161072, 0.036016590893268585
0.1352006494998932, 0.040619246661663055
0.14838378131389618, 0.029155375435948372
0.14724776148796082, 0.0424468107521534
0.1406920701265335, 0.033810533583164215
0.13346178829669952, 0.045013923197984695
0.16734538972377777, 0.05887255817651749
0.1534973680973053, 0.0472869835793972
0.12726111710071564, 0.03424978628754616
0.13239315152168274, 0.04237817972898483
0.1290176510810852, 0.03641047328710556
0.11013219505548477, 0.032568711787462234
0.1220194473862648, 0.027383077889680862
0.120301753282547, 0.030622176826000214
0.16476863622665405, 0.03268004581332207
0.13298144936561584, 0.03317994996905327
0.12611646950244904, 0.02449975721538067
0.1283777505159378, 0.034222785383462906
0.11648954451084137, 0.024395573884248734
0.12979130446910858, 0.039628662168979645
0.14096544682979584, 0.04619946703314781
0.13479821383953094, 0.04639844223856926
0.166347935795784, 0.06018466874957085
0.16839738190174103, 0.04503199830651283
0.133612260222435, 0.041417740285396576
0.11673043668270111, 0.04374510794878006
0.11565126478672028, 0.03908054903149605
0.1637236624956131, 0.05199858918786049
0.13559824228286743, 0.03072633408010006
0.10771606117486954, 0.03178289532661438
0.11203461140394211, 0.030278638005256653
0.13225530087947845, 0.03702005743980408
0.12924692034721375, 0.03337496519088745
0.18533968925476074, 0.06732222437858582
0.16424791514873505, 0.05334292724728584
0.16230277717113495, 0.045773301273584366
0.12220481038093567, 0.032987549901008606
0.10451707988977432, 0.019433004781603813
0.10874079167842865, 0.03112625703215599
0.10937327146530151, 0.02143356017768383
0.132773756980896, 0.03561745956540108
0.11795864254236221, 0.039875634014606476
0.1296674609184265, 0.033952564001083374
0.122749924659729, 0.040058862417936325
0.1532641053199768, 0.05270569026470184
0.1764434576034546, 0.0645272508263588
0.12458418309688568, 0.041856441646814346
0.12452688813209534, 0.02676975354552269
0.12331762909889221, 0.026760701090097427
0.15442346036434174, 0.03757534548640251
0.1113569587469101, 0.016848795115947723
0.12066812068223953, 0.034161075949668884
0.12428644299507141, 0.03925180435180664
0.1322280615568161, 0.04591855779290199
0.15690524876117706, 0.04116002097725868
0.16116875410079956, 0.04379282146692276
0.14835281670093536, 0.05808339640498161
0.1325763612985611, 0.03066103532910347
0.1178179606795311, 0.02998688444495201
0.12542803585529327, 0.026519378647208214
0.13830848038196564, 0.041057661175727844
0.13664092123508453, 0.03850530833005905
0.1342795491218567, 0.043994538486003876
0.14822515845298767, 0.04684298485517502
0.1546545773744583, 0.05300296097993851
0.1260262280702591, 0.028424665331840515
0.15396741032600403, 0.04941103979945183
0.12184009701013565, 0.022776449099183083
0.12397895753383636, 0.033699918538331985
0.1249290332198143, 0.04572030529379845
0.11341128498315811, 0.03163854032754898
0.11679666489362717, 0.032014913856983185
0.10323823988437653, 0.027947958558797836
0.12328989058732986, 0.02436135709285736
0.13659946620464325, 0.0370563380420208
0.1402483433485031, 0.04741453751921654
0.11511795967817307, 0.03952917084097862
0.11761939525604248, 0.03297494351863861
0.12251700460910797, 0.036142703145742416
0.11604610830545425, 0.03231270983815193
0.14180706441402435, 0.048751167953014374
0.12395565956830978, 0.038894206285476685
0.12903499603271484, 0.04459098353981972
0.11974579840898514, 0.025270307436585426
0.10755367577075958, 0.019656632095575333
0.10967865586280823, 0.026302000507712364
0.11020109802484512, 0.025532349944114685
0.13342829048633575, 0.030475178733468056
0.1432511806488037, 0.03501911088824272
0.14860579371452332, 0.04950184002518654
0.14097492396831512, 0.045467559248209
0.15018488466739655, 0.056866079568862915
0.17559421062469482, 0.055631719529628754
0.14610446989536285, 0.03373583406209946
0.1348002851009369, 0.036891911178827286
0.11148432642221451, 0.02963244542479515
0.1319812685251236, 0.04263598099350929
0.1285891830921173, 0.033541396260261536
0.13618652522563934, 0.052101921290159225
0.13153474032878876, 0.03369804844260216
0.12459339201450348, 0.043828170746564865
0.12674462795257568, 0.042958661913871765
0.12317124754190445, 0.034250058233737946
0.1415809690952301, 0.045047711580991745
0.1143593117594719, 0.030996421352028847
0.13771465420722961, 0.041981689631938934
0.12674398720264435, 0.022858625277876854
0.1390519142150879, 0.04248516634106636
0.11475589871406555, 0.026085732504725456
0.12180709838867188, 0.01813690736889839
0.13461636006832123, 0.03178738057613373
0.15310105681419373, 0.059219107031822205
0.13708171248435974, 0.047094471752643585
0.13192586600780487, 0.03840319812297821
0.14128746092319489, 0.044955335557460785
0.10311264544725418, 0.0200538020581007
0.12767493724822998, 0.04428242892026901
0.1397298127412796, 0.038737230002880096
0.15811744332313538, 0.05882207304239273
0.12486765533685684, 0.04295342043042183
0.1417318433523178, 0.052067000418901443
0.15975306928157806, 0.04921437054872513
0.14512987434864044, 0.04202749580144882
0.14144070446491241, 0.05088310316205025
0.11861418187618256, 0.02783956378698349
0.12905152142047882, 0.03307661414146423
0.11415752023458481, 0.02077597752213478
0.12426172196865082, 0.035761285573244095
0.11297006160020828, 0.024938127025961876
0.12658973038196564, 0.03896934539079666
0.12706759572029114, 0.03549245744943619
0.12667004764080048, 0.027906907722353935
0.19711396098136902, 0.060771819204092026
0.15409113466739655, 0.03721700236201286
0.15173134207725525, 0.03393727168440819
0.12796323001384735, 0.043554406613111496
0.1305326521396637, 0.042979221791028976
0.11261773109436035, 0.03215441480278969
0.13337570428848267, 0.035994965583086014
0.13461561501026154, 0.026089243590831757
0.120279960334301, 0.029341835528612137
0.11630295217037201, 0.028502488508820534
0.127632275223732, 0.026369133964180946
0.14061619341373444, 0.03176000341773033
0.1521584540605545, 0.042458731681108475
0.12814755737781525, 0.037327952682971954
0.13302333652973175, 0.024843670427799225
0.11445804685354233, 0.03187626227736473
0.10618037730455399, 0.02700798586010933
0.12807278335094452, 0.035931479185819626
0.1388365477323532, 0.04769788682460785
0.11613813042640686, 0.040292754769325256
0.10414638370275497, 0.02654935047030449
0.12445366382598877, 0.029970984905958176
0.12272528558969498, 0.03373193368315697
0.13585121929645538, 0.04482092335820198
0.11140628904104233, 0.02069467306137085
0.11281786859035492, 0.027651531621813774
0.11809828877449036, 0.035731203854084015
0.11080122739076614, 0.033939190208911896
0.14018207788467407, 0.04607567936182022
0.12114298343658447, 0.03297804296016693
0.115266352891922, 0.0247967429459095
0.1573549211025238, 0.05506018176674843
0.14429813623428345, 0.05496843531727791
0.11703646183013916, 0.024243008345365524
0.13632050156593323, 0.03963889554142952
0.1287505030632019, 0.03352975472807884
0.1787288635969162, 0.04610665142536163
0.1160873994231224, 0.041965559124946594
0.1272818148136139, 0.030998799949884415
0.12403464317321777, 0.03199371322989464
0.11749611049890518, 0.027110198512673378
0.11924363672733307, 0.030981816351413727
0.12740151584148407, 0.029951125383377075
0.11902226507663727, 0.03561851754784584
0.1636980175971985, 0.05250281095504761
0.10515201091766357, 0.020078135654330254
0.15675587952136993, 0.05002604052424431
0.14360658824443817, 0.041593097150325775
0.12598370015621185, 0.032125335186719894
0.14523792266845703, 0.04467054083943367
0.13581643998622894, 0.04646167531609535
0.16059501469135284, 0.03911442682147026
0.15331724286079407, 0.050120167434215546
0.15557540953159332, 0.06913533806800842
0.15986117720603943, 0.04046151041984558
0.1565072238445282, 0.05219167098402977
0.1625490039587021, 0.06326369941234589
0.1444072127342224, 0.038338277488946915
0.13402318954467773, 0.058024659752845764
0.15137717127799988, 0.04054951295256615
0.13883215188980103, 0.03070681542158127
0.12003348767757416, 0.03914846107363701
0.10983769595623016, 0.033353280276060104
0.1102137416601181, 0.023209169507026672
0.1526864767074585, 0.03823941573500633
0.15640555322170258, 0.05405478551983833
0.12504349648952484, 0.024959061294794083
0.12372186779975891, 0.037868764251470566
0.15476475656032562, 0.037445951253175735
0.14163027703762054, 0.04848535358905792
0.16386854648590088, 0.048355601727962494
0.14561888575553894, 0.039257220923900604
0.11267665773630142, 0.026695508509874344
0.12216535210609436, 0.03929644450545311
0.14426153898239136, 0.049550727009773254
0.14567464590072632, 0.040907517075538635
0.13601228594779968, 0.043583352118730545
0.10601922869682312, 0.02526349201798439
0.13079406321048737, 0.038934774696826935
0.13943855464458466, 0.03710445016622543
0.1435122936964035, 0.041102997958660126
0.14415647089481354, 0.04240145906805992
0.13193906843662262, 0.04674678295850754
0.12529468536376953, 0.03395354002714157
0.131815567612648, 0.03716740384697914
0.13179181516170502, 0.04573245346546173
0.13899560272693634, 0.04417511820793152
0.14277532696723938, 0.0440896600484848
0.1324692964553833, 0.03474391624331474
0.13258428871631622, 0.03658901900053024
0.1331285983324051, 0.05703168362379074
0.20365341007709503, 0.06039278581738472
0.1752101331949234, 0.0796111524105072
0.10522481054067612, 0.041349250823259354
0.16539300978183746, 0.04494347423315048
0.13639818131923676, 0.05166443809866905
0.13218426704406738, 0.03995446488261223
0.16194647550582886, 0.051675502210855484
0.15597650408744812, 0.03577037900686264
0.16548699140548706, 0.04116563871502876
0.11934707313776016, 0.036297306418418884
0.1503572314977646, 0.04332174360752106
0.12216559052467346, 0.03385661914944649
0.12504787743091583, 0.03287527337670326
0.12813423573970795, 0.03985656797885895
0.11816070973873138, 0.030088340863585472
0.15436120331287384, 0.04283290356397629
0.16192038357257843, 0.03594313934445381
0.15473026037216187, 0.04206351563334465
0.11393788456916809, 0.04084501415491104
0.1672469526529312, 0.057465095072984695
0.13075126707553864, 0.034426137804985046
0.12837691605091095, 0.04320944845676422
0.1392699033021927, 0.04163500294089317
0.14020340144634247, 0.044130146503448486
0.1074506863951683, 0.024873048067092896
0.15060342848300934, 0.037596605718135834
0.13156963884830475, 0.029271744191646576
0.12737134099006653, 0.030007975175976753
0.15135084092617035, 0.04642709344625473
0.1456814706325531, 0.03815721347928047
0.12470132857561111, 0.03084002248942852
0.1424185335636139, 0.038550782948732376
0.1553545594215393, 0.04184216260910034
0.11730774492025375, 0.03536716103553772
0.11923310905694962, 0.026942918077111244
0.12560299038887024, 0.041393931955099106
0.13820256292819977, 0.029357196763157845
0.11212563514709473, 0.02891036681830883
0.12436693161725998, 0.02764315903186798
0.13949380815029144, 0.02562546730041504
0.1558431088924408, 0.03516249358654022
0.11234846711158752, 0.032051362097263336
0.11737869679927826, 0.03902939707040787
0.15697477757930756, 0.041043709963560104
0.13779249787330627, 0.04380710422992706
0.12143655866384506, 0.030379824340343475
0.12718842923641205, 0.0412004180252552
0.1218736469745636, 0.03146452084183693
0.13736625015735626, 0.053149327635765076
0.14131446182727814, 0.04173146188259125
