mean, std
0.16067856550216675, 0.04163983836770058
0.11376741528511047, 0.014727280475199223
0.12449104338884354, 0.023464957252144814
0.13364547491073608, 0.019930753856897354
0.13391360640525818, 0.024519257247447968
0.10175289958715439, 0.019524380564689636
0.09820438921451569, 0.022540567442774773
0.09496675431728363, 0.024053575471043587
0.09129013866186142, 0.023615054786205292
0.0995088517665863, 0.022863231599330902
0.09003417938947678, 0.019638555124402046
0.08294875174760818, 0.019188841804862022
0.08747389912605286, 0.02022589184343815
0.07942210882902145, 0.01721392571926117
0.08203838020563126, 0.017919443547725677
0.09026500582695007, 0.02022525854408741
0.08169026672840118, 0.015333241783082485
0.07745759189128876, 0.016717825084924698
0.09013932198286057, 0.0215689055621624
0.085976243019104, 0.021171586588025093
0.0880216434597969, 0.02060016617178917
0.077677883207798, 0.02414301037788391
0.07814286649227142, 0.016744498163461685
0.07700289785861969, 0.020090337842702866
0.08207043260335922, 0.018097400665283203
0.07757635414600372, 0.013741831295192242
0.08483462035655975, 0.023691916838288307
0.08474893122911453, 0.019826391711831093
0.08745923638343811, 0.019177662208676338
0.08621843159198761, 0.02472456358373165
0.08682262897491455, 0.025110282003879547
0.08928117901086807, 0.01995844952762127
0.07174757868051529, 0.015874499455094337
0.07441620528697968, 0.012631808407604694
0.0745634213089943, 0.01835835725069046
0.07518145442008972, 0.014145208522677422
0.06531767547130585, 0.019761359319090843
0.08588441461324692, 0.02194088324904442
0.08299542963504791, 0.01946132630109787
0.0775185152888298, 0.01681567169725895
0.08061233907938004, 0.017600800842046738
0.08706748485565186, 0.018957745283842087
0.08607783913612366, 0.029001692309975624
0.08910191804170609, 0.01869814470410347
0.07761199027299881, 0.015707900747656822
0.06936392188072205, 0.013875339180231094
0.0802830308675766, 0.02508668787777424
0.07776234298944473, 0.01388050802052021
0.07322780042886734, 0.019746268168091774
0.07326921820640564, 0.013681385666131973
0.07860008627176285, 0.015035789459943771
0.07761315256357193, 0.016588425263762474
0.06964853405952454, 0.019132787361741066
0.08056775480508804, 0.019423477351665497
0.07755018025636673, 0.015156126581132412
0.07858134061098099, 0.013484138064086437
0.07889624685049057, 0.020018525421619415
0.0797407403588295, 0.013831290416419506
0.08218377828598022, 0.018470196053385735
0.07685821503400803, 0.01568501628935337
0.07126583904027939, 0.012650599703192711
0.07972003519535065, 0.015238799154758453
0.08056989312171936, 0.021348053589463234
0.07351086288690567, 0.019430989399552345
0.0748928040266037, 0.012068684212863445
0.07342109829187393, 0.014962257817387581
0.07977282255887985, 0.02288036420941353
0.08391676098108292, 0.018980832770466805
0.08357502520084381, 0.02122627943754196
0.08880769461393356, 0.01789197325706482
0.07835537195205688, 0.022017179057002068
0.08065424859523773, 0.0214046910405159
0.07778029888868332, 0.020565086975693703
0.08363188803195953, 0.01993284560739994
0.07653246074914932, 0.013891074806451797
0.08119340240955353, 0.02031758986413479
0.09357713907957077, 0.021200058981776237
0.08451136201620102, 0.01673099212348461
0.08632150292396545, 0.021709522232413292
0.07566053420305252, 0.01358731184154749
0.08014172315597534, 0.015265763737261295
0.07031916081905365, 0.015726236626505852
0.0786575898528099, 0.016087722033262253
0.08358972519636154, 0.022602252662181854
0.07954511046409607, 0.024845289066433907
0.0739811435341835, 0.012496276758611202
0.08278486877679825, 0.018706025555729866
0.08879754692316055, 0.023468682542443275
0.07261418551206589, 0.021352017298340797
0.08173523098230362, 0.02138512395322323
0.08469680696725845, 0.018076036125421524
0.08860523253679276, 0.019085515290498734
0.07770349830389023, 0.014439523220062256
0.07452195137739182, 0.016524197533726692
0.0881052017211914, 0.022780265659093857
0.0803777426481247, 0.01568518951535225
0.08173520863056183, 0.026564380154013634
0.07023565471172333, 0.01635751873254776
0.08565133064985275, 0.020688354969024658
0.0800243690609932, 0.013574240729212761
0.07354653626680374, 0.01736321859061718
0.07926447689533234, 0.014824457466602325
0.07382998615503311, 0.016044316813349724
0.07886173576116562, 0.014843159355223179
0.07933306694030762, 0.015049465000629425
0.07611189037561417, 0.012290224432945251
0.07839126884937286, 0.011900832876563072
0.07878398895263672, 0.015402249991893768
0.08628994226455688, 0.020885581150650978
0.07722688466310501, 0.018744075670838356
0.0853588879108429, 0.030107030645012856
0.08318845182657242, 0.021625587716698647
0.07674621045589447, 0.014977908693253994
0.08083692938089371, 0.021617721766233444
0.07495798915624619, 0.022467469796538353
0.07737734168767929, 0.017233258113265038
0.07717505842447281, 0.01669917069375515
0.0836627334356308, 0.022339116781949997
0.08051467686891556, 0.01819850504398346
0.08248762041330338, 0.016871973872184753
0.08662071079015732, 0.024344144389033318
0.09313364326953888, 0.021080197766423225
0.08273633569478989, 0.018060022965073586
0.09067187458276749, 0.022690853103995323
0.08400849997997284, 0.015938736498355865
0.08789398521184921, 0.02253999002277851
0.08459559082984924, 0.023134058341383934
0.08148250728845596, 0.02082851529121399
0.07568738609552383, 0.01853952556848526
0.08164317160844803, 0.01974629983305931
0.08258377015590668, 0.023101359605789185
0.0791396051645279, 0.02300291694700718
0.07478290051221848, 0.019261222332715988
0.08086077123880386, 0.022597625851631165
0.08775117993354797, 0.021830322220921516
0.07960760593414307, 0.020436245948076248
0.0832085981965065, 0.01573002338409424
0.07585465908050537, 0.01613977737724781
0.08994414657354355, 0.02166297659277916
0.0954773798584938, 0.026534568518400192
0.08442641794681549, 0.023017005994915962
0.08307366073131561, 0.023749198764562607
0.08470354229211807, 0.01935666985809803
0.0839381143450737, 0.017352398484945297
0.08586294949054718, 0.022159643471240997
0.07940797507762909, 0.022769929841160774
0.08601464331150055, 0.02261763997375965
0.09179015457630157, 0.02113005891442299
0.08068123459815979, 0.01839706487953663
0.09092003107070923, 0.0258469395339489
0.09202650189399719, 0.022034093737602234
0.0816897302865982, 0.024356434121727943
0.07458246499300003, 0.01851769909262657
0.07867077738046646, 0.020665913820266724
0.08421812951564789, 0.025436054915189743
0.0814228430390358, 0.024980032816529274
0.08394470810890198, 0.02054681070148945
0.08938466757535934, 0.019490856677293777
0.09766349196434021, 0.0191255621612072
0.08472078293561935, 0.022246409207582474
0.08325350284576416, 0.023096730932593346
0.07771691679954529, 0.01767401024699211
0.09037919342517853, 0.023815492168068886
0.08373160660266876, 0.01633611135184765
0.08348210901021957, 0.01239901501685381
0.08440494537353516, 0.019044792279601097
0.07463381439447403, 0.01098356768488884
0.09145267307758331, 0.02738269791007042
0.07745816558599472, 0.015935564413666725
0.08063015341758728, 0.019084708765149117
0.08458106219768524, 0.026596609503030777
0.0805424153804779, 0.013966789469122887
0.08473960310220718, 0.01569109596312046
0.07518423348665237, 0.01603895053267479
0.07942190766334534, 0.015391807071864605
0.08594820648431778, 0.019376210868358612
0.08086661249399185, 0.020313827320933342
0.08677133172750473, 0.01857382245361805
0.08434305340051651, 0.018826758489012718
0.08025550842285156, 0.015585060231387615
0.08421630412340164, 0.015167207457125187
0.07358920574188232, 0.016054920852184296
0.07822578400373459, 0.017058631405234337
0.0805555209517479, 0.019562099128961563
0.08245185017585754, 0.014656241051852703
0.08566032350063324, 0.024260910227894783
0.07370196282863617, 0.01157320849597454
0.07928871363401413, 0.01734847202897072
0.07645375281572342, 0.018208617344498634
0.07685301452875137, 0.019238151609897614
0.08553754538297653, 0.017546867951750755
0.08086482435464859, 0.020377267152071
0.07583894580602646, 0.015815291553735733
0.06748741865158081, 0.01651841029524803
0.07810847461223602, 0.01077237818390131
0.07930652052164078, 0.010940467938780785
0.07942014187574387, 0.01615939475595951
0.08205036073923111, 0.021536944434046745
0.0969189777970314, 0.031003979966044426
0.08702870458364487, 0.020705578848719597
0.08901679515838623, 0.024181362241506577
0.07824168354272842, 0.01758258417248726
0.07124471664428711, 0.01668986864387989
0.07409186661243439, 0.016789071261882782
0.08133411407470703, 0.020085595548152924
0.07866465300321579, 0.01872575283050537
0.08297399431467056, 0.01411962229758501
0.07381880283355713, 0.020875833928585052
0.07361747324466705, 0.013509724289178848
0.0790218636393547, 0.016502877697348595
0.07542649656534195, 0.013633353635668755
0.07987908273935318, 0.02046169713139534
0.08044981956481934, 0.015628278255462646
0.07271812856197357, 0.019286947324872017
0.08348841220140457, 0.018243029713630676
0.08591791242361069, 0.01804484985768795
0.08654067665338516, 0.022570442408323288
0.08463411033153534, 0.018655281513929367
0.08461640030145645, 0.01819867268204689
0.08498455584049225, 0.017488429322838783
0.07578884810209274, 0.014048966579139233
0.07595987617969513, 0.017485931515693665
0.07098082453012466, 0.017119212076067924
0.07344085723161697, 0.012361591681838036
0.07585601508617401, 0.02214713767170906
0.07968960702419281, 0.016647174954414368
0.06913404166698456, 0.012105203233659267
0.08039073646068573, 0.0156360175460577
0.07693462818861008, 0.02077667787671089
0.08224846422672272, 0.015660380944609642
0.0803549513220787, 0.017970144748687744
0.0763227641582489, 0.019613703712821007
0.08622462302446365, 0.023162655532360077
0.08335194736719131, 0.019739363342523575
0.07599087804555893, 0.016453512012958527
0.07900496572256088, 0.016613785177469254
0.08114573359489441, 0.01749454252421856
0.08335619419813156, 0.019388286396861076
0.07484133541584015, 0.01496470533311367
0.07137435674667358, 0.012984280474483967
0.06956907361745834, 0.014324878342449665
0.07581818848848343, 0.013770955614745617
0.08536850661039352, 0.017009606584906578
0.07839595526456833, 0.01666404865682125
0.08494047075510025, 0.01739606074988842
0.07377459108829498, 0.01576073095202446
0.08157870173454285, 0.01776239089667797
0.0808425322175026, 0.016113057732582092
0.09172339737415314, 0.021840807050466537
0.0779980942606926, 0.016104742884635925
0.07754848897457123, 0.02100371941924095
0.08661869168281555, 0.014392074197530746
0.07485861331224442, 0.013509976677596569
0.07033395022153854, 0.011114050634205341
0.07400187104940414, 0.026520660147070885
0.07692036777734756, 0.016917305067181587
0.07541767507791519, 0.016657834872603416
0.08273045718669891, 0.018430013209581375
0.0787113681435585, 0.012264943681657314
0.07535276561975479, 0.01822088286280632
0.0644945278763771, 0.011054043658077717
0.08178719878196716, 0.019519571214914322
0.0728958323597908, 0.01733524166047573
0.06786409765481949, 0.018978003412485123
0.07932580262422562, 0.015461748465895653
0.08347959071397781, 0.021341387182474136
0.08243238180875778, 0.019744371995329857
0.07700002938508987, 0.016423972323536873
0.07088886946439743, 0.012323901057243347
0.07642660290002823, 0.018529735505580902
0.0783856213092804, 0.01780540496110916
0.08942679315805435, 0.01747802458703518
0.0948481559753418, 0.01711687445640564
0.08012434840202332, 0.013749446719884872
0.07074607163667679, 0.015999292954802513
0.0723256841301918, 0.017262956127524376
0.07508441805839539, 0.017494000494480133
0.07839884608983994, 0.021507367491722107
0.07120414078235626, 0.01440389920026064
0.08465294539928436, 0.019237281754612923
0.08472225815057755, 0.01496115792542696
0.0742783322930336, 0.013772106729447842
0.07759853452444077, 0.018949907273054123
0.07449433952569962, 0.016523925587534904
0.07747329026460648, 0.015492880716919899
0.0759739950299263, 0.014751769602298737
0.07121492177248001, 0.01645869016647339
0.07808484882116318, 0.013072408735752106
0.08032996207475662, 0.01684284582734108
0.07735899090766907, 0.021693894639611244
0.07686865329742432, 0.020921099931001663
0.08183892071247101, 0.01884782500565052
0.08314404636621475, 0.013778888620436192
0.08695992827415466, 0.022414231672883034
0.07997842133045197, 0.02356511540710926
0.0744839459657669, 0.019376447424292564
0.07178785651922226, 0.01772955246269703
0.06790313124656677, 0.010845595970749855
0.0857481136918068, 0.01648637093603611
0.08782321214675903, 0.02118583209812641
0.07526490837335587, 0.01647384837269783
0.08273009210824966, 0.01851961947977543
0.06701460480690002, 0.013659514486789703
0.0757799819111824, 0.013881668448448181
0.08097346127033234, 0.014826270751655102
0.0874493420124054, 0.015393266454339027
0.07411173731088638, 0.015315896831452847
0.0747620016336441, 0.01187417283654213
0.07698407769203186, 0.013388474471867085
0.07473195344209671, 0.016515472903847694
0.07490099966526031, 0.020032647997140884
0.07655846327543259, 0.01984401047229767
0.07890069484710693, 0.013766303658485413
0.08009489625692368, 0.018762273713946342
0.08440396934747696, 0.02493804134428501
0.07263290137052536, 0.015617642551660538
0.06772361695766449, 0.013019141741096973
0.0626697912812233, 0.014230743050575256
0.06724805384874344, 0.014872833155095577
0.07644025981426239, 0.012186211533844471
0.07545804977416992, 0.014980977401137352
0.07514262199401855, 0.012554083950817585
0.06982312351465225, 0.012585792690515518
0.07065652310848236, 0.018416259437799454
0.07783519476652145, 0.011477901600301266
0.07216969132423401, 0.013328864239156246
0.06657552719116211, 0.01282141637057066
0.07763434201478958, 0.019525650888681412
0.07812505960464478, 0.01481595914810896
0.07254092395305634, 0.013419521041214466
0.0767364427447319, 0.015548519790172577
0.08145768195390701, 0.023297274485230446
0.08107898384332657, 0.01832355000078678
0.075295090675354, 0.013569341972470284
0.07254843413829803, 0.012793871574103832
0.07453268766403198, 0.013152630999684334
0.07373929023742676, 0.016841134056448936
0.07502934336662292, 0.01543968915939331
0.08762531727552414, 0.014916814863681793
0.07121041417121887, 0.01459813304245472
0.08829324692487717, 0.028278488665819168
0.0772470012307167, 0.01642443612217903
0.08688466250896454, 0.017563143745064735
0.08588985353708267, 0.01740996539592743
0.07947521656751633, 0.017320509999990463
0.07235381752252579, 0.015215333551168442
0.0742487832903862, 0.013565492816269398
0.07170816510915756, 0.018451429903507233
0.0637800395488739, 0.010669783689081669
0.06530562788248062, 0.011186884716153145
0.06810023635625839, 0.016799814999103546
0.08009014278650284, 0.015703702345490456
0.07692676782608032, 0.015099626034498215
0.0752771869301796, 0.019170088693499565
0.07704778760671616, 0.021333497017621994
0.06742793321609497, 0.012788861058652401
0.0743061900138855, 0.015798596665263176
0.07899714261293411, 0.01467297226190567
0.07623880356550217, 0.013091702945530415
0.08068449050188065, 0.020293554291129112
0.08047162741422653, 0.022504286840558052
0.08103840798139572, 0.016855305060744286
0.07636665552854538, 0.01947173662483692
0.07087582349777222, 0.01620292291045189
0.07143966108560562, 0.01414425764232874
0.0744946226477623, 0.01445164903998375
0.0637509822845459, 0.010835729539394379
0.07515500485897064, 0.015218779444694519
0.07857399433851242, 0.015350889414548874
0.0784139409661293, 0.014673872850835323
0.07129395753145218, 0.013859336264431477
0.07292870432138443, 0.015637727454304695
0.0815143957734108, 0.018760129809379578
0.07456325739622116, 0.015536949038505554
0.0688273161649704, 0.016277870163321495
0.07134878635406494, 0.02002725377678871
0.06747883558273315, 0.011331665329635143
0.07032004743814468, 0.017432421445846558
0.07488299906253815, 0.010357890278100967
0.06853298097848892, 0.016117064282298088
0.07441166043281555, 0.01607579179108143
0.07915327697992325, 0.011654280126094818
0.08336573839187622, 0.020458165556192398
0.07724060863256454, 0.015845410525798798
0.07081550359725952, 0.012740924023091793
0.06824066489934921, 0.01657860167324543
0.07083165645599365, 0.010813435539603233
0.07719501107931137, 0.015755079686641693
0.08456674963235855, 0.016705771908164024
0.07896214723587036, 0.01489549782127142
0.08424553275108337, 0.014110513962805271
0.07765970379114151, 0.01629900000989437
0.0794633999466896, 0.014035055413842201
0.07909788191318512, 0.01535281352698803
0.0731542557477951, 0.014000162482261658
0.07847016304731369, 0.018457069993019104
0.07328936457633972, 0.012986033223569393
0.08007550239562988, 0.013997502624988556
0.06851592659950256, 0.016025885939598083
0.08887817710638046, 0.022055666893720627
0.07849619537591934, 0.013037623837590218
0.07236751168966293, 0.013007714413106441
0.07746905088424683, 0.019893264397978783
0.08124102652072906, 0.015162879601120949
0.07647594064474106, 0.01541328988969326
0.07981301844120026, 0.01642698422074318
0.07516327500343323, 0.017425378784537315
0.06780177354812622, 0.012521528638899326
0.08509154617786407, 0.026094932109117508
0.07297201454639435, 0.018098844215273857
0.07200973480939865, 0.013186297379434109
0.0705408975481987, 0.019432876259088516
0.07685546576976776, 0.01660974696278572
0.08204688131809235, 0.01980292610824108
0.07717988640069962, 0.018562940880656242
0.07115216553211212, 0.01332373358309269
0.07010611146688461, 0.012078648433089256
0.08027488738298416, 0.01599460281431675
0.06793542951345444, 0.014834144152700901
0.07178058475255966, 0.011432928033173084
0.06887275725603104, 0.013657771050930023
0.07106918841600418, 0.013773542828857899
0.07573268562555313, 0.01773899421095848
0.0699051171541214, 0.010214656591415405
0.07127634435892105, 0.01474045217037201
0.07633684575557709, 0.01922919787466526
0.07713162153959274, 0.010959177277982235
0.07184041291475296, 0.009665487334132195
0.07570989429950714, 0.012772969901561737
0.07850033789873123, 0.015876907855272293
0.0806252732872963, 0.014275600202381611
0.07911011576652527, 0.014750335365533829
0.08008570224046707, 0.015465524047613144
0.07693620771169662, 0.018134640529751778
0.07028447836637497, 0.016547758132219315
0.07506811618804932, 0.016522284597158432
0.08118798583745956, 0.0156285148113966
0.07153741270303726, 0.013738734647631645
0.08060261607170105, 0.012948255054652691
0.07272040098905563, 0.01438211277127266
0.07736171036958694, 0.017807621508836746
0.06558183580636978, 0.012945069000124931
0.06824483722448349, 0.01382395438849926
0.07079632580280304, 0.01573125645518303
0.08021479845046997, 0.015700267627835274
0.07499966025352478, 0.011527062393724918
0.07773090898990631, 0.01814855821430683
0.07022153586149216, 0.013811757788062096
0.07644759863615036, 0.016826938837766647
0.0696914941072464, 0.009978119283914566
0.07525048404932022, 0.014704562723636627
0.07483066618442535, 0.016195714473724365
0.06740964949131012, 0.012953365221619606
0.07917842268943787, 0.013284986838698387
0.07565244287252426, 0.014146323315799236
0.07969702780246735, 0.020517690107226372
0.08375447243452072, 0.017633944749832153
0.07427171617746353, 0.01437389850616455
0.08088836818933487, 0.02122780680656433
0.07499769330024719, 0.013171740807592869
0.0760401114821434, 0.01453450508415699
0.07064184546470642, 0.01699591800570488
0.07555495202541351, 0.020602822303771973
0.07990185171365738, 0.016024809330701828
0.07618526369333267, 0.01615729369223118
0.07111100107431412, 0.013802235014736652
0.06961558014154434, 0.011132346466183662
0.07630962133407593, 0.016763804480433464
0.07348604500293732, 0.011695319786667824
0.0718691349029541, 0.01434557605534792
0.07234209030866623, 0.01665683276951313
0.0749691054224968, 0.01154617965221405
0.07484696060419083, 0.016851553693413734
0.0901440680027008, 0.021391648799180984
0.0797039046883583, 0.018923873081803322
0.08633915334939957, 0.019410880282521248
0.07994493842124939, 0.014973871409893036
0.06799035519361496, 0.011930699460208416
0.0749097391963005, 0.01690209098160267
0.07617870718240738, 0.019367996603250504
0.08092900365591049, 0.02394326776266098
0.08405472338199615, 0.01843520812690258
0.0773925706744194, 0.014422306790947914
0.07871273905038834, 0.012549247592687607
0.07981759309768677, 0.021028419956564903
0.08356592804193497, 0.012276756577193737
0.07956007868051529, 0.019505640491843224
0.07694727182388306, 0.01969938352704048
0.07810596376657486, 0.017911091446876526
0.07452383637428284, 0.01655266061425209
0.0714641809463501, 0.014358766376972198
0.07943189144134521, 0.01308081578463316
0.07843390852212906, 0.013685102574527264
0.08592162281274796, 0.02237665466964245
0.06958000361919403, 0.010861710645258427
0.07081238180398941, 0.01383451372385025
0.07378750294446945, 0.009853892028331757
0.08478153496980667, 0.019311867654323578
0.08209154009819031, 0.022486334666609764
0.08033524453639984, 0.01240624114871025
0.07982147485017776, 0.015942629426717758
0.09116099029779434, 0.032709959894418716
0.08547971397638321, 0.021557824686169624
0.07399743050336838, 0.01439112238585949
0.08003269881010056, 0.016813062131404877
0.08083360642194748, 0.018253644928336143
0.07617111504077911, 0.015126758255064487
0.07585197687149048, 0.016048971563577652
0.06776081025600433, 0.01679557003080845
0.07189752906560898, 0.018385544419288635
0.07601436227560043, 0.014043266884982586
0.07854141294956207, 0.01537585910409689
0.0742344781756401, 0.016134995967149734
0.08043017238378525, 0.017876150086522102
0.07907085120677948, 0.009023613296449184
0.07335196435451508, 0.012270264327526093
0.07824204117059708, 0.017471177503466606
0.08497049659490585, 0.022770773619413376
0.07925960421562195, 0.01443506684154272
0.06971956044435501, 0.010848154313862324
0.07057014852762222, 0.015076087787747383
0.08055084198713303, 0.018004557117819786
0.07533971965312958, 0.02149445377290249
0.07379160076379776, 0.01941036432981491
0.0707564726471901, 0.01258726418018341
0.07389171421527863, 0.013476516120135784
0.07877291738986969, 0.012578137218952179
0.07994641363620758, 0.021562885493040085
0.07518541812896729, 0.013496116735041142
0.0758066177368164, 0.015022754669189453
0.07248852401971817, 0.014356203377246857
0.07666479796171188, 0.014104502275586128
0.07310719043016434, 0.016181327402591705
0.07732616364955902, 0.017601141706109047
0.07724418491125107, 0.022337641566991806
0.07361749559640884, 0.019259357824921608
0.07596104592084885, 0.013838773593306541
0.0736013874411583, 0.019065503031015396
0.07213162630796432, 0.017091035842895508
0.07528813183307648, 0.01382646057754755
0.07425404340028763, 0.016975443810224533
0.08435730636119843, 0.02194967307150364
0.08478568494319916, 0.015911925584077835
0.07846757024526596, 0.019141793251037598
0.08770202100276947, 0.020823771134018898
0.07180587202310562, 0.011887915432453156
0.07542041689157486, 0.010763854719698429
0.08407922834157944, 0.01398575771600008
0.08028177171945572, 0.01636608876287937
0.07753316313028336, 0.019207298755645752
0.07053447514772415, 0.01487418171018362
0.07316625118255615, 0.01594134420156479
0.09192214161157608, 0.024388590827584267
0.08365750312805176, 0.01654270477592945
0.07318533957004547, 0.01358011830598116
0.07263579219579697, 0.013022583909332752
0.06892865896224976, 0.013235935010015965
0.07210519164800644, 0.01599542796611786
0.07753884047269821, 0.013750309124588966
0.08107595890760422, 0.012853315100073814
0.07217440754175186, 0.016045568510890007
0.08098867535591125, 0.028442557901144028
0.08079181611537933, 0.015729693695902824
0.07306306064128876, 0.01272484753280878
0.07308352738618851, 0.009350881911814213
0.07527663558721542, 0.02129058726131916
0.08162704855203629, 0.01576516591012478
0.08235536515712738, 0.014769037254154682
0.07605377584695816, 0.018867366015911102
0.07424763590097427, 0.013511843979358673
0.06933780014514923, 0.01304016262292862
0.07730159908533096, 0.01618921011686325
0.07459461688995361, 0.015423322096467018
0.08597314357757568, 0.01775127463042736
0.0820545107126236, 0.019435135647654533
0.08324725925922394, 0.018353361636400223
0.08269789814949036, 0.021775195375084877
0.07699405401945114, 0.018724868074059486
0.07799350470304489, 0.0184178426861763
0.08161326497793198, 0.017378438264131546
0.0856257751584053, 0.01581752486526966
0.07338906824588776, 0.015076203271746635
0.08227705210447311, 0.0188975241035223
0.08083213865756989, 0.02147701382637024
0.07559995353221893, 0.022605516016483307
0.07012305408716202, 0.017057323828339577
0.07834378629922867, 0.014434874057769775
0.0745733380317688, 0.017493167892098427
0.07495258748531342, 0.01786835677921772
0.07028374075889587, 0.014625596813857555
0.06865408271551132, 0.010366778820753098
0.08348385244607925, 0.01916523650288582
0.08356286585330963, 0.021307075396180153
0.08431529998779297, 0.018809257075190544
0.0772443488240242, 0.016355376690626144
0.0740896537899971, 0.014778872951865196
0.07030058652162552, 0.01746794395148754
0.09459241479635239, 0.021631313487887383
0.08458367735147476, 0.017862703651189804
0.07855215668678284, 0.01469277311116457
0.08797163516283035, 0.024030672386288643
0.08535782247781754, 0.01739007793366909
0.07404468953609467, 0.015952030196785927
0.0772075280547142, 0.017506705597043037
0.08092404156923294, 0.017899654805660248
0.0742373988032341, 0.015519605949521065
0.0770811215043068, 0.0164796095341444
0.07770632207393646, 0.015216052532196045
0.0767667144536972, 0.015903186053037643
0.08368585258722305, 0.018267866224050522
0.08351092040538788, 0.01936829835176468
0.0785214826464653, 0.018808739259839058
0.08221262693405151, 0.019625606015324593
0.08129782229661942, 0.01679091714322567
0.07655295729637146, 0.01802714727818966
0.08743200451135635, 0.023362234234809875
0.07299194484949112, 0.012799490243196487
0.07550720125436783, 0.019810229539871216
0.07205616682767868, 0.019404444843530655
0.07590440660715103, 0.015123508870601654
0.07332820445299149, 0.014937483705580235
0.0733584463596344, 0.014582549221813679
0.07976699620485306, 0.021011069416999817
0.07770462334156036, 0.02042536996304989
0.08229056745767593, 0.022018371149897575
0.07463575899600983, 0.017566781491041183
0.07545576989650726, 0.019685590639710426
0.07712981849908829, 0.01614002138376236
0.07586000114679337, 0.015780970454216003
0.07675051689147949, 0.014525532722473145
0.07192390412092209, 0.011269890703260899
0.07432769238948822, 0.01469886489212513
0.07512811571359634, 0.017988862469792366
0.07675572484731674, 0.018210966140031815
0.07000846415758133, 0.006922523956745863
0.0813600942492485, 0.019611598923802376
0.07791613787412643, 0.011867922730743885
0.0694536343216896, 0.020452331751585007
0.07028952240943909, 0.01628577895462513
0.0705251395702362, 0.012945815920829773
0.07300740480422974, 0.018344974145293236
0.07874862104654312, 0.017786307260394096
0.07154394686222076, 0.016924014315009117
0.069232277572155, 0.01011271495372057
0.08374223113059998, 0.01860140450298786
0.08267183601856232, 0.017966432496905327
0.08379913866519928, 0.013897562399506569
0.08102711290121078, 0.01787429302930832
0.07214968651533127, 0.013414686545729637
0.07168637961149216, 0.016723519191145897
0.07984217256307602, 0.02047555148601532
0.0859743133187294, 0.019326090812683105
0.07301589846611023, 0.01430631335824728
0.07413658499717712, 0.015254411846399307
0.07955258339643478, 0.020146865397691727
0.07759944349527359, 0.015782451257109642
0.07130147516727448, 0.016540665179491043
0.07333793491125107, 0.019456006586551666
0.0771765187382698, 0.01904437504708767
0.07958187907934189, 0.014314474537968636
0.07973290979862213, 0.014193692244589329
0.08220863342285156, 0.01972719095647335
0.08002588897943497, 0.01783871464431286
0.08094044029712677, 0.013900265097618103
0.07650623470544815, 0.01879522018134594
0.07650187611579895, 0.02209063433110714
0.07220152020454407, 0.01624547690153122
0.07579092681407928, 0.016648929566144943
0.08175774663686752, 0.01485980674624443
0.08345659077167511, 0.01429565530270338
0.07709299027919769, 0.013183144852519035
0.0786324292421341, 0.014618070796132088
0.07691749930381775, 0.01985504850745201
0.0674750879406929, 0.018305057659745216
0.07465725392103195, 0.013309857808053493
0.08150630444288254, 0.01868314854800701
0.07557833194732666, 0.017708025872707367
0.07553356885910034, 0.015473654493689537
0.08886146545410156, 0.025886166840791702
0.08275188505649567, 0.026203569024801254
0.07747776061296463, 0.017030004411935806
0.07264373451471329, 0.017816245555877686
0.07171384245157242, 0.010165097191929817
0.07525566965341568, 0.013128703460097313
0.07378276437520981, 0.014251300133764744
0.08439560979604721, 0.023063477128744125
0.06820987910032272, 0.016694163903594017
0.06806555390357971, 0.01736644096672535
0.07533887773752213, 0.018938183784484863
0.07985935360193253, 0.019471919164061546
0.07888604700565338, 0.01679757423698902
0.0793439969420433, 0.015101826749742031
0.08443783968687057, 0.012444947846233845
0.08849959075450897, 0.026894263923168182
0.0840708464384079, 0.014501609839498997
0.07875224947929382, 0.020554497838020325
0.07416150718927383, 0.013425437733530998
0.08405047655105591, 0.01840205118060112
0.07884947210550308, 0.011868547648191452
0.08424005657434464, 0.023534823209047318
0.07878769189119339, 0.01675715483725071
0.07132263481616974, 0.012281859293580055
0.07312045246362686, 0.010134540498256683
0.07527010887861252, 0.01409505121409893
0.07387319952249527, 0.01312101911753416
0.07553610950708389, 0.013938927091658115
0.07733337581157684, 0.013814281672239304
0.0862899199128151, 0.027921156957745552
0.06944061070680618, 0.015033856965601444
0.07127093523740768, 0.013632126152515411
0.07256000488996506, 0.023205960169434547
0.07233422994613647, 0.014431600458920002
0.07940100878477097, 0.017087921500205994
0.07407457381486893, 0.013436146080493927
0.08007705956697464, 0.017406176775693893
0.07299122959375381, 0.019494228065013885
0.07919285446405411, 0.01493292860686779
0.07352553308010101, 0.021469322964549065
0.08251414448022842, 0.016201458871364594
0.08704540878534317, 0.01886637508869171
0.07730277627706528, 0.021040204912424088
0.09231003373861313, 0.01920967735350132
0.07815763354301453, 0.015433278866112232
0.07367860525846481, 0.013804767280817032
0.07871333509683609, 0.017895199358463287
0.07586909830570221, 0.013697921298444271
0.07479128241539001, 0.013152712024748325
0.08088523894548416, 0.023133214563131332
0.07436409592628479, 0.010827653110027313
0.0902290791273117, 0.0228738933801651
0.08454356342554092, 0.0220070518553257
0.07551780343055725, 0.013605213724076748
0.07588650286197662, 0.0129126301035285
0.0747753158211708, 0.015320787206292152
0.07759542763233185, 0.020251337438821793
0.07568301260471344, 0.010948152281343937
0.07520344853401184, 0.01617460884153843
0.07697124034166336, 0.01759619638323784
0.07412990182638168, 0.015264466404914856
0.0699998214840889, 0.015596036799252033
0.07731220126152039, 0.014532933011651039
0.07352691143751144, 0.01031995378434658
0.06498660892248154, 0.015439406037330627
0.07815131545066833, 0.017324263229966164
0.07818364351987839, 0.018266482278704643
0.0783759355545044, 0.013576517812907696
0.07911001890897751, 0.01825004629790783
0.08313015848398209, 0.01462241169065237
0.07988891750574112, 0.018754171207547188
0.07856195420026779, 0.020767856389284134
0.07244990020990372, 0.015005068853497505
0.07679102569818497, 0.01779460720717907
0.06960155814886093, 0.013312077149748802
0.0656156986951828, 0.01289137452840805
0.06735942512750626, 0.02118059992790222
0.07582525908946991, 0.02066124975681305
0.07142919301986694, 0.01621154323220253
0.06614271551370621, 0.01283476036041975
0.07674907147884369, 0.017481956630945206
0.07949452102184296, 0.016385992988944054
0.08458945900201797, 0.015329611487686634
0.07303884625434875, 0.013810772448778152
0.07845612615346909, 0.01711326278746128
0.07515496015548706, 0.01770036481320858
0.08282595127820969, 0.014263080433011055
0.07581556588411331, 0.013752334751188755
0.07702764123678207, 0.015204153954982758
0.08438268303871155, 0.02355872467160225
0.07879506796598434, 0.01819426380097866
0.07915107905864716, 0.017735108733177185
0.0725109651684761, 0.016358301043510437
0.07151053845882416, 0.014184464700520039
0.06951485574245453, 0.01654045283794403
0.07533670216798782, 0.018849588930606842
0.07067147642374039, 0.013965791091322899
0.07420925796031952, 0.012574086897075176
0.0851307213306427, 0.018148235976696014
0.07435955107212067, 0.015175184234976768
0.07737145572900772, 0.013430877588689327
0.07172372937202454, 0.013652957044541836
0.06696876138448715, 0.01145966723561287
0.0725051537156105, 0.01617334596812725
0.06998413801193237, 0.014750578440725803
0.06548421084880829, 0.012649587355554104
0.07923026382923126, 0.016346221789717674
0.07885105907917023, 0.017733259126544
0.07545629888772964, 0.016581811010837555
0.07424207776784897, 0.014019765891134739
0.07501434534788132, 0.016802910715341568
0.0722547173500061, 0.01099894754588604
0.07455641776323318, 0.017979668453335762
0.07575362175703049, 0.019953589886426926
0.08451904356479645, 0.017530234530568123
0.08601395785808563, 0.018005821853876114
0.07806511223316193, 0.02375403419137001
0.0711226835846901, 0.013800766319036484
0.07902311533689499, 0.01625104807317257
0.07474005222320557, 0.019769439473748207
0.06707052886486053, 0.015785111114382744
0.07069483399391174, 0.009861217811703682
0.07068253308534622, 0.012064311653375626
0.07259760797023773, 0.017443574965000153
0.08078543841838837, 0.016808753833174706
0.07168171554803848, 0.017773067578673363
0.07627750188112259, 0.011177987791597843
0.07065079361200333, 0.014724349603056908
0.07100509852170944, 0.01329541951417923
0.0774862989783287, 0.022271471098065376
0.07872994989156723, 0.024261247366666794
0.07936447113752365, 0.022038668394088745
0.07533367723226547, 0.013538556173443794
0.07174821943044662, 0.02507760003209114
0.08276756852865219, 0.019237689673900604
0.07624246925115585, 0.01656881906092167
0.07291252166032791, 0.01840038038790226
0.07738994807004929, 0.018922962248325348
0.07558358460664749, 0.012447580695152283
0.0714150071144104, 0.011229936964809895
0.06717177480459213, 0.01392995286732912
0.08177359402179718, 0.024320948868989944
0.07209012657403946, 0.013712568208575249
0.07857802510261536, 0.013599645346403122
0.071007139980793, 0.01460201945155859
0.07439219206571579, 0.012698260135948658
0.0743766501545906, 0.015150279738008976
0.07590432465076447, 0.014039961621165276
0.06753424555063248, 0.013998662121593952
0.07981731742620468, 0.01876942627131939
0.06837145239114761, 0.016603194177150726
0.07481847703456879, 0.015494835563004017
0.08383453637361526, 0.018109427765011787
0.08174089342355728, 0.02436576411128044
0.08557593822479248, 0.020280752331018448
0.06998950242996216, 0.01699974201619625
0.08091247081756592, 0.0257683377712965
0.07784876227378845, 0.011814179830253124
0.0806516632437706, 0.024313760921359062
0.07227865606546402, 0.01636417768895626
0.07435581833124161, 0.01246127299964428
0.08643769472837448, 0.02502066269516945
0.07038417458534241, 0.016619402915239334
0.0722491517663002, 0.013787005096673965
0.07024192810058594, 0.015215613879263401
0.07197294384241104, 0.01470925658941269
0.07676278054714203, 0.011775773018598557
0.07963050901889801, 0.015458574518561363
0.0776529461145401, 0.023165298625826836
0.08624684810638428, 0.01795940287411213
0.08160010725259781, 0.023213554173707962
0.07625535875558853, 0.012646045535802841
0.08047015964984894, 0.01594936102628708
0.07181592285633087, 0.017690755426883698
0.06520698219537735, 0.012616484425961971
0.07138077914714813, 0.014126437716186047
0.07377836853265762, 0.01522781141102314
0.0671754702925682, 0.013203231617808342
0.08055274188518524, 0.017317993566393852
0.07592396438121796, 0.021071940660476685
0.07619583606719971, 0.01752534694969654
0.07851319015026093, 0.015310931019484997
0.07810095697641373, 0.015968237072229385
0.07376175373792648, 0.015051016584038734
0.08221596479415894, 0.018624188378453255
0.0734914243221283, 0.019822172820568085
0.074945367872715, 0.018191378563642502
0.0698288306593895, 0.015108354389667511
0.07705502957105637, 0.019685786217451096
0.07046357542276382, 0.009808192029595375
0.07152602076530457, 0.013520517386496067
0.08024076372385025, 0.018795369192957878
0.08013532310724258, 0.01764434017241001
0.07775664329528809, 0.015189366415143013
0.07471451908349991, 0.013871850445866585
0.07878175377845764, 0.014665466733276844
0.07459639012813568, 0.013097817078232765
0.07292407006025314, 0.01676512323319912
0.08014940470457077, 0.024292007088661194
0.06928463280200958, 0.01763991452753544
0.07199137657880783, 0.014458853751420975
0.0851760134100914, 0.015869390219449997
0.08203817903995514, 0.015676448121666908
0.06806784868240356, 0.01262635551393032
0.0663633942604065, 0.010109017603099346
0.07634493708610535, 0.009436187334358692
0.07759096473455429, 0.01940683275461197
0.07131854444742203, 0.013790052384138107
0.08239838480949402, 0.019472306594252586
0.07933007925748825, 0.028454547747969627
0.07731091976165771, 0.01458456926047802
0.07728306204080582, 0.01533216331154108
0.07279634475708008, 0.01594371721148491
0.07104708254337311, 0.014235327020287514
0.07010867446660995, 0.01742539182305336
0.07843396812677383, 0.014759437181055546
0.079847052693367, 0.015778636559844017
0.07638434320688248, 0.017598705366253853
0.06600553542375565, 0.014438493177294731
0.07770222425460815, 0.018239982426166534
0.07376550137996674, 0.01631416194140911
0.0695730596780777, 0.01309767086058855
0.07548800855875015, 0.011758987791836262
0.07856962829828262, 0.014669695869088173
0.07607989758253098, 0.014443100430071354
0.07466557621955872, 0.0157714132219553
0.0710669681429863, 0.016498863697052002
0.07399690896272659, 0.015559690073132515
0.08191990107297897, 0.020179975777864456
0.08038458973169327, 0.0164266899228096
0.08537942916154861, 0.016374869272112846
0.0784284770488739, 0.016243668273091316
0.07003268599510193, 0.010508490726351738
0.06950197368860245, 0.012016654945909977
0.07100999355316162, 0.011010630987584591
0.07530129700899124, 0.016730275005102158
0.07105308771133423, 0.015878695994615555
0.0706428661942482, 0.015211491845548153
0.07755889743566513, 0.0179525725543499
0.07738969475030899, 0.01327788271009922
0.06619767099618912, 0.01655832678079605
0.07656638324260712, 0.013802176341414452
0.0784538984298706, 0.016395283862948418
0.07473129034042358, 0.013224214315414429
0.07979410141706467, 0.016042688861489296
0.07289872318506241, 0.02149290032684803
0.07308773696422577, 0.017417319118976593
0.07590651512145996, 0.02022518590092659
0.0758417397737503, 0.01808793470263481
0.08241782337427139, 0.013955441303551197
0.07022975385189056, 0.017203612253069878
0.07525923103094101, 0.014542894437909126
0.07427960634231567, 0.017888464033603668
0.07394260913133621, 0.02091735228896141
0.07170315831899643, 0.013470643199980259
0.07866031676530838, 0.017897464334964752
0.07105806469917297, 0.01478822436183691
0.07102350890636444, 0.011924748308956623
0.07875305414199829, 0.021864261478185654
0.07895118743181229, 0.019798913970589638
0.07520480453968048, 0.012607911601662636
0.0775986909866333, 0.017319288104772568
0.0746818259358406, 0.014986000955104828
0.07690998166799545, 0.013909838162362576
0.07845935970544815, 0.01468809973448515
0.0835629254579544, 0.013146549463272095
0.07553721964359283, 0.016782771795988083
0.07037607580423355, 0.019367828965187073
0.07986573129892349, 0.01295531541109085
0.06912326067686081, 0.010612565092742443
0.07225445657968521, 0.020940326154232025
0.0756264179944992, 0.015982549637556076
0.06990987062454224, 0.017388194799423218
0.06664837151765823, 0.015645602717995644
0.07212861627340317, 0.015856511890888214
0.08007294684648514, 0.01880878396332264
0.07727489620447159, 0.02348531037569046
0.08057446032762527, 0.015493764542043209
0.0702032819390297, 0.015868758782744408
0.07980362325906754, 0.012340504676103592
0.07255292683839798, 0.014868350699543953
0.07385478168725967, 0.022350462153553963
0.07939883321523666, 0.018029477447271347
0.08050712943077087, 0.015912771224975586
0.07558999210596085, 0.021757101640105247
0.07684627175331116, 0.016316039487719536
0.08025255054235458, 0.01739218458533287
0.08039218187332153, 0.017715703696012497
0.08062266558408737, 0.023954816162586212
0.06658069789409637, 0.010189316235482693
0.07608138769865036, 0.018610581755638123
0.07260415703058243, 0.012867135927081108
0.07255984842777252, 0.019869903102517128
0.07795518636703491, 0.017925133928656578
0.07624874264001846, 0.013630871661007404
0.07456415891647339, 0.020120803266763687
0.06934282928705215, 0.011140737682580948
0.0732758641242981, 0.014581368304789066
0.07170304656028748, 0.012908454984426498
0.07264748960733414, 0.009883073158562183
0.07517821341753006, 0.01204017922282219
0.07182721793651581, 0.012443700805306435
0.0701860785484314, 0.011985414661467075
0.0711064487695694, 0.01646854169666767
0.07389882206916809, 0.012387501075863838
0.07264600694179535, 0.014226483181118965
0.08657755702733994, 0.017933132126927376
0.08147821575403214, 0.016807489097118378
0.07731363922357559, 0.014494149014353752
0.0680604949593544, 0.01544405147433281
0.07593020796775818, 0.01542692817747593
0.0746237263083458, 0.01342515368014574
0.07309410721063614, 0.01435842551290989
0.08021144568920135, 0.020137589424848557
0.08228806406259537, 0.019748056307435036
0.06931695342063904, 0.016965677961707115
0.06579193472862244, 0.01552488747984171
0.0754457488656044, 0.014422718435525894
0.07300033420324326, 0.016770469024777412
0.06924676895141602, 0.02112390659749508
0.07208071649074554, 0.014644642360508442
0.07091443240642548, 0.014539443887770176
0.06805429607629776, 0.013406263664364815
0.06562373787164688, 0.015246748924255371
0.06742016226053238, 0.01574709452688694
0.07412294298410416, 0.01194409653544426
0.0734546035528183, 0.014952010475099087
0.06657705456018448, 0.013194340281188488
0.07270640134811401, 0.020363474264740944
0.07321453094482422, 0.02637600153684616
0.07070297747850418, 0.017886916175484657
0.074057437479496, 0.020176075398921967
0.07356386631727219, 0.014145017601549625
0.07726114988327026, 0.025291796773672104
0.0654904767870903, 0.010013656690716743
0.06648673117160797, 0.014642274007201195
0.0736592635512352, 0.011901743710041046
0.07551110535860062, 0.016794653609395027
0.0815592035651207, 0.01291239820420742
0.08793722838163376, 0.021199846640229225
0.06828393042087555, 0.014248469844460487
0.07700639963150024, 0.025273507460951805
0.07726237922906876, 0.018563851714134216
0.07384870946407318, 0.010764042846858501
0.0750974491238594, 0.020360657945275307
0.06359033286571503, 0.013575802557170391
0.07053060829639435, 0.013535561040043831
0.08450696617364883, 0.021381696686148643
0.07407789677381516, 0.021319692954421043
0.0660608783364296, 0.014496364630758762
0.06626483052968979, 0.014200596138834953
0.07180427759885788, 0.009714151732623577
0.07095601409673691, 0.01706775277853012
0.07346948236227036, 0.01903938315808773
0.08226684480905533, 0.011943650431931019
0.07668591290712357, 0.01365717500448227
0.07668910175561905, 0.014661828055977821
0.07240244746208191, 0.015854982659220695
0.08313719183206558, 0.016372377052903175
0.07101769000291824, 0.015063315629959106
0.06607065349817276, 0.012983706779778004
0.07458306103944778, 0.021836064755916595
0.07725217938423157, 0.017442183569073677
0.07424908131361008, 0.019776999950408936
0.06577915698289871, 0.016674714162945747
0.07054098695516586, 0.02217383123934269
0.07368973642587662, 0.012237477116286755
0.07357519865036011, 0.01573116146028042
0.0742982029914856, 0.023744821548461914
0.07428917288780212, 0.01546342670917511
0.07990534603595734, 0.016153747215867043
0.06809043139219284, 0.01278248243033886
0.08017605543136597, 0.016908608376979828
0.06643233448266983, 0.016413282603025436
0.07654689252376556, 0.014932787045836449
0.06898725032806396, 0.012520038522779942
0.06907770037651062, 0.014773659408092499
0.07162866741418839, 0.019231829792261124
0.08157294988632202, 0.01863090507686138
0.07964164763689041, 0.018259979784488678
0.07538167387247086, 0.02140783704817295
0.07617214322090149, 0.010999929159879684
0.0714297816157341, 0.013181009329855442
0.07079952210187912, 0.019909901544451714
0.07509849965572357, 0.014833323657512665
0.07797250151634216, 0.02080366015434265
0.0625956729054451, 0.009707769379019737
0.0715930238366127, 0.01742754690349102
0.07085027545690536, 0.01653750240802765
0.07376886904239655, 0.014810945838689804
0.0718885138630867, 0.01640838198363781
0.07139337062835693, 0.01485130749642849
0.07066631317138672, 0.01772208884358406
0.0823754295706749, 0.011013181880116463
0.07008799910545349, 0.010992320254445076
0.07464725524187088, 0.015643924474716187
0.08121201395988464, 0.02091691456735134
0.06680629402399063, 0.01021947804838419
0.07433679699897766, 0.019147133454680443
0.07885543256998062, 0.019604600965976715
0.07336711138486862, 0.01513263676315546
0.07683776319026947, 0.019769910722970963
0.0689869076013565, 0.007664495147764683
0.0747016966342926, 0.01883082091808319
0.07378683239221573, 0.01744496449828148
0.07007592916488647, 0.014307781122624874
0.07445790618658066, 0.014115613885223866
0.06975295394659042, 0.01457905676215887
0.06406760215759277, 0.01687682792544365
0.07314137369394302, 0.01708427257835865
0.07873234152793884, 0.01665494218468666
0.06759218126535416, 0.01583891175687313
0.07510314136743546, 0.021807018667459488
0.07673421502113342, 0.014743012376129627
0.0785919725894928, 0.01543783862143755
0.08238613605499268, 0.02291201613843441
0.07824572175741196, 0.01876923255622387
0.0672994926571846, 0.015350723639130592
0.0715387761592865, 0.01117197796702385
0.06877582520246506, 0.009059855714440346
0.08154892176389694, 0.014409906230866909
0.07283809781074524, 0.017575887963175774
0.06461850553750992, 0.011524858884513378
0.06803984940052032, 0.013944176025688648
0.07166871428489685, 0.01095911767333746
0.07061075419187546, 0.009321043267846107
0.07052568346261978, 0.012210302986204624
0.07639790326356888, 0.017080871388316154
0.06969176977872849, 0.011802542954683304
0.06790558993816376, 0.01612607203423977
0.07212744653224945, 0.014602267183363438
0.07122505456209183, 0.017233382910490036
0.07924449443817139, 0.014317202381789684
0.07063251733779907, 0.012177565135061741
0.07213960587978363, 0.021216364577412605
0.0697714164853096, 0.010783059522509575
0.06995444744825363, 0.015145082026720047
0.07062225043773651, 0.015134704299271107
0.06835108995437622, 0.012031459249556065
0.06959646940231323, 0.016451289877295494
0.07826165109872818, 0.019191818311810493
0.06971727311611176, 0.01591508835554123
0.07416191697120667, 0.017599264159798622
0.06609810888767242, 0.013582190498709679
0.07364298403263092, 0.015549679286777973
0.06718642264604568, 0.014133564196527004
0.06966190040111542, 0.01625749282538891
0.07404322922229767, 0.012016868218779564
0.0775265097618103, 0.02009284682571888
0.07379183173179626, 0.01896282285451889
0.06723576039075851, 0.018764933571219444
0.07482848316431046, 0.017836805433034897
0.06447984278202057, 0.01218587439507246
0.07231750339269638, 0.017253361642360687
0.07586947828531265, 0.013977160677313805
0.06949179619550705, 0.016154173761606216
0.06880766153335571, 0.018172480165958405
0.06508489698171616, 0.01605621725320816
0.06854379922151566, 0.011510778218507767
0.06871944665908813, 0.018181752413511276
0.06955505162477493, 0.015251697972416878
0.07521773129701614, 0.018098121508955956
0.08085218816995621, 0.01798461750149727
0.06881877034902573, 0.016075870022177696
0.07146201282739639, 0.01380927488207817
0.07409268617630005, 0.01647166907787323
0.06819608062505722, 0.012182527221739292
0.06631246209144592, 0.010344157926738262
0.06619300693273544, 0.008797547779977322
0.0717376172542572, 0.014293222688138485
0.06688529998064041, 0.010630839504301548
0.07328063994646072, 0.016857322305440903
0.07599858939647675, 0.014473576098680496
0.0710066482424736, 0.013849344104528427
0.06604558229446411, 0.01252791378647089
0.06561578065156937, 0.011739368550479412
0.07454469054937363, 0.01117513608187437
0.07172498106956482, 0.01597202755510807
0.07734016329050064, 0.01052625011652708
0.0806707888841629, 0.018066752701997757
0.07435593008995056, 0.018670646473765373
0.07971525192260742, 0.015513802878558636
0.07189570367336273, 0.01465030387043953
0.06714139133691788, 0.011439317837357521
0.0685204416513443, 0.015513008460402489
0.08022855967283249, 0.01793447695672512
0.07327333092689514, 0.018637927249073982
0.06994578242301941, 0.017390113323926926
0.06607715040445328, 0.011789794079959393
0.06524200737476349, 0.017568152397871017
0.07317294180393219, 0.02163645066320896
0.07370802015066147, 0.016271857544779778
0.07373272627592087, 0.028241390362381935
0.07541830092668533, 0.015970950946211815
0.0633452907204628, 0.01251887995749712
0.06859326362609863, 0.01193179003894329
0.06651940196752548, 0.01411121990531683
0.0749523714184761, 0.01950758323073387
0.06914287060499191, 0.01104181632399559
0.06883883476257324, 0.012794735841453075
0.08052021265029907, 0.01966172643005848
0.07319925725460052, 0.013005019165575504
0.06549625098705292, 0.014300552196800709
0.07598130404949188, 0.016942590475082397
0.07199271023273468, 0.012973862700164318
0.0742618590593338, 0.016505343839526176
0.07271581143140793, 0.016913481056690216
0.07443145662546158, 0.01553253922611475
0.0681726410984993, 0.012703056447207928
0.07879295945167542, 0.013775964267551899
0.06756392866373062, 0.019241938367486
0.07741974294185638, 0.013577212579548359
0.06725155562162399, 0.02068317122757435
0.06825528293848038, 0.013641678728163242
0.06723601371049881, 0.010838974267244339
0.07453331351280212, 0.014697253704071045
0.06954683363437653, 0.01607176847755909
0.07606041431427002, 0.01683693379163742
0.06371530145406723, 0.023772787302732468
0.06859076023101807, 0.01287393644452095
0.06653686612844467, 0.010877489112317562
0.07176504284143448, 0.01374728325754404
0.06854236125946045, 0.013341838493943214
0.0727555900812149, 0.01544888410717249
0.06830526143312454, 0.016257062554359436
0.07571692764759064, 0.01881788671016693
0.07171827554702759, 0.013232079334557056
0.06983679533004761, 0.013304764404892921
0.065615214407444, 0.020399928092956543
0.06797965615987778, 0.012748613022267818
0.06960346549749374, 0.018482033163309097
0.071149080991745, 0.01780662126839161
0.06817377358675003, 0.01969640888273716
0.06900538504123688, 0.018424343317747116
0.07216396182775497, 0.012719622813165188
0.0744529739022255, 0.016793537884950638
0.059759750962257385, 0.011591712012887001
0.07153112441301346, 0.016146104782819748
0.07592061907052994, 0.01430625468492508
0.0670132264494896, 0.015493218787014484
0.06876100599765778, 0.013877816498279572
0.06716647744178772, 0.013836483471095562
0.07515846192836761, 0.014784201048314571
0.07952795922756195, 0.020954187959432602
0.07126199454069138, 0.01091862190514803
0.07044290006160736, 0.014970420859754086
0.06938498467206955, 0.01588515006005764
0.07424407452344894, 0.015355009585618973
0.07352102547883987, 0.013965392485260963
0.07235818356275558, 0.01583210378885269
0.06581036001443863, 0.01804089918732643
0.06829813867807388, 0.010908428579568863
0.07712700963020325, 0.01660188101232052
0.07736575603485107, 0.010682597756385803
0.07917988300323486, 0.01852106675505638
0.07774830609560013, 0.01641082391142845
0.08095677942037582, 0.021624131128191948
0.0708252489566803, 0.014038956724107265
0.07178547978401184, 0.014868327416479588
0.06749969720840454, 0.014880646951496601
0.06693887710571289, 0.018364407122135162
0.06855358928442001, 0.009509283117949963
0.06922433525323868, 0.018724877387285233
0.07063596695661545, 0.01344310212880373
0.07218775898218155, 0.011839764192700386
0.06735674291849136, 0.01351854670792818
0.06538859009742737, 0.010580816306173801
0.06751091033220291, 0.01635022647678852
0.06687292456626892, 0.013347054831683636
0.06831994652748108, 0.016582434996962547
0.07596666365861893, 0.014399519190192223
0.07469954341650009, 0.018482469022274017
0.06509458273649216, 0.009624012745916843
0.06369896233081818, 0.009720864705741405
0.06877832114696503, 0.0177475456148386
0.06946684420108795, 0.01921132020652294
0.07055822759866714, 0.015481632202863693
0.06637758016586304, 0.014706977643072605
0.06892617791891098, 0.0175928957760334
0.07140150666236877, 0.018191944807767868
0.06139757111668587, 0.016526415944099426
0.06786580383777618, 0.014224551618099213
0.06780967861413956, 0.017033690586686134
0.07027707248926163, 0.015931429341435432
0.07175912708044052, 0.01492357812821865
0.06989053636789322, 0.01515011116862297
0.06776397675275803, 0.010611362755298615
0.05823308229446411, 0.01908048801124096
0.06485972553491592, 0.01519199088215828
0.07492820918560028, 0.018976861611008644
0.07217662036418915, 0.01054634153842926
0.07675901055335999, 0.017825106158852577
0.0655183419585228, 0.010507252998650074
0.07341976463794708, 0.014655211940407753
0.07357072830200195, 0.018053721636533737
0.06855969876050949, 0.01543662790209055
0.06499560922384262, 0.013441978022456169
0.0756850317120552, 0.021719980984926224
0.06932099163532257, 0.014138543047010899
0.07353752851486206, 0.02327958680689335
0.06538689136505127, 0.01402502041310072
0.06621834635734558, 0.016662999987602234
0.07385706901550293, 0.01529459934681654
0.06757880747318268, 0.013002909719944
0.07637634128332138, 0.017554860562086105
0.07193561643362045, 0.01449782494455576
0.072014719247818, 0.012603160925209522
0.07387034595012665, 0.0167324747890234
0.07256977260112762, 0.012329497374594212
0.0746181309223175, 0.01604829914867878
0.06934695690870285, 0.01622500829398632
0.06370498239994049, 0.011231595650315285
0.0718243420124054, 0.01876840740442276
0.06611008197069168, 0.012392835691571236
0.06985395401716232, 0.017242202535271645
0.07294956594705582, 0.013787060044705868
0.0674484521150589, 0.015668567270040512
0.06870266795158386, 0.015414943918585777
0.06850237399339676, 0.01470713596791029
0.07127539068460464, 0.014622638002038002
0.06454174965620041, 0.013029810972511768
0.06889854371547699, 0.01624915562570095
0.06667803227901459, 0.013073359616100788
0.06593964248895645, 0.013246658258140087
0.07140622287988663, 0.017730560153722763
0.06674312800168991, 0.01567492075264454
0.07045040279626846, 0.01604337804019451
0.06269741803407669, 0.008766469545662403
0.06480719894170761, 0.011293524876236916
0.07477787882089615, 0.015014098025858402
0.06673501431941986, 0.01820269040763378
0.06521835178136826, 0.012380273081362247
0.06521807610988617, 0.01949937269091606
0.0639246329665184, 0.014197277836501598
0.06617724895477295, 0.023643478751182556
0.06812455505132675, 0.02073723077774048
0.07219216972589493, 0.016826361417770386
0.06550057232379913, 0.011762336827814579
0.0722963958978653, 0.01662340573966503
0.07030031085014343, 0.012909087352454662
0.06578715890645981, 0.013942609541118145
0.07062500715255737, 0.013419035822153091
0.06707409769296646, 0.016852518543601036
0.07649718225002289, 0.018026795238256454
0.06983906030654907, 0.021083444356918335
0.07332095503807068, 0.013108348473906517
0.06830167770385742, 0.016279729083180428
0.06257070600986481, 0.013829238712787628
0.06570393592119217, 0.014326590113341808
0.06893276423215866, 0.010900478810071945
0.07036896049976349, 0.015109111554920673
0.06357774138450623, 0.011709415353834629
0.06963644921779633, 0.019087567925453186
0.07144536077976227, 0.017586668953299522
0.07014551013708115, 0.011037047021090984
0.06583300977945328, 0.012188062071800232
0.06910263001918793, 0.012727282010018826
0.07185982167720795, 0.013170117512345314
0.06577567756175995, 0.012675410136580467
0.07260508090257645, 0.017383595928549767
0.08353357762098312, 0.018320320174098015
0.06838516145944595, 0.011801835149526596
0.06976231932640076, 0.013065291568636894
0.06929246336221695, 0.015116790309548378
0.06290939450263977, 0.013926886953413486
0.06743645668029785, 0.01065872237086296
0.07241307199001312, 0.01204871479421854
0.067805714905262, 0.014791344292461872
0.0643719732761383, 0.014162799343466759
0.0683722123503685, 0.017263224348425865
0.06860926747322083, 0.012405467219650745
0.06998671591281891, 0.0151984179392457
0.0667291134595871, 0.01216349471360445
0.06569699198007584, 0.013691771775484085
0.06538467854261398, 0.01811862364411354
0.0626496970653534, 0.011018291115760803
0.07394126802682877, 0.01671912893652916
0.06861751526594162, 0.014537773095071316
0.06694081425666809, 0.015589751303195953
0.0654820054769516, 0.011822800152003765
0.06668222695589066, 0.016992338001728058
0.07541481405496597, 0.013112448155879974
0.07323876023292542, 0.012289445847272873
0.07025706022977829, 0.014010388404130936
0.06864951550960541, 0.011729072779417038
0.06665948778390884, 0.015274145640432835
0.06582406908273697, 0.01449784729629755
0.06333477050065994, 0.012175248004496098
0.07564811408519745, 0.015550052747130394
0.06295236945152283, 0.008989903144538403
0.060032740235328674, 0.013090687803924084
0.06982817500829697, 0.01532690692692995
0.075011245906353, 0.011180520057678223
0.07237114757299423, 0.015953144058585167
0.07014021277427673, 0.011738873086869717
0.06581355631351471, 0.011505653150379658
0.06468114256858826, 0.01696385256946087
0.06677026301622391, 0.016634436324238777
0.06932796537876129, 0.018797028809785843
0.06475429981946945, 0.01099705696105957
0.059893302619457245, 0.011193715035915375
0.06474702060222626, 0.013111518695950508
0.07040616124868393, 0.015169729478657246
0.06494444608688354, 0.009427824057638645
0.06719361245632172, 0.014735032804310322
0.06717627495527267, 0.014963055029511452
0.0707196593284607, 0.014337345026433468
0.06776578724384308, 0.009781090542674065
0.07123169302940369, 0.015214033424854279
0.0699908658862114, 0.016614874824881554
0.06264769285917282, 0.012611811980605125
0.06266812235116959, 0.012413928285241127
0.06969728320837021, 0.01219181902706623
0.06726092100143433, 0.0180168766528368
0.06549283117055893, 0.01374798733741045
0.07029160857200623, 0.01608988083899021
0.06448725610971451, 0.014602609910070896
0.08339410275220871, 0.022206127643585205
0.07266226410865784, 0.01663556508719921
0.06811897456645966, 0.011442159302532673
0.07078436762094498, 0.013057849369943142
0.06374884396791458, 0.010011968202888966
0.06484246999025345, 0.011536011472344398
0.06932881474494934, 0.013497338630259037
0.07049987465143204, 0.013385538011789322
0.06768446415662766, 0.011794937774538994
0.06312792748212814, 0.01146923378109932
0.06946712732315063, 0.015488562174141407
0.06818459182977676, 0.014024341478943825
0.06471210718154907, 0.013654779642820358
0.06955258548259735, 0.016955595463514328
0.0709618479013443, 0.01675349473953247
0.0774315744638443, 0.015300679951906204
0.0711655393242836, 0.01914583146572113
0.0686776340007782, 0.01864868402481079
0.06855564564466476, 0.013947868719696999
0.07621648162603378, 0.014967920258641243
0.07094177603721619, 0.014769244007766247
0.07504478842020035, 0.016483692452311516
0.06744679063558578, 0.010480240918695927
0.07158133387565613, 0.01805964484810829
0.07246533781290054, 0.01103659626096487
0.0663735643029213, 0.018289538100361824
0.06661654263734818, 0.013684561476111412
0.05764593183994293, 0.009520887397229671
0.07722262293100357, 0.018250729888677597
0.06731526553630829, 0.02117866836488247
0.06856731325387955, 0.012619252316653728
0.06785927712917328, 0.02015385963022709
0.062166620045900345, 0.0126333674415946
0.07421121746301651, 0.01615305244922638
0.06914626061916351, 0.01640281267464161
0.06786005944013596, 0.011157684028148651
0.06730666011571884, 0.013126803562045097
0.06912912428379059, 0.01706121861934662
0.07042299956083298, 0.01672644354403019
0.06479030102491379, 0.012983852066099644
0.07232290506362915, 0.01484665833413601
0.0663398876786232, 0.018375011160969734
0.06994841992855072, 0.01686882972717285
0.06614947319030762, 0.012946179136633873
0.06959623098373413, 0.015544503927230835
0.07110311090946198, 0.01476184744387865
0.0705837830901146, 0.01383451372385025
0.06629807502031326, 0.010521122254431248
0.07405280321836472, 0.023083394393324852
0.06425756961107254, 0.016100846230983734
0.07151974737644196, 0.014623903669416904
0.07514005154371262, 0.019349783658981323
0.06868767738342285, 0.012853501364588737
0.06629336625337601, 0.012472442351281643
0.06742242723703384, 0.012536799535155296
0.07690270245075226, 0.014123369008302689
0.07697965949773788, 0.017499838024377823
0.06260175257921219, 0.014358561486005783
0.06928183883428574, 0.012609466910362244
0.07191737741231918, 0.017856447026133537
0.06673083454370499, 0.013678137212991714
0.08227667957544327, 0.01909446343779564
0.06969460099935532, 0.01279224269092083
0.06866851449012756, 0.01742917113006115
0.06609167903661728, 0.013281947933137417
0.07650363445281982, 0.015055766329169273
0.0665154680609703, 0.018415730446577072
0.06597896665334702, 0.010985994711518288
0.06821557879447937, 0.012521623633801937
0.06821021437644958, 0.013004010543227196
0.07121965289115906, 0.014717900194227695
0.07660379260778427, 0.012787358835339546
0.06209089979529381, 0.011714865453541279
0.06290923058986664, 0.013871724717319012
0.06503845751285553, 0.01584036275744438
0.06531951576471329, 0.021367229521274567
0.06748852133750916, 0.014689934439957142
0.0703229084610939, 0.013641823083162308
0.07307438552379608, 0.014671147800981998
0.06131657585501671, 0.012281830422580242
0.06794358044862747, 0.013626251369714737
0.060041360557079315, 0.012210028246045113
0.06910762935876846, 0.013426637277007103
0.0721622183918953, 0.016754189506173134
0.07023973762989044, 0.009511619806289673
0.0649847611784935, 0.016539065167307854
0.06925221532583237, 0.015291962772607803
0.06592725217342377, 0.01087905839085579
0.0647706463932991, 0.018231742084026337
0.06225495785474777, 0.018491094931960106
0.06489098072052002, 0.008016989566385746
0.06264349073171616, 0.011227922514081001
0.06836424022912979, 0.016989819705486298
0.06286055594682693, 0.015335915610194206
0.06674478203058243, 0.01494383905082941
0.0687231495976448, 0.020206144079566002
0.06292954087257385, 0.019384101033210754
0.06532982736825943, 0.011996440589427948
0.0681355893611908, 0.011940527707338333
0.06309774518013, 0.0172797292470932
0.06727814674377441, 0.014120793901383877
0.06384704262018204, 0.013899004086852074
0.06362757831811905, 0.012699884362518787
0.07103710621595383, 0.014090687967836857
0.06839372217655182, 0.017720092087984085
