mean, std
0.14089448750019073, 0.10563488304615021
0.09785578399896622, 0.051189862191677094
0.0931175947189331, 0.05384260043501854
0.11880605667829514, 0.0889628678560257
0.09389392286539078, 0.05639437958598137
0.0777299776673317, 0.0700293704867363
0.07640576362609863, 0.06825342774391174
0.08603531867265701, 0.049722783267498016
0.060856740921735764, 0.04982466995716095
0.047256600111722946, 0.029637785628437996
0.06092459708452225, 0.04507904499769211
0.0547737255692482, 0.029646508395671844
0.06028919667005539, 0.05543431639671326
0.04313747212290764, 0.02945615164935589
0.05585479736328125, 0.04133985936641693
0.04494442418217659, 0.03214430436491966
0.04674094170331955, 0.028604771941900253
0.04692258685827255, 0.04381408542394638
0.05157487094402313, 0.04531345143914223
0.04411398619413376, 0.033335406333208084
0.04609942436218262, 0.0291583314538002
0.041386961936950684, 0.03284425660967827
0.03776714205741882, 0.02507200837135315
0.039396267384290695, 0.03353681042790413
0.0408947616815567, 0.030048785731196404
0.06486837565898895, 0.048810217529535294
0.05215013772249222, 0.0321594700217247
0.053051408380270004, 0.04150088503956795
0.055233635008335114, 0.028835691511631012
0.04300514981150627, 0.028958827257156372
0.05878748372197151, 0.03446010872721672
0.07150328159332275, 0.04506360739469528
0.0663052648305893, 0.04101479798555374
0.04310472309589386, 0.03554360568523407
0.0526711605489254, 0.05228607729077339
0.045331165194511414, 0.028507258743047714
0.06081869825720787, 0.04270002245903015
0.0918622836470604, 0.056478388607501984
0.053038340061903, 0.035450465977191925
0.049489349126815796, 0.03900161385536194
0.03806149959564209, 0.03219202905893326
0.04967906326055527, 0.03757934644818306
0.07832672446966171, 0.04164525121450424
0.061303429305553436, 0.052030790597200394
0.08010972291231155, 0.06061025708913803
0.05166160687804222, 0.044218968600034714
0.05431505665183067, 0.044536788016557693
0.04489769786596298, 0.039683058857917786
0.05872519686818123, 0.03659975528717041
0.039354752749204636, 0.0277230367064476
0.05194742977619171, 0.03242314234375954
0.061041343957185745, 0.041414905339479446
0.03548461198806763, 0.019436491653323174
0.04330206662416458, 0.03255264461040497
0.05893939733505249, 0.040304996073246
0.04313487187027931, 0.032127026468515396
0.04723489657044411, 0.044700738042593
0.05101973935961723, 0.0334017314016819
0.03827254846692085, 0.02909551002085209
0.05235333740711212, 0.05036330223083496
0.05580933392047882, 0.028284065425395966
0.056095488369464874, 0.04892171174287796
0.05226568505167961, 0.03797636926174164
0.06494837254285812, 0.03473302349448204
0.03941166400909424, 0.032881710678339005
0.054805170744657516, 0.02675778605043888
0.05572117865085602, 0.03501306474208832
0.07082559913396835, 0.04127047210931778
0.04243013635277748, 0.03153107315301895
0.07056298106908798, 0.04754817858338356
0.05467386543750763, 0.04331270605325699
0.04213808849453926, 0.043070171028375626
0.051698584109544754, 0.03695915639400482
0.04473622515797615, 0.028783192858099937
0.04185821861028671, 0.026730205863714218
0.056449249386787415, 0.042069725692272186
0.05638791620731354, 0.03752673417329788
0.0599077008664608, 0.03752799332141876
0.04647279903292656, 0.03357500210404396
0.04298342391848564, 0.030439302325248718
0.046425219625234604, 0.03922412917017937
0.04411177337169647, 0.03147728741168976
0.05955621227622032, 0.04216403514146805
0.038883935660123825, 0.04326588660478592
0.0554853230714798, 0.04052581265568733
0.05044941604137421, 0.03393222391605377
0.07478681206703186, 0.041832562536001205
0.046626828610897064, 0.03060835972428322
0.05171260982751846, 0.03886694833636284
0.05048449710011482, 0.034092992544174194
0.05341687425971031, 0.028412604704499245
0.05837903544306755, 0.037195369601249695
0.049722373485565186, 0.0352330356836319
0.06312566250562668, 0.03873523324728012
0.06675998866558075, 0.05587242543697357
0.07148860394954681, 0.04671366885304451
0.04920007660984993, 0.046806320548057556
0.04499499127268791, 0.019596025347709656
0.05936143174767494, 0.039115969091653824
0.06682339310646057, 0.05878802388906479
0.039042070508003235, 0.027564769610762596
0.06915508210659027, 0.057613957673311234
0.038361892104148865, 0.035744935274124146
0.0691131129860878, 0.03294362500309944
0.033934999257326126, 0.023586204275488853
0.0495956614613533, 0.03152231127023697
0.04797830432653427, 0.03599391132593155
0.06892737001180649, 0.04181220382452011
0.06650704145431519, 0.03583551198244095
0.04262252524495125, 0.04725486412644386
0.040770769119262695, 0.03561027720570564
0.04810435324907303, 0.03480474650859833
0.047706861048936844, 0.037298861891031265
0.048464335501194, 0.027133002877235413
0.059707097709178925, 0.04044098034501076
0.027361860498785973, 0.022301724180579185
0.04421449080109596, 0.035949330776929855
0.03870679810643196, 0.02506476640701294
0.04707127809524536, 0.022635824978351593
0.05116846784949303, 0.036439500749111176
0.06407483667135239, 0.03431299328804016
0.10558316856622696, 0.07198310643434525
0.04850105196237564, 0.03808686137199402
0.04271169379353523, 0.031418249011039734
0.03180050477385521, 0.018728138878941536
0.05062876269221306, 0.03932151198387146
0.052616436034440994, 0.04483091086149216
0.05912867560982704, 0.03435644507408142
0.044140931218862534, 0.0325670950114727
0.055550482124090195, 0.043974392116069794
0.07519987970590591, 0.02728269435465336
0.05325855314731598, 0.05082080513238907
0.036358095705509186, 0.03146308287978172
0.05494221672415733, 0.02695634216070175
0.05499372258782387, 0.03576112538576126
0.055884793400764465, 0.027210216969251633
0.04353589937090874, 0.03269168734550476
0.05631529167294502, 0.03787042200565338
0.041171617805957794, 0.024306707084178925
0.03245324268937111, 0.022778913378715515
0.04539353400468826, 0.03765418753027916
0.06280237436294556, 0.041905540972948074
0.04523758962750435, 0.028054136782884598
0.047569308429956436, 0.03060155175626278
0.05077488347887993, 0.047021929174661636
0.046476900577545166, 0.029554754495620728
0.051856447011232376, 0.02534680813550949
0.04968200996518135, 0.03485988453030586
0.1168084517121315, 0.052528608590364456
0.09783270210027695, 0.06532984972000122
0.05905095860362053, 0.03963514044880867
0.043029725551605225, 0.0272245854139328
0.029218852519989014, 0.024230968207120895
0.0399278923869133, 0.02814033441245556
0.08130352944135666, 0.05156220123171806
0.0411086268723011, 0.035784006118774414
0.06604424118995667, 0.059876613318920135
0.05388720706105232, 0.03804017975926399
0.07251297682523727, 0.04727473855018616
0.05172115936875343, 0.04047923907637596
0.05125688761472702, 0.0453357994556427
0.07359170913696289, 0.04426899179816246
0.09668692201375961, 0.05471699312329292
0.06282523274421692, 0.04124222695827484
0.03507232293486595, 0.025291644036769867
0.046944789588451385, 0.025326747447252274
0.054384417831897736, 0.03492812439799309
0.07278845459222794, 0.03605017438530922
0.06087269261479378, 0.04470605403184891
0.07985243946313858, 0.039544131606817245
0.048676662147045135, 0.04164028912782669
0.058824945241212845, 0.04610702022910118
0.042714085429906845, 0.03092515654861927
0.04326454922556877, 0.028291016817092896
0.03515173867344856, 0.024440066888928413
0.033598463982343674, 0.018436795100569725
0.054623499512672424, 0.04178038239479065
0.042053211480379105, 0.03664537891745567
0.042663995176553726, 0.0324101485311985
0.059893898665905, 0.048344455659389496
0.056872375309467316, 0.037097834050655365
0.04947727173566818, 0.034650322049856186
0.04699835926294327, 0.04160042852163315
0.05193518474698067, 0.03879159688949585
0.046080976724624634, 0.027424782514572144
0.04017699509859085, 0.026363741606473923
0.060087721794843674, 0.03562463819980621
0.03994450345635414, 0.033342208713293076
0.06689475476741791, 0.04070134088397026
0.04204409196972847, 0.029942022636532784
0.04917198419570923, 0.04418700933456421
0.03984111547470093, 0.030983816832304
0.03335711732506752, 0.027531178668141365
0.055049583315849304, 0.0342710055410862
0.04760291427373886, 0.03268754482269287
0.063862644135952, 0.032903481274843216
0.052660949528217316, 0.050703492015600204
0.07117944210767746, 0.04497598484158516
0.0732509195804596, 0.05971779301762581
0.07265882939100266, 0.052208781242370605
0.040315158665180206, 0.03565968945622444
0.037655722349882126, 0.018397096544504166
0.05087475851178169, 0.03322344273328781
0.05904119461774826, 0.035666365176439285
0.05818258598446846, 0.040341753512620926
0.048546936362981796, 0.03877052292227745
0.049569640308618546, 0.03736694157123566
0.035109810531139374, 0.02466150000691414
0.041183579713106155, 0.027288923040032387
0.050686705857515335, 0.0372171588242054
0.05552934110164642, 0.046919289976358414
0.05647648125886917, 0.04428820684552193
0.04843519628047943, 0.034748803824186325
0.05475212261080742, 0.04303409531712532
0.047414250671863556, 0.04470692574977875
0.0715264230966568, 0.061193376779556274
0.08180247992277145, 0.04522450640797615
0.062483642250299454, 0.04196692630648613
0.04892077296972275, 0.04042387753725052
0.06006363406777382, 0.03531669080257416
0.06942319869995117, 0.041793446987867355
0.042268697172403336, 0.029008686542510986
0.056018490344285965, 0.03482472524046898
0.05748145654797554, 0.05146017298102379
0.0448349192738533, 0.031822819262742996
0.057640593498945236, 0.02604914829134941
0.03693457692861557, 0.027321642264723778
0.04393778368830681, 0.027425050735473633
0.04796643182635307, 0.04347778484225273
0.04287933558225632, 0.03360946103930473
0.07702256739139557, 0.03899122774600983
0.06131923943758011, 0.04408716782927513
0.05951379984617233, 0.03384147211909294
0.04080342501401901, 0.030933070927858353
0.04242243245244026, 0.0287786815315485
0.06237735226750374, 0.04991311579942703
0.047553326934576035, 0.03095591440796852
0.04767448827624321, 0.04000043869018555
0.06371024996042252, 0.03556990996003151
0.04658449441194534, 0.021351035684347153
0.05364437773823738, 0.03841255232691765
0.0363464280962944, 0.023849541321396828
0.049084801226854324, 0.029698114842176437
0.05726753920316696, 0.038850147277116776
0.06000146642327309, 0.04097456485033035
0.04606910049915314, 0.031082266941666603
0.042540982365608215, 0.030411509796977043
0.06619807332754135, 0.048948369920253754
0.07296273857355118, 0.04590935260057449
0.04214403033256531, 0.02607574686408043
0.04529290273785591, 0.03381582722067833
0.042979419231414795, 0.0327916257083416
0.054819975048303604, 0.033866722136735916
0.04111430421471596, 0.030444497242569923
0.03777087852358818, 0.03183727711439133
0.04708865284919739, 0.04181966930627823
0.0384962372481823, 0.021137163043022156
0.05447670817375183, 0.04658643901348114
0.043382804840803146, 0.0411442406475544
0.053998399525880814, 0.025689635425806046
0.0397651270031929, 0.0237224493175745
0.03520399332046509, 0.021269183605909348
0.08635762333869934, 0.04213821142911911
0.05038641765713692, 0.031268659979104996
0.05238260701298714, 0.04710497707128525
0.05346760153770447, 0.040020447224378586
0.04650094360113144, 0.0291998740285635
0.06763092428445816, 0.03879117965698242
0.04738997295498848, 0.03479097783565521
0.05955788120627403, 0.032144252210855484
0.04205872118473053, 0.025722606107592583
0.06752189993858337, 0.03823430463671684
0.057344045490026474, 0.033980533480644226
0.06208067387342453, 0.0527692511677742
0.03563794866204262, 0.035300128161907196
0.04823383688926697, 0.03781673684716225
0.03958868607878685, 0.032371073961257935
0.040040578693151474, 0.027143828570842743
0.07146739959716797, 0.04458371549844742
0.0683387890458107, 0.04502371698617935
0.06603710353374481, 0.04348616302013397
0.0544574148952961, 0.04062599688768387
0.06440980732440948, 0.03625522926449776
0.047730207443237305, 0.023984530940651894
0.08602606505155563, 0.047899745404720306
0.06068812683224678, 0.03689998760819435
0.06832006573677063, 0.04671170562505722
0.04917614907026291, 0.038011159747838974
0.0785631537437439, 0.04886847734451294
0.04914482682943344, 0.037530895322561264
0.03296003118157387, 0.02407003566622734
0.04547174647450447, 0.036333054304122925
0.06046592444181442, 0.03897203132510185
0.05903122201561928, 0.03577293083071709
0.046448081731796265, 0.03145156055688858
0.06726519763469696, 0.03987488895654678
0.04890204221010208, 0.04568227007985115
0.06984464824199677, 0.04966183006763458
0.06021210178732872, 0.04220470041036606
0.05185442417860031, 0.03769511729478836
0.05109475180506706, 0.03450741618871689
0.06318484246730804, 0.03135452792048454
0.06714945286512375, 0.03629403933882713
0.04754040017724037, 0.028069961816072464
0.05151587724685669, 0.033281777054071426
0.06509895622730255, 0.04089485481381416
0.06622327119112015, 0.04249688237905502
0.049727413803339005, 0.02979038655757904
0.05817100778222084, 0.042555611580610275
0.06123613566160202, 0.03327736258506775
0.06167660281062126, 0.0447760634124279
0.0819496288895607, 0.06128733977675438
0.05455666035413742, 0.04689591005444527
0.08522036671638489, 0.05018433928489685
0.051944468170404434, 0.040876809507608414
0.042430564761161804, 0.03364786133170128
0.054299063980579376, 0.038043368607759476
0.05873488262295723, 0.0431990884244442
0.04681827872991562, 0.0373242162168026
0.04898664727807045, 0.039241403341293335
0.04863068833947182, 0.032349344342947006
0.05186004191637039, 0.04357481747865677
0.04883858934044838, 0.033146731555461884
0.04801316559314728, 0.02991229109466076
0.047088947147130966, 0.026001231744885445
0.05464072898030281, 0.03250337764620781
0.03366895392537117, 0.02092716284096241
0.0953579843044281, 0.06630153954029083
0.06160948798060417, 0.04538436606526375
0.05376248434185982, 0.04769552871584892
0.10399744659662247, 0.05565705895423889
0.08456672728061676, 0.05308878794312477
0.05765365809202194, 0.04797496646642685
0.04333805665373802, 0.031250469386577606
0.028178056702017784, 0.01688832975924015
0.05292101949453354, 0.02869539149105549
0.0635545551776886, 0.038229141384363174
0.059706371277570724, 0.04410784691572189
0.09788930416107178, 0.05382220819592476
0.037592049688100815, 0.03014189377427101
0.057411838322877884, 0.034850649535655975
0.052869465202093124, 0.03807000815868378
0.054555196315050125, 0.033913303166627884
0.06365790218114853, 0.03807971999049187
0.035780154168605804, 0.023955661803483963
0.04033631086349487, 0.028293859213590622
0.04179012402892113, 0.03420348837971687
0.030425522476434708, 0.030395010486245155
0.04533717781305313, 0.025671448558568954
0.04907011613249779, 0.03666011616587639
0.05814570188522339, 0.05098510906100273
0.05515138432383537, 0.03363300487399101
0.05947834998369217, 0.03641553595662117
0.04943512752652168, 0.037181396037340164
0.07199005037546158, 0.04640655219554901
0.04962984472513199, 0.03458268567919731
0.039366062730550766, 0.01988593488931656
0.056863367557525635, 0.05103867128491402
0.07750911265611649, 0.034724265336990356
0.06431356072425842, 0.038833245635032654
0.04978710785508156, 0.044752102345228195
0.0695270523428917, 0.041805945336818695
0.05664581060409546, 0.03768942132592201
0.04220648854970932, 0.026197273284196854
0.05535883083939552, 0.03590657562017441
0.042044755071401596, 0.035440653562545776
0.05443665385246277, 0.036657288670539856
0.04595692828297615, 0.02772115170955658
0.05826524272561073, 0.032347630709409714
0.05117588862776756, 0.041446488350629807
0.04900382086634636, 0.03741416707634926
0.06708568334579468, 0.04237756505608559
0.049315374344587326, 0.03177447244524956
0.05770668014883995, 0.04710012674331665
0.04309576004743576, 0.023500654846429825
0.04527068883180618, 0.030795544385910034
0.04317403957247734, 0.030631473287940025
0.04381278157234192, 0.021350067108869553
0.056782543659210205, 0.03360076621174812
0.046063512563705444, 0.045155081897974014
0.03432757779955864, 0.033543724566698074
0.05088987201452255, 0.03669120371341705
0.0817003920674324, 0.05901699513196945
0.05051534250378609, 0.037767618894577026
0.045250117778778076, 0.022839810699224472
0.05302819982171059, 0.03266868740320206
0.04697217047214508, 0.03655318170785904
0.05350087955594063, 0.03915039449930191
0.04847700893878937, 0.03483378142118454
0.08717737346887589, 0.058053988963365555
0.04634826257824898, 0.025119617581367493
0.04316570609807968, 0.03380938619375229
0.07090963423252106, 0.03582527115941048
0.06113509461283684, 0.03920555114746094
0.035117413848638535, 0.0343862846493721
0.06630576401948929, 0.028922002762556076
0.06422042101621628, 0.04262835532426834
0.05960666388273239, 0.036558669060468674
0.05251932144165039, 0.04780857637524605
0.05762092396616936, 0.04354177415370941
0.04824616760015488, 0.041071053594350815
0.04033421352505684, 0.034298792481422424
0.05471537634730339, 0.04013035446405411
0.06477859616279602, 0.0340447798371315
0.07139881700277328, 0.043866854161024094
0.04682308807969093, 0.02121422253549099
0.06726134568452835, 0.04458681866526604
0.03414325788617134, 0.033158447593450546
0.06743651628494263, 0.05668244883418083
0.06532207876443863, 0.04348810762166977
0.05654038488864899, 0.0329400897026062
0.04920695722103119, 0.03094608709216118
0.03959386795759201, 0.02820063754916191
0.07483057677745819, 0.05490054935216904
0.045395366847515106, 0.037547517567873
0.05009273812174797, 0.03862312063574791
0.056250691413879395, 0.036909069865942
0.051621343940496445, 0.03134308010339737
0.04619332030415535, 0.03686798736453056
0.07533515989780426, 0.041989441961050034
0.046434491872787476, 0.021953022107481956
0.05404112488031387, 0.030160214751958847
0.06237182393670082, 0.04076182469725609
0.04267381504178047, 0.02815547212958336
0.04575054347515106, 0.031161319464445114
0.05331292375922203, 0.0381770133972168
0.05096219480037689, 0.0264615248888731
0.04771776869893074, 0.03282554820179939
0.04192373529076576, 0.02618742361664772
0.06900519132614136, 0.043351899832487106
0.05104541778564453, 0.03405183553695679
0.06279412657022476, 0.035451553761959076
0.08454152196645737, 0.05706120654940605
0.05034978315234184, 0.04287835955619812
0.054115574806928635, 0.037849899381399155
0.06703057140111923, 0.05904845893383026
0.04415493458509445, 0.032948434352874756
0.041961025446653366, 0.0312892310321331
0.07280643284320831, 0.043577324599027634
0.04165326803922653, 0.02796090580523014
0.06603473424911499, 0.05347402021288872
0.048317957669496536, 0.03320086747407913
0.04479656741023064, 0.037927042692899704
0.05322199687361717, 0.03127443417906761
0.09008187800645828, 0.04843074083328247
0.10464199632406235, 0.052541334182024
0.04214721545577049, 0.03397076576948166
0.046436622738838196, 0.035115428268909454
0.07127959281206131, 0.0473463349044323
0.05160601809620857, 0.027488138526678085
0.04811566323041916, 0.03544219583272934
0.03659670427441597, 0.03184303641319275
0.056050945073366165, 0.03542831167578697
0.04682179540395737, 0.034207820892333984
0.046384770423173904, 0.029217345640063286
0.0587158277630806, 0.04817472770810127
0.06391863524913788, 0.03500042483210564
0.06392606347799301, 0.03675813600420952
0.051391955465078354, 0.03193170949816704
0.0643947497010231, 0.036243241280317307
0.07129368931055069, 0.055887240916490555
0.0428713858127594, 0.029451152309775352
0.05030863359570503, 0.03311186283826828
0.05291223153471947, 0.0381154790520668
0.09691467881202698, 0.05315273255109787
0.05309467390179634, 0.03703486919403076
0.056211281567811966, 0.046552423387765884
0.06675736606121063, 0.04318079352378845
0.052900590002536774, 0.035379983484745026
0.05224687606096268, 0.03680829703807831
0.07085353136062622, 0.0339328832924366
0.05481427535414696, 0.036477040499448776
0.05385379120707512, 0.03158283978700638
0.051245324313640594, 0.0399872250854969
0.040028393268585205, 0.02715287171304226
0.08377572894096375, 0.05040491372346878
0.0672941729426384, 0.04789016768336296
0.06072482094168663, 0.025198178365826607
0.06726623326539993, 0.04216242954134941
0.05522490665316582, 0.04041553661227226
0.044897399842739105, 0.035690560936927795
0.034600067883729935, 0.03583443537354469
0.06530221551656723, 0.0574711374938488
0.055516939610242844, 0.04704953357577324
0.0778481513261795, 0.05146095156669617
0.06701621413230896, 0.0436103381216526
0.07108462601900101, 0.03777264431118965
0.06942382454872131, 0.031770702451467514
0.05136068910360336, 0.03647422790527344
0.0593595914542675, 0.03604051470756531
0.06321459263563156, 0.0519995242357254
0.06856126338243484, 0.04577487334609032
0.08020281046628952, 0.049384862184524536
0.06317785382270813, 0.03342442959547043
0.054687388241291046, 0.032784100621938705
0.05196539685130119, 0.035231366753578186
0.03820312023162842, 0.02205185405910015
0.06090372055768967, 0.039541542530059814
0.05285448580980301, 0.02073698863387108
0.045041292905807495, 0.03477940335869789
0.06656273454427719, 0.039262622594833374
0.059309422969818115, 0.04701996222138405
0.07516883313655853, 0.05525485798716545
0.05127827823162079, 0.0502370148897171
0.050023939460515976, 0.032956890761852264
0.04911273345351219, 0.03715785965323448
0.05449475720524788, 0.038935963064432144
0.05536474660038948, 0.04126238077878952
0.06561773270368576, 0.029830537736415863
0.05147470906376839, 0.043560415506362915
0.036563027650117874, 0.03279019147157669
0.056327275931835175, 0.02636192925274372
0.04071860760450363, 0.03356323391199112
0.0499524362385273, 0.04548757150769234
0.058732859790325165, 0.03508023917675018
0.04142589494585991, 0.027687879279255867
0.06054612621665001, 0.042534563690423965
0.04668304696679115, 0.03587803244590759
0.056857433170080185, 0.03977307304739952
0.03919999301433563, 0.026642238721251488
0.04197373613715172, 0.026558969169855118
0.05993421748280525, 0.03372117504477501
0.04912784695625305, 0.035641998052597046
0.056853003799915314, 0.03816613927483559
0.04208109900355339, 0.03702665492892265
0.03530411049723625, 0.01973755843937397
0.06706805527210236, 0.03745484724640846
0.04209943115711212, 0.03511575236916542
0.04810003563761711, 0.03649511560797691
0.05326416715979576, 0.03358389437198639
0.04521530121564865, 0.037658609449863434
0.06416872143745422, 0.02613597922027111
0.044055595993995667, 0.03829021751880646
0.03532435745000839, 0.023724939674139023
0.06677509099245071, 0.05322406440973282
0.042395398020744324, 0.02839156799018383
0.07079721242189407, 0.035237543284893036
0.04891516640782356, 0.031983353197574615
0.04212513566017151, 0.02311842143535614
0.04720931127667427, 0.0367572084069252
0.047839611768722534, 0.03677573800086975
0.09147271513938904, 0.04580136016011238
0.044329866766929626, 0.03548082709312439
0.045923300087451935, 0.03594422712922096
0.047352276742458344, 0.02744082733988762
0.057683151215314865, 0.03333522379398346
0.04036709666252136, 0.025476329028606415
0.0394037663936615, 0.03378535807132721
0.06367253512144089, 0.03770618513226509
0.053878575563430786, 0.03420392796397209
0.05296976864337921, 0.033755116164684296
0.05611707642674446, 0.02445603534579277
0.08656278997659683, 0.043267130851745605
0.05182589963078499, 0.032410070300102234
0.06554906070232391, 0.0458875373005867
0.052926551550626755, 0.04010462388396263
0.048951271921396255, 0.03539551421999931
0.0417049378156662, 0.03474412113428116
0.06200811639428139, 0.030316656455397606
0.05131376162171364, 0.033778268843889236
0.059107355773448944, 0.045446332544088364
0.05310135334730148, 0.03454816713929176
0.06170346960425377, 0.040999967604875565
0.03401597589254379, 0.0340019054710865
0.05571604520082474, 0.04500516504049301
0.034583088010549545, 0.03626352548599243
0.045909687876701355, 0.0375366285443306
0.03289800137281418, 0.028328245505690575
0.05354190990328789, 0.040451884269714355
0.042527634650468826, 0.03592366352677345
0.03593055531382561, 0.03409707173705101
0.06920164078474045, 0.04243660345673561
0.033342909067869186, 0.01767253503203392
0.07585476338863373, 0.05273820459842682
0.07626102864742279, 0.03987951949238777
0.06859202682971954, 0.04040519893169403
0.08891400694847107, 0.0496658980846405
0.05234997346997261, 0.035078637301921844
0.06103081256151199, 0.04251939803361893
0.06606689840555191, 0.04197955131530762
0.06775568425655365, 0.0624898262321949
0.059348512440919876, 0.04817618429660797
0.05764607712626457, 0.04639195278286934
0.07144521176815033, 0.042889706790447235
0.04845036193728447, 0.040202055126428604
0.06226152181625366, 0.0350518599152565
0.05104764178395271, 0.035296063870191574
0.05415741354227066, 0.03661176562309265
0.04233434423804283, 0.03326873108744621
0.05246977508068085, 0.03174031153321266
0.05537144094705582, 0.030408034101128578
0.05252881720662117, 0.041767433285713196
0.09826464205980301, 0.04789448902010918
0.039408326148986816, 0.030414868146181107
0.04699406027793884, 0.028068695217370987
0.05741056427359581, 0.04720771312713623
0.058787208050489426, 0.04085658863186836
0.1250128298997879, 0.05858265236020088
0.06330351531505585, 0.036192670464515686
0.05292760953307152, 0.03809376806020737
0.07883259654045105, 0.05165320634841919
0.07579798251390457, 0.037268515676259995
0.061574093997478485, 0.04855876788496971
0.06757426261901855, 0.03688861429691315
0.05347100645303726, 0.03267180547118187
0.06973056495189667, 0.05345286801457405
0.0884362980723381, 0.054059166461229324
0.03806659206748009, 0.027879754081368446
0.0316154845058918, 0.02478879690170288
0.04014737904071808, 0.03206511586904526
0.058431096374988556, 0.0386023074388504
0.05273079127073288, 0.03854157403111458
0.06525851786136627, 0.04427111893892288
0.08210690319538116, 0.052121035754680634
0.049807481467723846, 0.031366072595119476
0.06194230541586876, 0.03134232759475708
0.04044773802161217, 0.023965757340192795
0.036471664905548096, 0.024530773982405663
0.03330773115158081, 0.02475871331989765
0.05319036543369293, 0.02698059007525444
0.04825834184885025, 0.045038994401693344
0.03246684744954109, 0.03352923318743706
0.08590398728847504, 0.0499773845076561
0.06335765868425369, 0.04692525416612625
0.0771501362323761, 0.042897798120975494
0.0673946738243103, 0.0346495658159256
0.054124098271131516, 0.04275890439748764
0.07067263871431351, 0.043654605746269226
0.04822578281164169, 0.02949286252260208
0.04521571099758148, 0.027297368273139
0.04726381599903107, 0.03028261289000511
0.041483860462903976, 0.03183789178729057
0.052927806973457336, 0.040393099188804626
0.047398027032613754, 0.029631929472088814
0.04972471296787262, 0.03758975863456726
0.06201038882136345, 0.04544612392783165
0.03286604583263397, 0.033598583191633224
0.04921738803386688, 0.035029150545597076
0.04199884086847305, 0.033839933574199677
0.04166356474161148, 0.03038210980594158
0.0373307429254055, 0.030784647911787033
0.057492513209581375, 0.03927893936634064
0.055372145026922226, 0.03930019587278366
0.04714427888393402, 0.04392862319946289
0.07123439013957977, 0.044510044157505035
0.05604058504104614, 0.04018915817141533
0.057373788207769394, 0.03375783562660217
0.046292588114738464, 0.032393358647823334
0.049290794879198074, 0.03526679798960686
0.053348466753959656, 0.03409541770815849
0.06443507224321365, 0.05084509029984474
0.05054676905274391, 0.04867549613118172
0.03012227639555931, 0.02273103967308998
0.04689456522464752, 0.03395691514015198
0.06580623239278793, 0.0360976867377758
0.045650798827409744, 0.02980637177824974
0.05771169438958168, 0.041749704629182816
0.06913560628890991, 0.06531597673892975
0.08403442054986954, 0.04549672082066536
0.05890648439526558, 0.042169973254203796
0.07933984696865082, 0.04366327077150345
0.06228841841220856, 0.04467169567942619
0.055252183228731155, 0.03442377969622612
0.05789788439869881, 0.030236298218369484
0.046524494886398315, 0.035158928483724594
0.03800034150481224, 0.027094246819615364
0.03749050945043564, 0.02638874761760235
0.053886447101831436, 0.04042523354291916
0.04383077099919319, 0.03312218189239502
0.06503181159496307, 0.043059807270765305
0.06992075592279434, 0.04394136369228363
0.04648560285568237, 0.027197618037462234
0.048266541212797165, 0.03793136402964592
0.05657268315553665, 0.03599976748228073
0.0686790719628334, 0.04029037058353424
0.048448093235492706, 0.032071251422166824
0.05729616433382034, 0.04243221879005432
0.08289236575365067, 0.050895918160676956
0.08706212043762207, 0.04677003622055054
0.09912392497062683, 0.05481938272714615
0.0463244765996933, 0.03262781351804733
0.049863629043102264, 0.03078833967447281
0.038059111684560776, 0.029382742941379547
0.05216915160417557, 0.029453007504343987
0.05974595993757248, 0.04601726308465004
0.08262380212545395, 0.068373903632164
0.05944344028830528, 0.019395677372813225
0.08270677924156189, 0.05291861668229103
0.036060262471437454, 0.02469240128993988
0.049966420978307724, 0.0391758568584919
0.04922211915254593, 0.039900679141283035
0.06298264861106873, 0.043612558394670486
0.053551752120256424, 0.04223550111055374
0.08528097718954086, 0.03978196904063225
0.03179892897605896, 0.020524103194475174
0.05676541104912758, 0.04469116032123566
0.06167397275567055, 0.044566672295331955
0.059209246188402176, 0.04394740238785744
0.03382260352373123, 0.022823622450232506
0.06718209385871887, 0.051348306238651276
0.06962961703538895, 0.04575081542134285
0.04304394870996475, 0.02720976248383522
0.05636646971106529, 0.041080541908741
0.04672044515609741, 0.026959070935845375
0.04309805482625961, 0.026948003098368645
0.03747963160276413, 0.032179806381464005
0.02513517253100872, 0.016293250024318695
0.07616183906793594, 0.050808053463697433
0.034318774938583374, 0.02013082429766655
0.051272351294755936, 0.03317342326045036
0.05293693393468857, 0.04764088615775108
0.043615419417619705, 0.031495049595832825
0.04491827264428139, 0.020973341539502144
0.06359928846359253, 0.040950432419776917
0.06394284218549728, 0.034667376428842545
0.05048449710011482, 0.027043906971812248
0.04076738283038139, 0.028727257624268532
0.04013599827885628, 0.02066691964864731
0.04209750518202782, 0.02655808813869953
0.03762255236506462, 0.04266219586133957
0.036832135170698166, 0.030725952237844467
0.07725747674703598, 0.04594509303569794
0.053900282829999924, 0.04037443548440933
0.06979838758707047, 0.04205089062452316
0.04154634475708008, 0.031528182327747345
0.04141376167535782, 0.033891864120960236
0.06762166321277618, 0.050851788371801376
0.017642328515648842, 0.015337874181568623
0.030617959797382355, 0.03175871819257736
0.07814380526542664, 0.04390702769160271
0.049373555928468704, 0.030276263132691383
0.03541917726397514, 0.03032113052904606
0.0425039567053318, 0.02804863080382347
0.03363550454378128, 0.02234526351094246
0.08288144320249557, 0.03854019567370415
0.06868548691272736, 0.03522263094782829
0.03068631887435913, 0.020546387881040573
0.04922999441623688, 0.02788880467414856
0.03804449737071991, 0.030502956360578537
0.0587342195212841, 0.04328830540180206
0.05086079239845276, 0.04581180587410927
0.05019620805978775, 0.04306173697113991
0.05321632698178291, 0.032621294260025024
0.04496840387582779, 0.02434561215341091
0.04174463823437691, 0.03672335296869278
0.03432341292500496, 0.0268406942486763
0.06093456968665123, 0.051246125251054764
0.0451875664293766, 0.02749635837972164
0.058694224804639816, 0.04876507818698883
0.03968728333711624, 0.03468218073248863
0.06519188731908798, 0.038247596472501755
0.06028631702065468, 0.030892694368958473
0.04556725174188614, 0.024640949442982674
0.04849163442850113, 0.032953519374132156
0.03837815672159195, 0.02695462666451931
0.04513360932469368, 0.030258573591709137
0.03735857084393501, 0.02690618857741356
0.04619462043046951, 0.03859490901231766
0.04458075016736984, 0.028795788064599037
0.049425676465034485, 0.031200269237160683
0.07560780644416809, 0.05554105341434479
0.04997389763593674, 0.03037079982459545
0.032752297818660736, 0.02719169668853283
0.05144592002034187, 0.03866920992732048
0.05215359479188919, 0.04088502749800682
0.04040924087166786, 0.02619178593158722
0.0746268481016159, 0.06681901961565018
0.0777229368686676, 0.045650940388441086
0.08121669292449951, 0.048754461109638214
0.06268084049224854, 0.045167211443185806
0.04365551471710205, 0.02770359441637993
0.06232162192463875, 0.04307056963443756
0.06189281493425369, 0.034191422164440155
0.09820928424596786, 0.052328746765851974
0.060557134449481964, 0.040846891701221466
0.03351834416389465, 0.030077561736106873
0.03861932083964348, 0.024635054171085358
0.042506761848926544, 0.035190582275390625
0.037833087146282196, 0.03545653074979782
0.05227246135473251, 0.03174766153097153
0.054548490792512894, 0.03933796286582947
0.04637065529823303, 0.026369547471404076
0.048291388899087906, 0.03642931580543518
0.03927237167954445, 0.020518533885478973
0.05075504258275032, 0.030644487589597702
0.06477762013673782, 0.03961740434169769
0.05400846153497696, 0.028071125969290733
0.03208637610077858, 0.018304403871297836
0.055443212389945984, 0.034425295889377594
0.033254023641347885, 0.01859152689576149
0.037849392741918564, 0.03052365966141224
0.07047771662473679, 0.05007269233465195
0.0535975880920887, 0.048098374158144
0.05110030993819237, 0.040386080741882324
0.08680983632802963, 0.05033199116587639
0.04333999380469322, 0.03187347948551178
0.043880097568035126, 0.02877097763121128
0.02681172825396061, 0.02068098448216915
0.027653567492961884, 0.016368301585316658
0.0505339577794075, 0.03728681430220604
0.05855981633067131, 0.04165656492114067
0.04134504869580269, 0.033787500113248825
0.055636756122112274, 0.028939655050635338
0.05491521954536438, 0.04924576357007027
0.0457732267677784, 0.02971077524125576
0.047060053795576096, 0.037677645683288574
0.032519061118364334, 0.02791411057114601
0.06543634086847305, 0.036503057926893234
0.06346136331558228, 0.033662039786577225
0.07837051153182983, 0.04934409633278847
0.08344084769487381, 0.04468429088592529
0.046384818851947784, 0.03570842742919922
0.04697795584797859, 0.02543564699590206
0.06879118084907532, 0.031691163778305054
0.06014261767268181, 0.03901487961411476
0.039791397750377655, 0.032960209995508194
0.05066049098968506, 0.03824378550052643
0.049761075526475906, 0.03381195664405823
0.05841381102800369, 0.05087345838546753
0.06672554463148117, 0.035795990377664566
0.056969206780195236, 0.03528625890612602
0.04697885736823082, 0.03925491124391556
0.05160393938422203, 0.033597078174352646
0.055664412677288055, 0.04257000610232353
0.035357940942049026, 0.02914990298449993
0.06658085435628891, 0.03782832249999046
0.0427037738263607, 0.03295538201928139
0.051176607608795166, 0.042575471103191376
0.04898994788527489, 0.03309464082121849
0.06684000790119171, 0.04908527433872223
0.06395930796861649, 0.03114507906138897
0.09102484583854675, 0.05392433702945709
0.08616028726100922, 0.046570178121328354
0.04520876705646515, 0.030916742980480194
0.05514930561184883, 0.050680361688137054
0.10025384277105331, 0.04915795847773552
0.06456257402896881, 0.038375433534383774
0.06444716453552246, 0.040426697582006454
0.04021419957280159, 0.021309230476617813
0.07179874181747437, 0.04438278079032898
0.052809037268161774, 0.032896026968955994
0.04146998003125191, 0.02721608243882656
0.04730767011642456, 0.03437972813844681
0.051185183227062225, 0.036834340542554855
0.05830558016896248, 0.023015808314085007
0.06267306953668594, 0.03741752356290817
0.0662795826792717, 0.03423866257071495
0.10337220877408981, 0.05945442244410515
0.07785157114267349, 0.042097218334674835
0.038351647555828094, 0.03334561362862587
0.04699504375457764, 0.049929674714803696
0.05900649353861809, 0.04171539843082428
0.06848124414682388, 0.05370829626917839
0.051293354481458664, 0.03581610321998596
0.06473232060670853, 0.03497787564992905
0.05378106236457825, 0.045870207250118256
0.04660744592547417, 0.02912195585668087
0.05505765974521637, 0.044716764241456985
0.06698328256607056, 0.04882199689745903
0.04507139325141907, 0.0386359728872776
0.03795364499092102, 0.03893772512674332
0.04732906445860863, 0.026954201981425285
0.05978002771735191, 0.053460463881492615
0.061819929629564285, 0.03518493473529816
0.06206567957997322, 0.03268364816904068
0.04545999690890312, 0.0402020700275898
0.050290416926145554, 0.03786398842930794
0.04122151806950569, 0.028324635699391365
0.06394263356924057, 0.04548073559999466
0.07305464148521423, 0.0473717637360096
0.061280496418476105, 0.04665389657020569
0.05645006150007248, 0.03557058051228523
0.06149069592356682, 0.0382833406329155
0.035139113664627075, 0.02260810323059559
0.05370260775089264, 0.03742215782403946
0.06466320902109146, 0.04630909487605095
0.0647079348564148, 0.04270309954881668
0.06874274462461472, 0.03933902829885483
0.02975296415388584, 0.02448822744190693
0.0688842162489891, 0.04246595874428749
0.061002831906080246, 0.04211584851145744
0.024166645482182503, 0.014485293067991734
0.040004584938287735, 0.028890272602438927
0.046632327139377594, 0.03620290383696556
0.06346090883016586, 0.052555765956640244
0.04267822578549385, 0.030735742300748825
0.07691827416419983, 0.05646577477455139
0.05624669790267944, 0.0390680767595768
0.07550586014986038, 0.03959956020116806
0.047028668224811554, 0.03666193410754204
0.051108282059431076, 0.04134629666805267
0.0599018856883049, 0.04807748273015022
0.0478036105632782, 0.04012114554643631
0.04047998785972595, 0.03014879859983921
0.04440031200647354, 0.0433586947619915
0.03468769043684006, 0.023089349269866943
0.030111176893115044, 0.02250736579298973
0.032332051545381546, 0.02458033710718155
0.039156220853328705, 0.025045037269592285
0.04035189375281334, 0.02526176907122135
0.057422298938035965, 0.04486846551299095
0.049627840518951416, 0.03411845117807388
0.05509980767965317, 0.04159197211265564
0.05249253660440445, 0.03590242937207222
0.042662475258111954, 0.03112967498600483
0.032982174307107925, 0.027567723765969276
0.057356636971235275, 0.03716820850968361
0.05175759643316269, 0.03785703703761101
0.06287913769483566, 0.03536165505647659
0.055648043751716614, 0.042005401104688644
0.05675574764609337, 0.0312638059258461
0.044179510325193405, 0.032284025102853775
0.03920083865523338, 0.024960817769169807
0.035728491842746735, 0.026328979060053825
0.04282727465033531, 0.032938603311777115
0.0409601666033268, 0.03162675350904465
0.05020265653729439, 0.029338333755731583
0.06283771991729736, 0.04885365441441536
0.046662505716085434, 0.041671231389045715
0.05604361742734909, 0.042821306735277176
0.09582493454217911, 0.07186954468488693
0.039055053144693375, 0.030103757977485657
0.04724588617682457, 0.025299765169620514
0.04016081988811493, 0.03350762650370598
0.03837865591049194, 0.03361774608492851
0.04730530455708504, 0.031695786863565445
0.03548558056354523, 0.024737728759646416
0.07266248762607574, 0.046574417501688004
0.05214859917759895, 0.031847815960645676
0.0690491572022438, 0.038474079221487045
0.04446348920464516, 0.03580014780163765
0.06491861492395401, 0.03572305664420128
0.03434312716126442, 0.028414303436875343
0.07053492218255997, 0.04026549309492111
0.03074921853840351, 0.026286380365490913
0.04718957841396332, 0.023924103006720543
0.048680271953344345, 0.030499083921313286
0.057489991188049316, 0.028483882546424866
0.059240203350782394, 0.052917998284101486
0.03872271254658699, 0.036180973052978516
0.04907359927892685, 0.02898736298084259
0.0512954443693161, 0.04624079540371895
0.06822539865970612, 0.03990435227751732
0.07630688697099686, 0.049285247921943665
0.07423058897256851, 0.040698494762182236
0.08156996965408325, 0.04521150514483452
0.04348026588559151, 0.033143892884254456
0.051548101007938385, 0.042717043310403824
0.030448609963059425, 0.023577287793159485
0.030736500397324562, 0.02423877641558647
0.05659809336066246, 0.03624611720442772
0.05461587384343147, 0.035658497363328934
0.05071576312184334, 0.02713676169514656
0.08457592874765396, 0.055675484240055084
0.0859539657831192, 0.04672472923994064
0.046538714319467545, 0.032522182911634445
0.042836643755435944, 0.029103325679898262
0.054427508264780045, 0.036141280084848404
0.046809762716293335, 0.05342545360326767
0.049694836139678955, 0.02897542156279087
0.04177512601017952, 0.030159126967191696
0.06076207384467125, 0.04793612286448479
0.052078671753406525, 0.04199720174074173
0.05374911054968834, 0.03408757969737053
0.03559688851237297, 0.024398237466812134
0.060482826083898544, 0.03584042936563492
0.05562925338745117, 0.040045615285634995
0.07228493690490723, 0.041289202868938446
0.03604941815137863, 0.027430856600403786
0.04613848775625229, 0.03355390578508377
0.04492814838886261, 0.03662167489528656
0.041137173771858215, 0.035996321588754654
0.03740285709500313, 0.022707654163241386
0.05445640906691551, 0.033360593020915985
0.04828711226582527, 0.03903433680534363
0.0433257631957531, 0.02996717020869255
0.043427132070064545, 0.030425265431404114
0.03230367973446846, 0.027881784364581108
0.03009974956512451, 0.021753642708063126
0.025146106258034706, 0.0260754507035017
0.052367620170116425, 0.029783906415104866
0.05864592269062996, 0.05123857781291008
0.058804161846637726, 0.04401365667581558
0.0536205992102623, 0.034132979810237885
0.06102188304066658, 0.030338158831000328
0.05064913630485535, 0.033452220261096954
0.06864329427480698, 0.03518952429294586
0.051070548593997955, 0.03381401672959328
0.031184550374746323, 0.026237454265356064
0.04326896741986275, 0.03693140298128128
0.04639012739062309, 0.03677642345428467
0.04777160659432411, 0.03554697334766388
0.07133684307336807, 0.043278664350509644
0.03879248723387718, 0.02844354137778282
0.04034950211644173, 0.030797529965639114
0.047819603234529495, 0.035470809787511826
0.053146813064813614, 0.035571981221437454
0.05216781422495842, 0.0377514511346817
0.06255968660116196, 0.04194227233529091
0.055668048560619354, 0.038605473935604095
0.035852495580911636, 0.03488630801439285
0.03861518204212189, 0.029745249077677727
0.043819453567266464, 0.030564865097403526
0.04124598577618599, 0.021300017833709717
0.05202622711658478, 0.02762112207710743
0.03866776451468468, 0.027841821312904358
0.0355985201895237, 0.02998213842511177
0.06890607625246048, 0.029993940144777298
0.05434112995862961, 0.03470054641366005
0.08130303770303726, 0.04663647711277008
0.05999726057052612, 0.03674948215484619
0.052882857620716095, 0.025078244507312775
0.0443430133163929, 0.037869084626436234
0.07052773982286453, 0.045299965888261795
0.0605476051568985, 0.043313827365636826
0.03248164802789688, 0.028262298554182053
0.04659368470311165, 0.035287659615278244
0.044722024351358414, 0.037226468324661255
0.05174662545323372, 0.032543063163757324
0.06189421936869621, 0.04307255148887634
0.06457667052745819, 0.043196842074394226
0.05448908731341362, 0.032040439546108246
0.04892270639538765, 0.03466976433992386
0.04455222561955452, 0.02952715940773487
0.05235273018479347, 0.0367186963558197
0.04440126195549965, 0.03709138557314873
0.0681549683213234, 0.04412614554166794
0.04550926387310028, 0.02351258508861065
0.030429622158408165, 0.021189521998167038
0.03636369854211807, 0.022347986698150635
0.0552377849817276, 0.03783297911286354
0.06243874132633209, 0.04309774190187454
0.06608232855796814, 0.03931358456611633
0.07611214369535446, 0.055818524211645126
0.05066705495119095, 0.0316675640642643
0.024739840999245644, 0.01880279742181301
0.05287769436836243, 0.03934045508503914
0.05199005827307701, 0.03735977038741112
0.04014091566205025, 0.04349685460329056
0.029510531574487686, 0.019571930170059204
0.06612557172775269, 0.036824118345975876
0.05475707724690437, 0.039872534573078156
0.04452236741781235, 0.02578684501349926
0.03805560991168022, 0.03420858085155487
0.04692718759179115, 0.03917638584971428
0.05055434629321098, 0.027901045978069305
0.06465201824903488, 0.046001654118299484
0.05199338495731354, 0.04513554647564888
0.06999319046735764, 0.02963973954319954
0.0692128911614418, 0.042818646878004074
0.06745205074548721, 0.041676394641399384
0.03932679444551468, 0.02674258127808571
0.07085335999727249, 0.039483748376369476
0.030699176713824272, 0.020394790917634964
0.04233713820576668, 0.021638378500938416
0.06857345253229141, 0.03587258234620094
0.1012163981795311, 0.06782257556915283
0.08638554811477661, 0.04232261702418327
0.07239210605621338, 0.04385744035243988
0.03801744431257248, 0.03388506546616554
0.07902436703443527, 0.05141954869031906
0.050723835825920105, 0.035737134516239166
0.06651780754327774, 0.036485228687524796
0.04614299535751343, 0.02276363968849182
0.06422542035579681, 0.04196963459253311
0.056281302124261856, 0.03520895913243294
0.04514523968100548, 0.026932869106531143
0.04249728471040726, 0.027802007272839546
0.03890322148799896, 0.026913054287433624
0.033612266182899475, 0.03428776562213898
0.03088822029531002, 0.02639121003448963
0.058244381099939346, 0.04849187284708023
0.046023279428482056, 0.04556399956345558
0.06488490104675293, 0.04300728440284729
0.06970732659101486, 0.05597756430506706
0.05220182240009308, 0.03811068832874298
0.04716061055660248, 0.03451504185795784
0.06925030797719955, 0.045056432485580444
0.05152392014861107, 0.024106843397021294
0.06370137631893158, 0.04256723076105118
0.06372769176959991, 0.048182982951402664
0.034568220376968384, 0.032336682081222534
0.04314994066953659, 0.03640148416161537
0.04753676801919937, 0.02802857756614685
0.06997068226337433, 0.03499209135770798
0.034670423716306686, 0.028669262304902077
0.04531519487500191, 0.03101216070353985
0.05134390667080879, 0.031671192497015
0.06703585386276245, 0.03905961662530899
0.05530920624732971, 0.03715028986334801
0.08025237917900085, 0.036561019718647
0.03564147651195526, 0.030773436650633812
0.07404912263154984, 0.04984397813677788
0.06842950731515884, 0.03971799463033676
0.06587083637714386, 0.0538274385035038
0.04130271077156067, 0.028467368334531784
0.044739898294210434, 0.038002729415893555
0.03915433585643768, 0.02326580323278904
0.05404170602560043, 0.03418464586138725
0.04395408183336258, 0.035331904888153076
0.0967814177274704, 0.04105139896273613
0.05297805741429329, 0.03890485689043999
0.04590816795825958, 0.03222968056797981
0.07014506310224533, 0.04247935488820076
0.0445035882294178, 0.03415605053305626
0.05626075342297554, 0.03730601817369461
0.05275474488735199, 0.04738055169582367
0.04984409362077713, 0.023929951712489128
0.04786532744765282, 0.038110725581645966
0.06890884786844254, 0.0498436875641346
0.06479290872812271, 0.045256905257701874
0.028789201751351357, 0.01943836733698845
0.09100387245416641, 0.05305638164281845
0.07568150758743286, 0.04606097936630249
0.05351397767663002, 0.03822986036539078
0.0490763857960701, 0.030446857213974
0.04988699033856392, 0.026492184028029442
0.0418233796954155, 0.03596707060933113
0.07904509454965591, 0.04502951353788376
0.06006084010004997, 0.04194406792521477
0.047104611992836, 0.038028113543987274
0.055856961756944656, 0.037574294954538345
0.04804601892828941, 0.03473718836903572
0.055851392447948456, 0.03135862573981285
0.04722411930561066, 0.03340473398566246
0.04423416405916214, 0.028167733922600746
0.040593598037958145, 0.028183190152049065
0.08223284035921097, 0.04923630505800247
0.04053787514567375, 0.03332167863845825
0.03530574589967728, 0.02881992794573307
0.04021555185317993, 0.03045903705060482
0.023409375920891762, 0.018566416576504707
0.04868636652827263, 0.036572255194187164
0.039364688098430634, 0.03268156200647354
0.032655686140060425, 0.02186577208340168
0.0415240079164505, 0.03167135268449783
0.07458171993494034, 0.03661821782588959
0.048982687294483185, 0.04195335507392883
0.052270401269197464, 0.040576398372650146
0.05836775526404381, 0.0312550850212574
0.07699716091156006, 0.046857163310050964
0.05757327750325203, 0.04284731671214104
0.035750824958086014, 0.02090701274573803
0.048472728580236435, 0.03810406103730202
0.03734638914465904, 0.029030771926045418
0.0362580344080925, 0.020088370889425278
0.03832680359482765, 0.02801569178700447
0.05853079631924629, 0.03289499506354332
0.07125601917505264, 0.02908492274582386
0.06535369902849197, 0.03811880573630333
0.06619424372911453, 0.03776860982179642
0.06964743882417679, 0.04100046306848526
0.07363461703062057, 0.04129444435238838
0.059618379920721054, 0.03870274871587753
0.05712537094950676, 0.042583875358104706
0.09498684853315353, 0.03547697514295578
0.06583908945322037, 0.038681961596012115
0.045046329498291016, 0.024516310542821884
0.05640381574630737, 0.03957456350326538
0.05299633368849754, 0.03926410898566246
0.04951265826821327, 0.02945767529308796
0.03485432267189026, 0.02079658955335617
0.06517696380615234, 0.0418638177216053
0.07672080397605896, 0.04466638341546059
0.0571792870759964, 0.043453846126794815
0.04218184947967529, 0.0268779918551445
0.039068933576345444, 0.025050092488527298
0.052623167634010315, 0.03235486522316933
0.059114065021276474, 0.04046080633997917
0.05686238035559654, 0.03712617978453636
0.04375554621219635, 0.027940433472394943
0.03479985520243645, 0.025803949683904648
0.06233114004135132, 0.043457675725221634
0.0426776222884655, 0.03339194878935814
0.04476960375905037, 0.028861651197075844
0.042339276522397995, 0.030930543318390846
0.04212259128689766, 0.0386962853372097
0.04716508090496063, 0.024896318092942238
0.05638710781931877, 0.040649499744176865
0.04098305106163025, 0.03380447253584862
0.059316594153642654, 0.04373805969953537
0.06290898472070694, 0.03518074005842209
0.0592309907078743, 0.045959118753671646
0.04770335182547569, 0.03265509754419327
0.05363118648529053, 0.037302207201719284
0.06341815739870071, 0.04778870940208435
0.04318423941731453, 0.03574129194021225
0.06903067976236343, 0.04467666521668434
0.05402212217450142, 0.038403213024139404
0.055616069585084915, 0.02729886770248413
0.05241110548377037, 0.030077511444687843
0.03291593864560127, 0.023790564388036728
0.047685522586107254, 0.029988856986165047
0.050405848771333694, 0.04059639573097229
0.051038708537817, 0.03318645432591438
0.04951547086238861, 0.027958577498793602
0.050132155418395996, 0.04188818857073784
0.03557819128036499, 0.019725728780031204
0.0582461878657341, 0.05993793532252312
0.05265526846051216, 0.03859805315732956
0.04523291066288948, 0.0255911685526371
0.05773968994617462, 0.022867251187562943
0.0735868439078331, 0.04318743571639061
0.0676099881529808, 0.04413141682744026
0.04130806401371956, 0.02513691410422325
0.06397254019975662, 0.044204797595739365
0.0443853884935379, 0.0270907711237669
0.03886396065354347, 0.02031409554183483
0.04334043711423874, 0.03714212402701378
0.046897225081920624, 0.03007644973695278
0.04654020816087723, 0.02905118279159069
0.048981111496686935, 0.03252408280968666
0.037749405950307846, 0.025357861071825027
0.02968892827630043, 0.02503940463066101
0.02542969398200512, 0.026411820203065872
0.03498836234211922, 0.02932622656226158
0.044667113572359085, 0.032635174691677094
0.04720623046159744, 0.03290147706866264
0.029444821178913116, 0.021785806864500046
0.03732294216752052, 0.02636990323662758
0.06356320530176163, 0.03018997237086296
0.05740760639309883, 0.04547508433461189
0.053646136075258255, 0.0373661108314991
0.06307176500558853, 0.03896541893482208
0.06201408430933952, 0.04019225761294365
0.051384828984737396, 0.04000041261315346
0.04593460634350777, 0.04019081965088844
0.06842812150716782, 0.036076851189136505
0.07288739830255508, 0.05554556846618652
0.060638826340436935, 0.033370036631822586
0.06567545235157013, 0.05396682024002075
0.05499153584241867, 0.0361359529197216
0.060101356357336044, 0.04882288724184036
0.06872843950986862, 0.04303956404328346
0.06913207471370697, 0.04432670772075653
0.04443550482392311, 0.02413807436823845
0.058309536427259445, 0.03683748468756676
0.039924368262290955, 0.02963714301586151
0.045698001980781555, 0.0254577174782753
0.05502330884337425, 0.04152601584792137
0.03501839563250542, 0.028690971434116364
0.06438348442316055, 0.023721367120742798
0.05246943235397339, 0.038984596729278564
0.04949410632252693, 0.026687515899538994
0.05590019002556801, 0.037543922662734985
0.036122385412454605, 0.027925631031394005
0.0480591282248497, 0.03140881285071373
0.06072806194424629, 0.04140356928110123
0.04875984042882919, 0.033620595932006836
0.0725078359246254, 0.04612194746732712
0.10493673384189606, 0.04886438325047493
0.04300128296017647, 0.03671092167496681
0.04758762568235397, 0.027036022394895554
0.028705114498734474, 0.02630871906876564
0.06695718318223953, 0.04275070130825043
0.04124367609620094, 0.027046361938118935
0.029925333335995674, 0.024273376911878586
0.03095383197069168, 0.026745140552520752
0.05561574921011925, 0.03129579871892929
0.03754117339849472, 0.0271519273519516
0.09301791340112686, 0.053823161870241165
0.07480581104755402, 0.0574081614613533
0.05146918073296547, 0.04973870515823364
0.04569094255566597, 0.02850951999425888
0.03766588494181633, 0.02817835658788681
0.036895930767059326, 0.02771279402077198
0.03914569690823555, 0.024188179522752762
0.05201243609189987, 0.030221763998270035
0.035970885306596756, 0.030173758044838905
0.07276774942874908, 0.05006912350654602
0.03945885971188545, 0.03692185878753662
0.05259930342435837, 0.04467601329088211
0.08560939133167267, 0.044077325612306595
0.04506673291325569, 0.03202562779188156
0.039980728179216385, 0.032064057886600494
0.04098665714263916, 0.026748687028884888
0.05857067555189133, 0.04329739511013031
0.05133400857448578, 0.02958463318645954
0.04557543992996216, 0.03446006774902344
0.048623960465192795, 0.0374007411301136
0.042919427156448364, 0.02869265340268612
0.050023701041936874, 0.029887009412050247
0.0703519657254219, 0.04754417762160301
0.06129137799143791, 0.04450247064232826
0.0386497862637043, 0.030520832166075706
0.039590176194906235, 0.03449598699808121
0.04602070525288582, 0.03671620413661003
0.04778554290533066, 0.03214550390839577
0.06517752259969711, 0.036317378282547
0.04582091048359871, 0.0430825836956501
0.045707326382398605, 0.03187217935919762
0.056435201317071915, 0.034792158752679825
0.03834764286875725, 0.030387332662940025
0.06154389679431915, 0.035698000341653824
0.05144096910953522, 0.0281104426831007
0.04633592441678047, 0.04135880246758461
0.04981045797467232, 0.04103095829486847
0.04123878479003906, 0.02773243747651577
0.029531916603446007, 0.032955318689346313
0.03185873106122017, 0.026047753170132637
0.04993597790598869, 0.03495395928621292
0.0424162931740284, 0.03285839036107063
0.04552474990487099, 0.030359655618667603
0.043807562440633774, 0.029570942744612694
0.024584198370575905, 0.018079066649079323
0.044101908802986145, 0.02883586846292019
0.040879521518945694, 0.03169027343392372
0.05341552570462227, 0.032039862126111984
0.04434029012918472, 0.030717749148607254
0.035327740013599396, 0.030391084030270576
0.04766286909580231, 0.030908510088920593
0.04538393393158913, 0.026803752407431602
0.026220455765724182, 0.022489972412586212
0.04078559949994087, 0.027469219639897346
0.04190349951386452, 0.03148557245731354
0.05850794538855553, 0.029946282505989075
0.05354233458638191, 0.027436528354883194
0.0566236786544323, 0.03324276581406593
0.0727301761507988, 0.04215318709611893
0.08046534657478333, 0.04057900980114937
0.04817570373415947, 0.024623045697808266
0.049608491361141205, 0.031053926795721054
0.035244960337877274, 0.030547330155968666
0.0513187050819397, 0.04021233692765236
0.037613123655319214, 0.023695437237620354
0.06146812438964844, 0.030574796721339226
0.06312290579080582, 0.03732467442750931
0.044905323535203934, 0.030894117429852486
0.050622567534446716, 0.03811448812484741
0.033770814538002014, 0.02099028415977955
0.037687335163354874, 0.025087514892220497
0.04149223864078522, 0.023560166358947754
0.04099319502711296, 0.03809648007154465
0.0569317527115345, 0.029789086431264877
0.05090468004345894, 0.040971867740154266
0.03121478110551834, 0.026522094383835793
0.04833502322435379, 0.030815254896879196
0.04360552504658699, 0.01913444511592388
0.057646267116069794, 0.03457607328891754
0.06806530058383942, 0.062071625143289566
0.06655897945165634, 0.03612777218222618
0.04663436859846115, 0.042665086686611176
0.026684317737817764, 0.01989830657839775
0.05157505348324776, 0.03342340141534805
0.04919488728046417, 0.03846019133925438
0.07403255999088287, 0.05907035246491432
0.06720058619976044, 0.05093922093510628
0.05769446864724159, 0.04452279955148697
0.060172636061906815, 0.036310289055109024
0.05136542394757271, 0.03194475919008255
0.04698497802019119, 0.02959371544420719
0.05390586331486702, 0.02829558402299881
0.06069758161902428, 0.037465713918209076
0.027990950271487236, 0.02240431308746338
0.04293056204915047, 0.02896900102496147
0.037182021886110306, 0.03127226233482361
0.057042691856622696, 0.034513890743255615
0.041696757078170776, 0.023019321262836456
0.05142709240317345, 0.019075842574238777
0.10418537259101868, 0.054957855492830276
0.054998815059661865, 0.042602282017469406
0.06850340217351913, 0.040373314172029495
0.07120435684919357, 0.05171164497733116
0.0522630400955677, 0.038251038640737534
0.03157729282975197, 0.022263573482632637
0.05267929658293724, 0.03337773308157921
0.04895765334367752, 0.031052999198436737
0.022794822230935097, 0.016043713316321373
0.029673470184206963, 0.02153676375746727
0.06222598999738693, 0.03328511491417885
0.03739890828728676, 0.03031383827328682
0.07158124446868896, 0.03853309899568558
0.043057817965745926, 0.02935783937573433
0.039924923330545425, 0.02373124100267887
0.04206603020429611, 0.03322942182421684
0.04071984440088272, 0.02459501288831234
0.0421026274561882, 0.023673418909311295
0.06519817560911179, 0.04956543818116188
0.03740973770618439, 0.02989201433956623
0.023990685120224953, 0.01592104323208332
0.033922236412763596, 0.018168948590755463
0.04879259690642357, 0.032332371920347214
0.050384629517793655, 0.0413706973195076
0.03341485187411308, 0.03282816335558891
0.04564645513892174, 0.04087839648127556
0.029162824153900146, 0.02253660187125206
0.04113706201314926, 0.029752014204859734
0.06644417345523834, 0.053065020591020584
0.031975097954273224, 0.019237391650676727
0.03819122910499573, 0.022764621302485466
0.05621420592069626, 0.03697629272937775
0.07118210941553116, 0.04359003156423569
0.04502677172422409, 0.028359632939100266
0.05174462869763374, 0.032754022628068924
0.04564264789223671, 0.02681678906083107
0.06331969797611237, 0.04209459573030472
0.03787129372358322, 0.03322387486696243
0.05070224404335022, 0.02214965969324112
0.05788814276456833, 0.040629349648952484
0.06627725809812546, 0.034879155457019806
0.04801381751894951, 0.027895698323845863
0.04007779434323311, 0.03487805277109146
0.0465872660279274, 0.04135233163833618
0.0796298161149025, 0.04736563190817833
0.03598286584019661, 0.02383352443575859
0.0625995546579361, 0.03738062083721161
0.052421823143959045, 0.0374789722263813
0.04038888216018677, 0.02648390457034111
0.06178469955921173, 0.03778305649757385
0.048675451427698135, 0.03834882751107216
0.07357998192310333, 0.036758121103048325
0.0481816790997982, 0.03520933538675308
0.0929759070277214, 0.06307373195886612
0.06267324835062027, 0.05614589899778366
0.05659129098057747, 0.0419829897582531
0.07172699272632599, 0.054354991763830185
0.044130608439445496, 0.03600290045142174
0.07613787055015564, 0.06244517117738724
0.04452301934361458, 0.03869121894240379
0.06780900806188583, 0.037725936621427536
0.041768476366996765, 0.0318247489631176
0.035485368221998215, 0.024677570909261703
0.046599380671978, 0.01946304552257061
0.067329041659832, 0.03353116661310196
0.05223122984170914, 0.03507610782980919
0.04104631021618843, 0.029073256999254227
0.05678711459040642, 0.03337034955620766
0.08445099741220474, 0.03673553839325905
0.04665225371718407, 0.0357026532292366
0.06223708391189575, 0.048800308257341385
0.046896230429410934, 0.03388741984963417
0.05177386850118637, 0.03662695363163948
0.030411412939429283, 0.02103017270565033
0.06167096644639969, 0.042919863015413284
0.07969848066568375, 0.03848039358854294
0.05223158001899719, 0.03689483925700188
0.03101581335067749, 0.02338379994034767
0.049176640808582306, 0.05434045195579529
0.0601612813770771, 0.033998213708400726
0.03619081899523735, 0.022272519767284393
0.044749096035957336, 0.035860493779182434
0.04655025154352188, 0.04634255915880203
0.04157281666994095, 0.03381916508078575
0.06360485404729843, 0.04201846569776535
0.06024609133601189, 0.04567208141088486
0.0557454489171505, 0.033673036843538284
0.054869066923856735, 0.029020944610238075
0.043206505477428436, 0.020406924188137054
0.04405837133526802, 0.03476376831531525
0.060438234359025955, 0.04366061091423035
0.06614433974027634, 0.03854885697364807
0.06601674854755402, 0.04388045147061348
0.03715081512928009, 0.03474082425236702
0.07452216744422913, 0.04575024172663689
0.0354897566139698, 0.03488611429929733
0.07292769849300385, 0.0345134362578392
0.059179406613111496, 0.0438251718878746
0.06699001789093018, 0.03846345469355583
0.10099001973867416, 0.06480395793914795
0.0400543212890625, 0.025225181132555008
0.05081244558095932, 0.0405908040702343
0.050370145589113235, 0.03507405146956444
0.03385203331708908, 0.02240976132452488
0.04443540424108505, 0.03433801233768463
0.028223570436239243, 0.018516212701797485
0.05998258665204048, 0.04491576552391052
0.047328732907772064, 0.03419387340545654
0.0735548883676529, 0.0415709912776947
0.04417100176215172, 0.029774628579616547
0.09234342724084854, 0.042671117931604385
0.04479535296559334, 0.02579203061759472
0.03458206728100777, 0.027146972715854645
0.03643962740898132, 0.03018839843571186
0.0540429912507534, 0.0345681756734848
0.033053845167160034, 0.021722709760069847
0.04985753446817398, 0.03450237587094307
0.05421438813209534, 0.023961227387189865
0.050241388380527496, 0.027647843584418297
0.036860391497612, 0.03526517376303673
0.05887114256620407, 0.038615841418504715
0.048381030559539795, 0.029591402038931847
0.04052819684147835, 0.030446400865912437
0.05275864899158478, 0.03468681871891022
0.045365363359451294, 0.030078448355197906
0.05247388035058975, 0.029521549120545387
0.05306191369891167, 0.045269645750522614
0.057076502591371536, 0.039262764155864716
0.04487131908535957, 0.033154018223285675
0.035780515521764755, 0.019586732611060143
0.07744867354631424, 0.037609491497278214
0.050525814294815063, 0.037968769669532776
0.03696194663643837, 0.025064075365662575
0.030633369460701942, 0.02831432595849037
0.058497361838817596, 0.0416923426091671
0.05918905511498451, 0.03620375320315361
0.03731008246541023, 0.029387248679995537
0.047802407294511795, 0.03560366481542587
0.04038221389055252, 0.023090600967407227
0.06686395406723022, 0.06020865961909294
0.048939306288957596, 0.03614792972803116
