mean, std
0.351794570684433, 0.022220119833946228
0.32176271080970764, 0.020332690328359604
0.2970990240573883, 0.01855653151869774
0.26097404956817627, 0.017632298171520233
0.2241191864013672, 0.01660371571779251
0.19428083300590515, 0.011713799089193344
0.1739465296268463, 0.012116555124521255
0.15766297280788422, 0.014430148527026176
0.14430458843708038, 0.009444274939596653
0.13601818680763245, 0.008951717987656593
0.12857088446617126, 0.014540072530508041
0.12212256342172623, 0.00899971928447485
0.11653982102870941, 0.011816494166851044
0.11197278648614883, 0.009780840948224068
0.1082063838839531, 0.010052862577140331
0.10500030219554901, 0.008272238075733185
0.10273996740579605, 0.009170632809400558
0.09961364418268204, 0.009848546236753464
0.09805315732955933, 0.010956251062452793
0.09616202861070633, 0.008701838552951813
0.09368541836738586, 0.01073371060192585
0.09219743311405182, 0.00803267490118742
0.09036586433649063, 0.006413770839571953
0.08869389444589615, 0.007308798376470804
0.08759571611881256, 0.009147758595645428
0.08654297888278961, 0.00788978859782219
0.08546958118677139, 0.006919740233570337
0.08391948789358139, 0.007367543410509825
0.08304699510335922, 0.007866309024393559
0.08043010532855988, 0.008984609507024288
0.08029244095087051, 0.00877345446497202
0.07902353256940842, 0.008190112188458443
0.07738066464662552, 0.0065862517803907394
0.07653531432151794, 0.00800582766532898
0.07511069625616074, 0.0078082699328660965
0.07420418411493301, 0.009809130802750587
0.07305507361888885, 0.008699271827936172
0.07254002243280411, 0.007619854528456926
0.07200151681900024, 0.00871689710766077
0.07093165814876556, 0.006071360316127539
0.07044241577386856, 0.007237651385366917
0.07025963813066483, 0.003777950769290328
0.06990578025579453, 0.008524127304553986
0.06884918361902237, 0.007099602371454239
0.06882759928703308, 0.006490613333880901
0.06695026904344559, 0.008589377626776695
0.06740409135818481, 0.0069056046195328236
0.06722836196422577, 0.006219883915036917
0.06637219339609146, 0.006388300564140081
0.06621228903532028, 0.006060917861759663
0.06578315049409866, 0.007854067720472813
0.06495827436447144, 0.0069287847727537155
0.0644557848572731, 0.007596449926495552
0.0644783154129982, 0.007184673100709915
0.06408890336751938, 0.006945145316421986
0.0642012283205986, 0.006634959485381842
0.06319240480661392, 0.0059066042304039
0.06342147290706635, 0.005969525780528784
0.0630669966340065, 0.006266267038881779
0.06257425248622894, 0.007471100892871618
0.06222286447882652, 0.005736237391829491
0.06250903010368347, 0.006718238350003958
0.06208847090601921, 0.0062105003744363785
0.06202203035354614, 0.004749782849103212
0.06161992624402046, 0.004998071119189262
0.06115918606519699, 0.007398901041597128
0.06092475727200508, 0.005346658173948526
0.06054298207163811, 0.008203410543501377
0.06025581806898117, 0.005345876328647137
0.060090549290180206, 0.0056418669410049915
0.060014624148607254, 0.006830882281064987
0.060015883296728134, 0.006606388371437788
0.059862010180950165, 0.0066882530227303505
0.05883140116930008, 0.004291927441954613
0.05954046547412872, 0.0053437198512256145
0.0591299794614315, 0.006051549222320318
0.059151265770196915, 0.004378709942102432
0.05846511572599411, 0.004791797138750553
0.05789199098944664, 0.006831784266978502
0.05820058658719063, 0.005875320639461279
0.057809777557849884, 0.003993749152868986
0.05750425159931183, 0.006840112619102001
0.056951504200696945, 0.005239561200141907
0.05700017511844635, 0.005422379355877638
0.056876290589571, 0.0072561465203762054
0.05654003843665123, 0.005910543724894524
0.05650195851922035, 0.007069587241858244
0.05585164576768875, 0.007235250901430845
0.056519269943237305, 0.0056131696328520775
0.05620831996202469, 0.004711824934929609
0.05599166825413704, 0.004886406473815441
0.0559542253613472, 0.005314269568771124
0.055309999734163284, 0.004643760155886412
0.05492012947797775, 0.005249562207609415
0.05483566224575043, 0.006326847244054079
0.05555662885308266, 0.003933382220566273
0.05474502965807915, 0.005153489764779806
0.05480402708053589, 0.00518331304192543
0.05430641397833824, 0.005546406377106905
0.05438755080103874, 0.004501835908740759
0.05372151732444763, 0.004847893491387367
0.05366471782326698, 0.004779341630637646
0.05386307090520859, 0.005392405204474926
0.05322093516588211, 0.004741222131997347
0.05279502272605896, 0.00497819297015667
0.05287026986479759, 0.006952610332518816
0.05270557478070259, 0.0057968697510659695
0.05263903737068176, 0.00415671756491065
0.051911935210227966, 0.003979569301009178
0.05242116004228592, 0.004813700448721647
0.05220792815089226, 0.004879068583250046
0.05166250467300415, 0.006547067780047655
0.05151581019163132, 0.004655447788536549
0.051441870629787445, 0.005259006284177303
0.05143441632390022, 0.005789665039628744
0.051456984132528305, 0.0065382905304431915
0.051246751099824905, 0.005790264345705509
0.051076699048280716, 0.0058019449934363365
0.051579687744379044, 0.005027026403695345
0.05119597539305687, 0.006900240201503038
0.05093109607696533, 0.004357472062110901
0.05127255618572235, 0.006376358680427074
0.050742898136377335, 0.005773273762315512
0.05034729465842247, 0.006138653960078955
0.050191573798656464, 0.005251942668110132
0.05024219676852226, 0.0052106850780546665
0.050041962414979935, 0.005008771549910307
0.049262434244155884, 0.0045777736231684685
0.04951871931552887, 0.004875898826867342
0.049364764243364334, 0.005451420322060585
0.04952077940106392, 0.004845671355724335
0.04951360449194908, 0.005589927081018686
0.04963139817118645, 0.004617131315171719
0.04954357072710991, 0.004097146913409233
0.04948917031288147, 0.005184088833630085
0.048956647515296936, 0.006370771210640669
0.049214236438274384, 0.005755633115768433
0.04894808679819107, 0.004813477396965027
0.048506394028663635, 0.004542223177850246
0.049563948065042496, 0.003699555294588208
0.04874240607023239, 0.005264625418931246
0.04850912466645241, 0.006551281549036503
0.04818795621395111, 0.004426043946295977
0.048722535371780396, 0.004207947291433811
0.04834946617484093, 0.005836188793182373
0.048389535397291183, 0.004724969156086445
0.04842143505811691, 0.004665794782340527
0.048191655427217484, 0.005246913991868496
0.04824242740869522, 0.0058422936126589775
0.04820938780903816, 0.0057238428853452206
0.04755694419145584, 0.005870257504284382
0.04770778864622116, 0.0058446298353374004
0.04772172495722771, 0.005118138622492552
0.04805630072951317, 0.004400139208883047
0.04700225219130516, 0.0052118366584181786
0.04756927862763405, 0.005860027391463518
0.0472736656665802, 0.0059359087608754635
0.047956932336091995, 0.005271147005259991
0.04690605029463768, 0.006448743399232626
0.04756052419543266, 0.003718411549925804
0.04681985080242157, 0.005381159484386444
0.04650397598743439, 0.004871073644608259
0.04752035066485405, 0.004874022211879492
0.04653436318039894, 0.004863233771175146
0.046855706721544266, 0.004774847067892551
0.04663116857409477, 0.005250385031104088
0.04638995602726936, 0.0037617613561451435
0.04596814140677452, 0.005239233374595642
0.04615093395113945, 0.005498276557773352
0.046220965683460236, 0.0050944178365170956
0.04661650210618973, 0.0053612240590155125
0.046487536281347275, 0.005922554526478052
0.046387020498514175, 0.004551434889435768
0.045866359025239944, 0.004976432304829359
0.04616331309080124, 0.004867128562182188
0.04634059965610504, 0.005428418517112732
0.046126142144203186, 0.00631866417825222
0.04542728140950203, 0.005877410992980003
0.04596810042858124, 0.005016607232391834
0.045688796788454056, 0.004547152202576399
0.04586734250187874, 0.005129512399435043
0.045450177043676376, 0.005495614837855101
0.045620422810316086, 0.0058154333382844925
0.045049384236335754, 0.005599526222795248
0.04619305953383446, 0.004249650985002518
0.04523686319589615, 0.004593979101628065
0.04511057958006859, 0.004422985017299652
0.04551505669951439, 0.0050917272455990314
0.04563063383102417, 0.0042584966868162155
0.045620162039995193, 0.0036740016657859087
0.04519711062312126, 0.004813317209482193
0.04544546455144882, 0.006225483026355505
0.04523753374814987, 0.003969320561736822
0.0447503887116909, 0.0044953785836696625
0.04537925496697426, 0.005447602830827236
0.04526783898472786, 0.00433421740308404
0.04529748857021332, 0.004166636150330305
0.045018039643764496, 0.004680144600570202
0.045784153044223785, 0.004516988061368465
0.045024409890174866, 0.005074330605566502
0.04497507959604263, 0.005270322784781456
0.044385600835084915, 0.004622043110430241
0.044343750923871994, 0.004438127391040325
0.044225141406059265, 0.005036305170506239
0.0449429526925087, 0.00399033073335886
0.04490571469068527, 0.004621795378625393
0.044354841113090515, 0.004614756442606449
0.044565752148628235, 0.004935463424772024
0.04453660547733307, 0.0053696767427027225
0.044309549033641815, 0.005637265741825104
0.04449193552136421, 0.004455906804651022
0.04463209584355354, 0.0037155314348638058
0.04367609694600105, 0.006333140656352043
0.0443638451397419, 0.0035946215502917767
0.04379957914352417, 0.00520462216809392
0.04379890486598015, 0.004166556056588888
0.04438815638422966, 0.005639763083308935
0.04393298551440239, 0.005819116719067097
0.043818399310112, 0.004533794708549976
0.044054172933101654, 0.00371639896184206
0.04357258602976799, 0.005428849719464779
0.04377683252096176, 0.004655496217310429
0.04342643544077873, 0.003227775450795889
0.044001251459121704, 0.0033232690766453743
0.04346206411719322, 0.0033084703609347343
0.04378729313611984, 0.004675477277487516
0.04389648884534836, 0.0054495553486049175
0.04346077889204025, 0.005343239288777113
0.04347227141261101, 0.004941840190440416
0.04338030144572258, 0.004675022326409817
0.04392766207456589, 0.002959561301395297
0.043017927557229996, 0.0056287855841219425
0.043726835399866104, 0.00543206138536334
0.043069444596767426, 0.004470624960958958
0.04348928481340408, 0.0035712341777980328
0.04324012249708176, 0.005484077613800764
0.04326029121875763, 0.0039414167404174805
0.04317007213830948, 0.003601670265197754
0.04307897388935089, 0.004314983729273081
0.04312025010585785, 0.0033726172987371683
0.04321765899658203, 0.0040763868018984795
0.04285024479031563, 0.0038621474523097277
0.0433477982878685, 0.003604399971663952
0.04303092509508133, 0.004392127972096205
0.043719492852687836, 0.004162399098277092
0.04333275929093361, 0.0030589464586228132
0.04287394881248474, 0.004418327938765287
0.04309398680925369, 0.004434105008840561
0.04320259392261505, 0.004797575529664755
0.042787689715623856, 0.003902369411662221
0.043100010603666306, 0.004538653418421745
0.04313324764370918, 0.003722962224856019
0.04268215224146843, 0.003912315703928471
0.04289231821894646, 0.0052154832519590855
0.04283561185002327, 0.004810435697436333
0.04277215525507927, 0.005114862695336342
0.04278181865811348, 0.0032454021275043488
0.04274772107601166, 0.004691917449235916
0.04250868037343025, 0.003922500181943178
0.04217205569148064, 0.005202541593462229
0.042369063943624496, 0.0029900455847382545
0.04291194677352905, 0.005072182510048151
0.042521100491285324, 0.005112850572913885
0.04218452051281929, 0.0036854648496955633
0.042346563190221786, 0.004504749551415443
0.042763300240039825, 0.0038879746571183205
0.042207252234220505, 0.004599094856530428
0.042591895908117294, 0.004813029896467924
0.042465247213840485, 0.00381082552485168
0.04230311140418053, 0.00430285232141614
0.04238145798444748, 0.005003959871828556
0.04238419607281685, 0.004208526108413935
0.0419258177280426, 0.005222613457590342
0.04227389767765999, 0.004533890634775162
0.042085688561201096, 0.005225339904427528
0.041714176535606384, 0.0045354366302490234
0.04213505983352661, 0.003199749393388629
0.04179752245545387, 0.004373675212264061
0.04209044203162193, 0.0046727098524570465
0.04256301373243332, 0.004494404885917902
0.042469192296266556, 0.005407130345702171
0.04195624589920044, 0.00524376705288887
0.042249783873558044, 0.0033350593876093626
0.0418594591319561, 0.0051977490074932575
0.04189937561750412, 0.004823725670576096
0.041899774223566055, 0.004982491489499807
0.04173264279961586, 0.0037961227353662252
0.04167197272181511, 0.004182120319455862
0.04176710918545723, 0.004090453498065472
0.041611120104789734, 0.005380548536777496
0.04203040152788162, 0.003416420193389058
0.04179402068257332, 0.004542509093880653
0.04200439900159836, 0.003060148796066642
0.04183145612478256, 0.005449776072055101
0.041747815907001495, 0.004148989450186491
0.04176407307386398, 0.004669351037591696
0.04200752079486847, 0.004838042892515659
0.041351575404405594, 0.003218331839889288
0.04189440608024597, 0.003801000537350774
0.041389983147382736, 0.004060021601617336
0.04184969514608383, 0.002775533590465784
0.04180062934756279, 0.004101147875189781
0.041196685284376144, 0.003861374221742153
0.04160376638174057, 0.0048161400482058525
0.041363757103681564, 0.005202711094170809
0.04168215021491051, 0.00391986733302474
0.04163479059934616, 0.004595039412379265
0.04180794209241867, 0.003390403464436531
0.0415179617702961, 0.005361486691981554
0.04165254905819893, 0.005131338723003864
0.041452981531620026, 0.0026558246463537216
0.04086936637759209, 0.003628825070336461
0.04099871218204498, 0.005479675717651844
0.041234586387872696, 0.00325586274266243
0.04147340729832649, 0.004476633854210377
0.04157848656177521, 0.0028740763664245605
0.041071321815252304, 0.005298577714711428
0.041153330355882645, 0.0041344850324094296
0.040968477725982666, 0.004314967896789312
0.041319411247968674, 0.0039042294956743717
0.041219353675842285, 0.004926295019686222
0.04114387184381485, 0.003985926508903503
0.04110238328576088, 0.005455782171338797
0.04088576138019562, 0.005018020514398813
0.04107039049267769, 0.0048758285120129585
0.04135361686348915, 0.0034987791441380978
0.041003935039043427, 0.004831844009459019
0.040940213948488235, 0.004437087569385767
0.04100686311721802, 0.004357980098575354
0.04101449251174927, 0.003194625023752451
0.04119862616062164, 0.004773451015353203
0.041103433817625046, 0.0038601199630647898
0.041388608515262604, 0.0040681916289031506
0.04096145182847977, 0.0037063583731651306
0.040528662502765656, 0.004247570410370827
0.041243426501750946, 0.003464336972683668
0.04072189703583717, 0.004953004419803619
0.04092516005039215, 0.004076769109815359
0.04126380756497383, 0.005448151845484972
0.04032771661877632, 0.005230947397649288
0.04060237109661102, 0.004987957887351513
0.040993381291627884, 0.004910150542855263
0.04099326208233833, 0.0040297419764101505
0.04069481045007706, 0.004264810122549534
0.04073818400502205, 0.004048569593578577
0.0408257320523262, 0.003982217982411385
0.04054277390241623, 0.004752597771584988
0.040812645107507706, 0.003997328225523233
0.040501516312360764, 0.004551997873932123
0.04041595011949539, 0.004352165851742029
0.04090171307325363, 0.0026703099720180035
0.04060090333223343, 0.004343084990978241
0.04111526533961296, 0.003632467007264495
0.04052510857582092, 0.004882531706243753
0.04075728729367256, 0.004481534939259291
0.04030132293701172, 0.004128267988562584
0.040475260466337204, 0.004919004160910845
0.04098150506615639, 0.004476461093872786
0.04073672741651535, 0.004932801239192486
0.040748968720436096, 0.0041647860780358315
0.0406017005443573, 0.0029440235812216997
0.04007987305521965, 0.005309060215950012
0.04045737534761429, 0.004316660575568676
0.04045896232128143, 0.0036962484009563923
0.04061882570385933, 0.004372301045805216
0.040342360734939575, 0.003524614730849862
0.040569741278886795, 0.004505862947553396
0.04020681977272034, 0.003936595283448696
0.040239255875349045, 0.003466210560873151
0.040530554950237274, 0.003004504134878516
0.040459416806697845, 0.0049504367634654045
0.040445029735565186, 0.0045915511436760426
0.0407041534781456, 0.004761739633977413
0.04057586193084717, 0.0036465979646891356
0.04035155847668648, 0.0030043635051697493
0.040394481271505356, 0.0049678790383040905
0.039930738508701324, 0.003420063992962241
0.039911143481731415, 0.004220947623252869
0.04034366458654404, 0.004655654542148113
0.04024273902177811, 0.0042362394742667675
0.04009333625435829, 0.00488119525834918
0.04011740908026695, 0.0044460236094892025
0.04084324091672897, 0.004001698922365904
0.040052443742752075, 0.005019834730774164
0.04009881243109703, 0.004861392080783844
0.04043257236480713, 0.0036814408376812935
0.039849936962127686, 0.0028517129831016064
0.04022016003727913, 0.0034191017039120197
0.04041898995637894, 0.004086674191057682
0.0402291901409626, 0.003943010699003935
0.040197569876909256, 0.004641554318368435
0.04004250839352608, 0.004878645297139883
0.040221959352493286, 0.004560316447168589
0.0400036945939064, 0.00493081659078598
0.03985391929745674, 0.00345242815092206
0.039956312626600266, 0.0035350415855646133
0.03985873609781265, 0.004189524799585342
0.039987239986658096, 0.0048628076910972595
0.04017924144864082, 0.004061094950884581
0.040318235754966736, 0.004591233097016811
0.04023660719394684, 0.0050649684853851795
0.03992025554180145, 0.0037222111131995916
0.04007774591445923, 0.00420070206746459
0.0399431474506855, 0.004382262006402016
0.04023093357682228, 0.0028179148212075233
0.03926375135779381, 0.006802848540246487
0.04002343863248825, 0.003987597301602364
0.039547745138406754, 0.0036046819295734167
0.040021054446697235, 0.0033371574245393276
0.03980126604437828, 0.005355952773243189
0.03903845697641373, 0.003859791439026594
0.03969714790582657, 0.0037350088823586702
0.03978293016552925, 0.004520973190665245
0.0398019514977932, 0.005274171009659767
0.039839308708906174, 0.0038120150566101074
0.03953035920858383, 0.004259848967194557
0.03978247195482254, 0.005588272120803595
0.03948195278644562, 0.004983244929462671
0.03934146463871002, 0.0037428955547511578
0.039515167474746704, 0.004554944112896919
0.03941844403743744, 0.005115961655974388
0.039390742778778076, 0.0038396501913666725
0.039541054517030716, 0.005154524464160204
0.039337098598480225, 0.0036527561023831367
0.03978302702307701, 0.0027718613855540752
0.039160359650850296, 0.0032363063655793667
0.03936590626835823, 0.0038826896343380213
0.03935696929693222, 0.0027271294966340065
0.039210278540849686, 0.004443964920938015
0.039500560611486435, 0.004112314898520708
0.03939691185951233, 0.004106766078621149
0.039507366716861725, 0.0035744793713092804
0.039767708629369736, 0.0039760577492415905
0.03974422067403793, 0.004108711611479521
0.03949467092752457, 0.0033019224647432566
0.03933928161859512, 0.00321510573849082
0.03934190794825554, 0.0031950348056852818
0.0395914725959301, 0.003919104114174843
0.039652496576309204, 0.003067983780056238
0.039159975945949554, 0.004296478815376759
0.03909836336970329, 0.004631219431757927
0.03911222517490387, 0.0037777433171868324
0.03925705328583717, 0.0038223087321966887
0.038918767124414444, 0.004356406629085541
0.03896775841712952, 0.004542851354926825
0.039552077651023865, 0.004706223029643297
0.03980902209877968, 0.002945579355582595
0.03936895355582237, 0.0028245283756405115
0.0390351377427578, 0.004086197819560766
0.038975685834884644, 0.0035165317822247744
0.03938048705458641, 0.00355724454857409
0.039409466087818146, 0.004512154962867498
0.03870591148734093, 0.00410135043784976
0.03903277590870857, 0.0038508831057697535
0.03943486139178276, 0.004586487077176571
0.03909261152148247, 0.003919603768736124
0.03938909247517586, 0.0035014748573303223
0.03930803760886192, 0.004304189234972
0.038709789514541626, 0.004552955273538828
0.03890059143304825, 0.003534176852554083
0.03868785500526428, 0.0032279479783028364
0.03870024159550667, 0.0033088671043515205
0.03904067352414131, 0.0036817125510424376
0.039179861545562744, 0.0039574140682816505
0.03895975276827812, 0.003171240445226431
0.03899374231696129, 0.0032943105325102806
0.03893237188458443, 0.004063911736011505
0.03880242630839348, 0.0033948535565286875
0.03844970464706421, 0.004816509783267975
0.03888091817498207, 0.005122516304254532
0.03851566091179848, 0.003151190932840109
0.03880427032709122, 0.003472754266113043
0.03866669535636902, 0.0027380313258618116
0.03857775405049324, 0.004982877057045698
0.038593608886003494, 0.003740881569683552
0.038462210446596146, 0.004932723473757505
0.03902768716216087, 0.004886294715106487
0.03850109502673149, 0.0038973556365817785
0.03849576786160469, 0.003880920587107539
0.03855076804757118, 0.0034142015501856804
0.03842061385512352, 0.004183901473879814
0.038577109575271606, 0.004490616265684366
0.03902757167816162, 0.0032809549011290073
0.038558609783649445, 0.0036408097948879004
0.038735754787921906, 0.003317782888188958
0.03860187903046608, 0.0045922924764454365
0.03878588601946831, 0.004222971387207508
0.038232285529375076, 0.004811013583093882
0.03855057805776596, 0.003324956400319934
0.03801828995347023, 0.004121640231460333
0.038235414773225784, 0.004574902355670929
0.038490939885377884, 0.003907894715666771
0.03833984211087227, 0.004978429060429335
0.038916561752557755, 0.004478206392377615
0.038659751415252686, 0.002753819804638624
0.03836400434374809, 0.004903737455606461
0.038230665028095245, 0.0037311820778995752
0.038836944848299026, 0.0035138507373631
0.03884800523519516, 0.002650846727192402
0.03866595774888992, 0.00331240170635283
0.038325726985931396, 0.0036184005439281464
0.038612961769104004, 0.004099519923329353
0.038699425756931305, 0.0037124992813915014
0.038571134209632874, 0.004579633474349976
0.038520000874996185, 0.004465735983103514
0.038082487881183624, 0.0037582111544907093
0.03811834007501602, 0.003665500320494175
0.038392145186662674, 0.003349892795085907
0.03806885704398155, 0.003142089117318392
0.03847373649477959, 0.0033157337456941605
0.038191311061382294, 0.004154928494244814
0.037709809839725494, 0.0037328514736145735
0.03800677880644798, 0.004265265539288521
0.03851000964641571, 0.004431766923516989
0.03836659714579582, 0.004384331405162811
0.037665802985429764, 0.004067322704941034
0.03800061717629433, 0.004545498173683882
0.038537509739398956, 0.003653568448498845
0.03774986416101456, 0.004517000634223223
0.03775602951645851, 0.005818801000714302
0.03834569826722145, 0.004004159942269325
0.03808446601033211, 0.0039990185759961605
0.038223523646593094, 0.0035679000429809093
0.037835557013750076, 0.004457991570234299
0.037819262593984604, 0.0047160303220152855
0.03793857619166374, 0.0049560777842998505
0.038080956786870956, 0.0026989364996552467
0.03784744068980217, 0.003972564823925495
0.03783535212278366, 0.004051385913044214
0.03800412639975548, 0.003198646940290928
0.03799156844615936, 0.004569373093545437
0.03795170783996582, 0.002895647892728448
0.037613850086927414, 0.003480438143014908
0.03805182874202728, 0.003911089152097702
0.03823389858007431, 0.0030513955280184746
0.0379142090678215, 0.0034477205481380224
0.03777476027607918, 0.004628994036465883
0.03801050782203674, 0.0036353827454149723
0.037576574832201004, 0.005209868308156729
0.03789515793323517, 0.0034948792308568954
0.0377788320183754, 0.0044552115723490715
0.03806458041071892, 0.003902997588738799
0.03783347085118294, 0.004249203484505415
0.037626344710588455, 0.005501380190253258
0.03817431256175041, 0.004479945171624422
0.03770171478390694, 0.0031546596437692642
0.03771889954805374, 0.003995536360889673
0.038349512964487076, 0.0034128709230571985
0.03786533325910568, 0.004600004758685827
0.03787515312433243, 0.003060574410483241
0.037840742617845535, 0.003914136439561844
0.037213489413261414, 0.004710621666163206
0.037758514285087585, 0.004492925014346838
0.037519026547670364, 0.003728768788278103
0.03770620748400688, 0.0037402932066470385
0.03722473978996277, 0.00454892311245203
0.0372861847281456, 0.0052273510955274105
0.03743301331996918, 0.004261075984686613
0.037205930799245834, 0.004923554603010416
0.03757285699248314, 0.0034890188835561275
0.03771619871258736, 0.00336555577814579
0.0373351089656353, 0.003279098542407155
0.03736229985952377, 0.003548245644196868
0.03771265223622322, 0.003142043249681592
0.037504151463508606, 0.0024816531222313643
0.03721752390265465, 0.0046961004845798016
0.03731590509414673, 0.003916604444384575
0.03732288256287575, 0.0047205411829054356
0.03714355453848839, 0.003138670464977622
0.03747378662228584, 0.0037930540274828672
0.03702026233077049, 0.004251249134540558
0.03725998476147652, 0.0038557390216737986
0.03758314251899719, 0.003553478280082345
0.037429362535476685, 0.004010231699794531
0.037317000329494476, 0.004189540632069111
0.037519168108701706, 0.004293033387511969
0.03697463124990463, 0.0035665221512317657
0.03728414699435234, 0.0038678001146763563
0.03707118704915047, 0.003459676867350936
0.03714710846543312, 0.00396939879283309
0.03752109780907631, 0.0035211460199207067
0.036916546523571014, 0.0031563439406454563
0.03758925944566727, 0.002888065529987216
0.03705063834786415, 0.0033813423942774534
0.036991287022829056, 0.003027464961633086
0.03682016208767891, 0.0028104763478040695
0.037014126777648926, 0.003936587832868099
0.036827653646469116, 0.003411003854125738
0.03735312446951866, 0.0049880496226251125
0.03680504485964775, 0.004246096592396498
0.037018418312072754, 0.00269156857393682
0.03699629008769989, 0.003753220196813345
0.037260670214891434, 0.003107805037871003
0.03689832612872124, 0.003641687100753188
0.03701769933104515, 0.002993367612361908
0.036950331181287766, 0.004413084127008915
0.036389607936143875, 0.0033913818188011646
0.037397708743810654, 0.004466775804758072
0.0372161902487278, 0.003213445656001568
0.037230443209409714, 0.003428824245929718
0.03725332021713257, 0.0038715994451195
0.03662264719605446, 0.005633911117911339
0.03676773980259895, 0.004866171628236771
0.03692173585295677, 0.003312167711555958
0.037014417350292206, 0.0031406076159328222
0.03720405697822571, 0.0040003289468586445
0.037214625626802444, 0.003566133789718151
0.03658528998494148, 0.005370021797716618
0.037146274000406265, 0.003213203512132168
0.03690831735730171, 0.004011957906186581
0.037191156297922134, 0.003345572156831622
0.03678089752793312, 0.00444331718608737
0.03701261058449745, 0.004242005757987499
0.036392200738191605, 0.004165391903370619
0.03664865717291832, 0.003136433893814683
0.03698217496275902, 0.004512342624366283
0.03659694641828537, 0.0038352597039192915
0.03645159676671028, 0.0043782866559922695
0.03673025593161583, 0.004162701778113842
0.03657322749495506, 0.0038508782163262367
0.03632320463657379, 0.003474497003480792
0.03654124215245247, 0.005408927332609892
0.03683697432279587, 0.0035474176984280348
0.036167144775390625, 0.00557746272534132
0.0364169143140316, 0.0042814770713448524
0.0364019013941288, 0.003750946605578065
0.03696858882904053, 0.003948897588998079
0.03657147288322449, 0.0049132793210446835
0.036956824362277985, 0.0036467837635427713
0.036421049386262894, 0.003806166583672166
0.03637475147843361, 0.004547360353171825
0.036493394523859024, 0.004393553826957941
0.036833662539720535, 0.003935252781957388
0.036470431834459305, 0.0042520547285676
0.036331113427877426, 0.003416065825149417
0.036808352917432785, 0.002772740786895156
0.03598625585436821, 0.004520696122199297
0.036251090466976166, 0.003843809012323618
0.03690693527460098, 0.003360865404829383
0.0364270880818367, 0.0030364671256393194
0.036093540489673615, 0.003739442676305771
0.03647451475262642, 0.003905113087967038
0.03654996305704117, 0.004489406477659941
0.036484602838754654, 0.004120988305658102
0.037030160427093506, 0.0029928849544376135
0.03689328208565712, 0.003327985294163227
0.0368553027510643, 0.004518973175436258
0.036574430763721466, 0.003743867389857769
0.03656063228845596, 0.004656639415770769
0.036551136523485184, 0.004366457927972078
0.03663468360900879, 0.003097746055573225
0.03610995039343834, 0.0049402243457734585
0.03665640950202942, 0.003798956051468849
0.03659399226307869, 0.0036287640687078238
0.036614399403333664, 0.00483942124992609
0.0364123098552227, 0.004091536160558462
0.0365121029317379, 0.0032870678696781397
0.03670122101902962, 0.0030475317034870386
0.03640718385577202, 0.0044595422223210335
0.036450427025556564, 0.0031689489260315895
0.03649255260825157, 0.003912393469363451
0.03636293113231659, 0.0037845149636268616
0.03670794889330864, 0.003895779140293598
0.03639936447143555, 0.0038212707731872797
0.03650801256299019, 0.0036763399839401245
0.03610296919941902, 0.004229994025081396
0.035873837769031525, 0.004558356944471598
0.03657669946551323, 0.0029348530806601048
0.03675888106226921, 0.0031828638166189194
0.03684388846158981, 0.002883217530325055
0.036305446177721024, 0.003464037785306573
0.03586897626519203, 0.003672117367386818
0.036130618304014206, 0.004197556059807539
0.03621456399559975, 0.0042055752128362656
0.03625624254345894, 0.00432753749191761
0.036248091608285904, 0.003370353253558278
0.03641580790281296, 0.0031303749419748783
0.036587465554475784, 0.00345821026712656
0.036280352622270584, 0.004174583591520786
0.03596033528447151, 0.004616857506334782
0.03624781593680382, 0.004529647063463926
0.03603574261069298, 0.0036122410092502832
0.036377206444740295, 0.003993112128227949
0.03597630187869072, 0.004090611357241869
0.036309532821178436, 0.0030936941038817167
0.03574550151824951, 0.003908452112227678
0.03612395003437996, 0.0036836382932960987
0.03609966114163399, 0.003528882749378681
0.036255303770303726, 0.003935608081519604
0.03586582839488983, 0.004115321673452854
0.036062512546777725, 0.004151244647800922
0.03609733656048775, 0.00554164033383131
0.036172933876514435, 0.004718869458884001
0.03651940077543259, 0.004222208634018898
0.036414969712495804, 0.0035772728733718395
0.036477793008089066, 0.0031606988050043583
0.036096543073654175, 0.003231793874874711
0.03639347106218338, 0.0027476053219288588
0.036363404244184494, 0.002648711670190096
0.03600206598639488, 0.004790641833096743
0.03613806143403053, 0.0023673984687775373
0.036317914724349976, 0.003482666565105319
0.03601674363017082, 0.00363858207128942
0.03607815131545067, 0.004651121329516172
0.03571021184325218, 0.004622260574251413
0.03542575240135193, 0.004941449500620365
0.036240316927433014, 0.004882909823209047
0.035609472543001175, 0.0065444763749837875
0.03572498634457588, 0.0038872528821229935
0.035678617656230927, 0.0031568140257149935
0.03571712598204613, 0.004438308067619801
0.03596704453229904, 0.005311799235641956
0.03630773350596428, 0.003961431793868542
0.03577560558915138, 0.0034102913923561573
0.036217208951711655, 0.00282477424480021
0.036268871277570724, 0.003273413050919771
0.036201898008584976, 0.003571845358237624
0.03536083176732063, 0.0053590890020132065
0.03557353466749191, 0.0036738256458193064
0.03621242567896843, 0.0030649073887616396
0.035956259816884995, 0.004088256042450666
0.03612469136714935, 0.003152186516672373
0.03590525686740875, 0.003807954490184784
0.035465724766254425, 0.004801794420927763
0.03574124351143837, 0.0045722671784460545
0.035484686493873596, 0.0038793352432549
0.03569057583808899, 0.0036320160143077374
0.03606608137488365, 0.003587234765291214
0.03580627962946892, 0.0038946785498410463
0.03601958230137825, 0.0030941632576286793
0.036116182804107666, 0.0040212650783360004
0.03602355718612671, 0.00461691664531827
0.035869888961315155, 0.002776321256533265
0.03566967695951462, 0.003962676040828228
0.03599318116903305, 0.004161196295171976
0.035562627017498016, 0.004607520531862974
0.035392314195632935, 0.005318747833371162
0.03585944324731827, 0.0035184244625270367
0.036002106964588165, 0.0032352760899811983
0.03573910519480705, 0.0037190241273492575
0.035988058894872665, 0.004290691111236811
0.03565893694758415, 0.0032174279913306236
0.03588022664189339, 0.0038317772559821606
0.035813428461551666, 0.0026758916210383177
0.035549625754356384, 0.003859141608700156
0.035706210881471634, 0.003422895912081003
0.03557470068335533, 0.00398114463314414
0.035864558070898056, 0.004518048372119665
0.03597712144255638, 0.0036341443192213774
0.03587361052632332, 0.003047293284907937
0.035660792142152786, 0.0043703652918338776
0.03592218831181526, 0.0035527304280549288
0.035298604518175125, 0.005888567306101322
0.03539257124066353, 0.0047814371064305305
0.03572231903672218, 0.004308641888201237
0.035954203456640244, 0.0035094008781015873
0.03581030294299126, 0.003702613990753889
0.03563280403614044, 0.003678648266941309
0.036211591213941574, 0.003054814413189888
0.035639114677906036, 0.004481224808841944
0.0360708124935627, 0.002965957159176469
0.035329241305589676, 0.004922837018966675
0.03529583662748337, 0.003906425088644028
0.03575552627444267, 0.0033957904670387506
0.03598252311348915, 0.0039947801269590855
0.035702116787433624, 0.0039689019322395325
0.03548537939786911, 0.002732660621404648
0.035953588783741, 0.004860712680965662
0.035851676017045975, 0.004729431122541428
0.03576348349452019, 0.003266108687967062
0.03548722341656685, 0.003890264080837369
0.035425230860710144, 0.004555306863039732
0.03572797775268555, 0.003778017358854413
0.03586697578430176, 0.0035541015677154064
0.03506135195493698, 0.005127158481627703
0.0356363020837307, 0.004154669586569071
0.03548013046383858, 0.004258463624864817
0.035599127411842346, 0.005040086340159178
0.035578180104494095, 0.003240633988752961
0.035517483949661255, 0.0037954971194267273
0.03531670570373535, 0.003204550826922059
0.03544006496667862, 0.0028403764590620995
0.03542302921414375, 0.002521758433431387
0.035501159727573395, 0.0038343823980540037
0.035544801503419876, 0.0050307512283325195
0.035551585257053375, 0.004012685734778643
0.03587257117033005, 0.0027976760175079107
0.03576686978340149, 0.004205279517918825
0.035656336694955826, 0.00346417841501534
0.03543488681316376, 0.003417078871279955
0.03559400513768196, 0.0048459116369485855
0.035322800278663635, 0.003012018045410514
0.035967160016298294, 0.0031941148918122053
0.03568033501505852, 0.004236554726958275
0.03566615656018257, 0.0046399482525885105
0.03533691167831421, 0.0046868897043168545
0.03538152202963829, 0.005048888269811869
0.03544068709015846, 0.004276847001165152
0.03536205738782883, 0.004256822168827057
0.03557734936475754, 0.0033620165195316076
0.03487086296081543, 0.004695963580161333
0.03520588204264641, 0.0033175910357385874
0.035669371485710144, 0.0023858959320932627
0.03534576669335365, 0.0037610852159559727
0.03522854670882225, 0.004988247994333506
0.035394325852394104, 0.003752176184207201
0.035077303647994995, 0.0033400440588593483
0.035398826003074646, 0.004680817946791649
0.035040538758039474, 0.004680258687585592
0.0352269783616066, 0.0040714917704463005
0.03543683513998985, 0.004176843445748091
0.03527403250336647, 0.004672569688409567
0.03500351309776306, 0.004641363862901926
0.03490281105041504, 0.004556264262646437
0.03521284461021423, 0.0036314725875854492
0.03534266725182533, 0.004030623938888311
0.03505553677678108, 0.004817961249500513
0.035466667264699936, 0.002698404248803854
0.03521214798092842, 0.0032923314720392227
0.035438261926174164, 0.002779796253889799
0.035095661878585815, 0.0041046664118766785
0.03531017154455185, 0.003753682831302285
0.03526793420314789, 0.004797505680471659
0.03515644371509552, 0.004409123212099075
0.03526962921023369, 0.0020354746375232935
0.0350131094455719, 0.003167596645653248
0.03519556671380997, 0.003519961843267083
0.03521712124347687, 0.003209079848602414
0.035449057817459106, 0.003804776119068265
0.03505350276827812, 0.004791345447301865
0.03543907031416893, 0.004295380786061287
0.035274263471364975, 0.003443424589931965
0.03510485962033272, 0.0038535853382200003
0.03505896404385567, 0.0028611449524760246
0.03549198433756828, 0.003497712779790163
0.03542838990688324, 0.004541617352515459
0.0353822223842144, 0.004052480682730675
0.03529902175068855, 0.002976400777697563
0.034752536565065384, 0.004469003062695265
0.03518090769648552, 0.0033812469337135553
0.035117000341415405, 0.0035660937428474426
0.03511359170079231, 0.0024896569084376097
0.035163238644599915, 0.003730162512511015
0.03481425344944, 0.004149478394538164
0.03518310934305191, 0.003081241389736533
0.03506332263350487, 0.0033401313703507185
0.03520842269062996, 0.0027990888338536024
0.035450875759124756, 0.002718742238357663
0.03556976094841957, 0.003677139990031719
0.03489203006029129, 0.004160423297435045
0.03509438782930374, 0.004081727005541325
0.035063598304986954, 0.0027291460428386927
0.03442780300974846, 0.00404401496052742
0.03511311858892441, 0.0030582048930227757
0.03495638445019722, 0.004723039921373129
0.034723784774541855, 0.004452378489077091
0.03534183278679848, 0.004528596997261047
0.035444289445877075, 0.0026883482933044434
0.034895796328783035, 0.004879769403487444
0.03536247834563255, 0.0034328659530729055
0.035080842673778534, 0.004156851209700108
0.035116277635097504, 0.003204450011253357
0.035600438714027405, 0.00373146403580904
0.03508399799466133, 0.0037962854839861393
0.035254769027233124, 0.004532440099865198
0.034961216151714325, 0.0037677004002034664
0.03469950705766678, 0.004117250442504883
0.035055212676525116, 0.0026994822546839714
0.035069968551397324, 0.0029163998551666737
0.034791961312294006, 0.0037926621735095978
0.034972455352544785, 0.004129074048250914
0.034962933510541916, 0.00326128420419991
0.03518936038017273, 0.0026553873904049397
0.03489185869693756, 0.004051818512380123
0.03496863320469856, 0.004365821834653616
0.03479870781302452, 0.0036969417706131935
0.03514091670513153, 0.004284432157874107
0.0349816158413887, 0.004479920957237482
0.03500254452228546, 0.004314799793064594
0.03496212139725685, 0.004652285948395729
0.035119134932756424, 0.002900914056226611
0.035256724804639816, 0.0033179891761392355
0.03498530015349388, 0.0034064233768731356
0.03518278896808624, 0.0031908878590911627
0.034697625786066055, 0.004516209941357374
0.03474606201052666, 0.004566752817481756
0.03475732356309891, 0.003689178731292486
0.03468086197972298, 0.003863164223730564
0.0352037139236927, 0.0036099539138376713
0.03518021106719971, 0.002292572520673275
0.034898631274700165, 0.004021423403173685
0.03468851372599602, 0.003868506057187915
0.03479024022817612, 0.003928774036467075
0.03510183095932007, 0.004069552756845951
0.03471140190958977, 0.002951354021206498
0.03498810902237892, 0.002943990519270301
0.034518562257289886, 0.0037861443124711514
0.03522473946213722, 0.004441126249730587
0.0349462553858757, 0.0038469196297228336
0.03521568700671196, 0.0030113887041807175
0.0349566824734211, 0.003299450734630227
0.034827616065740585, 0.003876921022310853
0.034708987921476364, 0.004575821571052074
0.0344986729323864, 0.004208960570394993
0.03504957631230354, 0.0035967850126326084
0.03484313562512398, 0.003867307910695672
0.03467073664069176, 0.003660280955955386
0.03532471880316734, 0.003866552608087659
0.034824829548597336, 0.004219566471874714
0.03456922248005867, 0.0031199450604617596
0.03462451696395874, 0.004236559383571148
0.03492879495024681, 0.004491806495934725
0.0346059687435627, 0.004462182056158781
0.03489338234066963, 0.003374432912096381
0.0348261259496212, 0.0033755332697182894
0.03494380787014961, 0.0033349033910781145
0.03471938520669937, 0.0039053072687238455
0.03451623395085335, 0.003275193041190505
0.0348702073097229, 0.0035337568260729313
0.034921515733003616, 0.003242014441639185
0.03534451499581337, 0.003627838334068656
0.03470708802342415, 0.003910683561116457
0.03485498204827309, 0.004052292555570602
0.03470992669463158, 0.003910793457180262
0.03494662791490555, 0.002524099312722683
0.03476199135184288, 0.003928309306502342
0.03463446721434593, 0.003829109715297818
0.03499504551291466, 0.0045592947863042355
0.034764427691698074, 0.005021641496568918
0.03472181037068367, 0.004420538432896137
0.03486791253089905, 0.003016088856384158
0.03463657200336456, 0.0034225115086883307
0.03433205187320709, 0.0038124416023492813
0.03473546728491783, 0.004724445752799511
0.034314438700675964, 0.005128462333232164
0.03490173816680908, 0.003483834443613887
0.03479568660259247, 0.003968314733356237
0.034915585070848465, 0.0034188395366072655
0.03461168706417084, 0.003467455506324768
0.03493136167526245, 0.0037677986547350883
0.03467349335551262, 0.0037386936601251364
0.0349649079144001, 0.0032241204753518105
0.034445811063051224, 0.005018638912588358
0.03533429279923439, 0.003725597867742181
0.034664079546928406, 0.003355334745720029
0.03494836017489433, 0.004472204949706793
0.034275949001312256, 0.003219136269763112
0.03452768549323082, 0.003724288661032915
0.03465831279754639, 0.0035888124257326126
0.03499482199549675, 0.004226479679346085
0.03432445973157883, 0.004584072157740593
0.0347747839987278, 0.0027372518088668585
0.034632667899131775, 0.004063447471708059
0.03509284928441048, 0.0030059616547077894
0.03490829840302467, 0.002926069777458906
0.03476957976818085, 0.004391556140035391
0.03515249490737915, 0.0026008065324276686
0.03441029414534569, 0.0028800794389098883
0.03474068269133568, 0.002355010714381933
0.03478579968214035, 0.004244351759552956
0.0344923697412014, 0.004172768909484148
0.034540485590696335, 0.00461626099422574
0.03433949500322342, 0.0033954393584281206
0.03497631475329399, 0.0035571500193327665
0.03469230607151985, 0.0046072835102677345
0.03459048643708229, 0.003720751730725169
0.03459210321307182, 0.004446906968951225
0.03504946455359459, 0.003108190605416894
0.034447427839040756, 0.004801693372428417
0.0341804102063179, 0.0048241568729281425
0.034367550164461136, 0.0023971297778189182
0.03443886339664459, 0.003155302722007036
0.03479521721601486, 0.004429133143275976
0.034338101744651794, 0.004447354469448328
0.0342441126704216, 0.0036558397114276886
0.034543368965387344, 0.004865860566496849
0.03440696373581886, 0.0038783058989793062
0.03430723026394844, 0.003507210174575448
0.03474611043930054, 0.003090084530413151
0.034245360642671585, 0.0038224600721150637
0.034694746136665344, 0.0041050175204873085
0.03432876244187355, 0.0032811022829264402
0.03419319912791252, 0.004977884702384472
0.034367822110652924, 0.0032832352444529533
0.03458516672253609, 0.003963477909564972
0.03438063710927963, 0.0035669500939548016
0.034406207501888275, 0.004209010861814022
0.03435312211513519, 0.003933835308998823
0.03463179990649223, 0.0035250370856374502
0.03432368114590645, 0.003389292163774371
0.03418586030602455, 0.0029812634456902742
0.034808773547410965, 0.0029685236513614655
0.034444455057382584, 0.00363922375254333
0.0342976450920105, 0.00413720216602087
0.03431205824017525, 0.0035401880741119385
0.03459550067782402, 0.004104682710021734
0.0341838076710701, 0.004638982936739922
0.034346871078014374, 0.003398240776732564
0.03444385901093483, 0.0028580762445926666
0.034321267157793045, 0.0028454263228923082
0.03449960798025131, 0.0040415311232209206
0.0344897098839283, 0.003596332622691989
0.033954259008169174, 0.003465058282017708
0.034429002553224564, 0.003717572195455432
0.034506283700466156, 0.0037073094863444567
0.03396421670913696, 0.0037480571772903204
0.03413371369242668, 0.0035604482982307673
0.034329790621995926, 0.003363166470080614
0.03428390994668007, 0.0036019529215991497
0.03453528508543968, 0.0025287035387009382
0.03419193997979164, 0.004265915136784315
0.03449314087629318, 0.0034221189562231302
0.034608084708452225, 0.002982228295877576
0.034566644579172134, 0.0031460884492844343
0.03429960459470749, 0.004502820782363415
0.03444352000951767, 0.003457236336544156
0.03472524136304855, 0.0045663658529520035
0.0350952073931694, 0.004266947973519564
0.03429223224520683, 0.0037079527974128723
0.034320224076509476, 0.0032195530366152525
0.03423948213458061, 0.003932665567845106
0.03431151807308197, 0.004964433144778013
0.034368760883808136, 0.003813874674960971
0.03430100902915001, 0.004105172585695982
0.03434380516409874, 0.00473720533773303
0.0342935211956501, 0.003595761489123106
0.034338995814323425, 0.004126665648072958
0.03358692675828934, 0.0035721438471227884
0.03418968990445137, 0.004094680771231651
0.03396949544548988, 0.0041955821216106415
0.034301407635211945, 0.003285189624875784
0.03432635962963104, 0.004097354132682085
0.034638892859220505, 0.0035354155115783215
0.034596119076013565, 0.00328580173663795
0.034370776265859604, 0.004402677994221449
0.03422240912914276, 0.0038230654317885637
0.03424922376871109, 0.004107319284230471
0.03439425304532051, 0.0028719003312289715
0.03429507091641426, 0.004639536142349243
0.03412903845310211, 0.0046028862707316875
0.03446151688694954, 0.00409528287127614
0.03415638208389282, 0.004388781264424324
0.034363117069005966, 0.004057272337377071
0.03414751589298248, 0.004114223178476095
0.03427307307720184, 0.004578712861984968
0.03461795672774315, 0.0031303984578698874
0.03391067311167717, 0.004405094776302576
0.03400970995426178, 0.0034234398044645786
0.03443143144249916, 0.0034924305509775877
0.03453843295574188, 0.002429491840302944
0.03427920863032341, 0.004038361832499504
0.034061629325151443, 0.0033413602504879236
0.03422253206372261, 0.003931233659386635
0.03416217863559723, 0.004000447224825621
0.03360067307949066, 0.003704649629071355
0.03367025777697563, 0.004803515505045652
0.034001655876636505, 0.0029578024987131357
0.034373849630355835, 0.003672391874715686
0.03386968746781349, 0.005041064694523811
0.03413505107164383, 0.003947415389120579
0.03410391882061958, 0.0033896653912961483
0.03416593745350838, 0.004341697320342064
0.0344930998980999, 0.003508283058181405
0.03445730730891228, 0.004233574960380793
0.033856723457574844, 0.003942407667636871
0.034050509333610535, 0.003302902914583683
0.034087419509887695, 0.0037524374201893806
0.034094009548425674, 0.004705009516328573
0.03407938405871391, 0.004386015702039003
0.03406178951263428, 0.0032329531386494637
0.03380419313907623, 0.004608548246324062
0.03436718136072159, 0.003743619890883565
0.033424023538827896, 0.004018036182969809
0.0338749885559082, 0.0038813201244920492
0.03434283658862114, 0.002981340978294611
0.03407781943678856, 0.004596290644258261
0.033875495195388794, 0.003394543193280697
0.03398078680038452, 0.003403052920475602
0.03401121124625206, 0.004253691527992487
0.033750955015420914, 0.004461938049644232
0.034174878150224686, 0.003733536461368203
0.03406006842851639, 0.004984511062502861
0.03365817666053772, 0.004394502844661474
0.03391846641898155, 0.0036448310129344463
0.03420114144682884, 0.004091143608093262
0.03369680419564247, 0.004238208755850792
0.033922482281923294, 0.003091922728344798
0.03395775333046913, 0.002971736015751958
0.034252990037202835, 0.0028663091361522675
0.03357112780213356, 0.0042831068858504295
0.03415153548121452, 0.004195280838757753
0.03390013426542282, 0.0032370116095989943
0.034142397344112396, 0.0034163426607847214
0.034298382699489594, 0.0036209854297339916
0.033992938697338104, 0.00472295843064785
0.033631883561611176, 0.0037381749134510756
0.03418488800525665, 0.003535953816026449
0.03394881263375282, 0.0035599314142018557
0.03390266373753548, 0.004058407619595528
0.03392773121595383, 0.003928399179130793
0.03399959206581116, 0.0029875803738832474
0.03399353846907616, 0.003936992026865482
0.03410162776708603, 0.0034868947695940733
0.03378709405660629, 0.0037932414561510086
0.03401763737201691, 0.004086419939994812
0.034054629504680634, 0.0033920048736035824
0.033957529813051224, 0.004342202562838793
0.033591337502002716, 0.003982033580541611
0.03367931768298149, 0.004242520779371262
0.03402625396847725, 0.0046107033267617226
0.03417517617344856, 0.0034025253262370825
0.033183805644512177, 0.004638452082872391
0.034055955708026886, 0.0035388250835239887
0.03355463594198227, 0.004854023922234774
0.033487528562545776, 0.005626173224300146
0.03352804481983185, 0.004211660008877516
0.03397899866104126, 0.003115756204351783
0.03327033296227455, 0.0040966542437672615
0.03388267382979393, 0.003841955214738846
0.0338297002017498, 0.003731097560375929
0.03386250510811806, 0.003077732166275382
0.033771220594644547, 0.0034891562536358833
0.034223977476358414, 0.0025477218441665173
0.03380679339170456, 0.0034618324134498835
0.0337747260928154, 0.003380897920578718
0.03382682427763939, 0.0041013676673173904
0.03391152620315552, 0.0030790481250733137
0.03385597839951515, 0.003060005372390151
0.03354841470718384, 0.0036595785059034824
0.03362938389182091, 0.004239104688167572
0.03368575498461723, 0.004065380431711674
0.03395547345280647, 0.0033867666497826576
0.03397344797849655, 0.0030721123330295086
0.03336220234632492, 0.0036951361689716578
0.033814650028944016, 0.0033746198751032352
0.03367258608341217, 0.0038808509707450867
0.03348691388964653, 0.004055159166455269
0.033665385097265244, 0.005321382079273462
0.03362287953495979, 0.003501694183796644
0.03369386866688728, 0.0037205375265330076
0.033689144998788834, 0.0034517496824264526
0.03387861326336861, 0.004015687853097916
0.0341314971446991, 0.003939829301089048
0.033788710832595825, 0.003859164658933878
0.03384663909673691, 0.002872641198337078
0.03324778750538826, 0.004142611287534237
0.033622194081544876, 0.003819991135969758
0.03353792801499367, 0.004229842685163021
0.03367358446121216, 0.003962953109294176
0.03354246914386749, 0.0040621389634907246
0.033468812704086304, 0.0033779414370656013
0.033595889806747437, 0.0037108948454260826
0.0336797721683979, 0.0038239629939198494
0.03358010947704315, 0.004724164959043264
0.03402826189994812, 0.003224184038117528
0.0337894968688488, 0.004599878564476967
0.03372576832771301, 0.003251282498240471
0.03382657840847969, 0.0029693995602428913
0.03360659256577492, 0.0041047376580536366
0.03377610817551613, 0.0036360137164592743
0.03364316374063492, 0.0033149011433124542
0.033085525035858154, 0.0032588138710707426
0.03347356617450714, 0.003536446485668421
0.0333574153482914, 0.003109921468421817
0.03352038562297821, 0.004006247501820326
0.03330259025096893, 0.0027931013610213995
0.03337617963552475, 0.004083714913576841
0.0334324985742569, 0.00288759870454669
0.033595677465200424, 0.003952472470700741
0.0336577482521534, 0.00270562875084579
0.033407147973775864, 0.003871873952448368
0.0335628017783165, 0.004007651936262846
0.03359594941139221, 0.0030176187865436077
0.033463478088378906, 0.003332755761221051
0.033801861107349396, 0.003256906056776643
0.03342698514461517, 0.003853728761896491
0.03376983851194382, 0.004354433156549931
0.03360641375184059, 0.004052011761814356
0.03349246084690094, 0.004130863584578037
0.033255305141210556, 0.00319758802652359
0.03368633985519409, 0.0039465283043682575
0.03378846496343613, 0.003012348199263215
0.03361592814326286, 0.004197018686681986
0.03354431688785553, 0.003634396241977811
0.03354121744632721, 0.002874871715903282
0.033039841800928116, 0.005150103475898504
0.03358697518706322, 0.003425643779337406
0.03389110788702965, 0.003094975370913744
0.033436860889196396, 0.003885509679093957
0.0336342416703701, 0.004274279344826937
0.033122092485427856, 0.004550711717456579
0.03355126082897186, 0.004424788057804108
0.033170055598020554, 0.003915680106729269
0.03363486006855965, 0.0029749369714409113
0.03364050015807152, 0.0039053617510944605
0.03349275141954422, 0.00359615427441895
0.0333113856613636, 0.004464087542146444
0.03308136388659477, 0.003675066400319338
0.033092889934778214, 0.004254954867064953
0.03356235474348068, 0.0032025089021772146
0.03359589725732803, 0.0033828059677034616
0.03337772190570831, 0.002974781207740307
0.03326728194952011, 0.00390769774094224
0.033535175025463104, 0.003802688792347908
0.03325026109814644, 0.003858183743432164
0.033176857978105545, 0.005032671149820089
0.03285541757941246, 0.004266990814357996
0.03352712094783783, 0.0032459371723234653
0.033246662467718124, 0.0032181774731725454
0.0329686664044857, 0.004926246590912342
0.033267274498939514, 0.004539687652140856
0.03333413228392601, 0.0035794994328171015
0.033516693860292435, 0.003849627682939172
0.03318842500448227, 0.004091487266123295
0.033131662756204605, 0.0029204608872532845
0.03362775593996048, 0.0030072748195379972
0.033266499638557434, 0.0036005342844873667
0.03306734934449196, 0.004472982604056597
0.033524058759212494, 0.0035230598878115416
0.03375222161412239, 0.00325158704072237
0.03365327790379524, 0.002975479932501912
0.03350168094038963, 0.002981529338285327
0.0330456867814064, 0.0037789377383887768
0.03325522318482399, 0.003457186510786414
0.03314250707626343, 0.0046823774464428425
0.03298090770840645, 0.0030026263557374477
0.03312470763921738, 0.0035168048925697803
0.033219315111637115, 0.004388479050248861
0.033040791749954224, 0.0042388299480080605
0.03308407589793205, 0.0038336950819939375
0.033093567937612534, 0.003953332547098398
0.03311745449900627, 0.003974896389991045
0.033114392310380936, 0.00399006949737668
0.03339025750756264, 0.0029283298645168543
0.03323174640536308, 0.004169192165136337
0.03337188810110092, 0.003508413676172495
0.03337487578392029, 0.004176594316959381
0.032910000532865524, 0.004559048917144537
0.03320489078760147, 0.0031968250405043364
0.032756257802248, 0.003739480394870043
0.03348779305815697, 0.003647221252322197
0.033216819167137146, 0.0034944943618029356
0.03312560170888901, 0.0030060121789574623
0.033053357154130936, 0.0034797543194144964
0.03306734561920166, 0.004737958777695894
0.03326062485575676, 0.0030813226476311684
0.032757557928562164, 0.004634106066077948
0.032936543226242065, 0.0035176179371774197
0.032960306853055954, 0.0027448972687125206
0.03301769867539406, 0.0034440651070326567
0.03303567320108414, 0.002712198067456484
0.03335447236895561, 0.003437594510614872
0.03316314145922661, 0.003426064271479845
0.03293042257428169, 0.004894685000181198
0.03308805078268051, 0.00409346166998148
0.03288307413458824, 0.0032587782479822636
0.032951194792985916, 0.002777202520519495
0.03267945721745491, 0.0038417610339820385
0.033061373978853226, 0.0033748121932148933
0.03312724828720093, 0.003994413185864687
0.03304731473326683, 0.0035075354389846325
0.03304550424218178, 0.004131115507334471
0.03304121270775795, 0.0035765368957072496
0.03311762586236, 0.004078427795320749
0.032539814710617065, 0.003127752337604761
0.03286837786436081, 0.0029906369745731354
0.032658323645591736, 0.004738365299999714
0.032903946936130524, 0.004214202053844929
0.032991088926792145, 0.004122324287891388
0.03278239071369171, 0.004053753335028887
0.03297623246908188, 0.004712983034551144
0.03293842449784279, 0.0040809353813529015
0.033298663794994354, 0.0038577085360884666
0.03321416676044464, 0.0037927015218883753
0.03321398049592972, 0.0031868836376816034
0.03286855295300484, 0.004233556799590588
0.033125367015600204, 0.0033867640886455774
0.03288204222917557, 0.003832324640825391
0.03317108750343323, 0.002524062292650342
0.03306284919381142, 0.0033765544649213552
0.0330728217959404, 0.0044449251145124435
0.0330791175365448, 0.0023086497094482183
0.03332753852009773, 0.002981745870783925
0.032709408551454544, 0.0030568046495318413
0.033056337386369705, 0.00426451163366437
0.03275194764137268, 0.004037170670926571
0.032952241599559784, 0.003840535646304488
0.032811377197504044, 0.004265338648110628
0.03290544077754021, 0.0032001750078052282
0.03313857316970825, 0.003362641902640462
0.03299688920378685, 0.0029457733035087585
0.03341089189052582, 0.002702397061511874
0.032727330923080444, 0.003977797459810972
0.03314416483044624, 0.0033662249334156513
0.033035099506378174, 0.002761183073744178
0.03248659521341324, 0.0036713092122226954
0.03269575908780098, 0.0044330875389277935
0.0324794203042984, 0.003588444786146283
0.032645031809806824, 0.0034111044369637966
0.03278595954179764, 0.003567339153960347
0.03273800387978554, 0.0035707682836800814
0.032885778695344925, 0.0027739035431295633
0.03290582448244095, 0.003682241076603532
0.03294287994503975, 0.002531002974137664
0.03243080526590347, 0.0035178379621356726
0.03256866708397865, 0.003989172168076038
0.03207302466034889, 0.005206770729273558
0.032925091683864594, 0.003879646770656109
0.03291099891066551, 0.0024671945720911026
0.0327175073325634, 0.004996773786842823
0.03260672464966774, 0.0034190237056463957
0.032892655581235886, 0.0033685630187392235
0.03267074003815651, 0.004421459045261145
0.032866086810827255, 0.00416939239948988
0.03298167139291763, 0.0038176528178155422
0.03262702375650406, 0.005182566586881876
0.032645635306835175, 0.003944066818803549
0.03260468319058418, 0.003789435839280486
0.03268544375896454, 0.00425355089828372
0.03274018317461014, 0.004380365367978811
0.03284852206707001, 0.004112763796001673
0.03293395787477493, 0.003080815076828003
0.03309452906250954, 0.002661904087290168
0.03271658718585968, 0.0036843775305896997
0.03260047733783722, 0.004684734623879194
0.032789215445518494, 0.002741912379860878
0.03279002755880356, 0.0028942690696567297
0.032215166836977005, 0.005874658934772015
0.0323910154402256, 0.0028544473461806774
0.03282719850540161, 0.0035929253790527582
0.032659851014614105, 0.0038936499040573835
0.03253267705440521, 0.002497785957530141
0.03284778818488121, 0.003672450315207243
0.03277246281504631, 0.0030986948404461145
0.032558806240558624, 0.0036403026897460222
0.03288014605641365, 0.0036564457695931196
0.0322507880628109, 0.004316387698054314
0.03276735916733742, 0.002867450937628746
0.032647572457790375, 0.004573359154164791
0.033048439770936966, 0.0030188558157533407
0.03262249380350113, 0.003937476314604282
0.0328836627304554, 0.0033100552391260862
0.03216768428683281, 0.0043870569206774235
0.032715804874897, 0.003588347928598523
0.032711420208215714, 0.0032778738532215357
0.03287319839000702, 0.004340005107223988
0.03249761089682579, 0.0028900443576276302
0.032416731119155884, 0.0041621834971010685
0.03253752365708351, 0.0033408012241125107
0.03262099623680115, 0.0036155704874545336
0.03258289024233818, 0.0027692632284015417
0.03275477886199951, 0.003872079076245427
0.032880619168281555, 0.0024963263422250748
0.03229047730565071, 0.004222343675792217
0.032723404467105865, 0.003304597921669483
0.03256332874298096, 0.0038679768331348896
0.032589349895715714, 0.003975303843617439
0.03248231112957001, 0.003132434096187353
0.032621510326862335, 0.003950848244130611
0.03267186880111694, 0.0034210551530122757
0.03251928091049194, 0.004359699320048094
0.03282502666115761, 0.0043832240626215935
0.0323561355471611, 0.003697208594530821
0.03279666230082512, 0.003485985565930605
0.03206491097807884, 0.004164296202361584
0.03263699263334274, 0.0029934735503047705
0.03270140290260315, 0.003814775962382555
0.03275527432560921, 0.0026300190947949886
0.03207254782319069, 0.004649520851671696
0.032514140009880066, 0.002982954727485776
0.0324556939303875, 0.004032894037663937
0.032598841935396194, 0.0035131988115608692
0.032597824931144714, 0.00396726792678237
0.03256252780556679, 0.004349567927420139
0.03222578763961792, 0.004096916876733303
0.032539088279008865, 0.003041522577404976
0.03263217210769653, 0.0024039337877184153
0.032069478183984756, 0.0032065107952803373
0.03227319195866585, 0.003485400229692459
0.03236260265111923, 0.00307007459923625
0.032319165766239166, 0.004121133591979742
0.03238183632493019, 0.0035295106936246157
0.032265160232782364, 0.004100305959582329
0.032515835016965866, 0.002685799263417721
0.032474178820848465, 0.0032302956096827984
0.03204147890210152, 0.0040794252417981625
0.032265372574329376, 0.0037879757583141327
0.03207269683480263, 0.005008602514863014
0.03244834020733833, 0.003191720461472869
0.03220219910144806, 0.0038393386639654636
0.03222529590129852, 0.003280184231698513
0.03250003233551979, 0.0032814648002386093
0.03186767175793648, 0.003666185075417161
0.03240307420492172, 0.005144539289176464
0.03213708847761154, 0.003432858269661665
0.03258790448307991, 0.004758387804031372
0.032428864389657974, 0.003939836286008358
0.032509684562683105, 0.004055199678987265
0.032344866544008255, 0.004001797642558813
0.03200012072920799, 0.004413344897329807
0.03237174078822136, 0.0028814717661589384
0.03228102996945381, 0.003353377105668187
0.032371677458286285, 0.0030117686837911606
0.03199734166264534, 0.003031122498214245
0.03193752467632294, 0.004066977649927139
0.032395634800195694, 0.0033098366111516953
0.0325927771627903, 0.0029150729533284903
0.03221984580159187, 0.003384532406926155
0.032268427312374115, 0.0033761097583919764
0.03230031579732895, 0.0035893910098820925
0.03260837122797966, 0.0035839162301272154
0.032623711973428726, 0.0033172902185469866
0.0319729708135128, 0.004754234105348587
0.032520171254873276, 0.003907304722815752
0.032455287873744965, 0.004046027548611164
0.032590437680482864, 0.004057405982166529
0.032473739236593246, 0.0031802416779100895
0.03189379349350929, 0.004725784063339233
0.0327194407582283, 0.0033324940595775843
0.0324682779610157, 0.003046737750992179
0.03204548358917236, 0.0040071094408631325
0.03224232792854309, 0.002893186407163739
0.032475247979164124, 0.004073700401932001
0.03242557495832443, 0.003923449665307999
0.03254900127649307, 0.002962919883430004
0.03231927379965782, 0.0030934505630284548
0.03235223516821861, 0.004393464419990778
0.03230074420571327, 0.0039144037291407585
0.0323244147002697, 0.0036543356254696846
0.0323868989944458, 0.00466338824480772
0.032232802361249924, 0.002696368610486388
0.03231045603752136, 0.0035295619163662195
0.0320899672806263, 0.004440136719495058
0.032378602772951126, 0.002374287461861968
0.032068926841020584, 0.0041064051911234856
0.03224976733326912, 0.0035281290765851736
0.031812310218811035, 0.004126064945012331
0.03218143805861473, 0.003646529046818614
0.032174985855817795, 0.003075833199545741
0.03217016160488129, 0.0040097725577652454
0.032312050461769104, 0.0037484602071344852
0.03217390924692154, 0.004141238983720541
0.032142359763383865, 0.004218054469674826
0.03201678767800331, 0.0042981649748981
0.032005418092012405, 0.003981850575655699
0.0324278362095356, 0.0037631546147167683
0.032412633299827576, 0.003744300687685609
0.03230396285653114, 0.005065026227384806
0.0321170836687088, 0.004102149046957493
0.032478589564561844, 0.0034970222041010857
0.03233558312058449, 0.004547679331153631
0.03207099437713623, 0.004568014293909073
0.03199022635817528, 0.0035824733786284924
0.031990401446819305, 0.0037529305554926395
0.03196083754301071, 0.004053451120853424
0.032013826072216034, 0.00501337181776762
0.03278714045882225, 0.00306564848870039
0.03219239413738251, 0.002930333139374852
0.032213713973760605, 0.003436008933931589
0.031975097954273224, 0.002423700410872698
0.032130081206560135, 0.004203155171126127
0.032238949090242386, 0.0030114087276160717
0.03209412842988968, 0.0034143696539103985
0.03205346316099167, 0.003717707237228751
0.03204121068120003, 0.0033878858666867018
0.032106269150972366, 0.004595751408487558
0.03219136223196983, 0.003565380349755287
0.03214579075574875, 0.0035749732051044703
0.031926143914461136, 0.0030743302777409554
0.03191206604242325, 0.004248849581927061
0.03217306360602379, 0.0041739726439118385
0.03240601345896721, 0.0028156761545687914
0.03237713873386383, 0.003391614416614175
0.03193392604589462, 0.0034033225383609533
0.032056961208581924, 0.003495551412925124
0.032068390399217606, 0.003883985336869955
0.03207934647798538, 0.003149733878672123
0.03221147134900093, 0.003838714910671115
0.03214605152606964, 0.003733036108314991
0.03224829211831093, 0.0038171696942299604
0.03212646394968033, 0.0033073441591113806
0.031938955187797546, 0.0026627550832927227
0.031986650079488754, 0.0037410289514809847
0.03238570690155029, 0.002458598930388689
0.031929854303598404, 0.0036602590698748827
0.03179125860333443, 0.0035304802004247904
0.0319172702729702, 0.0037013539113104343
0.03199685364961624, 0.004427937790751457
0.031750328838825226, 0.003962293732911348
0.03205086663365364, 0.0037154569290578365
0.031862203031778336, 0.004062436055392027
0.03158219903707504, 0.004120285622775555
0.03203277662396431, 0.0030705512035638094
0.03202484920620918, 0.003743772627785802
0.032189756631851196, 0.004050274845212698
0.031941164284944534, 0.003451446071267128
0.031674303114414215, 0.00435330905020237
0.03222901001572609, 0.002526707947254181
0.032016556710004807, 0.003908057231456041
0.03202158585190773, 0.004308459348976612
