mean, std
1.1800442934036255, 2.5841543674468994
0.17839285731315613, 0.016286149621009827
0.161817267537117, 0.014906604774296284
0.14640666544437408, 0.009373929351568222
0.1377522200345993, 0.010875269770622253
0.12161377817392349, 0.01431657001376152
0.08488374203443527, 0.010233089327812195
0.06824713945388794, 0.007832714356482029
0.0682983547449112, 0.0060838935896754265
0.08354000002145767, 0.009386730380356312
0.07633653283119202, 0.009272575378417969
0.06596501916646957, 0.005285660270601511
0.06042800471186638, 0.004515495151281357
0.05832819268107414, 0.006127132102847099
0.058327991515398026, 0.0059758396819233894
0.05959581211209297, 0.00437855115160346
0.05771796777844429, 0.005515615921467543
0.056595128029584885, 0.004943053238093853
0.05484948679804802, 0.007544803898781538
0.05339023470878601, 0.004822288639843464
0.05285453423857689, 0.004869852680712938
0.05180143937468529, 0.005357661284506321
0.04850052669644356, 0.005678433924913406
0.04521975293755531, 0.003309129271656275
0.046402014791965485, 0.004136818926781416
0.04898755997419357, 0.005088884383440018
0.04981868341565132, 0.0033455591183155775
0.04593478888273239, 0.005707032512873411
0.04539899900555611, 0.0056413887068629265
0.04375564679503441, 0.005273462273180485
0.03994179517030716, 0.003574008122086525
0.0373922623693943, 0.0038358592428267
0.03920963406562805, 0.004951008595526218
0.04358565807342529, 0.005527488421648741
0.04556829854846001, 0.005524410866200924
0.0395689494907856, 0.004435836803168058
0.04192543774843216, 0.007773119490593672
0.039557769894599915, 0.006468665786087513
0.05394734814763069, 0.009598320350050926
0.042593814432621, 0.002794681116938591
0.03652143478393555, 0.004513327963650227
0.04032239690423012, 0.003301684046164155
0.039074938744306564, 0.005261762533336878
0.036793939769268036, 0.0032165006268769503
0.03394506126642227, 0.003046740312129259
0.033078696578741074, 0.004577414598315954
0.03491787239909172, 0.0037063308991491795
0.03977854549884796, 0.004135807044804096
0.03942570462822914, 0.0042632450349628925
0.03707652539014816, 0.003258508164435625
0.03452016040682793, 0.003698039101436734
0.03277701511979103, 0.004172468092292547
0.03453826531767845, 0.005202445667237043
0.0345422700047493, 0.004352201707661152
0.03172515332698822, 0.004085180349647999
0.034175366163253784, 0.004058369435369968
0.04158804193139076, 0.004581429995596409
0.034975241869688034, 0.004604820162057877
0.03539641574025154, 0.00347959459759295
0.03205404803156853, 0.0031782325822860003
0.030597444623708725, 0.00288013624958694
0.033199913799762726, 0.0031126991380006075
0.03944109380245209, 0.007482033688575029
0.0377805121243, 0.004162869416177273
0.035727422684431076, 0.004635642748326063
0.03322653844952583, 0.004445771686732769
0.030439645051956177, 0.0033712207805365324
0.03441315516829491, 0.004084073938429356
0.035468410700559616, 0.00383782503195107
0.03308602422475815, 0.0033820937387645245
0.04031027853488922, 0.00746458675712347
0.03497404605150223, 0.0031756151001900434
0.0330938845872879, 0.004564350936561823
0.030443616211414337, 0.002814363455399871
0.030297035351395607, 0.003977725747972727
0.031529538333415985, 0.005137966945767403
0.03243698924779892, 0.0043718088418245316
0.034430842846632004, 0.003272027475759387
0.03094097040593624, 0.003922667820006609
0.0325748436152935, 0.006157528609037399
0.032624244689941406, 0.0032934786286205053
0.03432532027363777, 0.006278100423514843
0.028677284717559814, 0.004350216127932072
0.027328617870807648, 0.0031052250415086746
0.026649272069334984, 0.004047825001180172
0.026175564154982567, 0.0030869459733366966
0.025314347818493843, 0.0043648104183375835
0.028462950140237808, 0.004500288050621748
0.03314005583524704, 0.0038210973143577576
0.02873689867556095, 0.004144920501857996
0.030370529741048813, 0.0030679150950163603
0.029969993978738785, 0.0029321257025003433
0.029108421877026558, 0.0033929706551134586
0.02446800097823143, 0.003459664061665535
0.023826194927096367, 0.003022401826456189
0.025126034393906593, 0.002268881071358919
0.026811862364411354, 0.0036363734398037195
0.030979016795754433, 0.0030226216185837984
0.029432764276862144, 0.004340869840234518
0.029416527599096298, 0.003747400129213929
0.02450808696448803, 0.0020039016380906105
0.0256462711840868, 0.0031210272572934628
0.029421892017126083, 0.003980468958616257
0.026240274310112, 0.0028451618272811174
0.027580611407756805, 0.003464608686044812
0.030485639348626137, 0.005346426274627447
0.032721687108278275, 0.006185163743793964
0.027865367010235786, 0.00318478187546134
0.026833776384592056, 0.0032756070140749216
0.027333347126841545, 0.0024694702588021755
0.02703540027141571, 0.0036686675157397985
0.02608782984316349, 0.003216453827917576
0.02511778101325035, 0.0017606529872864485
0.02572348341345787, 0.004113547969609499
0.030741780996322632, 0.009194140322506428
0.029058614745736122, 0.0024866729509085417
0.033234789967536926, 0.004917113110423088
0.03175695613026619, 0.003706670366227627
0.02814885415136814, 0.004153301473706961
0.02314986102283001, 0.0028643144760280848
0.021689990535378456, 0.0017875003395602107
0.023260151967406273, 0.003511367365717888
0.024776870384812355, 0.004049513954669237
0.024325452744960785, 0.0035194563679397106
0.025345416739583015, 0.0028586590196937323
0.02515415847301483, 0.0032240613363683224
0.021394725888967514, 0.0025028919335454702
0.02063944563269615, 0.002485029399394989
0.02307175286114216, 0.003411117009818554
0.025967370718717575, 0.004278925247490406
0.025266343727707863, 0.0025475819129496813
0.023458918556571007, 0.0025308013428002596
0.022742148488759995, 0.0027773017063736916
0.027871234342455864, 0.005658052396029234
0.024847209453582764, 0.003012941451743245
0.02393157221376896, 0.0025355867110192776
0.022479765117168427, 0.0029286029748618603
0.026856744661927223, 0.0034658657386898994
0.02572481334209442, 0.0028702339623123407
0.024890895932912827, 0.0023942154366523027
0.021739903837442398, 0.0028502962086349726
0.020332856103777885, 0.0020644974429160357
0.02148962952196598, 0.0032098167575895786
0.022828983142971992, 0.002249451819807291
0.021192263811826706, 0.00226926920004189
0.021115431562066078, 0.002422413555905223
0.019988203421235085, 0.0019873473793268204
0.019413737580180168, 0.0026851568836718798
0.020376626402139664, 0.0024537055287510157
0.028365403413772583, 0.00947019923478365
0.02619948238134384, 0.0033973506651818752
0.03160513564944267, 0.00406460277736187
0.025248626247048378, 0.0035702348686754704
0.021927593275904655, 0.002954122144728899
0.02135692909359932, 0.0021856222301721573
0.021430637687444687, 0.003412894904613495
0.019807064905762672, 0.0028743420261889696
0.03174062445759773, 0.010339582338929176
0.04340919852256775, 0.009454037062823772
0.034090347588062286, 0.006416196469217539
0.0234423466026783, 0.0026529496535658836
0.022863710299134254, 0.0027167873922735453
0.023776542395353317, 0.0025188669096678495
0.02109115570783615, 0.0029531605541706085
0.02123778499662876, 0.003618723014369607
0.023422323167324066, 0.004247250035405159
0.024828817695379257, 0.002469089813530445
0.028078274801373482, 0.004266501870006323
0.028645621612668037, 0.003950378391891718
0.025315772742033005, 0.0029903703834861517
0.024331629276275635, 0.0027607001829892397
0.023219197988510132, 0.002692454494535923
0.021321602165699005, 0.0025375145487487316
0.019000554457306862, 0.0027871059719473124
0.017849309369921684, 0.002562548965215683
0.018628844991326332, 0.002345674904063344
0.020455794408917427, 0.0023724823258817196
0.01945352554321289, 0.0019027030793949962
0.021170318126678467, 0.0024852820206433535
0.021602241322398186, 0.006542830727994442
0.021670784801244736, 0.0030108580831438303
0.024010108783841133, 0.0036466200836002827
0.021389154717326164, 0.0033531265798956156
0.028069525957107544, 0.008237726986408234
0.029967481270432472, 0.0038225955795496702
0.023276599124073982, 0.0026569217443466187
0.01974056102335453, 0.0031263818964362144
0.01883215270936489, 0.002662789775058627
0.019395478069782257, 0.0022058472968637943
0.021166225895285606, 0.0016052854480221868
0.020108764991164207, 0.002241806359961629
0.021378319710493088, 0.003149814670905471
0.02758028917014599, 0.0025017675943672657
0.02451249398291111, 0.003619798691943288
0.02269470877945423, 0.005640726536512375
0.020856862887740135, 0.002510919002816081
0.026268940418958664, 0.006070621311664581
0.024592405185103416, 0.003278966061770916
0.024917088449001312, 0.0030148252844810486
0.023471606895327568, 0.0026747859083116055
0.02556794323027134, 0.003999933134764433
0.028041191399097443, 0.004189335275441408
0.022503582760691643, 0.0025644877459853888
0.022340191528201103, 0.0023935921490192413
0.020885692909359932, 0.0016840994358062744
0.01854819990694523, 0.002402461599558592
0.017381926998496056, 0.001856416231021285
0.017641814425587654, 0.0021928781643509865
0.019841132685542107, 0.002034683944657445
0.019557496532797813, 0.0026921227108687162
0.02144903503358364, 0.0034929835237562656
0.023926936089992523, 0.002953123999759555
0.02002979815006256, 0.002937356475740671
0.01847497560083866, 0.0015144796343520284
0.019399037584662437, 0.0032744791824370623
0.02250635251402855, 0.011154198087751865
0.025291698053479195, 0.0045437621884047985
0.021018439903855324, 0.002374438103288412
0.018652282655239105, 0.0020217092242091894
0.017459386959671974, 0.0016545836115255952
0.015527699142694473, 0.002158106304705143
0.01627459190785885, 0.0020443033427000046
0.01830931566655636, 0.0023468437138944864
0.020132776349782944, 0.003087639808654785
0.020493509247899055, 0.002484389813616872
0.019245460629463196, 0.0027009339537471533
0.019998090341687202, 0.0026780369225889444
0.018434161320328712, 0.002875090576708317
0.018569618463516235, 0.001972942380234599
0.01945784129202366, 0.002318543614819646
0.024495938792824745, 0.003837676951661706
0.025087591260671616, 0.0033040549606084824
0.018323564901947975, 0.0026813040021806955
0.01937183178961277, 0.0025282888673245907
0.02410794049501419, 0.004983605816960335
0.021470366045832634, 0.0031695934012532234
0.01854526996612549, 0.0018359393579885364
0.019139977172017097, 0.002689374377951026
0.018330790102481842, 0.002366404514759779
0.01702832244336605, 0.0018607259262353182
0.021712906658649445, 0.005650296341627836
0.02020338922739029, 0.002672792412340641
0.019527683034539223, 0.00266997329890728
0.019410744309425354, 0.002734920708462596
0.0172897856682539, 0.002301714150235057
0.016847509890794754, 0.0023647707421332598
0.018824376165866852, 0.0015440132701769471
0.01900612562894821, 0.0023989032488316298
0.021909935399889946, 0.0032511684112250805
0.023325413465499878, 0.0025376416742801666
0.024239178746938705, 0.00394863449037075
0.01889229752123356, 0.002045812550932169
0.01732194796204567, 0.0012759322999045253
0.017871731892228127, 0.0023264712654054165
0.016738850623369217, 0.002140723168849945
0.015842394903302193, 0.0019104497041553259
0.015571294352412224, 0.0017760988557711244
0.016951585188508034, 0.0021221160423010588
0.015451986342668533, 0.001669003046117723
0.021898318082094193, 0.004762797616422176
0.021873991936445236, 0.0029186655301600695
0.019085140898823738, 0.002761084819212556
0.018914315849542618, 0.0022497354075312614
0.01864665187895298, 0.0026394925080239773
0.02008543349802494, 0.004111755173653364
0.016807997599244118, 0.0018842038698494434
0.016835564747452736, 0.001541492878459394
0.017498960718512535, 0.0016860357718542218
0.016481438651680946, 0.0016502003418281674
0.014726771041750908, 0.0021794303320348263
0.016021164134144783, 0.0019879858009517193
0.02023419551551342, 0.0038943802937865257
0.020836787298321724, 0.003477545687928796
0.02111866883933544, 0.004157275427132845
0.018418533727526665, 0.004606510978192091
0.015364564023911953, 0.0018640580819919705
0.01510082557797432, 0.0011775885941460729
0.016739537939429283, 0.001984800212085247
0.01863577961921692, 0.0021576248109340668
0.018082359805703163, 0.0030244148802012205
0.01847744919359684, 0.004205590579658747
0.018609339371323586, 0.00362513680011034
0.016109837219119072, 0.0017453330801799893
0.015060650184750557, 0.0022184092085808516
0.01496125292032957, 0.002185520948842168
0.014876401983201504, 0.0021008793264627457
0.017723510041832924, 0.00318971648812294
0.01653357408940792, 0.0018106693169102073
0.016281411051750183, 0.0019690615590661764
0.01702592708170414, 0.002199021400883794
0.014819703064858913, 0.0020638899877667427
0.014391248114407063, 0.0017275501741096377
0.014973619021475315, 0.0018204695079475641
0.017833322286605835, 0.003087051911279559
0.016830939799547195, 0.002511473372578621
0.014081520028412342, 0.001978412503376603
0.015660610049962997, 0.002296041464433074
0.021685471758246422, 0.0038026084657758474
0.019763577729463577, 0.0037042859476059675
0.01591723971068859, 0.0018330413149669766
0.01875946670770645, 0.0024945493787527084
0.0186709463596344, 0.0035312867257744074
0.015471686609089375, 0.002137014176696539
0.015321177430450916, 0.002096165670081973
0.016367249190807343, 0.0021740554366260767
0.015663351863622665, 0.0024767909198999405
0.013762755319476128, 0.0014449330046772957
0.014661856926977634, 0.0015345204155892134
0.014570248313248158, 0.0015822886489331722
0.014433665201067924, 0.0016010045073926449
0.01264702994376421, 0.0007640063413418829
0.01332109048962593, 0.0012507829815149307
0.0155972670763731, 0.004209879320114851
0.01566273719072342, 0.002307635499164462
0.015531614422798157, 0.002040659310296178
0.014178233221173286, 0.0009537963196635246
0.012981959618628025, 0.0022289459593594074
0.015060214325785637, 0.0019372225506231189
0.013906148262321949, 0.0015672766603529453
0.016126206144690514, 0.004170656204223633
0.022256925702095032, 0.005740194581449032
0.019601112231612206, 0.0035176402889192104
0.016410529613494873, 0.0022920144256204367
0.019337980076670647, 0.004133657086640596
0.019776996225118637, 0.003268500091508031
0.01635175384581089, 0.0034479869063943624
0.014040887355804443, 0.0021841914858669043
0.013408052735030651, 0.0015933825634419918
0.014222166500985622, 0.002004000823944807
0.015408254228532314, 0.0021260594949126244
0.014941406436264515, 0.001779433572664857
0.013980839401483536, 0.0012473453534767032
0.012186715379357338, 0.0014223518082872033
0.014369625598192215, 0.0022559568751603365
0.01669897697865963, 0.002103690756484866
0.01711815968155861, 0.0014098399551585317
0.014179887250065804, 0.0023590552154928446
0.013492027297616005, 0.0014497935771942139
0.012988229282200336, 0.00219049328006804
0.013588433153927326, 0.0017932297196239233
0.015220562927424908, 0.001685870112851262
0.015688588842749596, 0.0017187416087836027
0.01455003023147583, 0.00144293368794024
0.01818438246846199, 0.0037781454157084227
0.01695130206644535, 0.0017209408106282353
0.015730813145637512, 0.0016024208161979914
0.013897214084863663, 0.001610264298506081
0.01664167270064354, 0.004051061347126961
0.017918337136507034, 0.0024550333619117737
0.013928133994340897, 0.0014585265889763832
0.013063044287264347, 0.0013712795916944742
0.015899712219834328, 0.002644428750500083
0.01693721115589142, 0.0019493956351652741
0.015242037363350391, 0.0023774155415594578
0.012670411728322506, 0.0013355447445064783
0.013598920777440071, 0.002058427082374692
0.013605069369077682, 0.0013546205591410398
0.012401116080582142, 0.0012339615495875478
0.01485927402973175, 0.003575125942006707
0.016770251095294952, 0.0027630385011434555
0.01707148179411888, 0.002445813501253724
0.014630087651312351, 0.002228996017947793
0.01670810766518116, 0.00407501682639122
0.01837070658802986, 0.0025746587198227644
0.013954643160104752, 0.0019208420999348164
0.012704377062618732, 0.0013933347072452307
0.01200015377253294, 0.0014889900339767337
0.011683200486004353, 0.0015672584995627403
0.02331630140542984, 0.005272730719298124
0.01457311399281025, 0.0022108349949121475
0.012385685928165913, 0.001641406212002039
0.012207607738673687, 0.002621537074446678
0.013335400260984898, 0.0014550336636602879
0.012827079743146896, 0.0010899014305323362
0.012689020484685898, 0.0015225724782794714
0.012491118162870407, 0.0010758666321635246
0.013611885719001293, 0.001642784452997148
0.01198375690728426, 0.0010289191268384457
0.011801755987107754, 0.0012136733857914805
0.011786351911723614, 0.0013162731193006039
0.01028777938336134, 0.001023359363898635
0.012329470366239548, 0.0013948825653642416
0.011852539144456387, 0.0010852869600057602
0.012278401292860508, 0.0015165014192461967
0.012746003456413746, 0.0016344869509339333
0.01171102374792099, 0.0015572216361761093
0.012667224742472172, 0.0012826622696593404
0.013794162310659885, 0.001702147419564426
0.013422803021967411, 0.0012745760614052415
0.015769684687256813, 0.004577823914587498
0.01264713704586029, 0.0014650855446234345
0.013118026778101921, 0.0021386935841292143
0.01256876066327095, 0.0014072328340262175
0.015565467067062855, 0.004048875533044338
0.014687766321003437, 0.0031153415329754353
0.012859093956649303, 0.0018155272118747234
0.015102711506187916, 0.005443987902253866
0.017847370356321335, 0.0028925391379743814
0.016198229044675827, 0.0035701279994100332
0.013132979162037373, 0.001617943518795073
0.014033875428140163, 0.0022583305835723877
0.014305842109024525, 0.0019810718949884176
0.012738561257719994, 0.0015065026236698031
0.011696841567754745, 0.0011318802135065198
0.01270120870321989, 0.0008146691252477467
0.012216388247907162, 0.002344684209674597
0.01244003139436245, 0.0014312955318018794
0.01190723292529583, 0.001528396736830473
0.011953298933804035, 0.002309058327227831
0.013655273243784904, 0.001723222783766687
0.014782818034291267, 0.004247067961841822
0.014478509314358234, 0.002672923495993018
0.013464969582855701, 0.0012872905936092138
0.012443539686501026, 0.0011719748144969344
0.01322681549936533, 0.0020046017598360777
0.013988948427140713, 0.0017507208976894617
0.01235641073435545, 0.0014094479847699404
0.012565020471811295, 0.0018408552277833223
0.014666019007563591, 0.002708102110773325
0.012127992697060108, 0.0017726749647408724
0.011652854271233082, 0.0019824551418423653
0.0149762611836195, 0.0045397416688501835
0.014211316592991352, 0.0021592227276414633
0.013410319574177265, 0.0024119222071021795
0.013500538654625416, 0.0020769883412867785
0.011959843337535858, 0.0019549494609236717
0.013236379250884056, 0.0016899205511435866
0.01183288637548685, 0.0017508439486846328
0.010986422188580036, 0.0010063411900773644
0.012525212951004505, 0.00166629021987319
0.012654216028749943, 0.0016214586794376373
0.013138441368937492, 0.0018926236080005765
0.014320514164865017, 0.002738043200224638
0.013034450821578503, 0.0017014023615047336
0.012241476215422153, 0.001870180363766849
0.012032941915094852, 0.0013919677585363388
0.011765400879085064, 0.0013324448373168707
0.012439978308975697, 0.0010917169274762273
0.013263744302093983, 0.0027066953480243683
0.014572990126907825, 0.002502171089872718
0.014106722548604012, 0.00117504654917866
0.012806748040020466, 0.0015341403195634484
0.013929612003266811, 0.003074191277846694
0.011884361505508423, 0.0016487344400957227
0.01239437609910965, 0.0014141630381345749
0.012088799849152565, 0.0015085332561284304
0.011667145416140556, 0.0011023085098713636
0.01110699214041233, 0.0008296862943097949
0.012424941174685955, 0.0019851208198815584
0.010663876309990883, 0.0009940661257132888
0.012486496940255165, 0.0015416259411722422
0.013375168666243553, 0.0021128596272319555
0.012932850047945976, 0.0025767693296074867
0.012422967702150345, 0.00142198137473315
0.012104910798370838, 0.0016600503586232662
0.012596777640283108, 0.0016089484561234713
0.011642390862107277, 0.001690551987849176
0.012607823126018047, 0.002930983202531934
0.011726092547178268, 0.002153931651264429
0.0170725230127573, 0.004765100311487913
0.013320027850568295, 0.001956918742507696
0.010944978334009647, 0.0007521610241383314
0.011418447829782963, 0.001261444645933807
0.011459055356681347, 0.0020674357656389475
0.010682365857064724, 0.0023376611061394215
0.009574723429977894, 0.0007871980778872967
0.010337529703974724, 0.0014566414756700397
0.012022376991808414, 0.0016964530805125833
0.010058349929749966, 0.0011607001069933176
0.012154662050306797, 0.004007004667073488
0.011845164000988007, 0.001453568460419774
0.01283870730549097, 0.0017550430493429303
0.010954317636787891, 0.0013562095118686557
0.011062894016504288, 0.0021837095264345407
0.012982032261788845, 0.00187007081694901
0.012067068368196487, 0.0015459894202649593
0.012040895409882069, 0.0015846096212044358
0.01133088581264019, 0.0010167794534936547
0.009718800894916058, 0.0009591790148988366
0.011626494117081165, 0.0016934976447373629
0.01340077631175518, 0.0025992735754698515
0.011277013458311558, 0.0012101863976567984
0.010176729410886765, 0.0011650464730337262
0.012229770421981812, 0.0013762966264039278
0.012727383524179459, 0.0022402177564799786
0.011587065644562244, 0.001164097455330193
0.013117620721459389, 0.001976684434339404
0.013031152077019215, 0.001748032751493156
0.012402920052409172, 0.002511945553123951
0.009625735692679882, 0.0011431435123085976
0.009791706688702106, 0.0012981736799702048
0.010858321562409401, 0.0009970825631171465
0.010037971660494804, 0.00163475819863379
0.011377439834177494, 0.0015296445926651359
0.014638434164226055, 0.001985388109460473
0.01352514885365963, 0.0025154182221740484
0.012061594054102898, 0.0012287376448512077
0.011034105904400349, 0.0009616015013307333
0.012741568498313427, 0.0018937746062874794
0.01094062440097332, 0.001396007719449699
0.010685092769563198, 0.0013941364595666528
0.012327542528510094, 0.0014120619744062424
0.01583394780755043, 0.002734888345003128
0.01193515956401825, 0.0026812339201569557
0.010265900753438473, 0.0014743513893336058
0.010145820677280426, 0.0012260482180863619
0.010317329317331314, 0.001052138744853437
0.011119919829070568, 0.001805792679078877
0.012224835343658924, 0.0013347143540158868
0.011397864669561386, 0.0010340976295992732
0.009276715107262135, 0.0009188649710267782
0.009474506601691246, 0.0009444831521250308
0.009700306691229343, 0.0010256742825731635
0.010556700639426708, 0.001500816666521132
0.00999602023512125, 0.0013146967394277453
0.010304697789251804, 0.0014748955145478249
0.011239920742809772, 0.002301227767020464
0.011796766892075539, 0.002106782514601946
0.013271498493850231, 0.0014801634242758155
0.012044570408761501, 0.001712266355752945
0.011031287722289562, 0.0012968353694304824
0.010952111333608627, 0.001507140463218093
0.010762323625385761, 0.0013587858993560076
0.010552833788096905, 0.0011921841651201248
0.012412997893989086, 0.0025155970361083746
0.009034188464283943, 0.001045460463501513
0.009707045741379261, 0.0012060391018167138
0.008855556137859821, 0.0009943076875060797
0.010001798160374165, 0.0011584419989958405
0.009852571412920952, 0.0010807295329868793
0.010052516125142574, 0.0012838196707889438
0.010413921438157558, 0.001083945157006383
0.009661656804382801, 0.0012869325000792742
0.010508190840482712, 0.0016927890246734023
0.01189177855849266, 0.0020112800411880016
0.012221069075167179, 0.0013883707579225302
0.011024347506463528, 0.0013807882787659764
0.009585035964846611, 0.0014177843695506454
0.008966050110757351, 0.0009518341976217926
0.010509987361729145, 0.0015820835251361132
0.011126494966447353, 0.0013774296967312694
0.010315707884728909, 0.0013790152734145522
0.010105916298925877, 0.001250537927262485
0.010688187554478645, 0.0012823056895285845
0.012699785642325878, 0.002943779341876507
0.01680718921124935, 0.0027007157914340496
0.015583462081849575, 0.003776249708607793
0.010835069231688976, 0.0010871606646105647
0.011162390932440758, 0.0021380125544965267
0.011646260507404804, 0.0013428233796730638
0.010014918632805347, 0.0011645552003756166
0.010207824409008026, 0.0014691004762426019
0.010526902042329311, 0.0015187023673206568
0.014270988292992115, 0.004884907975792885
0.013805853202939034, 0.0019163069082424045
0.010907246731221676, 0.0012989630922675133
0.010285469703376293, 0.001421827939338982
0.009228358045220375, 0.001304206671193242
0.010101822204887867, 0.001044060685671866
0.010459993034601212, 0.00137845438439399
0.01237194612622261, 0.0011765173403546214
0.011916175484657288, 0.0016159283695742488
0.01305693481117487, 0.0012970032403245568
0.011912032030522823, 0.0019260350381955504
0.009905250743031502, 0.0012530282838270068
0.009321955032646656, 0.0011815011966973543
0.011134606786072254, 0.0017678510630503297
0.011145899072289467, 0.0014172305818647146
0.009279747493565083, 0.0013894805451855063
0.009539631195366383, 0.0011166062904521823
0.009820767678320408, 0.001374760060571134
0.011823653243482113, 0.0017337959725409746
0.010892519727349281, 0.000670194043777883
0.009870362468063831, 0.0010896690655499697
0.010718181729316711, 0.0012957770377397537
0.01083606481552124, 0.0009459792054258287
0.010133428499102592, 0.0019395332783460617
0.010002683848142624, 0.00126574223395437
0.009420007467269897, 0.0011009942973032594
0.00906961876899004, 0.0014148252084851265
0.008770069107413292, 0.0008190360968001187
0.009397770278155804, 0.001145420828834176
0.009413992054760456, 0.0011881073005497456
0.011431589722633362, 0.0020256824791431427
0.011848442256450653, 0.0013750209473073483
0.009885376319289207, 0.0011256732977926731
0.011487571522593498, 0.0018314565531909466
0.01073112990707159, 0.001351002836599946
0.009082173928618431, 0.0010906000388786197
0.00908244214951992, 0.001332725747488439
0.009600994177162647, 0.0009807636961340904
0.009353986009955406, 0.0012149515096098185
0.009596741758286953, 0.0011994942324236035
0.009881885722279549, 0.0008919655228964984
0.008345592767000198, 0.0010378581937402487
0.009479080326855183, 0.0025734954979270697
0.014163617976009846, 0.003307836363092065
0.012261470779776573, 0.002702436875551939
0.010695716366171837, 0.0015101380413398147
0.011507374234497547, 0.002289364580065012
0.009753130376338959, 0.001379866385832429
0.009079133160412312, 0.0008313775761052966
0.008947202004492283, 0.0012541491305455565
0.009048542007803917, 0.0009257328929379582
0.009091544896364212, 0.0012119218008592725
0.009021729230880737, 0.001150545314885676
0.009286659769713879, 0.000925384578295052
0.009524556808173656, 0.0009786839364096522
0.009787858463823795, 0.0011811573058366776
0.010737353935837746, 0.0015746734570711851
0.010016100481152534, 0.001146019552834332
0.012971433810889721, 0.0017352247377857566
0.012382088229060173, 0.001716037979349494
0.011508498340845108, 0.0032404030207544565
0.00992975477129221, 0.0011657823342829943
0.01228882186114788, 0.0021470438223332167
0.010316184721887112, 0.0010350870434194803
0.009901601821184158, 0.0014279090100899339
0.010479357093572617, 0.0016460900660604239
0.009988036938011646, 0.0014554256340488791
0.011683281511068344, 0.0017972593195736408
0.010423613712191582, 0.0011753776343539357
0.010701468214392662, 0.0014321905327960849
0.00882746372371912, 0.0008865435956977308
0.010567296296358109, 0.0018255062168464065
0.00932456273585558, 0.0012344574788585305
0.008151630870997906, 0.0006959503516554832
0.008747443556785583, 0.0008366825641132891
0.00919338408857584, 0.0016720122657716274
0.010289718396961689, 0.001216807751916349
0.008893848396837711, 0.001104922965168953
0.007980802096426487, 0.0007700148853473365
0.007904584519565105, 0.0009290234302170575
0.009930402040481567, 0.0016867644153535366
0.011358251795172691, 0.0018526497296988964
0.01052945852279663, 0.0013848759699612856
0.010798060335218906, 0.0015149855753406882
0.009106273762881756, 0.0014838537899777293
0.008747291751205921, 0.0010372111573815346
0.009841684252023697, 0.0021536508575081825
0.009229637682437897, 0.001506196684204042
0.009021087549626827, 0.0023121058475226164
0.009330677799880505, 0.0011121276766061783
0.012944978661835194, 0.001905435579828918
0.011619973927736282, 0.001913213636726141
0.009864598512649536, 0.0009448877535760403
0.009544463828206062, 0.0012690413277596235
0.007833434268832207, 0.0007551797898486257
0.008303775452077389, 0.0011404517572373152
0.008679594844579697, 0.0011125472374260426
0.011446789838373661, 0.0030486134346574545
0.012672469019889832, 0.0014544646255671978
0.010463620536029339, 0.001379439258016646
0.0097728930413723, 0.001372688915580511
0.009278637357056141, 0.0019904919900000095
0.009847147390246391, 0.0012104673078283668
0.00912854727357626, 0.0010769794462248683
0.008483992889523506, 0.001029342063702643
0.009711215272545815, 0.0012567541562020779
0.009315045550465584, 0.0011359488125890493
0.00861081201583147, 0.0013655682560056448
0.008319293148815632, 0.0010559579823166132
0.008662200532853603, 0.001015988178551197
0.009666066616773605, 0.001433253870345652
0.009095216169953346, 0.0016444000648334622
0.009794700890779495, 0.001297279610298574
0.009319954551756382, 0.0013027889654040337
0.008850647136569023, 0.0008779002237133682
0.008001723326742649, 0.000699045427609235
0.008785559795796871, 0.0014854678884148598
0.012286453507840633, 0.00182174367364496
0.009981758892536163, 0.001456766971386969
0.00882977619767189, 0.0008175928960554302
0.008400403894484043, 0.0011422811076045036
0.008285949937999249, 0.0009486222406849265
0.00865176785737276, 0.0016398821026086807
0.00938963983207941, 0.0013925150269642472
0.011037427000701427, 0.0016271087806671858
0.011004350148141384, 0.0018204761436209083
0.00912514328956604, 0.0016810792731121182
0.0076980930753052235, 0.0008000266971066594
0.008465410210192204, 0.0009716887143440545
0.007889223285019398, 0.0007073536980897188
0.008659650571644306, 0.0021826031152158976
0.008695048280060291, 0.0007589327869936824
0.008999732322990894, 0.0010701753199100494
0.011326302774250507, 0.0017309115501120687
0.009979475289583206, 0.0011424898402765393
0.008959661237895489, 0.001009261584840715
0.008998047560453415, 0.0011512795463204384
0.009040571749210358, 0.0008795709582045674
0.008869233541190624, 0.001179402694106102
0.008602014742791653, 0.001024451688863337
0.00910094566643238, 0.001112881931476295
0.008227056823670864, 0.0013046050444245338
0.008366450667381287, 0.0012132108677178621
0.007508181035518646, 0.0012787037994712591
0.007585099898278713, 0.0009666600381024182
0.008675712160766125, 0.0009735855855979025
0.007762667257338762, 0.0012468374334275723
0.007798583246767521, 0.0013090058928355575
0.008030756376683712, 0.0010098188649863005
0.009097439236938953, 0.0011927116429433227
0.010168889537453651, 0.0013234467478469014
0.010492278262972832, 0.002382348058745265
0.012180251069366932, 0.0021689250133931637
0.011227220296859741, 0.0017994459485635161
0.009885278530418873, 0.0018289079889655113
0.010339168831706047, 0.001558291376568377
0.008001890033483505, 0.0008766332757659256
0.008034215308725834, 0.0008703542407602072
0.008366954512894154, 0.001871395157650113
0.009231453761458397, 0.0012470491928979754
0.009419259615242481, 0.001365960226394236
0.00831668172031641, 0.0012658812338486314
0.00885260384529829, 0.0010917744366452098
0.00934589933604002, 0.0016046121018007398
0.00978634413331747, 0.0017556166276335716
0.009160704910755157, 0.0010959826176986098
0.009176398627460003, 0.001443828223273158
0.011902686208486557, 0.001420163200236857
0.012308615259826183, 0.0025228471495211124
0.01010437123477459, 0.0012779966928064823
0.00925592239946127, 0.001490538357757032
0.006936824414879084, 0.0010518484050408006
0.007981650531291962, 0.0008658012957312167
0.008335725404322147, 0.000976849114522338
0.00882487092167139, 0.0015004825545474887
0.008166377432644367, 0.0010511913569644094
0.00816541537642479, 0.0010547509882599115
0.00805032067000866, 0.0009179675835184753
0.00861517246812582, 0.0007254065130837262
0.00755207659676671, 0.0010416836012154818
0.007075654808431864, 0.0009322506957687438
0.009034426882863045, 0.0016631482867524028
0.010270899161696434, 0.004285928327590227
0.011835922487080097, 0.0027634836733341217
0.00897916778922081, 0.0010930253192782402
0.008536786772310734, 0.001062774914316833
0.007481187582015991, 0.0008668061345815659
0.007110896985977888, 0.0011853694450110197
0.010198612697422504, 0.0018381086410954595
0.009113587439060211, 0.0016638291999697685
0.0076705352403223515, 0.0008328644908033311
0.009329582564532757, 0.0011273481650277972
0.0104001984000206, 0.0014182362938299775
0.010049564763903618, 0.001243717153556645
0.00850686989724636, 0.000997854513116181
0.010222983546555042, 0.0014642479363828897
0.009541944600641727, 0.001185472123324871
0.009972852654755116, 0.0016950255958363414
0.00927997101098299, 0.0008686118526384234
0.009041432291269302, 0.0014561365824192762
0.008699801750481129, 0.0013191569596529007
0.00805073231458664, 0.0009600381017662585
0.009670227766036987, 0.0015218936605378985
0.01003019418567419, 0.00180158787406981
0.010429663583636284, 0.001263102632947266
0.010579301975667477, 0.001852878020144999
0.009753606282174587, 0.0013355222763493657
0.008590360172092915, 0.0007774463738314807
0.009369025006890297, 0.001330780447460711
0.009817738085985184, 0.0010939742205664515
0.008269410580396652, 0.001188555033877492
0.007900050841271877, 0.0007412684499286115
0.00942297838628292, 0.0015031227376312017
0.00959249958395958, 0.0015024885069578886
0.007323395926505327, 0.0008455062634311616
0.007538890931755304, 0.0012934155529364944
0.008166602812707424, 0.001055614440701902
0.007822536863386631, 0.0009889566572383046
0.007665540557354689, 0.0010455845622345805
0.008080767467617989, 0.0014516923110932112
0.007846856489777565, 0.0008154244278557599
0.008252008818089962, 0.0012326885480433702
0.009180364198982716, 0.0013160733506083488
0.008796385489404202, 0.0012496566632762551
0.008915317244827747, 0.0011972668580710888
0.008836044929921627, 0.001118247862905264
0.008829770609736443, 0.0014460650272667408
0.008650352247059345, 0.0011547801550477743
0.010381031781435013, 0.0014878592919558287
0.009580655954778194, 0.0014116335660219193
0.00927852001041174, 0.0009011055226437747
0.009391503408551216, 0.0015433008084073663
0.007631493266671896, 0.000885767862200737
0.009295860305428505, 0.0016172415344044566
0.007935233414173126, 0.0010010433616116643
0.007407557684928179, 0.000990142347291112
0.00844273716211319, 0.0010997892823070288
0.009093879722058773, 0.0016484466614201665
0.008226056583225727, 0.0009142807684838772
0.008259806782007217, 0.001053730957210064
0.008274907246232033, 0.0013780228327959776
0.00797204952687025, 0.0010106699774041772
0.01316379476338625, 0.0022724727168679237
0.010743438266217709, 0.0022178601939231157
0.009787606075406075, 0.0017190055223181844
0.007958004251122475, 0.0011358809424564242
0.009032492525875568, 0.0011433435138314962
0.010354738682508469, 0.001570891821756959
0.008742199279367924, 0.001058837864547968
0.009297184646129608, 0.0011094092624261975
0.010402943007647991, 0.0018760276725515723
0.009534940123558044, 0.0014295821310952306
0.01005079410970211, 0.0011559597915038466
0.010453433729708195, 0.0014837865019217134
0.010103423148393631, 0.0010948549024760723
0.010839810594916344, 0.0017767715035006404
0.011243156157433987, 0.0013631896581500769
0.009360899217426777, 0.0011793997837230563
0.00948819238692522, 0.002145246835425496
0.010362510569393635, 0.0021332937758415937
0.01022561825811863, 0.0016556091140955687
0.010321923531591892, 0.001611204701475799
0.010539697483181953, 0.0014302455820143223
0.009779879823327065, 0.0012405562447384
0.010260095819830894, 0.001208026078529656
0.008781300857663155, 0.0011626429622992873
0.007857711054384708, 0.0008905610884539783
0.007572036702185869, 0.0007659330149181187
0.007513399701565504, 0.0007092691375873983
0.00877654179930687, 0.002122313715517521
0.008374583907425404, 0.0009312905604019761
0.010347715578973293, 0.001419930369593203
0.008422693237662315, 0.001172172138467431
0.008876048028469086, 0.0012535544810816646
0.0072030904702842236, 0.0008464044076390564
0.007163659669458866, 0.000833445752505213
0.008116357959806919, 0.0015345326391980052
0.00808270275592804, 0.0015857612015679479
0.008241456933319569, 0.0010478765470907092
0.008152250200510025, 0.0009750229073688388
0.009390809573233128, 0.0012374755460768938
0.007323088590055704, 0.0011520895641297102
0.009002628736197948, 0.0013565743574872613
0.008541797287762165, 0.0015379192773252726
0.008811538107693195, 0.0013967729173600674
0.010298975743353367, 0.001770301372744143
0.00913290772587061, 0.001127331517636776
0.0072821867652237415, 0.0007349353982135653
0.007405881304293871, 0.0008839020156301558
0.00841185450553894, 0.001114733167923987
0.008714834228157997, 0.0008157799020409584
0.008757454343140125, 0.0011709998361766338
0.008209843188524246, 0.0011714135762304068
0.008025175891816616, 0.0006090878159739077
0.008864281699061394, 0.0012139466125518084
0.007724950555711985, 0.0011977064423263073
0.007140567991882563, 0.0007403939380310476
0.007338474038988352, 0.0008691712864674628
0.0077308788895606995, 0.0007488501141779125
0.008704159408807755, 0.0011044290149584413
0.007125505246222019, 0.000847150688059628
0.007149508688598871, 0.0007870306726545095
0.007275453768670559, 0.0007567935390397906
0.008454439230263233, 0.0013957391493022442
0.010869932360947132, 0.001490565249696374
0.01371669489890337, 0.0029899461660534143
0.0108750956133008, 0.001205467851832509
0.009993946179747581, 0.001178014907054603
0.008947066031396389, 0.001388654694892466
0.009059041738510132, 0.0010504975216463208
0.00821576826274395, 0.0008363538654521108
0.010628226213157177, 0.001399636035785079
0.007789472118020058, 0.0012540373718366027
0.007665123324841261, 0.0012306459248065948
0.008800942450761795, 0.0017888314323499799
0.008490720763802528, 0.0011480568209663033
0.007521725259721279, 0.001085707452148199
0.008256499655544758, 0.0009421434951946139
0.007783075328916311, 0.000976397015620023
0.007158576510846615, 0.0008434006595052779
0.007392179686576128, 0.0008517583482898772
0.008650106377899647, 0.0012554677668958902
0.008660753257572651, 0.0013190495083108544
0.008717326447367668, 0.0018449474591761827
0.00830861832946539, 0.001375114545226097
0.008714836090803146, 0.0009377876995131373
0.008487533777952194, 0.0009845414897426963
0.007739912252873182, 0.0010980535298585892
0.008246890269219875, 0.0007732004742138088
0.007788544055074453, 0.0012797580566257238
0.007905951701104641, 0.001037060166709125
0.008296003565192223, 0.0012011517537757754
0.0073095099069178104, 0.0006421732832677662
0.007337301969528198, 0.0011275720316916704
0.00815906748175621, 0.001610578503459692
0.0077964067459106445, 0.0010208855383098125
0.008161231875419617, 0.0011657604482024908
0.007301853038370609, 0.0011150608770549297
0.007088570389896631, 0.0008933796198107302
0.008333048783242702, 0.0010377580765634775
0.007999690249562263, 0.0011265644570812583
0.008947792463004589, 0.0013273463118821383
0.007467425428330898, 0.0011493214406073093
0.009491078555583954, 0.0016104397363960743
0.008083121851086617, 0.0011915309587493539
0.007249204907566309, 0.000877899641636759
0.007617858704179525, 0.0008603231981396675
0.008046356961131096, 0.0009329802123829722
0.008374598808586597, 0.0009574769646860659
0.00758712412789464, 0.0009716171771287918
0.007818656042218208, 0.0011686182115226984
0.007415046449750662, 0.0008060184773057699
0.008266783319413662, 0.0012181490892544389
0.007866384461522102, 0.0008612556848675013
0.008071563206613064, 0.0009735776693560183
0.008953899145126343, 0.0017498030792921782
0.00868446845561266, 0.0008264326606877148
0.00908536184579134, 0.0011427178978919983
0.009012551046907902, 0.0013720362912863493
0.008856945671141148, 0.0010841108160093427
0.009161134250462055, 0.0013352535897865891
0.008573902770876884, 0.0011118371039628983
0.007944305427372456, 0.0006592569407075644
0.009018869139254093, 0.0011664886260405183
0.008745220489799976, 0.0011093223001807928
0.01065693236887455, 0.0012675650650635362
0.010956340469419956, 0.0015467668417841196
0.008824422024190426, 0.0015787912998348475
0.007083278615027666, 0.0008110764902085066
0.007337456103414297, 0.0011054393835365772
0.007467298302799463, 0.0006998892058618367
0.007833671756088734, 0.0009561910992488265
0.009187988005578518, 0.001208630157634616
0.008235926739871502, 0.001018177717924118
0.00821765512228012, 0.0011255830759182572
0.009494241327047348, 0.0012863619485870004
0.007790782488882542, 0.0010591618483886123
0.009690769948065281, 0.0011714131105691195
0.008584779687225819, 0.0015269956784322858
0.008424008265137672, 0.0013322635786607862
0.00930664874613285, 0.0017263677436858416
0.008885041810572147, 0.0014013402396813035
0.008471425622701645, 0.000834594015032053
0.008704260922968388, 0.0012325983261689544
0.00842706672847271, 0.0011837712954729795
0.00849947240203619, 0.0013306845212355256
0.008605162613093853, 0.0011760600609704852
0.008281226269900799, 0.0009268929134123027
0.008053518831729889, 0.0009083967306651175
0.006573477294296026, 0.0008841103408485651
0.00643390417098999, 0.0009506709175184369
0.0068155634216964245, 0.0006219972274266183
0.007363474927842617, 0.000864429515786469
0.007535585202276707, 0.0008668146911077201
0.007301710546016693, 0.0009294787305407226
0.007907416671514511, 0.0010027051903307438
0.007923860102891922, 0.0008918553940020502
0.0064428383484482765, 0.000851642107591033
0.006335672456771135, 0.0008165123290382326
0.006919423583894968, 0.0008588393102400005
0.007126832380890846, 0.0008781263022683561
0.0065301889553666115, 0.0006881273002363741
0.006565024144947529, 0.0007240803679451346
0.0064172279089689255, 0.0005996256368234754
0.006788952741771936, 0.000871872587595135
0.007004639599472284, 0.0006974246934987605
0.007047952152788639, 0.0010177113581448793
0.009114664979279041, 0.001157512073405087
0.009643244557082653, 0.001187333487905562
0.008798244409263134, 0.0013555174227803946
0.007842222228646278, 0.0007285750471055508
0.00845780037343502, 0.001355093321762979
0.00792821403592825, 0.0007676573004573584
0.007526307366788387, 0.0012084376066923141
0.00825092475861311, 0.0013738577254116535
0.00899650901556015, 0.0012665382819250226
0.009268046356737614, 0.0017269712407141924
0.007450882811099291, 0.0009198571788147092
0.0070824697613716125, 0.0007837702287361026
0.00694377301260829, 0.00087404326768592
0.007996588945388794, 0.0015689725987613201
0.008878437802195549, 0.0011424495605751872
0.009023870341479778, 0.0012447969056665897
0.007494016084820032, 0.0009139789617620409
0.009131253696978092, 0.001549064414575696
0.00862641166895628, 0.0012893093517050147
0.006778510753065348, 0.000868661911226809
0.006483609322458506, 0.0005845259875059128
0.0066170296631753445, 0.0008948466856963933
0.00761745311319828, 0.0009069226798601449
0.006080896593630314, 0.0008581373258493841
0.005943597294390202, 0.0009756753570400178
0.008681883104145527, 0.0013474407605826855
0.008034390397369862, 0.001244696555659175
0.008270097896456718, 0.0010310023790225387
0.008283312432467937, 0.0016612695762887597
0.008272946812212467, 0.0010836559813469648
0.0067573231644928455, 0.0006216946057975292
0.007601860444992781, 0.0008967753383331001
0.008197822608053684, 0.0011912231566384435
0.008949709124863148, 0.0015842735301703215
0.0065542468801140785, 0.0005782661028206348
0.007320196367800236, 0.000810602679848671
0.006948007736355066, 0.0012414467055350542
0.00840515736490488, 0.0012056092964485288
0.008937063626945019, 0.0011230616364628077
0.008344440720975399, 0.001071082311682403
0.009817207232117653, 0.0026238500140607357
0.008090464398264885, 0.0012244114186614752
0.007749331649392843, 0.0012529692612588406
0.006586503703147173, 0.0007683534058742225
0.006602264009416103, 0.0010320624569430947
0.008193529210984707, 0.0015970714157447219
0.00918576866388321, 0.001400501816533506
0.00796190369874239, 0.0010271728970110416
0.007920844480395317, 0.0013564006658270955
0.007470554672181606, 0.0008968889596872032
0.006711862049996853, 0.0007616495713591576
0.007947447709739208, 0.002952105598524213
0.007854004390537739, 0.0008214730187319219
0.0073690698482096195, 0.0007408310193568468
0.007300743833184242, 0.0007494462188333273
0.006992264185100794, 0.0005926594603806734
0.006786996498703957, 0.0008789641433395445
0.0068710739724338055, 0.000997845083475113
0.006519968621432781, 0.0008294809376820922
0.006950385868549347, 0.001056751236319542
0.007214677054435015, 0.0009118669549934566
0.00750085199251771, 0.0009271177696064115
0.008070890791714191, 0.0011835744371637702
0.008309701457619667, 0.0011304180370643735
0.007360531948506832, 0.0010547834681347013
0.007445429917424917, 0.0011482380796223879
0.0073573533445596695, 0.00114121672231704
0.007530357223004103, 0.0008754710434004664
0.007579971570521593, 0.0007093239109963179
0.008389857597649097, 0.0011636951239779592
0.009004336781799793, 0.001324834069237113
0.00818191934376955, 0.0011850139126181602
0.00944887101650238, 0.0015231008874252439
0.007706501521170139, 0.000982591649517417
0.008867356926202774, 0.0012549301609396935
0.008456171490252018, 0.0011432680767029524
0.007521084044128656, 0.0009469279902987182
0.007771453820168972, 0.0007551605231128633
0.007536963559687138, 0.0008284453069791198
0.007161764893680811, 0.0008225640631280839
0.008115571923553944, 0.0009098717127926648
0.007392853498458862, 0.0011348213301971555
0.007011923473328352, 0.00118249433580786
0.007299358490854502, 0.0007823091000318527
0.009142210707068443, 0.0015727978898212314
0.010123440064489841, 0.0015528923831880093
0.008036138489842415, 0.0019678850658237934
0.00718724075704813, 0.0009767597075551748
0.008304175920784473, 0.0009046136401593685
0.008844750933349133, 0.0012145931832492352
0.008596337400376797, 0.0010483390651643276
0.0068671973422169685, 0.0006545411888509989
0.006200508680194616, 0.0007539841462858021
0.006258161272853613, 0.0007577184587717056
0.008000675588846207, 0.0012814159272238612
0.0067833298817276955, 0.0006460697040893137
0.006838859524577856, 0.0007815944263711572
0.007253036834299564, 0.0010051507269963622
0.006616360507905483, 0.0008748184773139656
0.007769051473587751, 0.0010320118162781
0.00688678165897727, 0.0009072982356883585
0.007479920983314514, 0.0009999076137319207
0.007159804459661245, 0.0006396016106009483
0.006750430446118116, 0.0008344518719241023
0.007443164940923452, 0.0007853321731090546
0.00811141449958086, 0.0011273828567937016
0.008859950117766857, 0.00187718088272959
0.0065345317125320435, 0.0009126554941758513
0.007472573779523373, 0.001530145644210279
0.0075395661406219006, 0.0008891001343727112
0.006712671369314194, 0.0008927340968511999
0.006739063188433647, 0.0007161379908211529
0.007140633184462786, 0.0009299389785155654
0.007275260053575039, 0.0009937804425135255
0.007055013440549374, 0.0009934341069310904
0.007792336400598288, 0.0010225707665085793
0.007860426791012287, 0.0011347515974193811
0.008331154473125935, 0.0013837345177307725
0.007064626552164555, 0.000809190736617893
0.006802275311201811, 0.0008857127977535129
0.007848728448152542, 0.0008537157555110753
0.008252869360148907, 0.001690251869149506
0.006480399053543806, 0.001030883751809597
0.007606270257383585, 0.0009942762553691864
0.0073439800180494785, 0.0009253569878637791
0.007988568395376205, 0.0008214076515287161
0.00643682898953557, 0.0008076030644588172
0.00755698885768652, 0.0013806512579321861
0.008397542871534824, 0.0011948872124776244
0.008768284693360329, 0.0012859113048762083
0.007397657725960016, 0.0018047498306259513
0.008154612965881824, 0.0011584198800846934
0.007358624134212732, 0.0006769222090952098
0.006112795323133469, 0.0009340236429125071
0.006829101592302322, 0.0008305725641548634
0.007386892102658749, 0.0008286423981189728
0.007611382286995649, 0.0007234282675199211
0.00663609616458416, 0.000745691591873765
0.006963436957448721, 0.0009594036382623017
0.007129390258342028, 0.0009529450326226652
0.0075833615846931934, 0.0008110202616080642
0.007907875813543797, 0.0011644496116787195
0.006925857160240412, 0.0008523027063347399
0.008997887372970581, 0.0011953796492889524
0.008303182199597359, 0.0014608422061428428
0.007246847730129957, 0.0007321962621062994
0.008390366099774837, 0.0012655726168304682
0.008384974673390388, 0.0017786601092666388
0.007185365539044142, 0.000835256592836231
0.006207210011780262, 0.0006135596777312458
0.0058962199836969376, 0.0008208203362300992
0.007484898902475834, 0.001064264215528965
0.007707949262112379, 0.001619186019524932
0.008196935057640076, 0.0013262131251394749
0.007968408055603504, 0.0010899519547820091
0.008898627012968063, 0.0013670505722984672
0.009110897779464722, 0.001331695937551558
0.0074003213085234165, 0.0008865278796292841
0.0077503640204668045, 0.001158693223260343
0.006990330293774605, 0.0009514177800156176
0.00795537605881691, 0.001314264489337802
0.00874392781406641, 0.001163459848612547
0.007506660185754299, 0.000679112272337079
0.006315524224191904, 0.000821195135358721
0.006851211190223694, 0.0009727404685690999
0.0060089207254350185, 0.0009099434828385711
0.006897072773426771, 0.0008693288546055555
0.0067641460336744785, 0.0008360976353287697
0.0076248240657150745, 0.0009094816632568836
0.007809315342456102, 0.0010549688013270497
0.007392161525785923, 0.0010341424494981766
0.006582474801689386, 0.0005834458861500025
0.006900368724018335, 0.000976201961748302
0.006826482713222504, 0.0010140283266082406
0.008380625396966934, 0.001275021000765264
0.008119601756334305, 0.0008180359145626426
0.007302342914044857, 0.0009432376828044653
0.006919147912412882, 0.001068742130883038
0.007594400085508823, 0.0010381204774603248
0.006711204070597887, 0.0005472451448440552
0.006769747473299503, 0.0008230428793467581
0.007529106456786394, 0.0010736663825809956
0.007374534849077463, 0.000795441388618201
0.008089140057563782, 0.0011975858360528946
0.005899534560739994, 0.0007892820285633206
0.007072727661579847, 0.0008353024604730308
0.007657101843506098, 0.0012779079843312502
0.0067052459344267845, 0.001171018579043448
0.007362459320574999, 0.0012298409128561616
0.007156271021813154, 0.001189698581583798
0.006672061048448086, 0.001055788598023355
0.006788714323192835, 0.0007962711970321834
0.0071176448836922646, 0.001242379774339497
0.0063055651262402534, 0.0009016208932735026
0.007637472823262215, 0.0011398692149668932
0.007677692454308271, 0.0008651852258481085
0.006539180409163237, 0.001095449784770608
0.006702701561152935, 0.0010808361694216728
0.006582220084965229, 0.0006799953407607973
0.007028485182672739, 0.0007819982711225748
0.006577500142157078, 0.0007645681034773588
0.007017070427536964, 0.0008356553153134882
0.007385288830846548, 0.0007844911306165159
0.007230237126350403, 0.0008665769128128886
0.006847062613815069, 0.000784185656812042
0.007525878492742777, 0.001180316205136478
0.007390725892037153, 0.0011264508357271552
0.007130336482077837, 0.0006727532017976046
0.006788968574255705, 0.000902721134480089
0.006976350210607052, 0.0010343538597226143
0.007783098611980677, 0.0007940807263366878
0.007624142803251743, 0.0012843773001804948
0.007065112236887217, 0.0009835358941927552
0.008124977350234985, 0.0014325191732496023
0.008167835883796215, 0.0012723206309601665
0.0071585518307983875, 0.0008202570606954396
0.00840969942510128, 0.0015417980030179024
0.009446320123970509, 0.0014227309729903936
0.008067026734352112, 0.0010886572999879718
0.00761584285646677, 0.0008569311466999352
0.007963805459439754, 0.0011795428581535816
0.007059324998408556, 0.0009603520156815648
0.006914724130183458, 0.001117568463087082
0.006114221177995205, 0.0007443278445862234
0.006691711489111185, 0.0006352007039822638
0.006869223900139332, 0.0008665986824780703
0.007370838895440102, 0.0010824203491210938
0.006881403271108866, 0.0008954295772127807
0.007632950786501169, 0.0013518972555175424
0.007404431700706482, 0.0011836440535262227
0.008169718086719513, 0.0017549828626215458
0.008505018427968025, 0.0012487575877457857
0.007109532132744789, 0.0011378074996173382
0.006516429129987955, 0.0006240585935302079
0.0069804019294679165, 0.0014675910351797938
0.008684663102030754, 0.0015387841267511249
0.00955976266413927, 0.0010638558305799961
0.007980833761394024, 0.0010255909292027354
0.006740695796906948, 0.0009320384706370533
0.006086120381951332, 0.0006868434720672667
0.00608851108700037, 0.0006467641796916723
0.0059684575535357, 0.0006173161673359573
0.00633066613227129, 0.0006680142250843346
0.006858125329017639, 0.0012158752651885152
0.006994674447923899, 0.0006894044927321374
0.007921187207102776, 0.0008488593739457428
0.007157355546951294, 0.0008335685124620795
0.006754870526492596, 0.001106636831536889
0.00730319507420063, 0.0009269981528632343
0.0076743606477975845, 0.0014336408348754048
0.007404939271509647, 0.0011021537939086556
0.0065782079473137856, 0.0013791737146675587
0.00835032481700182, 0.0011094978544861078
0.007078692317008972, 0.0009719165973365307
0.007441949564963579, 0.0009797491366043687
0.006872790399938822, 0.0005727129173465073
0.0067038387060165405, 0.0008035212522372603
0.007036721799522638, 0.0009686473058536649
0.00679466687142849, 0.0008448332082480192
0.006055298261344433, 0.0004893123405054212
0.006194958463311195, 0.0007017998723313212
0.005550436209887266, 0.0007555672200396657
0.006338121835142374, 0.0008907444425858557
0.006703541614115238, 0.0009808298200368881
0.007246457040309906, 0.000982963596470654
0.00700049614533782, 0.0007689615595154464
0.00848365481942892, 0.0012879851274192333
0.007357155438512564, 0.0007248432375490665
0.007239367347210646, 0.0009350990876555443
0.006815882865339518, 0.0006302054389379919
0.006179479882121086, 0.0009774822974577546
0.00643000565469265, 0.000827155658043921
0.006287704687565565, 0.0009861949365586042
0.0068769617937505245, 0.000923010753467679
0.008443313650786877, 0.0013861262705177069
0.008652661927044392, 0.0011277110315859318
0.008517097681760788, 0.0014920163666829467
0.00636023236438632, 0.0008654010016471148
0.006130960304290056, 0.0007836795994080603
0.007155171595513821, 0.0004988597356714308
0.006783434189856052, 0.000751730112824589
0.0072899628430604935, 0.0006083251209929585
0.007230913732200861, 0.0007429858669638634
0.006845415104180574, 0.0008498880197294056
0.006457492243498564, 0.0008484678692184389
0.006445789709687233, 0.0010503678349778056
0.007844079285860062, 0.0010530092986300588
0.005754654295742512, 0.00065419333986938
0.0062737963162362576, 0.0008712083217687905
0.007057135459035635, 0.0014035897329449654
0.006615844555199146, 0.0008212458924390376
0.006545368582010269, 0.00147883256431669
0.006436757277697325, 0.0006807525642216206
0.006397963967174292, 0.0008862776448950171
0.006115929689258337, 0.0005836840136907995
0.006265779957175255, 0.00068015226861462
0.006332815159112215, 0.0007454406004399061
0.007709095720201731, 0.0012068292126059532
0.007445695344358683, 0.0014523949939757586
0.006744615733623505, 0.0009319878299720585
0.008003977127373219, 0.0015237443149089813
0.008569254539906979, 0.0017215689877048135
0.0075956080108881, 0.001172986114397645
0.008183062076568604, 0.0014538675313815475
0.00700762216001749, 0.001029408653266728
0.0074746874161064625, 0.001565469428896904
0.006946256849914789, 0.0011398454662412405
0.006328640505671501, 0.0010237975511699915
0.006999375764280558, 0.0013798774452880025
0.006868728902190924, 0.0006128106615506113
0.007422116119414568, 0.0013585459673777223
0.006463328376412392, 0.0007400532485917211
0.006284734699875116, 0.0007019034819677472
0.007404479663819075, 0.001000310410745442
0.0073853773064911366, 0.0009646992548368871
0.0073196473531425, 0.0008812008309178054
0.006999940611422062, 0.0010555688058957458
0.0056958566419780254, 0.0005848409491591156
0.005418383050709963, 0.0006231218576431274
0.005784450098872185, 0.0006534484564326704
0.0071127405390143394, 0.001032467233017087
0.0072353002615273, 0.0008509981562383473
0.0084886085242033, 0.0014460007660090923
0.007560676895081997, 0.0008053034543991089
0.0072411117143929005, 0.0009393534855917096
0.007200059946626425, 0.0012241533258929849
0.006561229471117258, 0.00086051324615255
0.007356963120400906, 0.0010424514766782522
0.0068436055444180965, 0.000853395031299442
0.006113304290920496, 0.0010236280504614115
0.005831527058035135, 0.0006669452995993197
0.006443352904170752, 0.000989351887255907
0.0063036466017365456, 0.0008805806864984334
0.007016244810074568, 0.0008077355450950563
0.007518257480114698, 0.001174503704532981
0.006662821862846613, 0.0008773125591687858
0.006090340204536915, 0.0007360638119280338
0.007059914525598288, 0.001130481599830091
0.007111529354006052, 0.0017497559310868382
0.007905090227723122, 0.0009310769382864237
0.008441455662250519, 0.0011527452152222395
0.00987751130014658, 0.001693116151727736
0.007222534157335758, 0.0007875488954596221
0.007767233531922102, 0.001090901205316186
0.007614163216203451, 0.0010969641152769327
0.006807438563555479, 0.0008338532061316073
0.006664549000561237, 0.0011619179276749492
0.0070274644531309605, 0.0009184004156850278
0.0060654738917946815, 0.0004542341048363596
0.007131395395845175, 0.0008646991336718202
0.007123064715415239, 0.0009111935505643487
0.0064351195469498634, 0.0006929444498382509
0.006689524743705988, 0.0006714393384754658
0.007532073650509119, 0.001212757546454668
0.006206153426319361, 0.0005681451293639839
0.006647599395364523, 0.0008578370325267315
0.006779867690056562, 0.0008944186265580356
0.0071588605642318726, 0.0009743986302055418
0.006841094233095646, 0.001215452910400927
0.007662132382392883, 0.001147642731666565
0.00600526574999094, 0.0007936089532449841
0.00800613034516573, 0.0009170133271254599
0.008659225888550282, 0.0015358950477093458
0.006982477847486734, 0.0008692212286405265
0.006399159319698811, 0.000832892837934196
0.006361939013004303, 0.0009288723231293261
0.006329912692308426, 0.0005974846426397562
0.006030679680407047, 0.000748474441934377
0.006406160071492195, 0.0007971637533046305
0.008231369778513908, 0.001277581206522882
0.007815508171916008, 0.0011972313513979316
0.007116538938134909, 0.0008939235121943057
0.0070754727348685265, 0.0010675740195438266
0.007504405919462442, 0.00089908333029598
0.006660731974989176, 0.0006685674889013171
0.006899393163621426, 0.0009038560092449188
0.006013146135956049, 0.0008563550654798746
0.00613572308793664, 0.0007664814474992454
0.005692257545888424, 0.0008822252857498825
0.006680750288069248, 0.0006741094985045493
0.006708031985908747, 0.0007888940162956715
0.006492025218904018, 0.0008602109155617654
0.006318589672446251, 0.000876349164173007
0.007336213253438473, 0.0011347215622663498
0.007660717703402042, 0.0013260875130072236
0.0062647671438753605, 0.0007486726972274482
0.006939797196537256, 0.0008198791765607893
0.00620988430455327, 0.0008269755635410547
0.006447481457144022, 0.0008158552809618413
0.0067221843637526035, 0.0007146751740947366
0.006076495163142681, 0.0006511297542601824
0.006170689128339291, 0.0007595616043545306
0.006816226057708263, 0.0010513226734474301
0.006940911989659071, 0.0007636998780071735
0.005980725400149822, 0.0006791612831875682
0.0067326901480555534, 0.0009334554779343307
0.006990173831582069, 0.001114008016884327
0.006157527212053537, 0.0006560924812220037
0.0069432505406439304, 0.0009637178736738861
0.006608413532376289, 0.00046295393258333206
0.006937206257134676, 0.0011943249264732003
0.00716452207416296, 0.0010267256293445826
0.006382134277373552, 0.0007486754911951721
0.006094921380281448, 0.0007879196782596409
0.005837766919285059, 0.0007900653290562332
0.006004810333251953, 0.0006548007950186729
0.006414360366761684, 0.0008601450826972723
0.007691872771829367, 0.0007078074850142002
0.007652867119759321, 0.0007937703048810363
0.006628135684877634, 0.0007705314201302826
0.0071594733744859695, 0.0009208903065882623
0.00717995734885335, 0.0006655559409409761
0.006095083896070719, 0.0010192918125540018
0.006426624953746796, 0.0006217538029886782
0.0055780475959181786, 0.0006910795345902443
0.005638478323817253, 0.0008290542173199356
0.006849955301731825, 0.0011242618784308434
0.007148908916860819, 0.0008144842577166855
0.007119327783584595, 0.00075481366366148
0.006366337183862925, 0.0009213423472829163
0.006121567916125059, 0.0007046906976029277
0.006425794214010239, 0.0010016877204179764
0.006022128742188215, 0.0008253541891463101
0.008037320338189602, 0.0014774770243093371
0.008108828216791153, 0.0012090645032003522
0.00842022243887186, 0.001155493431724608
0.008198445662856102, 0.001139082945883274
0.007115835323929787, 0.000819482549559325
0.006875472608953714, 0.0008496436639688909
0.006039303261786699, 0.0006935314740985632
0.00618270318955183, 0.0005032836925238371
0.0064622508361935616, 0.0011620104778558016
0.006385630462318659, 0.000935382442548871
0.006374873220920563, 0.0008751271525397897
0.007015239913016558, 0.0010029958793893456
0.007774399593472481, 0.0011074949288740754
0.007184404414147139, 0.0007311588269658387
0.00657817954197526, 0.0010334434919059277
0.007977825589478016, 0.0015455610118806362
0.00679438654333353, 0.0011756435269489884
0.0070147947408258915, 0.001068482524715364
0.006741876248270273, 0.0009229741990566254
0.006529864855110645, 0.0006726245046593249
0.006975669879466295, 0.0007166809518821537
0.005901022348552942, 0.0009117417503148317
0.005756000522524118, 0.000717292248737067
0.006160449236631393, 0.0009585365187376738
0.005573487840592861, 0.0004772409738507122
0.006667593028396368, 0.0012843289878219366
0.006147309206426144, 0.0008917054510675371
0.007771163247525692, 0.000989117892459035
0.006454812828451395, 0.000698596122674644
0.005679394118487835, 0.0007603020640090108
0.006151056848466396, 0.0009742158581502736
0.006159414071589708, 0.00048258175957016647
0.008504489436745644, 0.0017504366114735603
0.008468469604849815, 0.001369623700156808
0.007754737976938486, 0.001512691262178123
0.00686918618157506, 0.0008803556556813419
0.006571255158632994, 0.0009683328680694103
0.006960539612919092, 0.0008901318651624024
0.006037572398781776, 0.0009364790166728199
0.00663030706346035, 0.0009213181911036372
0.006871828809380531, 0.0006787111633457243
0.006416118238121271, 0.0007919372292235494
0.0063347662799060345, 0.0008919233805499971
0.007015729323029518, 0.0009626815444789827
0.006015649531036615, 0.0009031268418766558
0.005673057399690151, 0.0005598249263130128
0.005990922916680574, 0.0009120248723775148
0.0062314607203006744, 0.00074564921669662
0.0060673789121210575, 0.0007070352439768612
0.0055071208626031876, 0.0005040597170591354
0.006152222398668528, 0.0009886804036796093
0.007107194978743792, 0.000841860135551542
0.00627583684399724, 0.0011828828137367964
0.005968290846794844, 0.0005977523396722972
0.005801260471343994, 0.0006542805931530893
0.007296734489500523, 0.001605495112016797
0.006605725735425949, 0.0010300688445568085
0.00749987130984664, 0.00123550312127918
0.006919458042830229, 0.0008869888260960579
0.007016352377831936, 0.0012985443463549018
0.00681025767698884, 0.0009404455777257681
0.006627814844250679, 0.0009653314482420683
0.005865116603672504, 0.0006263636751100421
0.006540124770253897, 0.0008190969238057733
0.006919531151652336, 0.0009373938082717359
0.006952278316020966, 0.0009190165437757969
0.006901243235915899, 0.0011592594673857093
0.006166605744510889, 0.0006806710734963417
0.005131369922310114, 0.0007058997871354222
0.005767880938947201, 0.0004886463284492493
0.004687379114329815, 0.0005731783458031714
0.005835232324898243, 0.0009542374755255878
0.00590281467884779, 0.0007277592667378485
0.006606071721762419, 0.0008218851289711893
0.00657149450853467, 0.0007781641324982047
0.006706444080919027, 0.0007323792087845504
0.006188385188579559, 0.0004724828468170017
0.006855625193566084, 0.0008189612999558449
0.006648577284067869, 0.0010974528267979622
0.00542629137635231, 0.0006103419582359493
0.006300610490143299, 0.0007788773509673774
0.006422881036996841, 0.0006801681010983884
0.006046047899872065, 0.0007543687243014574
0.006164203397929668, 0.0009251438896171749
0.005703965201973915, 0.0008175347466021776
0.006005472037941217, 0.0004493173328228295
0.005825200118124485, 0.0006593675934709609
0.006109227426350117, 0.000673322007060051
0.006692827679216862, 0.0009698020294308662
0.0063094887882471085, 0.0007829683599993587
0.006156111601740122, 0.0007083169766701758
0.007373857777565718, 0.0006582491332665086
0.0071143717505037785, 0.0010426535736769438
0.006818128749728203, 0.0008296406595036387
0.006540826056152582, 0.0008574733510613441
0.005621219519525766, 0.000544655486010015
0.006064885761588812, 0.0006962993065826595
0.00630125030875206, 0.0007742040907032788
0.005654259119182825, 0.0006362395943142474
0.006114128977060318, 0.0007032985449768603
0.006236836314201355, 0.0008918941603042185
0.006863549817353487, 0.001059992704540491
0.007055378053337336, 0.0010967714479193091
0.00648706778883934, 0.0009539628517813981
0.007507652975618839, 0.0011246086796745658
0.0073420885019004345, 0.000851283548399806
0.006977223791182041, 0.001067380071617663
0.006868158467113972, 0.0007387545192614198
0.006002900656312704, 0.0007749667856842279
0.006058494560420513, 0.000863577937707305
0.005995401181280613, 0.0005570602952502668
0.006234358064830303, 0.0008599265711382031
0.005785699933767319, 0.0007015320006757975
0.006001459434628487, 0.0006951839313842356
0.005972775164991617, 0.0007643155404366553
0.005405516363680363, 0.0006748910527676344
0.0061447881162166595, 0.000799046189058572
